23 0.2109375 0.7015625 0.2109375 0.491015625 0.111328125 0.491015625 0.111328125 0.7015625 0.2109375 0.7015625
23 0.246875 0.3859375 0.246875 0.4703125 0.39375 0.4703125 0.39375 0.3859375 0.246875 0.3859375
23 0.3984375 0.646875 0.3984375 0.553515625 0.2046875 0.553515625 0.2046875 0.646875 0.3984375 0.646875
23 0.4984375 0.640625 0.4984375 0.552734375 0.30546875 0.552734375 0.30546875 0.640625 0.4984375 0.640625
23 0.39375 0.4421875 0.5828125 0.4421875 0.5828125 0.356640625 0.39375 0.356640625 0.39375 0.4421875
23 0.7375 0.3578125 0.7375 0.446875 0.9203125 0.446875 0.9203125 0.3578125 0.7375 0.3578125
23 0.5859375 0.6375 0.5859375 0.553515625 0.3921875 0.553515625 0.3921875 0.6375 0.5859375 0.6375
23 0.625 0.291015625 0.5359375 0.291015625 0.5359375 0.484375 0.625 0.484375 0.625 0.291015625
23 0.5375 0.4875 0.5375 0.696875 0.628125 0.696875 0.628125 0.4875 0.5375 0.4875
23 0.7484375 0.55 0.7484375 0.64375 0.9453125 0.64375 0.9453125 0.55 0.7484375 0.55
23 0.71875 0.483984375 0.6296875 0.483984375 0.6296875 0.6953125 0.71875 0.6953125 0.71875 0.483984375
23 0.7171875 0.496875 0.7171875 0.7015625 0.8015625 0.7015625 0.8015625 0.496875 0.7171875 0.496875
23 0.001953125 0.2171875 0.001953125 0.6953125 0.1015625 0.6953125 0.1015625 0.2171875 0.001953125 0.2171875