23 0.266796875 0.646875 0.266796875 0.546484375 0.055078125 0.546484375 0.055078125 0.646875 0.266796875 0.646875
23 0.278125 0.3546875 0.278125 0.5015625 0.3625 0.5015625 0.3625 0.3546875 0.278125 0.3546875
23 0.3984375 0.553515625 0.2046875 0.553515625 0.2046875 0.646875 0.3984375 0.646875 0.3984375 0.553515625
23 0.446875 0.500390625 0.3578125 0.500390625 0.3578125 0.69375 0.446875 0.69375 0.446875 0.500390625
23 0.5828125 0.4421875 0.5828125 0.35625 0.394140625 0.35625 0.394140625 0.4421875 0.5828125 0.4421875
23 0.784375 0.3109375 0.784375 0.49375 0.8734375 0.49375 0.8734375 0.3109375 0.784375 0.3109375
23 0.5859375 0.553515625 0.39140625 0.553515625 0.39140625 0.6375 0.5859375 0.6375 0.5859375 0.553515625
23 0.6765625 0.43125 0.6765625 0.343359375 0.4828125 0.343359375 0.4828125 0.43125 0.6765625 0.43125
23 0.478515625 0.546875 0.478515625 0.6375 0.6875 0.6375 0.6875 0.546875 0.478515625 0.546875
23 0.7484375 0.55 0.7484375 0.64375 0.9453125 0.64375 0.9453125 0.55 0.7484375 0.55
23 0.7796875 0.634375 0.7796875 0.545703125 0.56875 0.545703125 0.56875 0.634375 0.7796875 0.634375
23 0.7171875 0.496875 0.7171875 0.7015625 0.8015625 0.7015625 0.8015625 0.496875 0.7171875 0.496875
23 0.001953125 0.2171875 0.001953125 0.6953125 0.1015625 0.6953125 0.1015625 0.2171875 0.001953125 0.2171875