23 0.21171875 0.490625 0.1109375 0.490625 0.1109375 0.70234375 0.21171875 0.70234375 0.21171875 0.490625
23 0.3625 0.3546875 0.278125 0.3546875 0.278125 0.5015625 0.3625 0.5015625 0.3625 0.3546875
23 0.3484375 0.503125 0.2546875 0.503125 0.2546875 0.69765625 0.3484375 0.69765625 0.3484375 0.503125
23 0.446875 0.5 0.3578125 0.5 0.3578125 0.69453125 0.446875 0.69453125 0.446875 0.5
23 0.53203125 0.3046875 0.4453125 0.3046875 0.4453125 0.49453125 0.53203125 0.49453125 0.53203125 0.3046875
23 0.8734375 0.3109375 0.784375 0.3109375 0.784375 0.49375 0.8734375 0.49375 0.8734375 0.3109375
23 0.53125 0.4984375 0.446875 0.4984375 0.446875 0.69296875 0.53125 0.69296875 0.53125 0.4984375
23 0.625 0.290625 0.5359375 0.290625 0.5359375 0.48515625 0.625 0.48515625 0.625 0.290625
23 0.62890625 0.4875 0.5375 0.4875 0.5375 0.696875 0.62890625 0.696875 0.62890625 0.4875
23 0.89375 0.4984375 0.8 0.4984375 0.8 0.6953125 0.89375 0.6953125 0.89375 0.4984375
23 0.71875 0.484375 0.6296875 0.484375 0.6296875 0.69609375 0.71875 0.69609375 0.71875 0.484375
23 0.8015625 0.496875 0.7171875 0.496875 0.7171875 0.7015625 0.8015625 0.7015625 0.8015625 0.496875
23 0.10234375 0.2171875 0.0015625 0.2171875 0.0015625 0.6953125 0.10234375 0.6953125 0.10234375 0.2171875