23 0.628125 0.1671875 0.628125 0.063671875 0.403515625 0.063671875 0.403515625 0.1671875 0.628125 0.1671875
23 0.4671875 0.80625 0.4671875 0.9984375 0.571875 0.9984375 0.571875 0.80625 0.4671875 0.80625
23 0.578125 0.563671875 0.4671875 0.563671875 0.4671875 0.8109375 0.578125 0.8109375 0.578125 0.563671875
23 0.159375 0.2234375 0.159375 0.44375 0.2625 0.44375 0.2625 0.2234375 0.159375 0.2234375
23 0.365625 0.225390625 0.2625 0.225390625 0.2625 0.4453125 0.365625 0.4453125 0.365625 0.225390625
23 0.459375 0.221484375 0.365625 0.221484375 0.365625 0.4421875 0.459375 0.4421875 0.459375 0.221484375
23 0.6265625 0.390625 0.6265625 0.287109375 0.401171875 0.287109375 0.401171875 0.390625 0.6265625 0.390625
23 0.6703125 0.4515625 0.6703125 0.226171875 0.565234375 0.226171875 0.565234375 0.4515625 0.6703125 0.4515625
23 0.321875 0.1625 0.321875 0.060546875 0.10234375 0.060546875 0.10234375 0.1625 0.321875 0.1625
23 0.3640625 0.003515625 0.2609375 0.003515625 0.2609375 0.2234375 0.3640625 0.2234375 0.3640625 0.003515625
23 0.4640625 0.002734375 0.3609375 0.002734375 0.3609375 0.2234375 0.4640625 0.2234375 0.4640625 0.002734375
23 0.508984375 0.0625 0.508984375 0.16328125 0.73125 0.16328125 0.73125 0.0625 0.508984375 0.0625