23 0.56953125 0.003125 0.4640625 0.003125 0.4640625 0.22890625 0.56953125 0.22890625 0.56953125 0.003125
23 0.57265625 0.80625 0.4671875 0.80625 0.4671875 0.9984375 0.57265625 0.9984375 0.57265625 0.80625
23 0.578125 0.5640625 0.4671875 0.5640625 0.4671875 0.81171875 0.578125 0.81171875 0.578125 0.5640625
23 0.2625 0.2234375 0.159375 0.2234375 0.159375 0.44453125 0.2625 0.44453125 0.2625 0.2234375
23 0.365625 0.225 0.2625 0.225 0.2625 0.44609375 0.365625 0.44609375 0.365625 0.225
23 0.459375 0.221875 0.365625 0.221875 0.365625 0.44296875 0.459375 0.44296875 0.459375 0.221875
23 0.56640625 0.2265625 0.4609375 0.2265625 0.4609375 0.45234375 0.56640625 0.45234375 0.56640625 0.2265625
23 0.67109375 0.2265625 0.565625 0.2265625 0.565625 0.45234375 0.67109375 0.45234375 0.67109375 0.2265625
23 0.2640625 0.0015625 0.1609375 0.0015625 0.1609375 0.22265625 0.2640625 0.22265625 0.2640625 0.0015625
23 0.3640625 0.003125 0.2609375 0.003125 0.2609375 0.22421875 0.3640625 0.22421875 0.3640625 0.003125
23 0.4640625 0.003125 0.3609375 0.003125 0.3609375 0.22421875 0.4640625 0.22421875 0.4640625 0.003125
23 0.67109375 0.0015625 0.5703125 0.0015625 0.5703125 0.225 0.67109375 0.225 0.67109375 0.0015625