23 0.56875 0.228125 0.56875 0.003515625 0.464453125 0.003515625 0.464453125 0.228125 0.56875 0.228125
23 0.467578125 0.80625 0.467578125 0.9984375 0.571875 0.9984375 0.571875 0.80625 0.467578125 0.80625
23 0.64609375 0.7421875 0.64609375 0.632421875 0.3984375 0.632421875 0.3984375 0.7421875 0.64609375 0.7421875
23 0.159375 0.2234375 0.159375 0.44375 0.2625 0.44375 0.2625 0.2234375 0.159375 0.2234375
23 0.365625 0.225390625 0.2625 0.225390625 0.2625 0.4453125 0.365625 0.4453125 0.365625 0.225390625
23 0.5234375 0.285546875 0.30234375 0.285546875 0.30234375 0.378125 0.5234375 0.378125 0.5234375 0.285546875
23 0.4609375 0.4515625 0.565625 0.4515625 0.565625 0.226953125 0.4609375 0.226953125 0.4609375 0.4515625
23 0.730859375 0.3921875 0.730859375 0.287109375 0.505078125 0.287109375 0.505078125 0.3921875 0.730859375 0.3921875
23 0.1609375 0.0015625 0.1609375 0.221875 0.2640625 0.221875 0.2640625 0.0015625 0.1609375 0.0015625
23 0.42265625 0.1640625 0.42265625 0.062109375 0.2015625 0.062109375 0.2015625 0.1640625 0.42265625 0.1640625
23 0.4640625 0.003515625 0.3609375 0.003515625 0.3609375 0.2234375 0.4640625 0.2234375 0.4640625 0.003515625
23 0.73125 0.06328125 0.508984375 0.06328125 0.508984375 0.1640625 0.73125 0.1640625 0.73125 0.06328125