23 0.465625 0.8828125 0.465625 0.609137659375 0.40544897031250005 0.609137659375 0.40544897031250005 0.8828125 0.465625 0.8828125
23 0.509375 0.715625 0.245539953125 0.715625 0.245539953125 0.7669798250000001 0.509375 0.7669798265625001 0.509375 0.715625
23 0.4796875 0.740625 0.4796875 0.6785106796875 0.16111550624999998 0.6785106796875 0.16111550624999998 0.740625 0.4796875 0.740625
23 0.290625 0.8640625 0.290625 0.5512757125000001 0.22596914531249998 0.5512757125000001 0.22596914531249998 0.8640625 0.290625 0.8640625
23 0.225 0.8625 0.225 0.5496736546875 0.160284809375 0.5496736546875 0.160284809375 0.8625 0.225 0.8625
23 0 0.7588706484375 0.203125 0.7588706484375 0.203125 0.70507318125 0 0.70507318125 0 0.7588706484375
23 0.015625 0.8484375 0.053125 0.8484375 0.053125 0.6062895578124999 0.015625 0.6062895578124999 0.015625 0.8484375
23 0.2671875 0.103125 0.2671875 0.0546083875 0.10976068125 0.0546083875 0.10976068125 0.103125 0.2671875 0.103125
23 0.2640625 0.1453125 0.30625 0.1453125 0.30625 0.0002571203125 0.2640625 0.0002571203125 0.2640625 0.1453125
23 0.3109375 0.0953125 0.3109375 0.047596915625 0.1678401890625 0.0475969140625 0.1678401890625 0.0953125 0.3109375 0.0953125
23 0.1259295890625 0 0.1259295890625 0.1609375 0.1625 0.1609375 0.1625 0 0.1259295890625 0
23 0.021875 0.1046875 0.1875 0.1046875 0.1875 0.061451740624999994 0.021875 0.061451740624999994 0.021875 0.1046875
23 0.7625 0.78125 0.7625 0.71875 0.479430378125 0.71875 0.479430378125 0.78125 0.7625 0.78125
23 0.6515625 0.7796875 0.6515625 0.722181565625 0.36789952656249997 0.722181565625 0.36789952656249997 0.7796875 0.6515625 0.7796875