23 0.465625 0.8828125 0.465625 0.609216771875 0.4062598890625 0.609216771875 0.4062598890625 0.8828125 0.465625 0.8828125
23 0.351631725 0.609375 0.351631725 0.8734375 0.403055775 0.8734375 0.403055775 0.609375 0.351631725 0.609375
23 0.3529568828125 0.86875 0.3529568828125 0.551305378125 0.28966574375 0.551305378125 0.28966574375 0.86875 0.3529568828125 0.86875
23 0.290625 0.8640625 0.290625 0.5512757125000001 0.22596914531249998 0.5512757125000001 0.22596914531249998 0.8640625 0.290625 0.8640625
23 0.35 0.7375 0.35 0.6735759484375 0.037015426562499995 0.6735759484375 0.037015426562499995 0.7375 0.35 0.7375
23 0 0.7593255531249999 0.203125 0.7593255531249999 0.203125 0.7055280859375 0 0.7055280859375 0 0.7593255531249999
23 0.015625 0.8484375 0.053125 0.8484375 0.053125 0.6062895578124999 0.015625 0.6062895578124999 0.015625 0.8484375
23 0.164537184375 0 0.164537184375 0.1578125 0.213587815625 0.1578125 0.2135878171875 0 0.164537184375 0
23 0.2640625 0.1453125 0.30625 0.1453125 0.30625 0.0002571203125 0.2640625 0.0002571203125 0.2640625 0.1453125
23 0.3109375 0.0953125 0.3109375 0.047596915625 0.1678401890625 0.0475969140625 0.1678401890625 0.0953125 0.3109375 0.0953125
23 0.1259295890625 0 0.1259295890625 0.1609375 0.1625 0.1609375 0.1625 0 0.1259295890625 0
23 0.021875 0.1046875 0.1875 0.1046875 0.1875 0.061451740624999994 0.021875 0.061451740624999994 0.021875 0.1046875
23 0.7625 0.78125 0.7625 0.71875 0.479430378125 0.71875 0.479430378125 0.78125 0.7625 0.78125
23 0.48125 0.89375 0.5390625 0.89375 0.5390625 0.609375 0.48125 0.609375 0.48125 0.89375