23 0.69375 0.7140625 0.422265625 0.7140625 0.422265625 0.7734375 0.69375 0.7734375 0.69375 0.7140625
23 0.590625 0.86875 0.640625 0.86875 0.640625 0.6078125 0.590625 0.6078125 0.590625 0.86875
23 0.8296875 0.676171875 0.51484375 0.676171875 0.51484375 0.7375 0.8296875 0.7375 0.8296875 0.676171875
23 0.8875 0.7359375 0.8875 0.673046875 0.578515625 0.673046875 0.578515625 0.7359375 0.8875 0.7359375
23 0.953125 0.670703125 0.643359375 0.670703125 0.643359375 0.735546875 0.953125 0.735546875 0.953125 0.670703125
23 1 0.702734375 0.7875 0.702734375 0.7875 0.7546875 1 0.7546875 1 0.702734375
23 1 0.70625 0.834765625 0.70625 0.834765625 0.74375 1 0.74375 1 0.70625
23 0.778125 0 0.778125 0.1625 0.8265625 0.1625 0.8265625 0 0.778125 0
23 0.728125 0.15 0.728125 0.001953125 0.686328125 0.001953125 0.686328125 0.15 0.728125 0.15
23 0.728125 0 0.728125 0.1484375 0.7765625 0.1484375 0.7765625 0 0.728125 0
23 0.826953125 0 0.826953125 0.165625 0.8640625 0.165625 0.8640625 0 0.826953125 0
23 0.8640625 0 0.8640625 0.1703125 0.90625 0.1703125 0.90625 0 0.8640625 0
23 0.34375 0.60625 0.34375 0.8875 0.40625 0.8875 0.40625 0.60625 0.34375 0.60625
23 0.45625 0.6078125 0.45625 0.8890625 0.5140625 0.8890625 0.5140625 0.6078125 0.45625 0.6078125