23 0.528125 0.6078125 0.528125 0.8796875 0.5875 0.8796875 0.5875 0.6078125 0.528125 0.6078125
23 0.7453125 0.7625 0.7453125 0.713671875 0.484765625 0.713671875 0.484765625 0.7625 0.7453125 0.7625
23 0.8296875 0.676171875 0.51484375 0.676171875 0.51484375 0.7375 0.8296875 0.7375 0.8296875 0.676171875
23 0.8875 0.7359375 0.8875 0.672265625 0.579296875 0.672265625 0.579296875 0.7359375 0.8875 0.7359375
23 0.952734375 0.7359375 0.952734375 0.671484375 0.642578125 0.671484375 0.642578125 0.7359375 0.952734375 0.7359375
23 1 0.702734375 0.78828125 0.702734375 0.78828125 0.7546875 1 0.7546875 1 0.702734375
23 0.936328125 0.6046875 0.936328125 0.8453125 0.9734375 0.8453125 0.9734375 0.6046875 0.936328125 0.6046875
23 0.778125 0 0.778125 0.1625 0.8265625 0.1625 0.8265625 0 0.778125 0
23 0.78125 0.096875 0.78125 0.0546875 0.633203125 0.0546875 0.633203125 0.096875 0.78125 0.096875
23 0.728125 0 0.728125 0.1484375 0.7765625 0.1484375 0.7765625 0 0.728125 0
23 0.826171875 0 0.826171875 0.165625 0.8640625 0.165625 0.8640625 0 0.826171875 0
23 0.864453125 0 0.864453125 0.1703125 0.90625 0.1703125 0.90625 0 0.864453125 0
23 0.34375 0.60625 0.34375 0.8875 0.40625 0.8875 0.40625 0.60625 0.34375 0.60625
23 0.625 0.7765625 0.625 0.71953125 0.34453125 0.71953125 0.34453125 0.7765625 0.625 0.7765625