23 0.46677215156249996 0.609177215625 0.40585442968749996 0.609177215625 0.40585442968749996 0.8844936703125 0.46677215156249996 0.8844936703125 0.46677215156249996 0.609177215625
23 0.4034810125 0.609177215625 0.35205696249999996 0.609177215625 0.35205696249999996 0.8742088609374999 0.4034810125 0.8742088609374999 0.4034810125 0.609177215625
23 0.3528481015625 0.5506329109375 0.28955696249999996 0.5506329109375 0.28955696249999996 0.869462025 0.3528481015625 0.869462025 0.3528481015625 0.5506329109375
23 0.291139240625 0.5506329109375 0.2254746828125 0.5506329109375 0.2254746828125 0.864715190625 0.291139240625 0.864715190625 0.291139240625 0.5506329109375
23 0.22626582343749999 0.5490506328125 0.160601265625 0.5490506328125 0.160601265625 0.8631329109375001 0.22626582343749999 0.8631329109375001 0.22626582343749999 0.5490506328125
23 0.1075949359375 0.609177215625 0.05379746875 0.609177215625 0.05379746875 0.85522151875 0.1075949359375 0.85522151875 0.1075949359375 0.609177215625
23 0.05379746875 0.6060126578125 0.0150316453125 0.6060126578125 0.0150316453125 0.84968354375 0.05379746875 0.84968354375 0.05379746875 0.6060126578125
23 0.16455696250000001 0 0.16455696250000001 0.15822784843749998 0.2136075953125 0.15822784843749998 0.2136075953125 0 0.16455696250000001 0
23 0.2634493671875 0 0.2634493671875 0.14636075937499998 0.30696202499999997 0.14636075937499998 0.30696202499999997 0 0.2634493671875 0
23 0.2151898734375 0 0.2151898734375 0.1439873421875 0.26424050625 0.1439873421875 0.26424050625 0 0.2151898734375 0
23 0.1257911390625 0 0.1257911390625 0.1613924046875 0.16455696250000001 0.1613924046875 0.16455696250000001 0 0.1257911390625 0
23 0.08306962031250001 0 0.08306962031250001 0.16613924062500002 0.126582278125 0.16613924062500002 0.126582278125 0 0.08306962031250001 0
23 0.6534810125 0.6075949359374999 0.5901898734375 0.6075949359374999 0.5901898734375 0.8924050640625 0.6534810125 0.8924050640625 0.6534810125 0.6075949359374999
23 0.5395569625000001 0.609177215625 0.48101265781249997 0.609177215625 0.48101265781249997 0.8939873421875 0.5395569625000001 0.8939873421875 0.5395569625000001 0.609177215625