23 0.58828125 0.6078125 0.528125 0.6078125 0.528125 0.8796875 0.58828125 0.8796875 0.58828125 0.6078125
23 0.64140625 0.6078125 0.590625 0.6078125 0.590625 0.86953125 0.64140625 0.86953125 0.64140625 0.6078125
23 0.703125 0.55 0.640625 0.55 0.640625 0.86484375 0.703125 0.86484375 0.703125 0.55
23 0.76640625 0.55 0.7015625 0.55 0.7015625 0.86015625 0.76640625 0.86015625 0.76640625 0.55
23 0.83046875 0.5484375 0.765625 0.5484375 0.765625 0.85859375 0.83046875 0.85859375 0.83046875 0.5484375
23 0.9359375 0.6078125 0.8828125 0.6078125 0.8828125 0.85078125 0.9359375 0.85078125 0.9359375 0.6078125
23 0.97421875 0.6046875 0.9359375 0.6046875 0.9359375 0.8453125 0.97421875 0.8453125 0.97421875 0.6046875
23 0.778125 0 0.778125 0.1625 0.8265625 0.1625 0.8265625 0 0.778125 0
23 0.72890625 0.0015625 0.6859375 0.0015625 0.6859375 0.15078125 0.72890625 0.15078125 0.72890625 0.0015625
23 0.728125 0 0.728125 0.1484375 0.7765625 0.1484375 0.7765625 0 0.728125 0
23 0.8265625 0 0.8265625 0.165625 0.86484375 0.165625 0.86484375 0 0.8265625 0
23 0.8640625 0 0.8640625 0.1703125 0.90703125 0.1703125 0.90703125 0 0.8640625 0
23 0.40625 0.60625 0.34375 0.60625 0.34375 0.8875 0.40625 0.8875 0.40625 0.60625
23 0.5140625 0.6078125 0.45625 0.6078125 0.45625 0.8890625 0.5140625 0.8890625 0.5140625 0.6078125