23 0.4875 0.359375 0.4875 0.525 0.5859375 0.525 0.5859375 0.359375 0.4875 0.359375
23 0.4828125 0.028125 0.4828125 0.296875 0.603125 0.296875 0.603125 0.028125 0.4828125 0.028125
23 0.591015625 0.359375 0.591015625 0.525 0.6859375 0.525 0.6859375 0.359375 0.591015625 0.359375
23 0.7890625 0.358203125 0.690625 0.358203125 0.690625 0.5515625 0.7890625 0.5515625 0.7890625 0.358203125
23 0.8890625 0.357421875 0.7859375 0.357421875 0.7859375 0.5515625 0.8890625 0.5515625 0.8890625 0.357421875
23 0.8015625 0.221875 0.8015625 0.102734375 0.53359375 0.102734375 0.53359375 0.221875 0.8015625 0.221875
23 0.6546875 0.103125 0.6546875 0.2234375 0.91875 0.2234375 0.91875 0.103125 0.6546875 0.103125
23 0.8421875 0.2953125 0.978125 0.2953125 0.978125 0.034765625 0.8421875 0.034765625 0.8421875 0.2953125
23 0 0.221875 0.2 0.221875 0.2 0.098046875 0 0.098046875 0 0.221875
23 0.24375 0.296875 0.24375 0.023828125 0.126953125 0.023828125 0.126953125 0.296875 0.24375 0.296875
23 0.4375 0.2171875 0.4375 0.100390625 0.169921875 0.100390625 0.169921875 0.2171875 0.4375 0.2171875
23 0.4796875 0.296875 0.4796875 0.028125 0.362890625 0.028125 0.362890625 0.296875 0.4796875 0.296875
23 0.0125 0.4 0.0125 0.5109375 0.2171875 0.5109375 0.2171875 0.4 0.0125 0.4
23 0.325 0.5109375 0.325 0.40859375 0.12109375 0.40859375 0.12109375 0.5109375 0.325 0.5109375
23 0.4140625 0.4921875 0.4140625 0.38984375 0.24453125 0.38984375 0.24453125 0.4921875 0.4140625 0.4921875
23 0.5171875 0.490625 0.5171875 0.392578125 0.35 0.392578125 0.35 0.490625 0.5171875 0.490625
23 1 0.401953125 0.846875 0.401953125 0.846875 0.5046875 1 0.5046875 1 0.401953125