23 0.5859375 0.359375 0.4875 0.359375 0.4875 0.525 0.5859375 0.525 0.5859375 0.359375
23 0.603125 0.028125 0.4828125 0.028125 0.4828125 0.29765625 0.603125 0.29765625 0.603125 0.028125
23 0.68671875 0.359375 0.590625 0.359375 0.590625 0.525 0.68671875 0.525 0.68671875 0.359375
23 0.7890625 0.3578125 0.690625 0.3578125 0.690625 0.55234375 0.7890625 0.55234375 0.7890625 0.3578125
23 0.8890625 0.3578125 0.7859375 0.3578125 0.7859375 0.55234375 0.8890625 0.55234375 0.8890625 0.3578125
23 0.728125 0.028125 0.6078125 0.028125 0.6078125 0.29765625 0.728125 0.29765625 0.728125 0.028125
23 0.846875 0.03125 0.7265625 0.03125 0.7265625 0.2953125 0.846875 0.2953125 0.846875 0.03125
23 0.97890625 0.034375 0.8421875 0.034375 0.8421875 0.29609375 0.97890625 0.29609375 0.97890625 0.034375
23 0.1265625 0.0234375 0.0015625 0.0234375 0.0015625 0.29765625 0.1265625 0.29765625 0.1265625 0.0234375
23 0.24453125 0.0234375 0.1265625 0.0234375 0.1265625 0.29765625 0.24453125 0.29765625 0.24453125 0.0234375
23 0.36328125 0.025 0.2453125 0.025 0.2453125 0.29453125 0.36328125 0.29453125 0.36328125 0.025
23 0.48046875 0.028125 0.3625 0.028125 0.3625 0.29765625 0.48046875 0.29765625 0.48046875 0.028125
23 0.1703125 0.353125 0.059375 0.353125 0.059375 0.5578125 0.1703125 0.5578125 0.1703125 0.353125
23 0.275 0.3578125 0.171875 0.3578125 0.171875 0.5625 0.275 0.5625 0.275 0.3578125
23 0.38125 0.35625 0.278125 0.35625 0.278125 0.5265625 0.38125 0.5265625 0.38125 0.35625
23 0.4828125 0.3578125 0.384375 0.3578125 0.384375 0.52578125 0.4828125 0.52578125 0.4828125 0.3578125
23 0.9953125 0.35625 0.8921875 0.35625 0.8921875 0.55078125 0.9953125 0.55078125 0.9953125 0.35625