23 0.5796875 0.53125 0.5796875 0.3611895140625 0.4784022171875 0.3611895140625 0.4784022171875 0.53125 0.5796875 0.53125
23 0.675 0.0960181453125 0.39783266093749997 0.0960181453125 0.39783266093749997 0.22021169375 0.675 0.22021169375 0.675 0.0960181453125
23 0.7203125 0.4953125 0.7203125 0.3972530234375 0.5494959671874999 0.3972530234375 0.5494959671874999 0.4953125 0.7203125 0.4953125
23 0.7890625 0.559375 0.7890625 0.359753025 0.6890372984375001 0.359753025 0.6890372984375001 0.559375 0.7890625 0.559375
23 0.940625 0.5125 0.940625 0.40655241875000003 0.7399949593749999 0.40655241875000003 0.7399949593749999 0.5125 0.940625 0.5125
23 0.803125 0.2203125 0.803125 0.0966733875 0.5268649187500001 0.0966733875 0.5268649187500001 0.2203125 0.803125 0.2203125
23 0.9234375 0.2203125 0.9234375 0.09715221874999999 0.6518901203125 0.0971522171875 0.6518901203125 0.2203125 0.9234375 0.2203125
23 1 0.090221775 0.78125 0.090221775 0.78125 0.2296875 1 0.2296875 1 0.090221775
23 0.10625 0.296875 0.10625 0.015095767187500001 0.00010080625 0.015095767187500001 0.00010080625 0.296875 0.10625 0.296875
23 0.106300403125 0.0140625 0.106300403125 0.296875 0.22807459687499998 0.296875 0.22807459687499998 0.0140625 0.106300403125 0.0140625
23 0.428125 0.09375 0.15025201562499998 0.09375 0.15025201562499998 0.2154233875 0.428125 0.2154233875 0.428125 0.09375
23 0.5484375 0.21875 0.5484375 0.0975302421875 0.2711189515625 0.0975302421875 0.2711189515625 0.21875 0.5484375 0.21875
23 0 0.5171875 0.1984375 0.5171875 0.1984375 0.403125 0 0.403125 0 0.5171875
23 0.3109375 0.5171875 0.3109375 0.4122983859375 0.1003276203125 0.41229838750000003 0.1003276203125 0.5171875 0.3109375 0.5171875
23 0.403125 0.4984375 0.403125 0.3932459671875 0.228351815625 0.3932459671875 0.228351815625 0.4984375 0.403125 0.4984375
23 0.4734375 0.5328125 0.4734375 0.3599546359375 0.3733114921875 0.3599546359375 0.3733114921875 0.5328125 0.4734375 0.5328125
23 1 0.40680443437499997 0.8481098796875 0.40680443437499997 0.8481098796875 0.509375 1 0.509375 1 0.40680443437499997