23 0.5796875 0.53125 0.5796875 0.3613911296875 0.4796622984375 0.3613911296875 0.4796622984375 0.53125 0.5796875 0.53125
23 0.47384072499999996 0.01875 0.47384072499999996 0.296875 0.5980342734375 0.296875 0.5980342734375 0.01875 0.47384072499999996 0.01875
23 0.6828125 0.53125 0.6828125 0.3611895140625 0.585408265625 0.3611895140625 0.585408265625 0.53125 0.6828125 0.53125
23 0.8390625 0.509375 0.8390625 0.40894657343749996 0.639188509375 0.40894657343749996 0.639188509375 0.509375 0.8390625 0.509375
23 0.940625 0.5125 0.940625 0.40655241875000003 0.7399949593749999 0.40655241875000003 0.7399949593749999 0.5125 0.940625 0.5125
23 0.803125 0.2203125 0.803125 0.0966733875 0.5268649187500001 0.0966733875 0.5268649187500001 0.2203125 0.803125 0.2203125
23 0.8484375 0.022303428125 0.7261844749999999 0.022303428125 0.7261844749999999 0.294884071875 0.8484375 0.294884071875 0.8484375 0.022303428125
23 1 0.090221775 0.78125 0.090221775 0.78125 0.2296875 1 0.2296875 1 0.090221775
23 0 0.2078125 0.19375 0.2078125 0.19375 0.1029233875 0 0.1029233875 0 0.2078125
23 0.3078125 0.215625 0.3078125 0.09501008125 0.0263860890625 0.09501008125 0.0263860890625 0.215625 0.3078125 0.215625
23 0.35 0.29375 0.35 0.01668346875 0.2283266125 0.01668346875 0.2283266125 0.29375 0.35 0.29375
23 0.4703125 0.296875 0.4703125 0.02001008125 0.349949596875 0.02001008125 0.349949596875 0.296875 0.4703125 0.296875
23 0.15 0.565625 0.15 0.35516633125 0.0369203609375 0.35516633125 0.0369203609375 0.565625 0.15 0.565625
23 0.3109375 0.5171875 0.3109375 0.4118951625 0.10128528125 0.4118951609375 0.10128528125 0.5171875 0.3109375 0.5171875
23 0.2625 0.5328125 0.36875 0.5328125 0.36875 0.35819052500000004 0.2625 0.35819052500000004 0.2625 0.5328125
23 0.4734375 0.5328125 0.4734375 0.3599546359375 0.3733114921875 0.3599546359375 0.3733114921875 0.5328125 0.4734375 0.5328125
23 1 0.40680443437499997 0.8481098796875 0.40680443437499997 0.8481098796875 0.509375 1 0.509375 1 0.40680443437499997