23 0.4875 0.359375 0.4875 0.525 0.5859375 0.525 0.5859375 0.359375 0.4875 0.359375
23 0.6765625 0.221875 0.6765625 0.102734375 0.4078125 0.102734375 0.4078125 0.221875 0.6765625 0.221875
23 0.7203125 0.39453125 0.555859375 0.39453125 0.555859375 0.490625 0.7203125 0.490625 0.7203125 0.39453125
23 0.83671875 0.503125 0.83671875 0.405859375 0.6421875 0.405859375 0.6421875 0.503125 0.83671875 0.503125
23 0.934375 0.403515625 0.73984375 0.403515625 0.73984375 0.50625 0.934375 0.50625 0.934375 0.403515625
23 0.6078125 0.028125 0.6078125 0.296875 0.728125 0.296875 0.728125 0.028125 0.6078125 0.028125
23 0.7265625 0.03125 0.7265625 0.2953125 0.846875 0.2953125 0.846875 0.03125 0.7265625 0.03125
23 0.978125 0.2953125 0.978125 0.033984375 0.842578125 0.033984375 0.842578125 0.2953125 0.978125 0.2953125
23 0 0.221875 0.2 0.221875 0.2 0.098046875 0 0.098046875 0 0.221875
23 0.321875 0.21875 0.321875 0.1015625 0.048828125 0.1015625 0.048828125 0.21875 0.321875 0.21875
23 0.2453125 0.29375 0.3625 0.29375 0.3625 0.025 0.2453125 0.025 0.2453125 0.29375
23 0.5546875 0.221875 0.5546875 0.104296875 0.287109375 0.104296875 0.287109375 0.221875 0.5546875 0.221875
23 0.059375 0.353125 0.059375 0.5578125 0.1703125 0.5578125 0.1703125 0.353125 0.059375 0.353125
23 0.171875 0.3578125 0.171875 0.5625 0.275 0.5625 0.275 0.3578125 0.171875 0.3578125
23 0.4140625 0.4921875 0.4140625 0.38984375 0.24453125 0.38984375 0.24453125 0.4921875 0.4140625 0.4921875
23 0.5171875 0.490625 0.5171875 0.392578125 0.35 0.392578125 0.35 0.490625 0.5171875 0.490625
23 1 0.401953125 0.846875 0.401953125 0.846875 0.5046875 1 0.5046875 1 0.401953125