23 0.47903225781250003 0.5322580640625 0.5806451609375001 0.5322580640625 0.5806451609375001 0.361290321875 0.47903225781250003 0.361290321875 0.47903225781250003 0.5322580640625
23 0.47419354843750006 0.2975806453125 0.598387096875 0.2975806453125 0.598387096875 0.0193548390625 0.47419354843750006 0.0193548390625 0.47419354843750006 0.2975806453125
23 0.5854838703125 0.5322580640625 0.68467741875 0.5322580640625 0.68467741875 0.361290321875 0.5854838703125 0.361290321875 0.5854838703125 0.5322580640625
23 0.6887096781250001 0.5604838703125 0.79032258125 0.5604838703125 0.79032258125 0.35967741875 0.6887096781250001 0.35967741875 0.6887096781250001 0.5604838703125
23 0.7870967734375001 0.5604838703125 0.8935483874999999 0.5604838703125 0.8935483874999999 0.35967741875 0.7870967734375001 0.35967741875 0.7870967734375001 0.5604838703125
23 0.60322580625 0.2975806453125 0.7274193546875 0.2975806453125 0.7274193546875 0.0193548390625 0.60322580625 0.0193548390625 0.60322580625 0.2975806453125
23 0.7258064515625 0.29516129062499996 0.85 0.29516129062499996 0.85 0.0225806453125 0.7258064515625 0.0225806453125 0.7258064515625 0.29516129062499996
23 0.845161290625 0.2959677421875 0.9862903218750001 0.2959677421875 0.9862903218750001 0.0258064515625 0.845161290625 0.0258064515625 0.845161290625 0.2959677421875
23 0 0.2975806453125 0.10645161249999999 0.2975806453125 0.10645161249999999 0.0145161296875 0 0.0145161296875 0 0.2975806453125
23 0.10645161249999999 0.2975806453125 0.22822580625 0.2975806453125 0.22822580625 0.0145161296875 0.10645161249999999 0.0145161296875 0.10645161249999999 0.2975806453125
23 0.2290322578125 0.29435483906250004 0.3508064515625 0.29435483906250004 0.3508064515625 0.0161290328125 0.2290322578125 0.0161290328125 0.2290322578125 0.29435483906250004
23 0.35 0.2975806453125 0.47177419374999996 0.2975806453125 0.47177419374999996 0.0193548390625 0.35 0.0193548390625 0.35 0.2975806453125
23 0.0370967734375 0.5661290328125 0.151612903125 0.5661290328125 0.151612903125 0.354838709375 0.0370967734375 0.354838709375 0.0370967734375 0.5661290328125
23 0.15322580624999999 0.5709677421875 0.25967741875 0.5709677421875 0.25967741875 0.35967741875 0.15322580624999999 0.35967741875 0.15322580624999999 0.5709677421875
23 0.2629032265625 0.5338709671874999 0.3693548390625 0.5338709671874999 0.3693548390625 0.358064515625 0.2629032265625 0.358064515625 0.2629032265625 0.5338709671874999
23 0.3725806453125 0.533064515625 0.47419354843750006 0.533064515625 0.47419354843750006 0.35967741875 0.3725806453125 0.35967741875 0.3725806453125 0.533064515625
23 1 0.358064515625 0.89677419375 0.358064515625 0.89677419375 0.5588709671875 1 0.5588709671875 1 0.358064515625