23 0.1578125 1 0.1578125 0.571875 0.028125 0.571875 0.028125 1 0.1578125 1
23 0.2828125 1 0.2828125 0.571875 0.1578125 0.571875 0.1578125 1 0.2828125 1
23 0.1546875 0.003125 0.0296875 0.003125 0.0296875 0.42890625 0.1546875 0.42890625 0.1546875 0.003125
23 0.559375 0.5640625 0.434375 0.5640625 0.434375 0.99921875 0.559375 0.99921875 0.559375 0.5640625
23 0.6875 0.5625 0.5625 0.5625 0.5625 0.99765625 0.6875 0.99765625 0.6875 0.5625
23 0.8203125 0.5640625 0.6953125 0.5640625 0.6953125 0.99921875 0.8203125 0.99921875 0.8203125 0.5640625
23 0.9453125 0.5625 0.8203125 0.5625 0.8203125 0.99765625 0.9453125 0.99765625 0.9453125 0.5625
23 0.159375 0 0.159375 0.425 0.284375 0.425 0.284375 0 0.159375 0
23 0.41171875 0.0015625 0.2890625 0.0015625 0.2890625 0.42734375 0.41171875 0.42734375 0.41171875 0.0015625
23 0.434375 0 0.434375 0.4203125 0.55703125 0.4203125 0.55703125 0 0.434375 0
23 0.684375 0.0015625 0.5546875 0.0015625 0.5546875 0.421875 0.684375 0.421875 0.684375 0.0015625
23 0.6875 0 0.6875 0.4203125 0.81484375 0.4203125 0.81484375 0 0.6875 0