23 0.1578125 1 0.1578125 0.571875 0.028125 0.571875 0.028125 1 0.1578125 1
23 0.00625 0.7234375 0.00625 0.8484375 0.434375 0.8484375 0.434375 0.7234375 0.00625 0.7234375
23 0.0296875 0.003125 0.0296875 0.428125 0.1546875 0.428125 0.1546875 0.003125 0.0296875 0.003125
23 0.7140625 0.84375 0.7140625 0.719140625 0.2796875 0.719140625 0.2796875 0.84375 0.7140625 0.84375
23 0.8421875 0.717578125 0.4078125 0.717578125 0.4078125 0.8421875 0.8421875 0.8421875 0.8421875 0.717578125
23 0.8203125 0.564453125 0.6953125 0.564453125 0.6953125 0.9984375 0.8203125 0.9984375 0.8203125 0.564453125
23 0.8203125 0.5625 0.8203125 0.996875 0.9453125 0.996875 0.9453125 0.5625 0.8203125 0.5625
23 0.159375 0 0.159375 0.425 0.284375 0.425 0.284375 0 0.159375 0
23 0.5625 0.275 0.5625 0.153515625 0.137109375 0.153515625 0.137109375 0.275 0.5625 0.275
23 0.434765625 0 0.434765625 0.4203125 0.55625 0.4203125 0.55625 0 0.434765625 0
23 0.409375 0.146875 0.409375 0.2765625 0.8296875 0.2765625 0.8296875 0.146875 0.409375 0.146875
23 0.687109375 0 0.687109375 0.4203125 0.8140625 0.4203125 0.8140625 0 0.687109375 0