23 1 0.7483015140625 0.7484454984375 0.7483015140625 0.7484454984375 0.8578125 1 0.8578125 1 0.7483015140625
23 1 0.73576951875 0.6244213953125 0.73576951875 0.6244213953125 0.8703125 1 0.8703125 1 0.73576951875
23 1 0.17177634375 0.720464484375 0.17177634375 0.720464484375 0.278125 1 0.278125 1 0.17177634375
23 0.71875 0.8671875 0.71875 0.7312073375 0.318528690625 0.7312073375 0.318528690625 0.8671875 0.71875 0.8671875
23 0.5796875 0.865625 0.5796875 0.7303087671874999 0.177277090625 0.7303087671874999 0.177277090625 0.865625 0.5796875 0.865625
23 0.434375 0.8671875 0.434375 0.73125 0.033545756249999996 0.73125 0.033545756249999996 0.8671875 0.434375 0.8671875
23 0.1640625 1 0.1640625 0.5974669375 0.028623614062500004 0.5974669375 0.028623614062500004 1 0.1640625 1
23 1 0.155708725 0.595675128125 0.1557087234375 0.595675128125 0.290625 1 0.290625 1 0.155708725
23 0.903125 0.290625 0.903125 0.1578125 0.45409556406249996 0.1578125 0.45409556406249996 0.290625 0.903125 0.290625
23 0.740625 0.2875 0.740625 0.1537489328125 0.299165421875 0.1537489328125 0.299165421875 0.2875 0.740625 0.2875
23 0.60625 0.2921875 0.60625 0.151367853125 0.1629372875 0.151367853125 0.1629372875 0.2921875 0.60625 0.2921875
23 0.4609375 0.2890625 0.4609375 0.1510852171875 0.0201551828125 0.1510852171875 0.0201551828125 0.2890625 0.4609375 0.2890625