23 1 0.6075085328125 0.8890784984375 0.6075085328125 0.8890784984375 1 1 1 1 0.6075085328125
23 0.8890784984375 1 0.8890784984375 0.6075085328125 0.7525597265624999 0.6075085328125 0.7525597265624999 1 0.8890784984375 1
23 0.8924914671874999 0 0.8924914671874999 0.4513651875 1 0.4513651875 1 0 0.8924914671874999 0
23 0.5870307171875 1 0.5870307171875 0.598976109375 0.45051194531250005 0.598976109375 0.45051194531250005 1 0.5870307171875 1
23 0.44709897656250003 1 0.44709897656250003 0.597269625 0.3105802046875 0.597269625 0.3105802046875 1 0.44709897656250003 1
23 0.30204778125 1 0.30204778125 0.598976109375 0.1655290109375 0.598976109375 0.1655290109375 1 0.30204778125 1
23 0.1655290109375 1 0.1655290109375 0.597269625 0.0290102390625 0.597269625 0.0290102390625 1 0.1655290109375 1
23 0.7508532421874999 0 0.7508532421874999 0.44709897656250003 0.8873720140625 0.44709897656250003 0.8873720140625 0 0.7508532421874999 0
23 0.6117747437500001 0 0.6117747437500001 0.449658703125 0.7457337890625 0.449658703125 0.7457337890625 0 0.6117747437500001 0
23 0.45307167187499997 0 0.45307167187499997 0.441979521875 0.5870307171875 0.441979521875 0.5870307171875 0 0.45307167187499997 0
23 0.3139931734375 0 0.3139931734375 0.44368600625 0.4556314 0.44368600625 0.4556314 0 0.3139931734375 0
23 0.17150170625 0 0.17150170625 0.441979521875 0.3105802046875 0.441979521875 0.3105802046875 0 0.17150170625 0