23 1 0.748285515625 0.7484375 0.748285515625 0.7484375 0.8578125 1 0.8578125 1 0.748285515625
23 1 0.73576951875 0.6244213953125 0.73576951875 0.6244213953125 0.8703125 1 0.8703125 1 0.73576951875
23 0.9998480171875 0.45 0.9998480171875 0.00009865625 0.892339484375 0.00009865625 0.892339484375 0.45 0.9998480171875 0.45
23 0.71875 0.8671875 0.71875 0.7312073375 0.318528690625 0.7312073375 0.318528690625 0.8671875 0.71875 0.8671875
23 0.5796875 0.865625 0.5796875 0.7303087671874999 0.177277090625 0.7303087671874999 0.177277090625 0.865625 0.5796875 0.865625
23 0.4340310359375 0.8671875 0.4340310359375 0.7314233156250001 0.0330071453125 0.7314233156250001 0.0330071453125 0.8671875 0.4340310359375 0.8671875
23 0 0.865625 0.2984375 0.865625 0.2984375 0.7299888015625 0 0.7299888015625 0 0.865625
23 0.8859375 0.446875 0.8859375 0.0001119890625 0.7504346203125001 0.0001119890625 0.7504346203125001 0.446875 0.8859375 0.446875
23 0.6116227609375 0 0.6116227609375 0.4484375 0.74375 0.4484375 0.74375 0 0.6116227609375 0
23 0.740625 0.2875 0.740625 0.15427154375000002 0.29895744375 0.15427154375000002 0.29895744375 0.2875 0.740625 0.2875
23 0.3136492109375 0 0.3136492109375 0.4421875 0.4546875 0.4421875 0.4546875 0 0.3136492109375 0
23 0.1711364125 0 0.1711364125 0.440625 0.309375 0.440625 0.309375 0 0.1711364125 0