23 0.1578125 1 0.1578125 0.571875 0.028125 0.571875 0.028125 1 0.1578125 1
23 0.00625 0.7234375 0.00625 0.8484375 0.434375 0.8484375 0.434375 0.7234375 0.00625 0.7234375
23 0.0296875 0.003125 0.0296875 0.428125 0.1546875 0.428125 0.1546875 0.003125 0.0296875 0.003125
23 0.559375 0.563671875 0.434375 0.563671875 0.434375 0.9984375 0.559375 0.9984375 0.559375 0.563671875
23 0.8421875 0.8421875 0.8421875 0.717578125 0.4078125 0.717578125 0.4078125 0.8421875 0.8421875 0.8421875
23 0.8203125 0.563671875 0.6953125 0.563671875 0.6953125 0.9984375 0.8203125 0.9984375 0.8203125 0.563671875
23 1 0.717578125 0.665625 0.717578125 0.665625 0.8421875 1 0.8421875 1 0.717578125
23 0.159375 0 0.159375 0.425 0.284375 0.425 0.284375 0 0.159375 0
23 0.4109375 0.4265625 0.4109375 0.001171875 0.288671875 0.001171875 0.288671875 0.4265625 0.4109375 0.4265625
23 0.434375 0 0.434375 0.4203125 0.55625 0.4203125 0.55625 0 0.434375 0
23 0.5546875 0.0015625 0.5546875 0.421875 0.684375 0.421875 0.684375 0.0015625 0.5546875 0.0015625
23 0.9609375 0.14609375 0.541015625 0.14609375 0.541015625 0.2734375 0.9609375 0.2734375 0.9609375 0.14609375