23 0.4779233875 0.340625 0.4779233875 0.2655493953125 0.3069556453125 0.2655493953125 0.3069556453125 0.340625 0.4779233875 0.340625
23 0.2640625 0.6203125 0.2640625 0.550151209375 0.09443044375000001 0.550151209375 0.09443044375000001 0.6203125 0.2640625 0.6203125
23 0.059375 0.209375 0.059375 0.0485131046875 0.000151209375 0.0485131046875 0.000151209375 0.209375 0.059375 0.209375
23 0.3436239921875 0.625 0.3436239921875 0.5538810484375001 0.16459173437500002 0.5538810468750001 0.16459173437500002 0.625 0.3436239921875 0.625
23 0.3625 0.6734375 0.3625 0.503654234375 0.2915826625 0.503654234375 0.2915826625 0.6734375 0.3625 0.6734375
23 0.484375 0.6265625 0.484375 0.5564516125 0.3138608875 0.5564516125 0.3138608875 0.6265625 0.484375 0.6265625
23 0.5078125 0.678125 0.5078125 0.5082661296875 0.435559475 0.5082661296875 0.435559475 0.678125 0.5078125 0.678125
23 0.58125 0.678125 0.58125 0.507862903125 0.5079133046875 0.507862903125 0.5079133046875 0.678125 0.58125 0.678125
23 0.653125 0.68125 0.653125 0.5082913296875 0.5804183468749999 0.5082913296875 0.5804183468749999 0.68125 0.653125 0.68125
23 0.7296875 0.684375 0.7296875 0.5116179421875 0.65625 0.5116179421875 0.65625 0.684375 0.7296875 0.684375
23 0.8484375 0.628125 0.8484375 0.561668346875 0.6776713703125 0.561668346875 0.6776713703125 0.628125 0.8484375 0.628125
23 0.7953125 0.68125 0.8640625 0.68125 0.8640625 0.5113911296875 0.7953125 0.5113911296875 0.7953125 0.68125
23 0.9869959671874999 0.6328125 0.9869959671874999 0.5596270156250001 0.8160282249999999 0.5596270156250001 0.8160282249999999 0.6328125 0.9869959671874999 0.6328125
23 1 0.567137096875 0.8819304453125 0.567137096875 0.8819304453125 0.628125 1 0.628125 1 0.567137096875
23 0 0.388684475 0.059375 0.388684475 0.059375 0.2128780234375 0 0.2128780234375 0 0.388684475
23 0.1328125 0.3890625 0.1328125 0.2166078640625 0.0595766125 0.2166078640625 0.0595766125 0.3890625 0.1328125 0.3890625
23 0.259375 0.3375 0.259375 0.2640625 0.0847026203125 0.2640625 0.0847026203125 0.3375 0.259375 0.3375
23 0.3296875 0.26436491875 0.1596270171875 0.26436491875 0.1596270171875 0.3385584671875 0.3296875 0.3385584671875 0.3296875 0.26436491875
23 0.403125 0.3390625 0.403125 0.26635584687499997 0.2323588703125 0.26635584687499997 0.2323588703125 0.3390625 0.403125 0.3390625
23 0 0.7953125 0.1171875 0.7953125 0.1171875 0.7253276203125 0 0.7253276203125 0 0.7953125
23 0.1890625 0.79375 0.1890625 0.7228326609375 0.025100806250000003 0.7228326625 0.025100806250000003 0.79375 0.1890625 0.79375
23 0.14375 0.8421875 0.2171875 0.8421875 0.2171875 0.676965725 0.14375 0.676965725 0.14375 0.8421875
23 0.334375 0.7984375 0.334375 0.728125 0.1694052421875 0.728125 0.1694052421875 0.7984375 0.334375 0.7984375
23 0.40625 0.725 0.24594254062499998 0.725 0.24594254062499998 0.7967237890625001 0.40625 0.7967237890625001 0.40625 0.725
23 0.434375 0.84375 0.434375 0.6841985875 0.3641129046875 0.6841985875 0.3641129046875 0.84375 0.434375 0.84375
23 0.55 0.8 0.55 0.7288810484375 0.390246975 0.7288810484375 0.390246975 0.8 0.55 0.8
23 0.578125 0.8453125 0.578125 0.6852066515625 0.506653225 0.6852066515625 0.506653225 0.8453125 0.578125 0.8453125
23 0.6984375 0.8046875 0.6984375 0.73125 0.5332661296875 0.73125 0.5332661296875 0.8046875 0.6984375 0.8046875
23 0.7265625 0.8515625 0.7265625 0.683266128125 0.6529233875 0.683266128125 0.6529233875 0.8515625 0.7265625 0.8515625
23 0.134375 0.209375 0.134375 0.0464969765625 0.0583921359375 0.0464969765625 0.0583921359375 0.209375 0.134375 0.209375
23 0.0890625 0.1671875 0.25 0.1671875 0.25 0.0909526203125 0.0890625 0.0909526203125 0.0890625 0.1671875
23 0.3234375 0.0953125 0.16302923281249998 0.0953125 0.16302923281249998 0.1715977828125 0.3234375 0.1715977828125 0.3234375 0.0953125
23 0.35625 0.2171875 0.35625 0.051915321874999996 0.2800151203125 0.051915321874999996 0.2800151203125 0.2171875 0.35625 0.2171875
23 0.4296875 0.2171875 0.4296875 0.051915321874999996 0.3534022171875 0.051915321874999996 0.3534022171875 0.2171875 0.4296875 0.2171875
23 0.9984375 0.3890625 0.9984375 0.2275201609375 0.9452368953124999 0.2275201609375 0.9452368953124999 0.3890625 0.9984375 0.3890625
23 1 0.115625 0.8872983874999999 0.115625 0.8872983874999999 0.171875 1 0.171875 1 0.115625
23 0.7921875 0.846875 0.7921875 0.684375 0.7286038296874999 0.684375 0.7286038296874999 0.846875 0.7921875 0.846875
23 0.746875 0.796875 0.909375 0.796875 0.909375 0.728125 0.746875 0.728125 0.746875 0.796875
23 0.9375 0.8453125 0.9375 0.6802923390625 0.86171875 0.6802923390625 0.86171875 0.8453125 0.9375 0.8453125
23 1 0.6852822578125 0.9381048390625001 0.6852822578125 0.9381048390625001 0.85 1 0.85 1 0.6852822578125
23 0 0.6234375 0.1203125 0.6234375 0.1203125 0.5559475796875 0 0.5559475796875 0 0.6234375
23 0.1421875 0.6734375 0.1421875 0.503654234375 0.071622984375 0.503654234375 0.071622984375 0.6734375 0.1421875 0.6734375