23 0.4777217734375 0.340625 0.4777217734375 0.264289315625 0.30675403125 0.264289315625 0.30675403125 0.340625 0.4777217734375 0.340625
23 0.215625 0.6703125 0.215625 0.5003276203125 0.144909275 0.5003276203125 0.144909275 0.6703125 0.215625 0.6703125
23 0 0.1578125 0.109375 0.1578125 0.109375 0.09934475781249999 0 0.09934475781249999 0 0.1578125
23 0.3436239921875 0.625 0.3436239921875 0.5538810484375001 0.16459173437500002 0.5538810468750001 0.16459173437500002 0.625 0.3436239921875 0.625
23 0.290675403125 0.503125 0.290675403125 0.6734375 0.362449596875 0.6734375 0.362449596875 0.503125 0.290675403125 0.503125
23 0.484375 0.6265625 0.484375 0.5556451609375 0.31436492031249996 0.5556451625000001 0.31436492031249996 0.6265625 0.484375 0.6265625
23 0.5078125 0.678125 0.5078125 0.507862903125 0.435408265625 0.507862903125 0.435408265625 0.678125 0.5078125 0.678125
23 0.6296875 0.6296875 0.6296875 0.5566028234375 0.45947580468749993 0.5566028234375 0.45947580468749993 0.6296875 0.6296875 0.6296875
23 0.653125 0.5078377015625 0.5808719765625 0.5078377015625 0.5808719765625 0.6812247984375001 0.653125 0.6812247984375001 0.653125 0.5078377015625
23 0.7296875 0.5109627015625 0.656653225 0.5109627015625 0.656653225 0.6843497984375 0.7296875 0.6843497984375 0.7296875 0.5109627015625
23 0.7967489921875 0.6796875 0.7967489921875 0.5098286296875 0.7298135078125 0.5098286296875 0.7298135078125 0.6796875 0.7967489921875 0.6796875
23 0.8640625 0.68125 0.8640625 0.5111895140625 0.7953125015625 0.5111895140625 0.7953125015625 0.68125 0.8640625 0.68125
23 0.9386592734375 0.68125 0.9386592734375 0.5113911296875 0.864465725 0.5113911296875 0.864465725 0.68125 0.9386592734375 0.68125
23 1 0.5116179421875 0.9381048390625001 0.5116179421875 0.9381048390625001 0.684375 1 0.684375 1 0.5116179421875
23 0.059375 0.21292842812499999 0.000151209375 0.21292842812499999 0.000151209375 0.3887348796875 0.059375 0.3887348796875 0.059375 0.21292842812499999
23 0.1328125 0.3890625 0.1328125 0.2166078640625 0.0595766125 0.2166078640625 0.0595766125 0.3890625 0.1328125 0.3890625
23 0.2078125 0.2128780234375 0.1355594765625 0.2128780234375 0.1355594765625 0.388684475 0.2078125 0.388684475 0.2078125 0.2128780234375
23 0.3296875 0.2646673390625 0.1597278234375 0.2646673390625 0.1597278234375 0.3388608875 0.3296875 0.3388608875 0.3296875 0.2646673390625
23 0.353125 0.2178427421875 0.2804183453125 0.2178427421875 0.2804183453125 0.388810484375 0.353125 0.388810484375 0.353125 0.2178427421875
23 0 0.8421875 0.0703125 0.8421875 0.0703125 0.677872984375 0 0.677872984375 0 0.8421875
23 0.1890625 0.79375 0.1890625 0.7231350796875 0.0240927421875 0.7231350796875 0.0240927421875 0.79375 0.1890625 0.79375
23 0.14375 0.8421875 0.2171875 0.8421875 0.2171875 0.677872984375 0.14375 0.677872984375 0.14375 0.8421875
23 0.334375 0.7984375 0.334375 0.7275201625000001 0.1701108875 0.7275201625000001 0.1701108875 0.7984375 0.334375 0.7984375
23 0.362449596875 0.840625 0.362449596875 0.6810735875 0.290675403125 0.6810735875 0.290675403125 0.840625 0.362449596875 0.840625
23 0.434375 0.84375 0.434375 0.6841985875 0.3641129046875 0.6841985875 0.3641129046875 0.84375 0.434375 0.84375
23 0.55 0.8 0.55 0.7288810484375 0.390246975 0.7288810484375 0.390246975 0.8 0.55 0.8
23 0.578125 0.8453125 0.578125 0.6857610875 0.507862903125 0.6857610875 0.507862903125 0.8453125 0.578125 0.8453125
23 0.6984375 0.8046875 0.6984375 0.73125 0.5332661296875 0.73125 0.5332661296875 0.8046875 0.6984375 0.8046875
23 0.7265625 0.8515625 0.7265625 0.683266128125 0.6529233875 0.683266128125 0.6529233875 0.8515625 0.7265625 0.8515625
23 0.134375 0.209375 0.134375 0.0464969765625 0.0583921359375 0.0464969765625 0.0583921359375 0.209375 0.134375 0.209375
23 0.13125 0.209375 0.2078125 0.209375 0.2078125 0.0484375 0.13125 0.0484375 0.13125 0.209375
23 0.28125 0.2140625 0.28125 0.053125 0.2062247984375 0.053125 0.2062247984375 0.2140625 0.28125 0.2140625
23 0.4 0.171875 0.4 0.0965473796875 0.23477822499999998 0.0965473796875 0.23477822499999998 0.171875 0.4 0.171875
23 0.4296875 0.2171875 0.4296875 0.051915321874999996 0.3534022171875 0.051915321874999996 0.3534022171875 0.2171875 0.4296875 0.2171875
23 0.9984375 0.3890625 0.9984375 0.2273185484375 0.9450856859375 0.2273185484375 0.9450856859375 0.3890625 0.9984375 0.3890625
23 0.9984375 0.05947580625 0.94364919375 0.05947580625 0.94364919375 0.22802419375 0.9984375 0.22802419375 0.9984375 0.05947580625
23 0.6796875 0.796875 0.8421875 0.796875 0.8421875 0.7330393140625 0.6796875 0.7330393140625 0.6796875 0.796875
23 0.746875 0.796875 0.909375 0.796875 0.909375 0.728125 0.746875 0.728125 0.746875 0.796875
23 0.8171875 0.8015625 0.9828125 0.8015625 0.9828125 0.72578125 0.8171875 0.72578125 0.8171875 0.8015625
23 0.9997983874999999 0.85 0.9997983874999999 0.685685484375 0.9377016125000001 0.685685484375 0.9377016125000001 0.85 0.9997983874999999 0.85
23 0.06875 0.675 0.06875 0.5045362890625 0.00030241875 0.5045362890625 0.00030241875 0.675 0.06875 0.675
23 0.1421875 0.6734375 0.1421875 0.503125 0.071925403125 0.503125 0.071925403125 0.6734375 0.1421875 0.6734375