23 0.43064516093750005 0.2177419359375 0.35403225781250003 0.2177419359375 0.35403225781250003 0.388709678125 0.43064516093750005 0.388709678125 0.43064516093750005 0.2177419359375
23 0.2161290328125 0.5 0.1443548390625 0.5 0.1443548390625 0.6709677421875 0.2161290328125 0.6709677421875 0.2161290328125 0.5
23 0 0.20967741874999998 0.05967741875 0.20967741874999998 0.05967741875 0.048387096875 0 0.048387096875 0 0.20967741874999998
23 0.29032258125 0.5 0.2185483875 0.5 0.2185483875 0.6790322578125 0.29032258125 0.6790322578125 0.29032258125 0.5
23 0.36290322656249996 0.50322580625 0.2911290328125 0.50322580625 0.2911290328125 0.6741935484375 0.36290322656249996 0.6741935484375 0.36290322656249996 0.50322580625
23 0.4354838703125 0.5064516125 0.363709678125 0.5064516125 0.363709678125 0.6774193546875 0.4354838703125 0.6774193546875 0.4354838703125 0.5064516125
23 0.50967741875 0.508064515625 0.4354838703125 0.508064515625 0.4354838703125 0.6790322578125 0.50967741875 0.6790322578125 0.50967741875 0.508064515625
23 0.5822580640624999 0.508064515625 0.508064515625 0.508064515625 0.508064515625 0.6790322578125 0.5822580640624999 0.6790322578125 0.5822580640624999 0.508064515625
23 0.654838709375 0.508064515625 0.5806451609375001 0.508064515625 0.5806451609375001 0.6814516125 0.654838709375 0.6814516125 0.654838709375 0.508064515625
23 0.7306451609375 0.511290321875 0.6564516125 0.511290321875 0.6564516125 0.68467741875 0.7306451609375 0.68467741875 0.7306451609375 0.511290321875
23 0.7967741937499999 0.50967741875 0.729838709375 0.50967741875 0.729838709375 0.6806451609375 0.7967741937499999 0.6806451609375 0.7967741937499999 0.50967741875
23 0.8645161296874999 0.511290321875 0.7951612906250001 0.511290321875 0.7951612906250001 0.6822580640625 0.8645161296874999 0.6822580640625 0.8645161296874999 0.511290321875
23 0.938709678125 0.511290321875 0.8645161296874999 0.511290321875 0.8645161296874999 0.6822580640625 0.938709678125 0.6822580640625 0.938709678125 0.511290321875
23 1 0.511290321875 0.9379032265625 0.511290321875 0.9379032265625 0.68467741875 1 0.68467741875 1 0.511290321875
23 0 0.388709678125 0.05967741875 0.388709678125 0.05967741875 0.2129032265625 0 0.2129032265625 0 0.388709678125
23 0.1338709671875 0.2161290328125 0.05967741875 0.2161290328125 0.05967741875 0.3895161296875 0.1338709671875 0.3895161296875 0.1338709671875 0.2161290328125
23 0.20967741874999998 0.2129032265625 0.1354838703125 0.2129032265625 0.1354838703125 0.388709678125 0.20967741874999998 0.388709678125 0.20967741874999998 0.2129032265625
23 0.2822580640625 0.2161290328125 0.208064515625 0.2161290328125 0.208064515625 0.38709677343750004 0.2822580640625 0.38709677343750004 0.2822580640625 0.2161290328125
23 0.354838709375 0.2177419359375 0.28064516093749997 0.2177419359375 0.28064516093749997 0.388709678125 0.354838709375 0.388709678125 0.354838709375 0.2177419359375
23 0 0.8435483874999999 0.0709677421875 0.8435483874999999 0.0709677421875 0.6774193546875 0 0.6774193546875 0 0.8435483874999999
23 0.1435483875 0.6758064515625 0.07177419375 0.6758064515625 0.07177419375 0.841935484375 0.1435483875 0.841935484375 0.1435483875 0.6758064515625
23 0.2177419359375 0.6774193546875 0.1435483875 0.6774193546875 0.1435483875 0.8435483874999999 0.2177419359375 0.8435483874999999 0.2177419359375 0.6774193546875
23 0.288709678125 0.6806451609375 0.216935484375 0.6806451609375 0.216935484375 0.84677419375 0.288709678125 0.84677419375 0.288709678125 0.6806451609375
23 0.36290322656249996 0.6806451609375 0.2911290328125 0.6806451609375 0.2911290328125 0.841935484375 0.36290322656249996 0.841935484375 0.36290322656249996 0.6806451609375
23 0.4354838703125 0.6838709671875 0.363709678125 0.6838709671875 0.363709678125 0.845161290625 0.4354838703125 0.845161290625 0.4354838703125 0.6838709671875
23 0.5064516125 0.6838709671875 0.43467741875000004 0.6838709671875 0.43467741875000004 0.845161290625 0.5064516125 0.845161290625 0.5064516125 0.6838709671875
23 0.5790322578125 0.6854838703125 0.5072580640625 0.6854838703125 0.5072580640625 0.84677419375 0.5790322578125 0.84677419375 0.5790322578125 0.6854838703125
23 0.65322580625 0.6854838703125 0.5790322578125 0.6854838703125 0.5790322578125 0.8516129031249999 0.65322580625 0.8516129031249999 0.65322580625 0.6854838703125
23 0.7274193546875 0.6838709671875 0.65322580625 0.6838709671875 0.65322580625 0.8524193546875001 0.7274193546875 0.8524193546875001 0.7274193546875 0.6838709671875
23 0.1354838703125 0.04677419375 0.0588709671875 0.04677419375 0.0588709671875 0.2104838703125 0.1354838703125 0.2104838703125 0.1354838703125 0.04677419375
23 0.208064515625 0.048387096875 0.13145161249999998 0.048387096875 0.13145161249999998 0.20967741874999998 0.208064515625 0.20967741874999998 0.208064515625 0.048387096875
23 0.2822580640625 0.05322580624999999 0.2056451609375 0.05322580624999999 0.2056451609375 0.2145161296875 0.2822580640625 0.2145161296875 0.2822580640625 0.05322580624999999
23 0.3564516125 0.051612903125 0.279838709375 0.051612903125 0.279838709375 0.2177419359375 0.3564516125 0.2177419359375 0.3564516125 0.051612903125
23 0.43064516093750005 0.051612903125 0.35403225781250003 0.051612903125 0.35403225781250003 0.2177419359375 0.43064516093750005 0.2177419359375 0.43064516093750005 0.051612903125
23 1 0.2274193546875 0.945161290625 0.2274193546875 0.945161290625 0.3911290328125 1 0.3911290328125 1 0.2274193546875
23 1 0.05967741875 0.9435483874999999 0.05967741875 0.9435483874999999 0.22822580625 1 0.22822580625 1 0.05967741875
23 0.7935483875 0.6838709671875 0.7290322578125 0.6838709671875 0.7290322578125 0.8475806453124999 0.7935483875 0.8475806453124999 0.7935483875 0.6838709671875
23 0.8629032265625 0.6806451609375 0.7935483875 0.6806451609375 0.7935483875 0.8443548390625001 0.8629032265625 0.8443548390625001 0.8629032265625 0.6806451609375
23 0.938709678125 0.6806451609375 0.8620967734375 0.6806451609375 0.8620967734375 0.84677419375 0.938709678125 0.84677419375 0.938709678125 0.6806451609375
23 1 0.6854838703125 0.9379032265625 0.6854838703125 0.9379032265625 0.8516129031249999 1 0.8516129031249999 1 0.6854838703125
23 0 0.6758064515625 0.06935483906249999 0.6758064515625 0.06935483906249999 0.504838709375 0 0.504838709375 0 0.6758064515625
23 0.1435483875 0.50322580625 0.07177419375 0.50322580625 0.07177419375 0.6741935484375 0.1435483875 0.6741935484375 0.1435483875 0.50322580625