23 0.325 0.6359375 0.325 0.796875 0.375 0.796875 0.375 0.6359375 0.325 0.6359375
23 1 0.485546875 0.84609375 0.485546875 0.84609375 0.5375 1 0.5375 1 0.485546875
23 0.9015625 0.433984375 0.853125 0.433984375 0.853125 0.5921875 0.9015625 0.5921875 0.9015625 0.433984375
23 0.8546875 0.434765625 0.80625 0.434765625 0.80625 0.5921875 0.8546875 0.5921875 0.8546875 0.434765625
23 0.859375 0.534375 0.859375 0.486328125 0.7015625 0.486328125 0.7015625 0.534375 0.859375 0.534375
23 0.808984375 0.5359375 0.808984375 0.485546875 0.650390625 0.485546875 0.650390625 0.5359375 0.808984375 0.5359375
23 0.7046875 0.434765625 0.659375 0.434765625 0.659375 0.5875 0.7046875 0.5875 0.7046875 0.434765625
23 0.290625 0.534375 0.290625 0.482421875 0.13359375 0.482421875 0.13359375 0.534375 0.290625 0.534375
23 0.2421875 0.5328125 0.2421875 0.484765625 0.084375 0.484765625 0.084375 0.5328125 0.2421875 0.5328125
23 0.1390625 0.432421875 0.090625 0.432421875 0.090625 0.5859375 0.1390625 0.5859375 0.1390625 0.432421875
23 0 0.5296875 0.14375 0.5296875 0.14375 0.48203125 0 0.48203125 0 0.5296875
23 0 0.590625 0.0453125 0.590625 0.0453125 0.434375 0 0.434375 0 0.590625
23 0.7125 0.5328125 0.7125 0.490234375 0.560546875 0.490234375 0.560546875 0.5328125 0.7125 0.5328125
23 0.6703125 0.8796875 0.6703125 0.925 0.78125 0.925 0.78125 0.8796875 0.6703125 0.8796875
23 0.737109375 0.9234375 0.737109375 0.880859375 0.623828125 0.880859375 0.623828125 0.9234375 0.737109375 0.9234375
23 0.615234375 0.846875 0.615234375 0.9578125 0.6578125 0.9578125 0.6578125 0.846875 0.615234375 0.846875
23 0.5703125 0.846875 0.5703125 0.9578125 0.6125 0.9578125 0.6125 0.846875 0.5703125 0.846875
23 0.571875 0.842578125 0.5265625 0.842578125 0.5265625 0.9546875 0.571875 0.9546875 0.571875 0.842578125
23 0.559375 0.921875 0.559375 0.877734375 0.446875 0.877734375 0.446875 0.921875 0.559375 0.921875
23 0.51328125 0.9203125 0.51328125 0.876171875 0.4 0.876171875 0.4 0.9203125 0.51328125 0.9203125
23 0.4703125 0.876171875 0.35703125 0.876171875 0.35703125 0.9203125 0.4703125 0.9203125 0.4703125 0.876171875
23 0.3890625 0.841015625 0.34375 0.841015625 0.34375 0.9578125 0.3890625 0.9578125 0.3890625 0.841015625
23 0.3421875 0.840234375 0.296875 0.840234375 0.296875 0.9578125 0.3421875 0.9578125 0.3421875 0.840234375
23 0.296875 0.840234375 0.2515625 0.840234375 0.2515625 0.9578125 0.296875 0.9578125 0.296875 0.840234375
23 0.2890625 0.876953125 0.17109375 0.876953125 0.17109375 0.921875 0.2890625 0.921875 0.2890625 0.876953125
23 0.2078125 0.841015625 0.1625 0.841015625 0.1625 0.9578125 0.2078125 0.9578125 0.2078125 0.841015625
23 0.196875 0.921875 0.196875 0.876953125 0.0796875 0.876953125 0.0796875 0.921875 0.196875 0.921875
23 0.0703125 0.8390625 0.0703125 0.959375 0.115625 0.959375 0.115625 0.8390625 0.0703125 0.8390625
23 0.0234375 0.8390625 0.0234375 0.959375 0.06875 0.959375 0.06875 0.8390625 0.0234375 0.8390625
23 0.7546875 0.7421875 0.7546875 0.698046875 0.60234375 0.698046875 0.60234375 0.7421875 0.7546875 0.7421875
23 0.709375 0.740625 0.709375 0.69609375 0.55390625 0.69609375 0.55390625 0.740625 0.709375 0.740625
23 0.6609375 0.7390625 0.6609375 0.694921875 0.50859375 0.694921875 0.50859375 0.7390625 0.6609375 0.7390625
23 0.615625 0.696484375 0.46171875 0.696484375 0.46171875 0.740625 0.615625 0.740625 0.615625 0.696484375
23 0.5140625 0.644140625 0.46875 0.644140625 0.46875 0.796875 0.5140625 0.796875 0.5140625 0.644140625
23 0.52109375 0.740625 0.52109375 0.696484375 0.3671875 0.696484375 0.3671875 0.740625 0.52109375 0.740625
23 0.421875 0.637890625 0.3765625 0.637890625 0.3765625 0.7953125 0.421875 0.7953125 0.421875 0.637890625
23 0.28125 0.6359375 0.28125 0.796875 0.3265625 0.796875 0.3265625 0.6359375 0.28125 0.6359375
23 0.234375 0.6390625 0.234375 0.7953125 0.2796875 0.7953125 0.2796875 0.6390625 0.234375 0.6390625
23 0.1875 0.640625 0.1875 0.796875 0.2328125 0.796875 0.2328125 0.640625 0.1875 0.640625
23 0.15 0.637109375 0.0921875 0.637109375 0.0921875 0.7953125 0.15 0.7953125 0.15 0.637109375
23 0 0.740625 0.1484375 0.740625 0.1484375 0.692578125 0 0.692578125 0 0.740625
23 0 0.7359375 0.10625 0.7359375 0.10625 0.696484375 0 0.696484375 0 0.7359375
23 1 0.437890625 0.9515625 0.437890625 0.9515625 0.6 1 0.6 1 0.437890625