23 0.325 0.6359375 0.325 0.796875 0.375 0.796875 0.375 0.6359375 0.325 0.6359375
23 0.9515625 0.433203125 0.8984375 0.433203125 0.8984375 0.590625 0.9515625 0.590625 0.9515625 0.433203125
23 0.9015625 0.433984375 0.853125 0.433984375 0.853125 0.5921875 0.9015625 0.5921875 0.9015625 0.433984375
23 0.909375 0.489453125 0.75078125 0.489453125 0.75078125 0.5375 0.909375 0.5375 0.909375 0.489453125
23 0.859375 0.534375 0.859375 0.486328125 0.7015625 0.486328125 0.7015625 0.534375 0.859375 0.534375
23 0.7546875 0.5890625 0.7546875 0.431640625 0.705078125 0.431640625 0.705078125 0.5890625 0.7546875 0.5890625
23 0.659375 0.434375 0.659375 0.5875 0.7046875 0.5875 0.7046875 0.434375 0.659375 0.434375
23 0.1859375 0.4296875 0.1859375 0.5875 0.2390625 0.5875 0.2390625 0.4296875 0.1859375 0.4296875
23 0.1390625 0.4296875 0.1390625 0.5875 0.1875 0.5875 0.1875 0.4296875 0.1390625 0.4296875
23 0.1390625 0.432421875 0.090625 0.432421875 0.090625 0.5859375 0.1390625 0.5859375 0.1390625 0.432421875
23 0 0.5296875 0.14375 0.5296875 0.14375 0.48203125 0 0.48203125 0 0.5296875
23 0 0.534375 0.1 0.534375 0.1 0.48984375 0 0.48984375 0 0.534375
23 0.6578125 0.5875 0.6578125 0.434375 0.616015625 0.434375 0.616015625 0.5875 0.6578125 0.5875
23 0.703125 0.846875 0.703125 0.9578125 0.7484375 0.9578125 0.7484375 0.846875 0.703125 0.846875
23 0.737109375 0.9234375 0.737109375 0.880859375 0.623828125 0.880859375 0.623828125 0.9234375 0.737109375 0.9234375
23 0.6921875 0.88046875 0.581640625 0.88046875 0.581640625 0.9234375 0.6921875 0.9234375 0.6921875 0.88046875
23 0.570703125 0.846875 0.570703125 0.9578125 0.6125 0.9578125 0.6125 0.846875 0.570703125 0.846875
23 0.571875 0.842578125 0.5265625 0.842578125 0.5265625 0.9546875 0.571875 0.9546875 0.571875 0.842578125
23 0.559375 0.921875 0.559375 0.877734375 0.446875 0.877734375 0.446875 0.921875 0.559375 0.921875
23 0.4796875 0.841796875 0.434375 0.841796875 0.434375 0.9546875 0.4796875 0.9546875 0.4796875 0.841796875
23 0.46953125 0.9203125 0.46953125 0.876171875 0.35625 0.876171875 0.35625 0.9203125 0.46953125 0.9203125
23 0.425 0.921875 0.425 0.876953125 0.3078125 0.876953125 0.3078125 0.921875 0.425 0.921875
23 0.3421875 0.841015625 0.296875 0.841015625 0.296875 0.9578125 0.3421875 0.9578125 0.3421875 0.841015625
23 0.3328125 0.876953125 0.21484375 0.876953125 0.21484375 0.921875 0.3328125 0.921875 0.3328125 0.876953125
23 0.253125 0.840234375 0.2078125 0.840234375 0.2078125 0.9578125 0.253125 0.9578125 0.253125 0.840234375
23 0.24375 0.876953125 0.12578125 0.876953125 0.12578125 0.921875 0.24375 0.921875 0.24375 0.876953125
23 0.1609375 0.841015625 0.115625 0.841015625 0.115625 0.9578125 0.1609375 0.9578125 0.1609375 0.841015625
23 0.0703125 0.8390625 0.0703125 0.959375 0.115625 0.959375 0.115625 0.8390625 0.0703125 0.8390625
23 0 0.921875 0.10625 0.921875 0.10625 0.8765625 0 0.8765625 0 0.921875
23 0.65625 0.64375 0.65625 0.796875 0.7015625 0.796875 0.7015625 0.64375 0.65625 0.64375
23 0.609375 0.640625 0.609375 0.796875 0.6546875 0.796875 0.6546875 0.640625 0.609375 0.640625
23 0.6609375 0.7390625 0.6609375 0.694921875 0.50859375 0.694921875 0.50859375 0.7390625 0.6609375 0.7390625
23 0.615625 0.696484375 0.46171875 0.696484375 0.46171875 0.740625 0.615625 0.740625 0.615625 0.696484375
23 0.5671875 0.7421875 0.5671875 0.698046875 0.4140625 0.698046875 0.4140625 0.7421875 0.5671875 0.7421875
23 0.4671875 0.641796875 0.421875 0.641796875 0.421875 0.7953125 0.4671875 0.7953125 0.4671875 0.641796875
23 0.421875 0.637109375 0.3765625 0.637109375 0.3765625 0.7953125 0.421875 0.7953125 0.421875 0.637109375
23 0.2234375 0.69375 0.2234375 0.7390625 0.384375 0.7390625 0.384375 0.69375 0.2234375 0.69375
23 0.334375 0.7390625 0.334375 0.69453125 0.17890625 0.69453125 0.17890625 0.7390625 0.334375 0.7390625
23 0.1875 0.640625 0.1875 0.796875 0.2328125 0.796875 0.2328125 0.640625 0.1875 0.640625
23 0.15 0.637109375 0.0921875 0.637109375 0.0921875 0.7953125 0.15 0.7953125 0.15 0.637109375
23 0.09375 0.637890625 0.0453125 0.637890625 0.0453125 0.7953125 0.09375 0.7953125 0.09375 0.637890625
23 0.046875 0.637890625 0.00625 0.637890625 0.00625 0.7953125 0.046875 0.7953125 0.046875 0.637890625
23 1 0.4375 0.9515625 0.4375 0.9515625 0.6 1 0.6 1 0.4375