23 0.37578125 0.6359375 0.325 0.6359375 0.325 0.796875 0.37578125 0.796875 0.37578125 0.6359375
23 0.9515625 0.4328125 0.8984375 0.4328125 0.8984375 0.59140625 0.9515625 0.59140625 0.9515625 0.4328125
23 0.9015625 0.434375 0.853125 0.434375 0.853125 0.59296875 0.9015625 0.59296875 0.9015625 0.434375
23 0.8546875 0.434375 0.80625 0.434375 0.80625 0.59296875 0.8546875 0.59296875 0.8546875 0.434375
23 0.8046875 0.43125 0.75625 0.43125 0.75625 0.58984375 0.8046875 0.58984375 0.8046875 0.43125
23 0.75546875 0.43125 0.7046875 0.43125 0.7046875 0.58984375 0.75546875 0.58984375 0.75546875 0.43125
23 0.7046875 0.434375 0.659375 0.434375 0.659375 0.58828125 0.7046875 0.58828125 0.7046875 0.434375
23 0.2390625 0.4296875 0.1859375 0.4296875 0.1859375 0.58828125 0.2390625 0.58828125 0.2390625 0.4296875
23 0.1875 0.4296875 0.1390625 0.4296875 0.1390625 0.58828125 0.1875 0.58828125 0.1875 0.4296875
23 0.1390625 0.4328125 0.090625 0.4328125 0.090625 0.58671875 0.1390625 0.58671875 0.1390625 0.4328125
23 0.090625 0.428125 0.0421875 0.428125 0.0421875 0.584375 0.090625 0.584375 0.090625 0.428125
23 0 0.590625 0.0453125 0.590625 0.0453125 0.434375 0 0.434375 0 0.590625
23 0.65859375 0.434375 0.615625 0.434375 0.615625 0.58828125 0.65859375 0.58828125 0.65859375 0.434375
23 0.7484375 0.846875 0.703125 0.846875 0.703125 0.9578125 0.7484375 0.9578125 0.7484375 0.846875
23 0.70234375 0.8453125 0.659375 0.8453125 0.659375 0.95859375 0.70234375 0.95859375 0.70234375 0.8453125
23 0.65859375 0.846875 0.615625 0.846875 0.615625 0.9578125 0.65859375 0.9578125 0.65859375 0.846875
23 0.61328125 0.846875 0.5703125 0.846875 0.5703125 0.9578125 0.61328125 0.9578125 0.61328125 0.846875
23 0.571875 0.8421875 0.5265625 0.8421875 0.5265625 0.95546875 0.571875 0.95546875 0.571875 0.8421875
23 0.5265625 0.84375 0.48125 0.84375 0.48125 0.95703125 0.5265625 0.95703125 0.5265625 0.84375
23 0.4796875 0.8421875 0.434375 0.8421875 0.434375 0.95546875 0.4796875 0.95546875 0.4796875 0.8421875
23 0.4359375 0.8421875 0.390625 0.8421875 0.390625 0.95546875 0.4359375 0.95546875 0.4359375 0.8421875
23 0.3890625 0.840625 0.34375 0.840625 0.34375 0.95859375 0.3890625 0.95859375 0.3890625 0.840625
23 0.3421875 0.840625 0.296875 0.840625 0.296875 0.95859375 0.3421875 0.95859375 0.3421875 0.840625
23 0.296875 0.840625 0.2515625 0.840625 0.2515625 0.95859375 0.296875 0.95859375 0.296875 0.840625
23 0.253125 0.840625 0.2078125 0.840625 0.2078125 0.95859375 0.253125 0.95859375 0.253125 0.840625
23 0.2078125 0.840625 0.1625 0.840625 0.1625 0.95859375 0.2078125 0.95859375 0.2078125 0.840625
23 0.1609375 0.840625 0.115625 0.840625 0.115625 0.95859375 0.1609375 0.95859375 0.1609375 0.840625
23 0.115625 0.8390625 0.0703125 0.8390625 0.0703125 0.959375 0.115625 0.959375 0.115625 0.8390625
23 0.06875 0.8390625 0.0234375 0.8390625 0.0234375 0.959375 0.06875 0.959375 0.06875 0.8390625
23 0.7015625 0.64375 0.65625 0.64375 0.65625 0.79765625 0.7015625 0.79765625 0.7015625 0.64375
23 0.6546875 0.640625 0.609375 0.640625 0.609375 0.796875 0.6546875 0.796875 0.6546875 0.640625
23 0.6078125 0.640625 0.5625 0.640625 0.5625 0.79453125 0.6078125 0.79453125 0.6078125 0.640625
23 0.5609375 0.6421875 0.515625 0.6421875 0.515625 0.79609375 0.5609375 0.79609375 0.5609375 0.6421875
23 0.5140625 0.64375 0.46875 0.64375 0.46875 0.79765625 0.5140625 0.79765625 0.5140625 0.64375
23 0.4671875 0.6421875 0.421875 0.6421875 0.421875 0.79609375 0.4671875 0.79609375 0.4671875 0.6421875
23 0.421875 0.6375 0.3765625 0.6375 0.3765625 0.79609375 0.421875 0.79609375 0.421875 0.6375
23 0.3265625 0.6359375 0.28125 0.6359375 0.28125 0.796875 0.3265625 0.796875 0.3265625 0.6359375
23 0.2796875 0.6390625 0.234375 0.6390625 0.234375 0.7953125 0.2796875 0.7953125 0.2796875 0.6390625
23 0.2328125 0.640625 0.1875 0.640625 0.1875 0.796875 0.2328125 0.796875 0.2328125 0.640625
23 0.15 0.6375 0.0921875 0.6375 0.0921875 0.79609375 0.15 0.79609375 0.15 0.6375
23 0.09375 0.6375 0.0453125 0.6375 0.0453125 0.79609375 0.09375 0.79609375 0.09375 0.6375
23 0.046875 0.6375 0.00625 0.6375 0.00625 0.79609375 0.046875 0.79609375 0.046875 0.6375
23 1 0.4375 0.9515625 0.4375 0.9515625 0.60078125 1 0.60078125 1 0.4375