23 0.9390625 0.6796875 0.9390625 0.607511234375 0.8066738140625 0.607511234375 0.8066738140625 0.6796875 0.9390625 0.6796875
23 0 0 0 0.121875 0.025 0.121875 0.025 0 0 0
23 0.2560917078125 0.428125 0.2560917078125 0.3518178109375 0.12047079218750001 0.3518178109375 0.12047079218750001 0.428125 0.2560917078125 0.428125
23 0.3921875 0.4265625 0.3921875 0.35 0.2566636046875 0.35 0.2566636046875 0.4265625 0.3921875 0.4265625
23 0.66875 0.6828125 0.7984375 0.6828125 0.7984375 0.611300040625 0.66875 0.611300040625 0.66875 0.6828125
23 0.4984375 0.3234375 0.4212622546875 0.3234375 0.4212622546875 0.4561019203125 0.4984375 0.4561019203125 0.4984375 0.3234375
23 0.6296875 0.31875 0.5531607421875 0.31875 0.5531607421875 0.4512918703125 0.6296875 0.4512918703125 0.6296875 0.31875
23 0.796875 0.4265625 0.796875 0.35 0.6595383984375001 0.35 0.6595383984375001 0.4265625 0.796875 0.4265625
23 0.9046875 0.4546875 0.9046875 0.317759396875 0.8285590265625 0.317759396875 0.8285590265625 0.4546875 0.9046875 0.4546875
23 0.11578329218750001 0.428125 0.11578329218750001 0.503125 0.2514042078125 0.503125 0.2514042078125 0.428125 0.11578329218750001 0.428125
23 0.3578125 0.53125 0.3578125 0.399525121875 0.283149509375 0.399525121875 0.283149509375 0.53125 0.3578125 0.53125
23 0.5246221421875 0.503125 0.5246221421875 0.43113255625 0.3914522046875 0.43113255625 0.3914522046875 0.503125 0.5246221421875 0.503125
23 0.6296875 0.39637459062499997 0.5591503265625 0.39637459062499997 0.5591503265625 0.529544525 0.6296875 0.529544525 0.6296875 0.39637459062499997
23 0.765625 0.5328125 0.765625 0.3984375 0.691932190625 0.3984375 0.691932190625 0.5328125 0.765625 0.5328125
23 0.903125 0.53125 0.903125 0.39618566093749996 0.8268075984375001 0.39618566093749996 0.8268075984375001 0.53125 0.903125 0.53125
23 0.1171875 0.6078125 0.1171875 0.535595384375 0.0002297796875 0.535595384375 0.0002297796875 0.6078125 0.1171875 0.6078125
23 0.0921875 0.70625 0.0921875 0.591697303125 0.0225847625 0.591697303125 0.0225847625 0.70625 0.0921875 0.70625
23 0.2468545765625 0.6078125 0.2468545765625 0.535595384375 0.116135621875 0.535595384375 0.116135621875 0.6078125 0.2468545765625 0.6078125
23 0.35625 0.640625 0.35625 0.503125 0.283849059375 0.503125 0.283849059375 0.640625 0.35625 0.640625
23 0.2515625 0.684375 0.2515625 0.6126276546875 0.12006229531249998 0.6126276546875 0.12006229531249998 0.684375 0.2515625 0.684375
23 0.35625 0.5796875 0.2870251234375 0.5796875 0.2870251234375 0.71247446875 0.35625 0.71247446875 0.35625 0.5796875
23 0.8046875 0.609375 0.8046875 0.5322916671875 0.662275328125 0.5322916671875 0.662275328125 0.609375 0.8046875 0.609375
23 0.8015625 0.6078125 0.934375 0.6078125 0.934375 0.5305861937499999 0.8015625 0.5305861937499999 0.8015625 0.6078125
23 1 0.78593239375 0.9226409312499999 0.78593239375 0.9226409312499999 0.8546875 1 0.8546875 1 0.78593239375
23 0.884375 0.8859375 0.884375 0.75539215625 0.8145578015625 0.75539215625 0.8145578015625 0.8859375 0.884375 0.8859375
23 0.7796875 0.8609375 0.7796875 0.7859375 0.6530535140625 0.7859375 0.6530535140625 0.8609375 0.7796875 0.8609375
23 0.646875 0.85625 0.646875 0.7826286765625 0.5189031859375001 0.7826286765625 0.5189031859375001 0.85625 0.646875 0.85625
23 0.490625 0.88125 0.490625 0.7536815765625 0.42050142968750004 0.7536815765625 0.42050142968750004 0.88125 0.490625 0.88125
23 1 0.7110498359374999 0.9226409312499999 0.7110498359374999 0.9226409312499999 0.7828125 1 0.7828125 1 0.7110498359374999
23 0.88592218125 0.8109375 0.88592218125 0.684078840625 0.8156607421875 0.684078840625 0.8156607421875 0.8109375 0.88592218125 0.8109375
23 0.75 0.8109375 0.75 0.68376225625 0.680039828125 0.68376225625 0.680039828125 0.8109375 0.75 0.8109375
23 0.615625 0.809375 0.615625 0.684375 0.5458588640625 0.684375 0.5458588640625 0.809375 0.615625 0.809375
23 0.4875 0.8078125 0.4875 0.6851868875 0.41778492656250005 0.6851868875 0.41778492656250005 0.8078125 0.4875 0.8078125
23 0.3796875 0.8546875 0.3796875 0.778125 0.30282884062500004 0.778125 0.30282884062500004 0.8546875 0.3796875 0.8546875
23 0.3828125 0.775 0.3828125 0.7125408484375 0.3062397859375 0.7125408484375 0.3062397859375 0.775 0.3828125 0.775
23 0.290625 0.85625 0.290625 0.7743515109375 0.21921977187500002 0.7743515109375 0.21921977187500002 0.85625 0.290625 0.85625
23 0.2890625 0.7015625 0.23186785 0.7015625 0.23186785 0.7868923609375 0.2890625 0.7868923609375 0.2890625 0.7015625
23 0.2 0.85625 0.2 0.782577615625 0.14288705156249998 0.7825776140625 0.14288705156249998 0.85625 0.2 0.85625