23 0.939542484375 0.6078431375 0.8063725484375001 0.6078431375 0.8063725484375001 0.6805555562500001 0.939542484375 0.6805555562500001 0.939542484375 0.6078431375
23 0 0 0 0.12336601250000001 0.026143790625000003 0.12336601250000001 0.026143790625000003 0 0 0
23 0.2565359484375 0.3513071890625 0.1209150328125 0.3513071890625 0.1209150328125 0.42892156875 0.2565359484375 0.42892156875 0.2565359484375 0.3513071890625
23 0.3921568625 0.349673203125 0.2565359484375 0.349673203125 0.2565359484375 0.42728758125 0.3921568625 0.42728758125 0.3921568625 0.349673203125
23 0.7990196078125 0.6111111109375 0.668300653125 0.6111111109375 0.668300653125 0.6838235296875 0.7990196078125 0.6838235296875 0.7990196078125 0.6111111109375
23 0.526143790625 0.3513071890625 0.39297385625 0.3513071890625 0.39297385625 0.42892156875 0.526143790625 0.42892156875 0.526143790625 0.3513071890625
23 0.65849673125 0.34640522812499996 0.5253267968750001 0.34640522812499996 0.5253267968750001 0.4240196078125 0.65849673125 0.4240196078125 0.65849673125 0.34640522812499996
23 0.7973856203125 0.349673203125 0.659313725 0.349673203125 0.659313725 0.42728758125 0.7973856203125 0.42728758125 0.7973856203125 0.349673203125
23 0.936274509375 0.348039215625 0.7982026140625 0.348039215625 0.7982026140625 0.42565359531249997 0.936274509375 0.42565359531249997 0.936274509375 0.348039215625
23 0.2516339875 0.428104575 0.11601307187500001 0.428104575 0.11601307187500001 0.5032679734375 0.2516339875 0.5032679734375 0.2516339875 0.428104575
23 0.38725490156250003 0.428104575 0.2540849671875 0.428104575 0.2540849671875 0.5032679734375 0.38725490156250003 0.5032679734375 0.38725490156250003 0.428104575
23 0.5245098046875001 0.43137254843750006 0.39133986875 0.43137254843750006 0.39133986875 0.5040849671875 0.5245098046875001 0.5040849671875 0.5245098046875001 0.43137254843750006
23 0.66176470625 0.4264705875 0.528594771875 0.4264705875 0.528594771875 0.49918300625 0.66176470625 0.49918300625 0.66176470625 0.4264705875
23 0.7973856203125 0.428104575 0.66176470625 0.428104575 0.66176470625 0.5032679734375 0.7973856203125 0.5032679734375 0.7973856203125 0.428104575
23 0.9330065359375 0.42483660156249997 0.7973856203125 0.42483660156249997 0.7973856203125 0.5024509796875 0.9330065359375 0.5024509796875 0.9330065359375 0.42483660156249997
23 0 0.60866013125 0.117647059375 0.60866013125 0.117647059375 0.5359477125 0 0.5359477125 0 0.60866013125
23 0 0.6846405234375 0.11601307187500001 0.6846405234375 0.11601307187500001 0.614379084375 0 0.614379084375 0 0.6846405234375
23 0.2467320265625 0.5359477125 0.11601307187500001 0.5359477125 0.11601307187500001 0.60866013125 0.2467320265625 0.60866013125 0.2467320265625 0.5359477125
23 0.3888888890625 0.5359477125 0.25081699375 0.5359477125 0.25081699375 0.60866013125 0.3888888890625 0.60866013125 0.3888888890625 0.5359477125
23 0.25326797343749996 0.6127450984375 0.12009803906250001 0.6127450984375 0.12009803906250001 0.685457515625 0.25326797343749996 0.685457515625 0.25326797343749996 0.6127450984375
23 0.3888888890625 0.6111111109375 0.2557189546875 0.6111111109375 0.2557189546875 0.6813725484375001 0.3888888890625 0.6813725484375001 0.3888888890625 0.6111111109375
23 0.8055555562500001 0.5326797390625 0.6625816999999999 0.5326797390625 0.6625816999999999 0.6102941171875 0.8055555562500001 0.6102941171875 0.8055555562500001 0.5326797390625
23 0.9346405234375 0.5310457515625 0.8014705875000001 0.5310457515625 0.8014705875000001 0.60866013125 0.9346405234375 0.60866013125 0.9346405234375 0.5310457515625
23 1 0.7859477125 0.9223856203125 0.7859477125 0.9223856203125 0.85620915 1 0.85620915 1 0.7859477125
23 0.9150326796874999 0.7859477125 0.784313725 0.7859477125 0.784313725 0.85620915 0.9150326796874999 0.85620915 0.9150326796874999 0.7859477125
23 0.7810457515625 0.7859477125 0.652777778125 0.7859477125 0.652777778125 0.8611111109375 0.7810457515625 0.8611111109375 0.7810457515625 0.7859477125
23 0.6470588234375 0.7826797390625 0.51879085 0.7826797390625 0.51879085 0.8578431375 0.6470588234375 0.8578431375 0.6470588234375 0.7826797390625
23 0.51960784375 0.7826797390625 0.39133986875 0.7826797390625 0.39133986875 0.8529411765624999 0.51960784375 0.8529411765624999 0.51960784375 0.7826797390625
23 1 0.7107843140625 0.9223856203125 0.7107843140625 0.9223856203125 0.78349673125 1 0.78349673125 1 0.7107843140625
23 0.9150326796874999 0.7124183000000001 0.78676470625 0.7124183000000001 0.78676470625 0.7826797390625 0.9150326796874999 0.7826797390625 0.9150326796874999 0.7124183000000001
23 0.7794117640625 0.7124183000000001 0.651143790625 0.7124183000000001 0.651143790625 0.7826797390625 0.7794117640625 0.7826797390625 0.7794117640625 0.7124183000000001
23 0.64379085 0.7124183000000001 0.51797385625 0.7124183000000001 0.51797385625 0.7826797390625 0.64379085 0.7826797390625 0.64379085 0.7124183000000001
23 0.5147058828125 0.7124183000000001 0.39133986875 0.7124183000000001 0.39133986875 0.7826797390625 0.5147058828125 0.7826797390625 0.5147058828125 0.7124183000000001
23 0.3807189546875 0.777777778125 0.303104575 0.777777778125 0.303104575 0.85539215625 0.3807189546875 0.85539215625 0.3807189546875 0.777777778125
23 0.383986928125 0.7124183000000001 0.3063725484375 0.7124183000000001 0.3063725484375 0.7753267968750001 0.383986928125 0.7753267968750001 0.383986928125 0.7124183000000001
23 0.2973856203125 0.7794117640625 0.2140522875 0.7794117640625 0.2140522875 0.8521241828124999 0.2973856203125 0.8521241828124999 0.2973856203125 0.7794117640625
23 0.30392156875 0.715686275 0.2181372546875 0.715686275 0.2181372546875 0.7736928109375001 0.30392156875 0.7736928109375001 0.30392156875 0.715686275
23 0.20915032656250002 0.7908496734375 0.133986928125 0.7908496734375 0.133986928125 0.848856209375 0.20915032656250002 0.848856209375 0.20915032656250002 0.7908496734375