23 0.9390625 0.6796875 0.9390625 0.607511234375 0.8066738140625 0.607511234375 0.8066738140625 0.6796875 0.9390625 0.6796875
23 0 0.0734375 0.0734375 0.0734375 0.0734375 0.04840175625 0 0.04840175625 0 0.0734375
23 0.2560917078125 0.428125 0.2560917078125 0.3518178109375 0.12047079218750001 0.3518178109375 0.12047079218750001 0.428125 0.2560917078125 0.428125
23 0.3921875 0.4265625 0.3921875 0.35 0.2566636046875 0.35 0.2566636046875 0.4265625 0.3921875 0.4265625
23 0.7702052703125 0.7109375 0.7702052703125 0.5821742234375 0.6974928499999999 0.5821742234375 0.6974928499999999 0.7109375 0.7702052703125 0.7109375
23 0.4203125 0.45625 0.4978553921875 0.45625 0.4978553921875 0.32412683750000004 0.4203125 0.32412683750000004 0.4203125 0.45625
23 0.6578125 0.4234375 0.6578125 0.346875 0.5258323109374999 0.346875 0.5258323109374999 0.4234375 0.6578125 0.4234375
23 0.765625 0.45625 0.765625 0.319219771875 0.6897416265625 0.319219771875 0.6897416265625 0.45625 0.765625 0.45625
23 0.9046875 0.4546875 0.9046875 0.317759396875 0.8285590265625 0.317759396875 0.8285590265625 0.4546875 0.9046875 0.4546875
23 0.2515625 0.503125 0.2515625 0.4281658484375 0.1162428515625 0.4281658484375 0.1162428515625 0.503125 0.2515625 0.503125
23 0.3578125 0.53125 0.3578125 0.399525121875 0.283149509375 0.399525121875 0.283149509375 0.53125 0.3578125 0.53125
23 0.5246221421875 0.503125 0.5246221421875 0.43113255625 0.3914522046875 0.43113255625 0.3914522046875 0.503125 0.5246221421875 0.503125
23 0.6609375 0.4984375 0.6609375 0.42679738437500003 0.5284620109375 0.42679738437500003 0.5284620109375 0.4984375 0.6609375 0.4984375
23 0.7953125 0.503125 0.7953125 0.4281658484375 0.66165236875 0.4281658484375 0.66165236875 0.503125 0.7953125 0.503125
23 0.9328125 0.5015625 0.9328125 0.42441789218750003 0.7977379484375 0.42441789218750003 0.7977379484375 0.5015625 0.9328125 0.5015625
23 0.1171875 0.6078125 0.1171875 0.535595384375 0.0002297796875 0.535595384375 0.0002297796875 0.6078125 0.1171875 0.6078125
23 0 0.68434946875 0.115625 0.68434946875 0.115625 0.6140880296875 0 0.6140880296875 0 0.68434946875
23 0.24660947656249999 0.6078125 0.24660947656249999 0.536300040625 0.115890521875 0.536300040625 0.115890521875 0.6078125 0.24660947656249999 0.6078125
23 0.3875 0.6078125 0.3875 0.535595384375 0.250357434375 0.535595384375 0.250357434375 0.6078125 0.3875 0.6078125
23 0.2515625 0.684375 0.2515625 0.6126276546875 0.12006229531249998 0.6126276546875 0.12006229531249998 0.684375 0.2515625 0.684375
23 0.3875 0.68125 0.3875 0.611259190625 0.2553666265625 0.611259190625 0.2553666265625 0.68125 0.3875 0.68125
23 0.8046875 0.609375 0.8046875 0.5322916671875 0.662275328125 0.5322916671875 0.662275328125 0.609375 0.8046875 0.609375
23 0.8015625 0.6078125 0.934375 0.6078125 0.934375 0.5315053109375001 0.8015625 0.5315053109375001 0.8015625 0.6078125
23 0.9953125 0.859375 0.9953125 0.78201593125 0.9260467734375 0.78201593125 0.9260467734375 0.859375 0.9953125 0.859375
23 0.9140625 0.8546875 0.9140625 0.78596303125 0.784640521875 0.78596303125 0.784640521875 0.8546875 0.9140625 0.8546875
23 0.753125 0.759375 0.679238153125 0.759375 0.679238153125 0.8873876640624999 0.753125 0.8873876640624999 0.753125 0.759375
23 0.6203125 0.8828125 0.6203125 0.7562397875 0.5453941999999999 0.7562397875 0.5453941999999999 0.8828125 0.6203125 0.8828125
23 0.490625 0.88125 0.490625 0.7536815765625 0.42050142968750004 0.7536815765625 0.42050142968750004 0.88125 0.490625 0.88125
23 0.925 0.7859375 0.996875 0.7859375 0.996875 0.70858864375 0.925 0.70858864375 0.925 0.7859375
23 0.9140625 0.78125 0.9140625 0.7123110703125 0.7861008984375 0.7123110703125 0.7861008984375 0.78125 0.9140625 0.78125
23 0.75 0.8109375 0.75 0.68376225625 0.680039828125 0.68376225625 0.680039828125 0.8109375 0.75 0.8109375
23 0.615625 0.809375 0.615625 0.6850081703125 0.5456444031250001 0.6850081703125 0.5456444031250001 0.809375 0.615625 0.809375
23 0.5140267578125 0.78125 0.5140267578125 0.7125255312500001 0.3906607421875 0.7125255312500001 0.3906607421875 0.78125 0.5140267578125 0.78125
23 0.3796875 0.8546875 0.3796875 0.778125 0.30282884062500004 0.778125 0.30282884062500004 0.8546875 0.3796875 0.8546875
23 0.3828125 0.775 0.3828125 0.7125408484375 0.3062397859375 0.7125408484375 0.3062397859375 0.775 0.3828125 0.775
23 0.290625 0.85625 0.290625 0.7743515109375 0.21921977187500002 0.7743515109375 0.21921977187500002 0.85625 0.290625 0.85625
23 0.2890625 0.7015625 0.23186785 0.7015625 0.23186785 0.7868923609375 0.2890625 0.7868923609375 0.2890625 0.7015625
23 0.2078125 0.8484375 0.2078125 0.790625 0.1342933 0.790625 0.1342933 0.8484375 0.2078125 0.8484375