23 0.78671875 0.765625 0.73125 0.765625 0.73125 0.953125 0.78671875 0.953125 0.78671875 0.765625
23 0.5390625 0.0015625 0.471875 0.0015625 0.471875 0.109375 0.5390625 0.109375 0.5390625 0.0015625
23 0.5390625 0.1078125 0.471875 0.1078125 0.471875 0.27109375 0.5390625 0.27109375 0.5390625 0.1078125
23 0.53671875 0.26875 0.471875 0.26875 0.471875 0.43203125 0.53671875 0.43203125 0.53671875 0.26875
23 0.6 0.1125 0.5375 0.1125 0.5375 0.26875 0.6 0.26875 0.6 0.1125
23 0.5984375 0.2734375 0.5359375 0.2734375 0.5359375 0.43203125 0.5984375 0.43203125 0.5984375 0.2734375
23 0.5984375 0 0.5984375 0.1125 0.6609375 0.1125 0.6609375 0 0.5984375 0
23 0.6640625 0 0.6640625 0.1125 0.728125 0.1125 0.728125 0 0.6640625 0
23 0.66484375 0.1140625 0.6 0.1140625 0.6 0.2703125 0.66484375 0.2703125 0.66484375 0.1140625
23 0.72890625 0.1140625 0.6640625 0.1140625 0.6640625 0.2703125 0.72890625 0.2703125 0.72890625 0.1140625
23 0.6609375 0.271875 0.5984375 0.271875 0.5984375 0.43046875 0.6609375 0.43046875 0.6609375 0.271875
23 0.725 0.271875 0.6625 0.271875 0.6625 0.43046875 0.725 0.43046875 0.725 0.271875
23 0.79609375 0.025 0.73125 0.025 0.73125 0.234375 0.79609375 0.234375 0.79609375 0.025
23 0.85390625 0.025 0.79375 0.025 0.79375 0.23671875 0.85390625 0.23671875 0.85390625 0.025
23 0.9109375 0.0234375 0.853125 0.0234375 0.853125 0.23515625 0.9109375 0.23515625 0.9109375 0.0234375
23 0.96875 0.0265625 0.9109375 0.0265625 0.9109375 0.23828125 0.96875 0.23828125 0.96875 0.0265625
23 0.78671875 0.2359375 0.7265625 0.2359375 0.7265625 0.4453125 0.78671875 0.4453125 0.78671875 0.2359375
23 0.84765625 0.2359375 0.7875 0.2359375 0.7875 0.4453125 0.84765625 0.4453125 0.84765625 0.2359375
23 0.90078125 0.2359375 0.8453125 0.2359375 0.8453125 0.44296875 0.90078125 0.44296875 0.90078125 0.2359375
23 0.9578125 0.2390625 0.9 0.2390625 0.9 0.4484375 0.9578125 0.4484375 0.9578125 0.2390625
23 0 0.953125 0.059375 0.953125 0.059375 0.640625 0 0.640625 0 0.953125
23 0.11953125 0.640625 0.059375 0.640625 0.059375 0.95078125 0.11953125 0.95078125 0.11953125 0.640625
23 0.17734375 0.64375 0.1171875 0.64375 0.1171875 0.95390625 0.17734375 0.95390625 0.17734375 0.64375
23 0.23984375 0.64375 0.1796875 0.64375 0.1796875 0.95390625 0.23984375 0.95390625 0.23984375 0.64375
23 0.30859375 0.64375 0.24375 0.64375 0.24375 0.95390625 0.30859375 0.95390625 0.30859375 0.64375
23 0.5359375 0.509375 0.4734375 0.509375 0.4734375 0.66796875 0.5359375 0.66796875 0.5359375 0.509375
23 0.6015625 0.5078125 0.534375 0.5078125 0.534375 0.66640625 0.6015625 0.66640625 0.6015625 0.5078125
23 0.6703125 0.5078125 0.603125 0.5078125 0.603125 0.66640625 0.6703125 0.66640625 0.6703125 0.5078125
23 0.73046875 0.509375 0.6703125 0.509375 0.6703125 0.66796875 0.73046875 0.66796875 0.73046875 0.509375
23 0.5390625 0.66875 0.471875 0.66875 0.471875 0.82265625 0.5390625 0.82265625 0.5390625 0.66875
23 0.60390625 0.665625 0.5390625 0.665625 0.5390625 0.821875 0.60390625 0.821875 0.60390625 0.665625
23 0.66640625 0.665625 0.6015625 0.665625 0.6015625 0.821875 0.66640625 0.821875 0.66640625 0.665625
23 0.73203125 0.665625 0.6671875 0.665625 0.6671875 0.821875 0.73203125 0.821875 0.73203125 0.665625
23 0.5375 0.8234375 0.4703125 0.8234375 0.4703125 0.95078125 0.5375 0.95078125 0.5375 0.8234375
23 0.60390625 0.8234375 0.5390625 0.8234375 0.5390625 0.95078125 0.60390625 0.95078125 0.60390625 0.8234375
23 0.66953125 0.8203125 0.6046875 0.8203125 0.6046875 0.95 0.66953125 0.95 0.66953125 0.8203125
23 0.73046875 0.8234375 0.6703125 0.8234375 0.6703125 0.95078125 0.73046875 0.95078125 0.73046875 0.8234375
23 0.79296875 0.55625 0.7328125 0.55625 0.7328125 0.7703125 0.79296875 0.7703125 0.79296875 0.55625
23 0.83359375 0.540625 0.790625 0.540625 0.790625 0.75 0.83359375 0.75 0.83359375 0.540625
23 0.828125 0.7453125 0.7875 0.7453125 0.7875 0.93515625 0.828125 0.93515625 0.828125 0.7453125
23 0.88359375 0.540625 0.8328125 0.540625 0.8328125 0.75 0.88359375 0.75 0.88359375 0.540625
23 0.88125 0.75 0.828125 0.75 0.828125 0.93515625 0.88125 0.93515625 0.88125 0.75
23 0.94921875 0.7296875 0.8890625 0.7296875 0.8890625 0.9390625 0.94921875 0.9390625 0.94921875 0.7296875
23 0.92265625 0.53125 0.884375 0.53125 0.884375 0.73046875 0.92265625 0.73046875 0.92265625 0.53125