23 0.730859375 0.765625 0.730859375 0.953125 0.7859375 0.953125 0.7859375 0.765625 0.730859375 0.765625
23 0.471875 0.0015625 0.471875 0.109375 0.5390625 0.109375 0.5390625 0.0015625 0.471875 0.0015625
23 0.58671875 0.221875 0.58671875 0.155859375 0.4234375 0.155859375 0.4234375 0.221875 0.58671875 0.221875
23 0.584375 0.3828125 0.584375 0.318359375 0.423046875 0.318359375 0.423046875 0.3828125 0.584375 0.3828125
23 0.490625 0.159375 0.490625 0.221875 0.646875 0.221875 0.646875 0.159375 0.490625 0.159375
23 0.5359375 0.2734375 0.5359375 0.43125 0.5984375 0.43125 0.5984375 0.2734375 0.5359375 0.2734375
23 0.5984375 0 0.5984375 0.1125 0.6609375 0.1125 0.6609375 0 0.5984375 0
23 0.6640625 0 0.6640625 0.1125 0.728125 0.1125 0.728125 0 0.6640625 0
23 0.709375 0.16015625 0.554296875 0.16015625 0.554296875 0.225 0.709375 0.225 0.709375 0.16015625
23 0.664453125 0.1140625 0.664453125 0.2703125 0.728125 0.2703125 0.728125 0.1140625 0.664453125 0.1140625
23 0.70859375 0.38125 0.70859375 0.319921875 0.55 0.319921875 0.55 0.38125 0.70859375 0.38125
23 0.7734375 0.319921875 0.61484375 0.319921875 0.61484375 0.38125 0.7734375 0.38125 0.7734375 0.319921875
23 0.658984375 0.096875 0.658984375 0.16171875 0.8671875 0.16171875 0.8671875 0.096875 0.658984375 0.096875
23 0.853125 0.2359375 0.853125 0.024609375 0.794140625 0.024609375 0.794140625 0.2359375 0.853125 0.2359375
23 0.9875 0.1578125 0.9875 0.100390625 0.7765625 0.100390625 0.7765625 0.1578125 0.9875 0.1578125
23 0.9109375 0.0265625 0.9109375 0.2375 0.96875 0.2375 0.96875 0.0265625 0.9109375 0.0265625
23 0.8609375 0.31015625 0.651953125 0.31015625 0.651953125 0.3703125 0.8609375 0.3703125 0.8609375 0.31015625
23 0.712890625 0.3109375 0.712890625 0.3703125 0.921875 0.3703125 0.921875 0.3109375 0.712890625 0.3109375
23 0.9 0.4421875 0.9 0.235546875 0.845703125 0.235546875 0.845703125 0.4421875 0.9 0.4421875
23 1 0.31484375 0.82421875 0.31484375 0.82421875 0.371875 1 0.371875 1 0.31484375
23 0 0.953125 0.059375 0.953125 0.059375 0.640625 0 0.640625 0 0.953125
23 0.059375 0.95 0.11875 0.95 0.11875 0.640625 0.059375 0.640625 0.059375 0.95
23 0 0.828125 0.3015625 0.828125 0.3015625 0.768359375 0 0.768359375 0 0.828125
23 0.0546875 0.828125 0.3640625 0.828125 0.3640625 0.768359375 0.0546875 0.768359375 0.0546875 0.828125
23 0.4296875 0.83125 0.4296875 0.766796875 0.121484375 0.766796875 0.121484375 0.83125 0.4296875 0.83125
23 0.5359375 0.509765625 0.4734375 0.509765625 0.4734375 0.6671875 0.5359375 0.6671875 0.5359375 0.509765625
23 0.534375 0.5078125 0.534375 0.665625 0.6015625 0.665625 0.6015625 0.5078125 0.534375 0.5078125
23 0.715625 0.6203125 0.715625 0.553515625 0.5578125 0.553515625 0.5578125 0.6203125 0.715625 0.6203125
23 0.779296875 0.61875 0.779296875 0.558984375 0.620703125 0.558984375 0.620703125 0.61875 0.779296875 0.61875
23 0.5390625 0.669140625 0.471875 0.669140625 0.471875 0.821875 0.5390625 0.821875 0.5390625 0.669140625
23 0.539453125 0.665625 0.539453125 0.821875 0.603125 0.821875 0.603125 0.665625 0.539453125 0.665625
23 0.601953125 0.665625 0.601953125 0.821875 0.665625 0.821875 0.665625 0.665625 0.601953125 0.665625
23 0.6671875 0.665625 0.6671875 0.821875 0.73125 0.821875 0.73125 0.665625 0.6671875 0.665625
23 0.5671875 0.9203125 0.5671875 0.853515625 0.440625 0.853515625 0.440625 0.9203125 0.5671875 0.9203125
23 0.5390625 0.95 0.603125 0.95 0.603125 0.8234375 0.5390625 0.8234375 0.5390625 0.95
23 0.6046875 0.8203125 0.6046875 0.95 0.66875 0.95 0.66875 0.8203125 0.6046875 0.8203125
23 0.7296875 0.95 0.7296875 0.823828125 0.669921875 0.823828125 0.669921875 0.95 0.7296875 0.95
23 0.732421875 0.55625 0.732421875 0.7703125 0.7921875 0.7703125 0.7921875 0.55625 0.732421875 0.55625
23 0.791015625 0.540625 0.791015625 0.75 0.8328125 0.75 0.8328125 0.540625 0.791015625 0.540625
23 0.828125 0.745703125 0.7875 0.745703125 0.7875 0.934375 0.828125 0.934375 0.828125 0.745703125
23 0.9625 0.6703125 0.9625 0.6203125 0.753515625 0.6203125 0.753515625 0.6703125 0.9625 0.6703125
23 0.946875 0.816015625 0.7625 0.816015625 0.7625 0.86875 0.946875 0.86875 0.946875 0.816015625
23 0.889453125 0.7296875 0.889453125 0.9390625 0.9484375 0.9390625 0.9484375 0.7296875 0.889453125 0.7296875
23 1 0.611328125 0.803515625 0.611328125 0.803515625 0.6484375 1 0.6484375 1 0.611328125