23 0.731640625 0.765625 0.731640625 0.953125 0.7859375 0.953125 0.7859375 0.765625 0.731640625 0.765625
23 0.4515625 0.021875 0.4515625 0.0890625 0.559375 0.0890625 0.559375 0.021875 0.4515625 0.021875
23 0.5390625 0.107421875 0.471875 0.107421875 0.471875 0.2703125 0.5390625 0.2703125 0.5390625 0.107421875
23 0.5359375 0.43125 0.5359375 0.269140625 0.471484375 0.269140625 0.471484375 0.43125 0.5359375 0.43125
23 0.5375 0.1125 0.5375 0.26875 0.6 0.26875 0.6 0.1125 0.5375 0.1125
23 0.6453125 0.3828125 0.6453125 0.321484375 0.48828125 0.321484375 0.48828125 0.3828125 0.6453125 0.3828125
23 0.5734375 0.025 0.5734375 0.0875 0.6859375 0.0875 0.6859375 0.025 0.5734375 0.025
23 0.6640625 0 0.6640625 0.1125 0.728125 0.1125 0.728125 0 0.6640625 0
23 0.599609375 0.1140625 0.599609375 0.2703125 0.6640625 0.2703125 0.6640625 0.1140625 0.599609375 0.1140625
23 0.618359375 0.159375 0.618359375 0.2234375 0.7734375 0.2234375 0.7734375 0.159375 0.618359375 0.159375
23 0.6609375 0.272265625 0.5984375 0.272265625 0.5984375 0.4296875 0.6609375 0.4296875 0.6609375 0.272265625
23 0.77265625 0.38125 0.77265625 0.319921875 0.6140625 0.319921875 0.6140625 0.38125 0.77265625 0.38125
23 0.8671875 0.09765625 0.658984375 0.09765625 0.658984375 0.1625 0.8671875 0.1625 0.8671875 0.09765625
23 0.9296875 0.159375 0.9296875 0.101171875 0.718359375 0.101171875 0.718359375 0.159375 0.9296875 0.159375
23 0.853125 0.0234375 0.853125 0.234375 0.9109375 0.234375 0.9109375 0.0234375 0.853125 0.0234375
23 0.9109375 0.0265625 0.9109375 0.2375 0.96875 0.2375 0.96875 0.0265625 0.9109375 0.0265625
23 0.726171875 0.2359375 0.726171875 0.4453125 0.7859375 0.4453125 0.7859375 0.2359375 0.726171875 0.2359375
23 0.921875 0.3109375 0.712890625 0.3109375 0.712890625 0.3703125 0.921875 0.3703125 0.921875 0.3109375
23 0.8453125 0.4421875 0.9 0.4421875 0.9 0.236328125 0.8453125 0.236328125 0.8453125 0.4421875
23 0.9 0.2390625 0.9 0.4484375 0.9578125 0.4484375 0.9578125 0.2390625 0.9 0.2390625
23 0 0.953125 0.059375 0.953125 0.059375 0.640625 0 0.640625 0 0.953125
23 0.11875 0.95 0.11875 0.641015625 0.059765625 0.641015625 0.059765625 0.95 0.11875 0.95
23 0 0.828125 0.3015625 0.828125 0.3015625 0.768359375 0 0.768359375 0 0.828125
23 0.2390625 0.953125 0.2390625 0.64375 0.180078125 0.64375 0.180078125 0.953125 0.2390625 0.953125
23 0.4296875 0.766015625 0.120703125 0.766015625 0.120703125 0.830859375 0.4296875 0.830859375 0.4296875 0.766015625
23 0.58359375 0.61875 0.58359375 0.557421875 0.425 0.557421875 0.425 0.61875 0.58359375 0.61875
23 0.646875 0.6203125 0.646875 0.553515625 0.4890625 0.553515625 0.4890625 0.6203125 0.646875 0.6203125
23 0.6703125 0.508203125 0.603125 0.508203125 0.603125 0.665625 0.6703125 0.665625 0.6703125 0.508203125
23 0.779296875 0.61875 0.779296875 0.558984375 0.620703125 0.558984375 0.620703125 0.61875 0.779296875 0.61875
23 0.5390625 0.669140625 0.471875 0.669140625 0.471875 0.821875 0.5390625 0.821875 0.5390625 0.669140625
23 0.6484375 0.775 0.6484375 0.71171875 0.493359375 0.71171875 0.493359375 0.775 0.6484375 0.775
23 0.601953125 0.665625 0.601953125 0.821875 0.665625 0.821875 0.665625 0.665625 0.601953125 0.665625
23 0.667578125 0.665625 0.667578125 0.821875 0.73125 0.821875 0.73125 0.665625 0.667578125 0.665625
23 0.4703125 0.8234375 0.4703125 0.95 0.5375 0.95 0.5375 0.8234375 0.4703125 0.8234375
23 0.603125 0.95 0.603125 0.823828125 0.539453125 0.823828125 0.539453125 0.95 0.603125 0.95
23 0.605078125 0.8203125 0.605078125 0.95 0.66875 0.95 0.66875 0.8203125 0.605078125 0.8203125
23 0.7296875 0.95 0.7296875 0.823828125 0.669921875 0.823828125 0.669921875 0.95 0.7296875 0.95
23 0.732421875 0.55625 0.732421875 0.7703125 0.7921875 0.7703125 0.7921875 0.55625 0.732421875 0.55625
23 0.707421875 0.6234375 0.707421875 0.66640625 0.915625 0.66640625 0.915625 0.6234375 0.707421875 0.6234375
23 0.9015625 0.859375 0.9015625 0.819921875 0.71328125 0.819921875 0.71328125 0.859375 0.9015625 0.859375
23 0.9625 0.61953125 0.753515625 0.61953125 0.753515625 0.6703125 0.9625 0.6703125 0.9625 0.61953125
23 0.88125 0.750390625 0.828125 0.750390625 0.828125 0.934375 0.88125 0.934375 0.88125 0.750390625
23 1 0.8046875 0.814453125 0.8046875 0.814453125 0.8640625 1 0.8640625 1 0.8046875
23 1 0.611328125 0.803515625 0.611328125 0.803515625 0.6484375 1 0.6484375 1 0.611328125