24 0.8765625 1 0.8765625 0.71015625 0.76328125 0.71015625 0.76328125 1 0.8765625 1
24 0.9515625 0.865625 0.9515625 0.776953125 0.662109375 0.776953125 0.662109375 0.865625 0.9515625 0.865625
24 0.8703125 1 0.8703125 0.775 0.781640625 0.775 0.781640625 1 0.8703125 1
24 0.5265625 1 0.5265625 0.776171875 0.437109375 0.776171875 0.437109375 1 0.5265625 1
24 0.4984375 1 0.4984375 0.725390625 0.41171875 0.725390625 0.41171875 1 0.4984375 1
24 0.328515625 0.8015625 0.328515625 0.8625 0.5640625 0.8625 0.5640625 0.8015625 0.328515625 0.8015625
24 0.228125 1 0.228125 0.791796875 0.155078125 0.791796875 0.155078125 1 0.228125 1
24 0.1140625 0.778125 0.1140625 0.928125 0.1765625 0.928125 0.1765625 0.778125 0.1140625 0.778125
24 0.564453125 0.4453125 0.564453125 0.5484375 0.8828125 0.5484375 0.8828125 0.4453125 0.564453125 0.4453125
24 0.262890625 0.4953125 0.262890625 0.5796875 0.5390625 0.5796875 0.5390625 0.4953125 0.262890625 0.4953125
24 0.4328125 0.35234375 0.357421875 0.35234375 0.357421875 0.615625 0.4328125 0.615625 0.4328125 0.35234375
24 0.5578125 0.562109375 0.353125 0.562109375 0.353125 0.6265625 0.5578125 0.6265625 0.5578125 0.562109375
24 0.1828125 0.7203125 0.1828125 0.50078125 0.11171875 0.50078125 0.11171875 0.7203125 0.1828125 0.7203125
24 0.1765625 0.684375 0.1765625 0.4484375 0.112109375 0.4484375 0.112109375 0.684375 0.1765625 0.684375
24 0.583203125 0.0203125 0.583203125 0.328125 0.709375 0.328125 0.709375 0.0203125 0.583203125 0.0203125
24 0.771875 0.4359375 0.771875 0.132421875 0.659765625 0.132421875 0.659765625 0.4359375 0.771875 0.4359375