24 0.8765625 1 0.8765625 0.71015625 0.76328125 0.71015625 0.76328125 1 0.8765625 1
24 0.8515625 0.965625 0.8515625 0.676953125 0.762890625 0.676953125 0.762890625 0.965625 0.8515625 0.965625
24 0.8703125 1 0.8703125 0.775 0.781640625 0.775 0.781640625 1 0.8703125 1
24 0.659375 0.9984375 0.659375 0.908984375 0.303515625 0.908984375 0.303515625 0.9984375 0.659375 0.9984375
24 0.4984375 1 0.4984375 0.725390625 0.41171875 0.725390625 0.41171875 1 0.4984375 1
24 0.4765625 0.95 0.4765625 0.7140625 0.416015625 0.7140625 0.416015625 0.95 0.4765625 0.95
24 0.3015625 0.9390625 0.3015625 0.865234375 0.080859375 0.865234375 0.080859375 0.9390625 0.3015625 0.9390625
24 0.0703125 0.821875 0.0703125 0.884375 0.2203125 0.884375 0.2203125 0.821875 0.0703125 0.821875
24 0.564453125 0.4453125 0.564453125 0.5484375 0.8828125 0.5484375 0.8828125 0.4453125 0.564453125 0.4453125
24 0.262890625 0.4953125 0.262890625 0.5796875 0.5390625 0.5796875 0.5390625 0.4953125 0.262890625 0.4953125
24 0.4328125 0.35234375 0.357421875 0.35234375 0.357421875 0.615625 0.4328125 0.615625 0.4328125 0.35234375
24 0.4875 0.492578125 0.42265625 0.492578125 0.42265625 0.696875 0.4875 0.696875 0.4875 0.492578125
24 0.1828125 0.7203125 0.1828125 0.50078125 0.11171875 0.50078125 0.11171875 0.7203125 0.1828125 0.7203125
24 0.1765625 0.684375 0.1765625 0.4484375 0.112109375 0.4484375 0.112109375 0.684375 0.1765625 0.684375
24 0.4921875 0.1109375 0.4921875 0.2375 0.8 0.2375 0.8 0.1109375 0.4921875 0.1109375
24 0.86875 0.340625 0.86875 0.228515625 0.564453125 0.228515625 0.564453125 0.340625 0.86875 0.340625