24 1 0.8328125 0.640625 0.8328125 0.640625 0.946875 1 0.946875 1 0.8328125
24 0.95234375 0.7765625 0.6625 0.7765625 0.6625 0.86640625 0.95234375 0.86640625 0.95234375 0.7765625
24 0.99921875 0.903125 0.653125 0.903125 0.653125 0.9921875 0.99921875 0.9921875 0.99921875 0.903125
24 0.66015625 0.909375 0.303125 0.909375 0.303125 0.99921875 0.66015625 0.99921875 0.66015625 0.909375
24 0.6203125 0.846875 0.290625 0.846875 0.290625 0.93359375 0.6203125 0.93359375 0.6203125 0.846875
24 0.56484375 0.8015625 0.328125 0.8015625 0.328125 0.8625 0.56484375 0.8625 0.56484375 0.8015625
24 0.30234375 0.865625 0.08125 0.865625 0.08125 0.93984375 0.30234375 0.93984375 0.30234375 0.865625
24 0.2203125 0.821875 0.0703125 0.821875 0.0703125 0.884375 0.2203125 0.884375 0.2203125 0.821875
24 0.88359375 0.4453125 0.5640625 0.4453125 0.5640625 0.5484375 0.88359375 0.5484375 0.88359375 0.4453125
24 0.53984375 0.4953125 0.2625 0.4953125 0.2625 0.5796875 0.53984375 0.5796875 0.53984375 0.4953125
24 0.52734375 0.4453125 0.2640625 0.4453125 0.2640625 0.521875 0.52734375 0.521875 0.52734375 0.4453125
24 0.5578125 0.5625 0.353125 0.5625 0.353125 0.62734375 0.5578125 0.62734375 0.5578125 0.5625
24 0.2578125 0.575 0.0375 0.575 0.0375 0.646875 0.2578125 0.646875 0.2578125 0.575
24 0.26328125 0.534375 0.0265625 0.534375 0.0265625 0.59921875 0.26328125 0.59921875 0.26328125 0.534375
24 0.80078125 0.1109375 0.4921875 0.1109375 0.4921875 0.2375 0.80078125 0.2375 0.80078125 0.1109375
24 0.86953125 0.228125 0.5640625 0.228125 0.5640625 0.34140625 0.86953125 0.34140625 0.86953125 0.228125