5 0 0.6875 0.0890625 0.6875 0.0890625 0.6330658062500001 0 0.6330658062500001 0 0.6875
5 0.8838843859375001 0.746875 0.8838843859375001 0.602402409375 0.7473656156249999 0.602402409375 0.7473656156249999 0.746875 0.8838843859375001 0.746875
5 1 0.6078125 0.883252453125 0.6078125 0.883252453125 0.75625 1 0.75625 1 0.6078125
5 0.2371480375 0.7984375 0.2371480375 0.6054874156250001 0.0664995734375 0.6054874140625001 0.0664995734375 0.7984375 0.2371480375 0.7984375
5 0.653125 0.821875 0.653125 0.6188699875 0.49562979843750005 0.6188699875 0.49562979843750005 0.821875 0.653125 0.821875
5 0.25158383125 0.6484375 0.25158383125 0.80625 0.46404116875 0.80625 0.46404116875 0.6484375 0.25158383125 0.6484375
5 1 0.20369560468749998 0.88161529375 0.20369560468749998 0.88161529375 0.3 1 0.3 1 0.20369560468749998
5 0.8578125 0.3546875 0.8578125 0.1638038609375 0.733351109375 0.1638038609375 0.733351109375 0.3546875 0.8578125 0.3546875
5 0.6765625 0.35 0.6765625 0.201607828125 0.44866414375 0.201607828125 0.44866414375 0.35 0.6765625 0.35
5 0.4375 0.3546875 0.4375 0.22693846093749998 0.22563460000000002 0.22693846093749998 0.22563460000000002 0.3546875 0.4375 0.3546875
5 0.2140625 0.390625 0.2140625 0.2343563359375 0.0003039671875 0.2343563359375 0.0003039671875 0.390625 0.2140625 0.390625