5 0.6484375 0.321484375 0.6265625 0.321484375 0.6265625 0.3640625 0.6484375 0.3640625 0.6484375 0.321484375
5 0.551953125 0.321875 0.551953125 0.3671875 0.5796875 0.3671875 0.5796875 0.321875 0.551953125 0.321875
5 0.61875 0.3546875 0.61875 0.33359375 0.56171875 0.33359375 0.56171875 0.3546875 0.61875 0.3546875
5 0.3109375 0.35625 0.3109375 0.33515625 0.26640625 0.33515625 0.26640625 0.35625 0.3109375 0.35625
5 0.2421875 0.3328125 0.2421875 0.359375 0.290625 0.359375 0.290625 0.3328125 0.2421875 0.3328125
5 0.6046875 0.321875 0.6046875 0.3703125 0.6265625 0.3703125 0.6265625 0.321875 0.6046875 0.321875
5 0.65 0.3234375 0.65 0.36875 0.671875 0.36875 0.671875 0.3234375 0.65 0.3234375
5 0.55625 0.3703125 0.55625 0.319921875 0.528515625 0.319921875 0.528515625 0.3703125 0.55625 0.3703125
5 0.71875 0.325390625 0.696875 0.325390625 0.696875 0.3671875 0.71875 0.3671875 0.71875 0.325390625
5 0.240625 0.359375 0.240625 0.33359375 0.18828125 0.33359375 0.18828125 0.359375 0.240625 0.359375
5 0.671484375 0.325 0.671484375 0.3703125 0.6953125 0.3703125 0.6953125 0.325 0.671484375 0.325
5 0.3625 0.3578125 0.3625 0.33671875 0.31484375 0.33671875 0.31484375 0.3578125 0.3625 0.3578125
5 0.340234375 0.3609375 0.340234375 0.337109375 0.289453125 0.337109375 0.289453125 0.3609375 0.340234375 0.3609375
5 0.225 0.3265625 0.225 0.375 0.253125 0.375 0.253125 0.3265625 0.225 0.3265625
5 0.7515625 0.389453125 0.734375 0.389453125 0.734375 0.4265625 0.7515625 0.4265625 0.7515625 0.389453125
5 0.4234375 0.390625 0.4234375 0.43125 0.446875 0.43125 0.446875 0.390625 0.4234375 0.390625
5 0.4328125 0.4203125 0.4328125 0.398828125 0.3953125 0.398828125 0.3953125 0.4203125 0.4328125 0.4203125
5 0.5984375 0.401953125 0.56484375 0.401953125 0.56484375 0.41875 0.5984375 0.41875 0.5984375 0.401953125
5 0.6453125 0.4171875 0.6453125 0.401171875 0.6078125 0.401171875 0.6078125 0.4171875 0.6453125 0.4171875
5 0.7421875 0.4203125 0.7421875 0.39921875 0.69765625 0.39921875 0.69765625 0.4203125 0.7421875 0.4203125
5 0.3578125 0.39375 0.3578125 0.4296875 0.3796875 0.4296875 0.3796875 0.39375 0.3578125 0.39375
5 0.3140625 0.4203125 0.3140625 0.401171875 0.276953125 0.401171875 0.276953125 0.4203125 0.3140625 0.4203125
5 0.665625 0.421875 0.665625 0.40078125 0.63046875 0.40078125 0.63046875 0.421875 0.665625 0.421875
5 0.334765625 0.3890625 0.334765625 0.434375 0.353125 0.434375 0.353125 0.3890625 0.334765625 0.3890625
5 0.408984375 0.4234375 0.408984375 0.399609375 0.370703125 0.399609375 0.370703125 0.4234375 0.408984375 0.4234375
5 0.478125 0.421875 0.478125 0.400390625 0.440625 0.400390625 0.440625 0.421875 0.478125 0.421875
5 0.621875 0.40390625 0.587109375 0.40390625 0.587109375 0.4234375 0.621875 0.4234375 0.621875 0.40390625
5 0.3 0.4015625 0.3 0.4234375 0.340625 0.4234375 0.340625 0.4015625 0.3 0.4015625
5 0.493359375 0.4015625 0.493359375 0.425 0.5328125 0.425 0.5328125 0.4015625 0.493359375 0.4015625
5 0.5453125 0.4265625 0.5453125 0.398828125 0.534765625 0.398828125 0.534765625 0.4265625 0.5453125 0.4265625
5 0.234375 0.39375 0.234375 0.434375 0.25625 0.434375 0.25625 0.39375 0.234375 0.39375
5 0.249609375 0.4015625 0.249609375 0.425 0.2890625 0.425 0.2890625 0.4015625 0.249609375 0.4015625
5 0.2375 0.40390625 0.198046875 0.40390625 0.198046875 0.428125 0.2375 0.428125 0.2375 0.40390625
5 0.55 0.3953125 0.55 0.4359375 0.56875 0.4359375 0.56875 0.3953125 0.55 0.3953125
5 0.6640625 0.4421875 0.623828125 0.4421875 0.623828125 0.4609375 0.6640625 0.4609375 0.6640625 0.4421875
5 0.75 0.471875 0.75 0.430078125 0.731640625 0.430078125 0.731640625 0.471875 0.75 0.471875
5 0.3875 0.4609375 0.3875 0.442578125 0.350390625 0.442578125 0.350390625 0.4609375 0.3875 0.4609375
5 0.59375 0.43125 0.59375 0.471875 0.6125 0.471875 0.6125 0.43125 0.59375 0.43125
5 0.428125 0.4296875 0.428125 0.471875 0.45 0.471875 0.45 0.4296875 0.428125 0.4296875
5 0.39375 0.4421875 0.39375 0.4640625 0.434375 0.4640625 0.434375 0.4421875 0.39375 0.4421875
5 0.571875 0.471875 0.590625 0.471875 0.590625 0.434375 0.571875 0.434375 0.571875 0.471875
5 0.728125 0.431640625 0.70625 0.431640625 0.70625 0.4734375 0.728125 0.4734375 0.728125 0.431640625
5 0.528125 0.4328125 0.528125 0.4734375 0.546875 0.4734375 0.546875 0.4328125 0.528125 0.4328125
5 0.5703125 0.434765625 0.5484375 0.434765625 0.5484375 0.471875 0.5703125 0.471875 0.5703125 0.434765625
5 0.439453125 0.44375 0.439453125 0.4625 0.4796875 0.4625 0.4796875 0.44375 0.439453125 0.44375
5 0.525 0.434765625 0.503125 0.434765625 0.503125 0.471875 0.525 0.471875 0.525 0.434765625
5 0.4921875 0.435546875 0.478125 0.435546875 0.478125 0.4734375 0.4921875 0.4734375 0.4921875 0.435546875
5 0.3796875 0.434375 0.3796875 0.475 0.403125 0.475 0.403125 0.434375 0.3796875 0.434375
5 0.3609375 0.465625 0.3609375 0.444140625 0.3234375 0.444140625 0.3234375 0.465625 0.3609375 0.465625
5 0.528125 0.433203125 0.50625 0.433203125 0.50625 0.475 0.528125 0.475 0.528125 0.433203125
5 0.228125 0.4453125 0.228125 0.4671875 0.26875 0.4671875 0.26875 0.4453125 0.228125 0.4453125
5 0.3078125 0.435546875 0.2859375 0.435546875 0.2859375 0.4734375 0.3078125 0.4734375 0.3078125 0.435546875
5 0.259765625 0.4375 0.259765625 0.478125 0.2828125 0.478125 0.2828125 0.4375 0.259765625 0.4375
5 0.2453125 0.46875 0.2453125 0.44765625 0.20078125 0.44765625 0.20078125 0.46875 0.2453125 0.46875
5 0.7265625 0.521875 0.7265625 0.50078125 0.69140625 0.50078125 0.69140625 0.521875 0.7265625 0.521875
5 0.6484375 0.494140625 0.6265625 0.494140625 0.6265625 0.53125 0.6484375 0.53125 0.6484375 0.494140625
5 0.7453125 0.534375 0.7453125 0.492578125 0.726171875 0.492578125 0.726171875 0.534375 0.7453125 0.534375
5 0.4796875 0.4875 0.4796875 0.5375 0.5015625 0.5375 0.5015625 0.4875 0.4796875 0.4875
5 0.6484375 0.4921875 0.6484375 0.534375 0.6703125 0.534375 0.6703125 0.4921875 0.6484375 0.4921875
5 0.696875 0.534375 0.696875 0.497265625 0.673828125 0.497265625 0.673828125 0.534375 0.696875 0.534375
5 0.5328125 0.49375 0.5328125 0.5390625 0.55625 0.5390625 0.55625 0.49375 0.5328125 0.49375
5 0.521875 0.5421875 0.521875 0.491796875 0.503515625 0.491796875 0.503515625 0.5421875 0.521875 0.5421875
5 0.40625 0.5390625 0.40625 0.496484375 0.383203125 0.496484375 0.383203125 0.5390625 0.40625 0.5390625
5 0.528125 0.534375 0.546875 0.534375 0.546875 0.5015625 0.528125 0.5015625 0.528125 0.534375
5 0.367578125 0.496875 0.367578125 0.5421875 0.3859375 0.5421875 0.3859375 0.496875 0.367578125 0.496875
5 0.465625 0.53125 0.465625 0.5078125 0.420703125 0.5078125 0.420703125 0.53125 0.465625 0.53125
5 0.4859375 0.528125 0.4859375 0.511328125 0.44375 0.511328125 0.44375 0.528125 0.4859375 0.528125
5 0.265625 0.540625 0.265625 0.498828125 0.237890625 0.498828125 0.237890625 0.540625 0.265625 0.540625
5 0.2578125 0.53125 0.3 0.53125 0.3 0.508203125 0.2578125 0.508203125 0.2578125 0.53125
5 0.2125 0.5046875 0.2125 0.540625 0.234375 0.540625 0.234375 0.5046875 0.2125 0.5046875
5 0.3109375 0.546875 0.3109375 0.497265625 0.287109375 0.497265625 0.287109375 0.546875 0.3109375 0.546875
5 0.7171875 0.571875 0.7171875 0.534765625 0.698046875 0.534765625 0.698046875 0.571875 0.7171875 0.571875
5 0.584375 0.5640625 0.584375 0.54296875 0.54921875 0.54296875 0.54921875 0.5640625 0.584375 0.5640625
5 0.5984375 0.571875 0.5984375 0.534375 0.580078125 0.534375 0.580078125 0.571875 0.5984375 0.571875
5 0.64375 0.5453125 0.64375 0.5625 0.6796875 0.5625 0.6796875 0.5453125 0.64375 0.5453125
5 0.711328125 0.5453125 0.711328125 0.5640625 0.7515625 0.5640625 0.7515625 0.5453125 0.711328125 0.5453125
5 0.625 0.571875 0.64375 0.571875 0.64375 0.534375 0.625 0.534375 0.625 0.571875
5 0.6203125 0.5734375 0.6203125 0.536328125 0.601953125 0.536328125 0.601953125 0.5734375 0.6203125 0.5734375
5 0.53125 0.5390625 0.53125 0.575 0.55 0.575 0.55 0.5390625 0.53125 0.5390625
5 0.7078125 0.5671875 0.7078125 0.54609375 0.66015625 0.54609375 0.66015625 0.5671875 0.7078125 0.5671875
5 0.4578125 0.537109375 0.43125 0.537109375 0.43125 0.5796875 0.4578125 0.5796875 0.4578125 0.537109375
5 0.41875 0.5703125 0.41875 0.549609375 0.3765625 0.549609375 0.3765625 0.5703125 0.41875 0.5703125
5 0.40625 0.5359375 0.40625 0.584375 0.4328125 0.584375 0.4328125 0.5359375 0.40625 0.5359375
5 0.3140625 0.5375 0.3140625 0.5859375 0.340625 0.5859375 0.340625 0.5375 0.3140625 0.5375
5 0.375 0.55 0.326953125 0.55 0.326953125 0.5734375 0.375 0.5734375 0.375 0.55
5 0.25625 0.5421875 0.25625 0.5828125 0.2828125 0.5828125 0.2828125 0.5421875 0.25625 0.5421875
5 0.3640625 0.54375 0.3640625 0.58125 0.3859375 0.58125 0.3859375 0.54375 0.3640625 0.54375
5 0.325 0.553515625 0.28671875 0.553515625 0.28671875 0.575 0.325 0.575 0.325 0.553515625
5 0.2734375 0.578125 0.2734375 0.551953125 0.23125 0.551953125 0.23125 0.578125 0.2734375 0.578125
5 0.4828125 0.5765625 0.4828125 0.552734375 0.441015625 0.552734375 0.441015625 0.5765625 0.4828125 0.5765625
5 0.50625 0.5765625 0.50625 0.553125 0.463671875 0.553125 0.463671875 0.5765625 0.50625 0.5765625
5 0.5265625 0.584375 0.5265625 0.547265625 0.502734375 0.547265625 0.502734375 0.584375 0.5265625 0.584375
5 0.2125 0.5453125 0.2125 0.5875 0.24375 0.5875 0.24375 0.5453125 0.2125 0.5453125
5 0.742578125 0.60625 0.742578125 0.6171875 0.778125 0.6171875 0.778125 0.60625 0.742578125 0.60625
5 0.7328125 0.5953125 0.7328125 0.63125 0.7546875 0.63125 0.7546875 0.5953125 0.7328125 0.5953125
5 0.4140625 0.6375 0.4375 0.6375 0.4375 0.5953125 0.4140625 0.5953125 0.4140625 0.6375
5 0.3421875 0.5953125 0.3421875 0.64375 0.36875 0.64375 0.36875 0.5953125 0.3421875 0.5953125
5 0.4203125 0.63125 0.4203125 0.608984375 0.382421875 0.608984375 0.382421875 0.63125 0.4203125 0.63125
5 0.31875 0.646875 0.31875 0.597265625 0.300390625 0.597265625 0.300390625 0.646875 0.31875 0.646875
5 0.3578125 0.6140625 0.3578125 0.6359375 0.3984375 0.6359375 0.3984375 0.6140625 0.3578125 0.6140625
5 0.3234375 0.6046875 0.3234375 0.65 0.3453125 0.65 0.3453125 0.6046875 0.3234375 0.6046875
5 0.259375 0.61484375 0.214453125 0.61484375 0.214453125 0.6390625 0.259375 0.6390625 0.259375 0.61484375
5 0.251953125 0.60625 0.251953125 0.646875 0.2703125 0.646875 0.2703125 0.60625 0.251953125 0.60625
5 0.3015625 0.608203125 0.275 0.608203125 0.275 0.65 0.3015625 0.65 0.3015625 0.608203125
5 0.754296875 0.6296875 0.754296875 0.6703125 0.7734375 0.6703125 0.7734375 0.6296875 0.754296875 0.6296875
5 0.7546875 0.632421875 0.7328125 0.632421875 0.7328125 0.6703125 0.7546875 0.6703125 0.7546875 0.632421875
5 0.4359375 0.68125 0.4359375 0.6390625 0.412890625 0.6390625 0.412890625 0.68125 0.4359375 0.68125
5 0.2734375 0.640625 0.2734375 0.68125 0.296875 0.68125 0.296875 0.640625 0.2734375 0.640625
5 0.3671875 0.6453125 0.3671875 0.6765625 0.390625 0.6765625 0.390625 0.6453125 0.3671875 0.6453125
5 0.41875 0.6734375 0.41875 0.651171875 0.381640625 0.651171875 0.381640625 0.6734375 0.41875 0.6734375
5 0.2953125 0.6453125 0.2953125 0.6859375 0.3171875 0.6859375 0.3171875 0.6453125 0.2953125 0.6453125
5 0.275 0.644140625 0.253125 0.644140625 0.253125 0.6859375 0.275 0.6859375 0.275 0.644140625
5 0.3453125 0.643359375 0.31875 0.643359375 0.31875 0.6859375 0.3453125 0.6859375 0.3453125 0.643359375
5 0.3765625 0.651953125 0.33359375 0.651953125 0.33359375 0.678125 0.3765625 0.678125 0.3765625 0.651953125
5 0.25625 0.6828125 0.25625 0.65234375 0.22109375 0.65234375 0.22109375 0.6828125 0.25625 0.6828125
5 0.57734375 0.734375 0.57734375 0.718359375 0.5390625 0.718359375 0.5390625 0.734375 0.57734375 0.734375
5 0.546875 0.746875 0.546875 0.709765625 0.528515625 0.709765625 0.528515625 0.746875 0.546875 0.746875
5 0.5609375 0.7375 0.5984375 0.7375 0.5984375 0.718359375 0.5609375 0.718359375 0.5609375 0.7375
5 0.68125 0.79375 0.68125 0.766015625 0.662890625 0.766015625 0.662890625 0.79375 0.68125 0.79375
5 0.682421875 0.765625 0.682421875 0.796875 0.7015625 0.796875 0.7015625 0.765625 0.682421875 0.765625
5 0.6390625 0.765625 0.6390625 0.796875 0.6609375 0.796875 0.6609375 0.765625 0.6390625 0.765625
5 0.571875 0.775 0.571875 0.7921875 0.5984375 0.7921875 0.5984375 0.775 0.571875 0.775
5 0.6453125 0.790625 0.6453125 0.773828125 0.6125 0.773828125 0.6125 0.790625 0.6453125 0.790625
5 0.58125 0.79375 0.58125 0.77734375 0.55078125 0.77734375 0.55078125 0.79375 0.58125 0.79375
5 0.534375 0.7734375 0.534375 0.80625 0.55625 0.80625 0.55625 0.7734375 0.534375 0.7734375
5 0.5828125 0.2296875 0.5828125 0.2875 0.60625 0.2875 0.60625 0.2296875 0.5828125 0.2296875
5 0.6296875 0.290625 0.6296875 0.226953125 0.605859375 0.226953125 0.605859375 0.290625 0.6296875 0.290625
5 0.521875 0.2328125 0.521875 0.2859375 0.559375 0.2859375 0.559375 0.2328125 0.521875 0.2328125
5 0.546484375 0.246875 0.546484375 0.2703125 0.5984375 0.2703125 0.5984375 0.246875 0.546484375 0.246875