5 0.627009646875 0.364147909375 0.649517684375 0.364147909375 0.649517684375 0.319935690625 0.627009646875 0.319935690625 0.627009646875 0.364147909375
5 0.549839228125 0.3665594859375 0.57958199375 0.3665594859375 0.57958199375 0.319935690625 0.549839228125 0.319935690625 0.549839228125 0.3665594859375
5 0.578778134375 0.372990353125 0.6012861734375 0.372990353125 0.6012861734375 0.3135048234375 0.578778134375 0.3135048234375 0.578778134375 0.372990353125
5 0.2684887453125 0.368167203125 0.290996784375 0.368167203125 0.290996784375 0.3215434078125 0.2684887453125 0.3215434078125 0.2684887453125 0.368167203125
5 0.2427652734375 0.3697749203125 0.2700964625 0.3697749203125 0.2700964625 0.319935690625 0.2427652734375 0.319935690625 0.2427652734375 0.3697749203125
5 0.6045016078125001 0.3697749203125 0.627009646875 0.3697749203125 0.627009646875 0.319935690625 0.6045016078125001 0.319935690625 0.6045016078125001 0.3697749203125
5 0.6511254015625 0.368167203125 0.673633440625 0.368167203125 0.673633440625 0.3215434078125 0.6511254015625 0.3215434078125 0.6511254015625 0.368167203125
5 0.5257234734375 0.370578778125 0.5554662375 0.370578778125 0.5554662375 0.318327975 0.5257234734375 0.318327975 0.5257234734375 0.370578778125
5 0.6993569125 0.36736334375 0.7218649515625 0.36736334375 0.7218649515625 0.323151125 0.6993569125 0.323151125 0.6993569125 0.36736334375
5 0.1897106109375 0.372990353125 0.2170418 0.372990353125 0.2170418 0.318327975 0.1897106109375 0.318327975 0.1897106109375 0.372990353125
5 0.673633440625 0.3697749203125 0.6985530546875001 0.3697749203125 0.6985530546875001 0.323151125 0.673633440625 0.323151125 0.673633440625 0.3697749203125
5 0.319935690625 0.3713826359375 0.3424437296875 0.3713826359375 0.3424437296875 0.3215434078125 0.319935690625 0.3215434078125 0.319935690625 0.3713826359375
5 0.29421221875 0.3737942125 0.3191318328125 0.3737942125 0.3191318328125 0.3215434078125 0.29421221875 0.3215434078125 0.29421221875 0.3737942125
5 0.21382636718749998 0.3745980703125 0.24356913125 0.3745980703125 0.24356913125 0.3247588421875 0.21382636718749998 0.3247588421875 0.21382636718749998 0.3745980703125
5 0.737942121875 0.4284565921875 0.755627009375 0.4284565921875 0.755627009375 0.3890675234375 0.737942121875 0.3890675234375 0.737942121875 0.4284565921875
5 0.41800643125 0.43247588437499995 0.4429260453125 0.43247588437499995 0.4429260453125 0.390675240625 0.41800643125 0.390675240625 0.41800643125 0.43247588437499995
5 0.397106109375 0.43006430937499995 0.41961414843749995 0.43006430937499995 0.41961414843749995 0.390675240625 0.397106109375 0.390675240625 0.397106109375 0.43006430937499995
5 0.5723472671875001 0.4284565921875 0.5900321546875 0.4284565921875 0.5900321546875 0.393890675 0.5723472671875001 0.393890675 0.5723472671875001 0.4284565921875
5 0.6189710609375 0.43006430937499995 0.6366559484375001 0.43006430937499995 0.6366559484375001 0.390675240625 0.6189710609375 0.390675240625 0.6189710609375 0.43006430937499995
5 0.71221865 0.43408360156250003 0.7347266875 0.43408360156250003 0.7347266875 0.3874598078125 0.71221865 0.3874598078125 0.71221865 0.43408360156250003
5 0.350482315625 0.4308681671875 0.372990353125 0.4308681671875 0.372990353125 0.393890675 0.350482315625 0.393890675 0.350482315625 0.4308681671875
5 0.27652733125 0.431672025 0.29662379375 0.431672025 0.29662379375 0.3922829578125 0.27652733125 0.3922829578125 0.27652733125 0.431672025
5 0.638263665625 0.4308681671875 0.6607717046875 0.4308681671875 0.6607717046875 0.393890675 0.638263665625 0.393890675 0.638263665625 0.4308681671875
5 0.326366559375 0.43569131875 0.346463021875 0.43569131875 0.346463021875 0.3890675234375 0.326366559375 0.3890675234375 0.326366559375 0.43569131875
5 0.3713826359375 0.431672025 0.3963022515625 0.431672025 0.3963022515625 0.3922829578125 0.3713826359375 0.3922829578125 0.3713826359375 0.431672025
5 0.44372990312500005 0.431672025 0.46623794218750003 0.431672025 0.46623794218750003 0.3922829578125 0.44372990312500005 0.3922829578125 0.44372990312500005 0.431672025
5 0.5948553046875 0.43247588437499995 0.61495176875 0.43247588437499995 0.61495176875 0.3954983921875 0.5948553046875 0.3954983921875 0.5948553046875 0.43247588437499995
5 0.3006430875 0.43408360156250003 0.323151125 0.43408360156250003 0.323151125 0.3922829578125 0.3006430875 0.3922829578125 0.3006430875 0.43408360156250003
5 0.49839228281250003 0.43569131875 0.523311896875 0.43569131875 0.523311896875 0.393890675 0.49839228281250003 0.393890675 0.49839228281250003 0.43569131875
5 0.532154340625 0.4284565921875 0.54421221875 0.4284565921875 0.54421221875 0.3987138265625 0.532154340625 0.3987138265625 0.532154340625 0.4284565921875
5 0.22347266875 0.43569131875 0.24598070781249998 0.43569131875 0.24598070781249998 0.393890675 0.22347266875 0.393890675 0.22347266875 0.43569131875
5 0.247588425 0.43569131875 0.2725080390625 0.43569131875 0.2725080390625 0.393890675 0.247588425 0.393890675 0.247588425 0.43569131875
5 0.1945337625 0.43729903593749997 0.21945337656250002 0.43729903593749997 0.21945337656250002 0.3954983921875 0.1945337625 0.3954983921875 0.1945337625 0.43729903593749997
5 0.5482315109375 0.43729903593749997 0.568327975 0.43729903593749997 0.568327975 0.3954983921875 0.5482315109375 0.3954983921875 0.5482315109375 0.43729903593749997
5 0.63504823125 0.47427652656249997 0.6551446953125 0.47427652656249997 0.6551446953125 0.43247588437499995 0.63504823125 0.43247588437499995 0.63504823125 0.47427652656249997
5 0.7347266875 0.4750803859375 0.7548231515625 0.4750803859375 0.7548231515625 0.4308681671875 0.7347266875 0.4308681671875 0.7347266875 0.4750803859375
5 0.3520900328125 0.47347266875000005 0.3721864953125 0.47347266875000005 0.3721864953125 0.43408360156250003 0.3520900328125 0.43408360156250003 0.3520900328125 0.47347266875000005
5 0.5932475890625 0.47427652656249997 0.6133440515624999 0.47427652656249997 0.6133440515624999 0.43247588437499995 0.5932475890625 0.43247588437499995 0.5932475890625 0.47427652656249997
5 0.42282958125 0.4750803859375 0.4453376203125 0.4750803859375 0.4453376203125 0.4308681671875 0.42282958125 0.4308681671875 0.42282958125 0.4750803859375
5 0.397106109375 0.47588424375000005 0.41961414843749995 0.47588424375000005 0.41961414843749995 0.43408360156250003 0.397106109375 0.43408360156250003 0.397106109375 0.47588424375000005
5 0.57073955 0.4750803859375 0.5908360125 0.4750803859375 0.5908360125 0.43569131875 0.57073955 0.43569131875 0.57073955 0.4750803859375
5 0.709003215625 0.476688103125 0.7315112546875 0.476688103125 0.7315112546875 0.43247588437499995 0.709003215625 0.43247588437499995 0.709003215625 0.476688103125
5 0.5257234734375 0.47588424375000005 0.5458199359375 0.47588424375000005 0.5458199359375 0.43408360156250003 0.5257234734375 0.43408360156250003 0.5257234734375 0.47588424375000005
5 0.54662379375 0.4750803859375 0.5691318328125 0.4750803859375 0.5691318328125 0.43569131875 0.54662379375 0.43569131875 0.54662379375 0.4750803859375
5 0.4453376203125 0.47588424375000005 0.465434084375 0.47588424375000005 0.465434084375 0.43408360156250003 0.4453376203125 0.43408360156250003 0.4453376203125 0.47588424375000005
5 0.5 0.4750803859375 0.5225080390625 0.4750803859375 0.5225080390625 0.43569131875 0.5 0.43569131875 0.5 0.4750803859375
5 0.47427652656249997 0.476688103125 0.48874598125 0.476688103125 0.48874598125 0.43729903593749997 0.47427652656249997 0.43729903593749997 0.47427652656249997 0.476688103125
5 0.372990353125 0.4774919609375 0.3979099671875 0.4774919609375 0.3979099671875 0.43569131875 0.372990353125 0.43569131875 0.372990353125 0.4774919609375
5 0.323151125 0.476688103125 0.3456591640625 0.476688103125 0.3456591640625 0.43729903593749997 0.323151125 0.43729903593749997 0.323151125 0.476688103125
5 0.503215434375 0.4782958203125 0.5257234734375 0.4782958203125 0.5257234734375 0.43408360156250003 0.503215434375 0.43408360156250003 0.503215434375 0.4782958203125
5 0.226688103125 0.479099678125 0.24919614218750002 0.479099678125 0.24919614218750002 0.43729903593749997 0.226688103125 0.43729903593749997 0.226688103125 0.479099678125
5 0.27652733125 0.476688103125 0.2990353703125 0.476688103125 0.2990353703125 0.43729903593749997 0.27652733125 0.43729903593749997 0.27652733125 0.476688103125
5 0.24919614218750002 0.4807073953125 0.27411575625 0.4807073953125 0.27411575625 0.43890675312500005 0.24919614218750002 0.43890675312500005 0.24919614218750002 0.4807073953125
5 0.2009646296875 0.48392282968749994 0.22347266875 0.48392282968749994 0.22347266875 0.43729903593749997 0.2009646296875 0.43729903593749997 0.2009646296875 0.48392282968749994
5 0.7009646296875001 0.5337620578125 0.72347266875 0.5337620578125 0.72347266875 0.49678456562499995 0.7009646296875001 0.49678456562499995 0.7009646296875001 0.5337620578125
5 0.627009646875 0.5361736328125 0.649517684375 0.5361736328125 0.649517684375 0.49678456562499995 0.627009646875 0.49678456562499995 0.627009646875 0.5361736328125
5 0.7299035375 0.5393890671875 0.75 0.5393890671875 0.75 0.4951768484375 0.7299035375 0.4951768484375 0.7299035375 0.5393890671875
5 0.47588424375000005 0.5426045015625001 0.49839228281250003 0.5426045015625001 0.49839228281250003 0.4903536984375 0.47588424375000005 0.4903536984375 0.47588424375000005 0.5426045015625001
5 0.649517684375 0.5393890671875 0.6720257234375 0.5393890671875 0.6720257234375 0.4951768484375 0.649517684375 0.4951768484375 0.649517684375 0.5393890671875
5 0.6752411578124999 0.5393890671875 0.700160771875 0.5393890671875 0.700160771875 0.5 0.6752411578124999 0.5 0.6752411578124999 0.5393890671875
5 0.5305466234375 0.543408359375 0.5554662375 0.543408359375 0.5554662375 0.49678456562499995 0.5305466234375 0.49678456562499995 0.5305466234375 0.543408359375
5 0.5 0.547427653125 0.5200964625 0.547427653125 0.5200964625 0.4951768484375 0.5 0.4951768484375 0.5 0.547427653125
5 0.3762057875 0.54421221875 0.4011254015625 0.54421221875 0.4011254015625 0.5 0.3762057875 0.5 0.3762057875 0.54421221875
5 0.5257234734375 0.5393890671875 0.5458199359375 0.5393890671875 0.5458199359375 0.5048231515625 0.5257234734375 0.5048231515625 0.5257234734375 0.5393890671875
5 0.3601286171875 0.54662379375 0.3802250796875 0.54662379375 0.3802250796875 0.5 0.3601286171875 0.5 0.3601286171875 0.54662379375
5 0.426045015625 0.54662379375 0.4509646296875 0.54662379375 0.4509646296875 0.5 0.426045015625 0.5 0.426045015625 0.54662379375
5 0.45176848906249994 0.5458199359375 0.46945337656249997 0.5458199359375 0.46945337656249997 0.5016077171875 0.45176848906249994 0.5016077171875 0.45176848906249994 0.5458199359375
5 0.226688103125 0.5458199359375 0.25643086875 0.5458199359375 0.25643086875 0.5016077171875 0.226688103125 0.5016077171875 0.226688103125 0.5458199359375
5 0.2572347265625 0.5458199359375 0.282154340625 0.5458199359375 0.282154340625 0.5016077171875 0.2572347265625 0.5016077171875 0.2572347265625 0.5458199359375
5 0.2009646296875 0.5450160765625001 0.22347266875 0.5450160765625001 0.22347266875 0.5080385859375001 0.2009646296875 0.5080385859375001 0.2009646296875 0.5450160765625001
5 0.2781350484375 0.552250803125 0.3030546625 0.552250803125 0.3030546625 0.5 0.2781350484375 0.5 0.2781350484375 0.552250803125
5 0.7009646296875001 0.5779742765625 0.72106109375 0.5779742765625 0.72106109375 0.538585209375 0.7009646296875001 0.538585209375 0.7009646296875001 0.5779742765625
5 0.5546623796875 0.57717041875 0.57717041875 0.57717041875 0.57717041875 0.5401929265625001 0.5546623796875 0.5401929265625001 0.5546623796875 0.57717041875
5 0.578778134375 0.5779742765625 0.5988745984375 0.5779742765625 0.5988745984375 0.538585209375 0.578778134375 0.538585209375 0.578778134375 0.5779742765625
5 0.6543408359375 0.57717041875 0.6720257234375 0.57717041875 0.6720257234375 0.5401929265625001 0.6543408359375 0.5401929265625001 0.6543408359375 0.57717041875
5 0.7250803859375 0.5803858515625 0.7451768484375 0.5803858515625 0.7451768484375 0.538585209375 0.7250803859375 0.538585209375 0.7250803859375 0.5803858515625
5 0.6254019296875 0.5779742765625 0.6454983921874999 0.5779742765625 0.6454983921874999 0.538585209375 0.6254019296875 0.538585209375 0.6254019296875 0.5779742765625
5 0.6012861734375 0.57958199375 0.6213826359375 0.57958199375 0.6213826359375 0.5401929265625001 0.6012861734375 0.5401929265625001 0.6012861734375 0.57958199375
5 0.52893890625 0.5803858515625 0.5490353703124999 0.5803858515625 0.5490353703124999 0.543408359375 0.52893890625 0.543408359375 0.52893890625 0.5803858515625
5 0.6752411578124999 0.5868167203125 0.697749196875 0.5868167203125 0.697749196875 0.5369774921875 0.6752411578124999 0.5369774921875 0.6752411578124999 0.5868167203125
5 0.426045015625 0.5860128625 0.45337620625 0.5860128625 0.45337620625 0.54180064375 0.426045015625 0.54180064375 0.426045015625 0.5860128625
5 0.3810289390625 0.587620578125 0.403536978125 0.587620578125 0.403536978125 0.543408359375 0.3810289390625 0.543408359375 0.3810289390625 0.587620578125
5 0.40032154374999995 0.5900321546875 0.4276527328125 0.5900321546875 0.4276527328125 0.5401929265625001 0.40032154374999995 0.5401929265625001 0.40032154374999995 0.5900321546875
5 0.3054662375 0.591639871875 0.332797428125 0.591639871875 0.332797428125 0.54180064375 0.3054662375 0.54180064375 0.3054662375 0.591639871875
5 0.3311897109375 0.591639871875 0.356109325 0.591639871875 0.356109325 0.54180064375 0.3311897109375 0.54180064375 0.3311897109375 0.591639871875
5 0.24598070781249998 0.5884244375 0.273311896875 0.5884244375 0.273311896875 0.54662379375 0.24598070781249998 0.54662379375 0.24598070781249998 0.5884244375
5 0.3569131828125 0.587620578125 0.379421221875 0.587620578125 0.379421221875 0.5482315109375 0.3569131828125 0.5482315109375 0.3569131828125 0.587620578125
5 0.2861736328125 0.5892282953125 0.308681671875 0.5892282953125 0.308681671875 0.549839228125 0.2861736328125 0.549839228125 0.2861736328125 0.5892282953125
5 0.2282958203125 0.5924437296875 0.255627009375 0.5924437296875 0.255627009375 0.5482315109375 0.2282958203125 0.5482315109375 0.2282958203125 0.5924437296875
5 0.4453376203125 0.5924437296875 0.470257234375 0.5924437296875 0.470257234375 0.5482315109375 0.4453376203125 0.5482315109375 0.4453376203125 0.5924437296875
5 0.46945337656249997 0.5924437296875 0.49437299062499995 0.5924437296875 0.49437299062499995 0.5482315109375 0.46945337656249997 0.5482315109375 0.46945337656249997 0.5924437296875
5 0.5 0.5908360125 0.5249196140625 0.5908360125 0.5249196140625 0.5514469453124999 0.5 0.5514469453124999 0.5 0.5908360125
5 0.2009646296875 0.594051446875 0.2331189703125 0.594051446875 0.2331189703125 0.549839228125 0.2009646296875 0.549839228125 0.2009646296875 0.594051446875
5 0.75884244375 0.6366559484375001 0.770900321875 0.6366559484375001 0.770900321875 0.59967845625 0.75884244375 0.59967845625 0.75884244375 0.6366559484375001
5 0.7363344046875 0.638263665625 0.75884244375 0.638263665625 0.75884244375 0.6012861734375 0.7363344046875 0.6012861734375 0.7363344046875 0.638263665625
5 0.408360128125 0.6454983921874999 0.4332797421875 0.6454983921874999 0.4332797421875 0.6012861734375 0.408360128125 0.6012861734375 0.408360128125 0.6454983921874999
5 0.3344051453125 0.6511254015625 0.361736334375 0.6511254015625 0.361736334375 0.6012861734375 0.3344051453125 0.6012861734375 0.3344051453125 0.6511254015625
5 0.38263665625 0.647106109375 0.40755627031249997 0.647106109375 0.40755627031249997 0.6077170421875 0.38263665625 0.6077170421875 0.38263665625 0.647106109375
5 0.290996784375 0.6551446953125 0.311093246875 0.6551446953125 0.311093246875 0.602893890625 0.290996784375 0.602893890625 0.290996784375 0.6551446953125
5 0.3601286171875 0.65273311875 0.38263665625 0.65273311875 0.38263665625 0.6109324765624999 0.3601286171875 0.6109324765624999 0.3601286171875 0.65273311875
5 0.315112540625 0.6575562703125 0.337620578125 0.6575562703125 0.337620578125 0.6109324765624999 0.315112540625 0.6109324765624999 0.315112540625 0.6575562703125
5 0.21382636718749998 0.6575562703125 0.23874598125 0.6575562703125 0.23874598125 0.6109324765624999 0.21382636718749998 0.6109324765624999 0.21382636718749998 0.6575562703125
5 0.24115755625 0.6543408359375 0.26125401875 0.6543408359375 0.26125401875 0.6125401921875 0.24115755625 0.6125401921875 0.24115755625 0.6543408359375
5 0.2652733125 0.658360128125 0.2926045015625 0.658360128125 0.2926045015625 0.614147909375 0.2652733125 0.614147909375 0.2652733125 0.658360128125
5 0.75884244375 0.6784565921875 0.77893890625 0.6784565921875 0.77893890625 0.6366559484375001 0.75884244375 0.6366559484375001 0.75884244375 0.6784565921875
5 0.7363344046875 0.67926045 0.75884244375 0.67926045 0.75884244375 0.6398713828125 0.7363344046875 0.6398713828125 0.7363344046875 0.67926045
5 0.40675241093750003 0.69051446875 0.431672025 0.69051446875 0.431672025 0.6463022515625 0.40675241093750003 0.6463022515625 0.40675241093750003 0.69051446875
5 0.2636655953125 0.6897106109375 0.288585209375 0.6897106109375 0.288585209375 0.6479099671874999 0.2636655953125 0.6479099671874999 0.2636655953125 0.6897106109375
5 0.3601286171875 0.684887459375 0.38504823125 0.684887459375 0.38504823125 0.65273311875 0.3601286171875 0.65273311875 0.3601286171875 0.684887459375
5 0.38263665625 0.69051446875 0.40755627031249997 0.69051446875 0.40755627031249997 0.6511254015625 0.38263665625 0.6511254015625 0.38263665625 0.69051446875
5 0.2861736328125 0.6945337625 0.308681671875 0.6945337625 0.308681671875 0.65273311875 0.2861736328125 0.65273311875 0.2861736328125 0.6945337625
5 0.2427652734375 0.6953376203125 0.2652733125 0.6953376203125 0.2652733125 0.6511254015625 0.2427652734375 0.6511254015625 0.2427652734375 0.6953376203125
5 0.3102893890625 0.6953376203125 0.337620578125 0.6953376203125 0.337620578125 0.6511254015625 0.3102893890625 0.6511254015625 0.3102893890625 0.6953376203125
5 0.3344051453125 0.6953376203125 0.361736334375 0.6953376203125 0.361736334375 0.6511254015625 0.3344051453125 0.6511254015625 0.3344051453125 0.6953376203125
5 0.21221865 0.6945337625 0.244372990625 0.6945337625 0.244372990625 0.6575562703125 0.21221865 0.6575562703125 0.21221865 0.6945337625
5 0.5482315109375 0.75643086875 0.5659163984375 0.75643086875 0.5659163984375 0.7170418 0.5482315109375 0.7170418 0.5482315109375 0.75643086875
5 0.5257234734375 0.7580385859375001 0.5458199359375 0.7580385859375001 0.5458199359375 0.7186495171875 0.5257234734375 0.7186495171875 0.5257234734375 0.7580385859375001
5 0.5691318328125 0.7580385859375001 0.5892282953125 0.7580385859375001 0.5892282953125 0.7186495171875 0.5691318328125 0.7186495171875 0.5691318328125 0.7580385859375001
5 0.6639871375 0.8062700968750001 0.6840836015625 0.8062700968750001 0.6840836015625 0.77652733125 0.6639871375 0.77652733125 0.6639871375 0.8062700968750001
5 0.684887459375 0.8086816718750001 0.7049839234374999 0.8086816718750001 0.7049839234374999 0.77652733125 0.684887459375 0.77652733125 0.684887459375 0.8086816718750001
5 0.6398713828125 0.8086816718750001 0.662379421875 0.8086816718750001 0.662379421875 0.77652733125 0.6398713828125 0.77652733125 0.6398713828125 0.8086816718750001
5 0.5755627015625 0.8086816718750001 0.5932475890625 0.8086816718750001 0.5932475890625 0.7813504828125 0.5755627015625 0.7813504828125 0.5755627015625 0.8086816718750001
5 0.620578778125 0.8110932468750001 0.638263665625 0.8110932468750001 0.638263665625 0.77652733125 0.620578778125 0.77652733125 0.620578778125 0.8110932468750001
5 0.556270096875 0.8135048234375001 0.573954984375 0.8135048234375001 0.573954984375 0.7813504828125 0.556270096875 0.7813504828125 0.556270096875 0.8135048234375001
5 0.532154340625 0.8191318328125 0.5546623796875 0.8191318328125 0.5546623796875 0.784565915625 0.532154340625 0.784565915625 0.532154340625 0.8191318328125
5 0.58199356875 0.284565915625 0.6069131828125001 0.284565915625 0.6069131828125001 0.2250803859375 0.58199356875 0.2250803859375 0.58199356875 0.284565915625
5 0.606109325 0.288585209375 0.6310289390625 0.288585209375 0.6310289390625 0.22186495156250002 0.606109325 0.22186495156250002 0.606109325 0.288585209375
5 0.5192926046874999 0.2829582 0.558681671875 0.2829582 0.558681671875 0.2282958203125 0.5192926046874999 0.2282958203125 0.5192926046874999 0.2829582
5 0.55948553125 0.2829582 0.5844051453125 0.2829582 0.5844051453125 0.2282958203125 0.55948553125 0.2282958203125 0.55948553125 0.2829582