5 0.41796875 0.51875 0.3171875 0.51875 0.3171875 0.571875 0.41796875 0.571875 0.41796875 0.51875
5 0.825 0.525 0.7359375 0.525 0.7359375 0.5703125 0.825 0.5703125 0.825 0.525
5 0.52421875 0.5203125 0.4234375 0.5203125 0.4234375 0.57578125 0.52421875 0.57578125 0.52421875 0.5203125
5 0.28828125 0.5234375 0.1921875 0.5234375 0.1921875 0.57890625 0.28828125 0.57890625 0.28828125 0.5234375
5 0.72109375 0.51875 0.625 0.51875 0.625 0.58359375 0.72109375 0.58359375 0.72109375 0.51875
5 0.87734375 0.6515625 0.8125 0.6515625 0.8125 0.70234375 0.87734375 0.70234375 0.87734375 0.6515625
5 0.615625 0.675 0.5359375 0.675 0.5359375 0.73984375 0.615625 0.73984375 0.615625 0.675
5 0.80234375 0.6828125 0.715625 0.6828125 0.715625 0.75 0.80234375 0.75 0.80234375 0.6828125
5 0.9984375 0.6796875 0.9140625 0.6796875 0.9140625 0.75390625 0.9984375 0.75390625 0.9984375 0.6796875
5 0.4109375 0.696875 0.3171875 0.696875 0.3171875 0.7640625 0.4109375 0.7640625 0.4109375 0.696875
5 0.51484375 0.703125 0.4234375 0.703125 0.4234375 0.775 0.51484375 0.775 0.51484375 0.703125
5 0.2984375 0.7140625 0.209375 0.7140625 0.209375 0.790625 0.2984375 0.790625 0.2984375 0.7140625
5 0.7546875 0.18125 0.6390625 0.18125 0.6390625 0.265625 0.7546875 0.265625 0.7546875 0.18125
5 0.28125 0.1734375 0.1609375 0.1734375 0.1609375 0.27421875 0.28125 0.27421875 0.28125 0.1734375
5 0.3953125 0.178125 0.2875 0.178125 0.2875 0.26953125 0.3953125 0.26953125 0.3953125 0.178125
5 0.634375 0.18125 0.5265625 0.18125 0.5265625 0.2703125 0.634375 0.2703125 0.634375 0.18125
5 0.51953125 0.1796875 0.4015625 0.1796875 0.4015625 0.27109375 0.51953125 0.27109375 0.51953125 0.1796875
5 0.87578125 0.1875 0.7578125 0.1875 0.7578125 0.2671875 0.87578125 0.2671875 0.87578125 0.1875