5 0.91875 0.467578125 0.7796875 0.467578125 0.7796875 0.571875 0.91875 0.571875 0.91875 0.467578125
5 0.478125 0.451953125 0.3484375 0.451953125 0.3484375 0.5953125 0.478125 0.5953125 0.478125 0.451953125
5 0.790625 0.603125 0.790625 0.476953125 0.623046875 0.476953125 0.623046875 0.603125 0.790625 0.603125
5 0.646875 0.47421875 0.476953125 0.47421875 0.476953125 0.6234375 0.646875 0.6234375 0.646875 0.47421875
5 0.33125 0.6328125 0.33125 0.4703125 0.197265625 0.4703125 0.197265625 0.6328125 0.33125 0.6328125
5 0.1859375 0.1390625 0.1859375 0.2734375 0.3328125 0.2734375 0.3328125 0.1390625 0.1859375 0.1390625
5 0.4734375 0.1640625 0.4734375 0.2671875 0.6390625 0.2671875 0.6390625 0.1640625 0.4734375 0.1640625
5 0.1796875 0.296875 0.328125 0.296875 0.328125 0.134375 0.1796875 0.134375 0.1796875 0.296875
5 0.4953125 0.303125 0.4953125 0.136328125 0.332421875 0.136328125 0.332421875 0.303125 0.4953125 0.303125
5 1 0.174609375 0.85625 0.174609375 0.85625 0.271875 1 0.271875 1 0.174609375
5 0.840625 0.3171875 0.840625 0.15 0.658203125 0.15 0.658203125 0.3171875 0.840625 0.3171875