5 0.91875 0.4671875 0.7796875 0.4671875 0.7796875 0.57265625 0.91875 0.57265625 0.91875 0.4671875
5 0.478125 0.4515625 0.3484375 0.4515625 0.3484375 0.59609375 0.478125 0.59609375 0.478125 0.4515625
5 0.77109375 0.45625 0.64375 0.45625 0.64375 0.62421875 0.77109375 0.62421875 0.77109375 0.45625
5 0.63671875 0.4640625 0.4875 0.4640625 0.4875 0.634375 0.63671875 0.634375 0.63671875 0.4640625
5 0.34609375 0.484375 0.1828125 0.484375 0.1828125 0.61875 0.34609375 0.61875 0.34609375 0.484375
5 0.3265625 0.1328125 0.1921875 0.1328125 0.1921875 0.2796875 0.3265625 0.2796875 0.3265625 0.1328125
5 0.6078125 0.1328125 0.5046875 0.1328125 0.5046875 0.2984375 0.6078125 0.2984375 0.6078125 0.1328125
5 0.32890625 0.134375 0.1796875 0.134375 0.1796875 0.29765625 0.32890625 0.29765625 0.32890625 0.134375
5 0.49609375 0.1359375 0.3328125 0.1359375 0.3328125 0.30390625 0.49609375 0.30390625 0.49609375 0.1359375
5 0.9828125 0.146875 0.884375 0.146875 0.884375 0.30078125 0.9828125 0.30078125 0.9828125 0.146875
5 0.83359375 0.1421875 0.665625 0.1421875 0.665625 0.325 0.83359375 0.325 0.83359375 0.1421875