5 0.659375 0.353125 0.659375 0.33080536562499996 0.61601185625 0.33080536562499996 0.61601185625 0.353125 0.659375 0.353125
5 0.578125 0.365625 0.578125 0.3204381015625 0.5499723671875001 0.3204381015625 0.5499723671875001 0.365625 0.578125 0.365625
5 0.61875 0.331805165625 0.559786978125 0.331805165625 0.559786978125 0.3543132046875 0.61875 0.3543132046875 0.61875 0.331805165625
5 0.26875 0.3671875 0.290625 0.3671875 0.290625 0.32108621406250004 0.26875 0.32108621406250004 0.26875 0.3671875
5 0.27027733125000003 0.36875 0.27027733125000003 0.3194784953125 0.24294614218750002 0.3194784953125 0.24294614218750002 0.36875 0.27027733125000003 0.36875
5 0.6046875 0.36875 0.6265625 0.36875 0.6265625 0.3194784953125 0.6046875 0.3194784953125 0.6046875 0.36875
5 0.671875 0.3671875 0.671875 0.32108621406250004 0.6510048234375 0.32108621406250004 0.6510048234375 0.3671875 0.671875 0.3671875
5 0.565625 0.3578125 0.565625 0.3303331 0.5145473265625 0.3303331 0.5145473265625 0.3578125 0.565625 0.3578125
5 0.7203125 0.365625 0.7203125 0.323095859375 0.69903034375 0.323095859375 0.69903034375 0.365625 0.7203125 0.365625
5 0.2296875 0.3317423640625 0.17561043125 0.3317423640625 0.17561043125 0.359073553125 0.2296875 0.359073553125 0.2296875 0.3317423640625
5 0.6984375 0.36875 0.6984375 0.3227391484375 0.6737891874999999 0.3227391484375 0.6737891874999999 0.36875 0.6984375 0.36875
5 0.340625 0.3703125 0.340625 0.3219553859375 0.3199959796875 0.3219553859375 0.3199959796875 0.3703125 0.340625 0.3703125
5 0.31875 0.3734375 0.31875 0.321875 0.29463424374999997 0.321875 0.29463424374999997 0.3734375 0.31875 0.3734375
5 0.253125 0.3640625 0.253125 0.335015575 0.2034565921875 0.335015575 0.2034565921875 0.3640625 0.253125 0.3640625
5 0.765625 0.4171875 0.765625 0.3998291796875 0.7269217234375 0.3998291796875 0.7269217234375 0.4171875 0.765625 0.4171875
5 0.440625 0.43125 0.440625 0.390532053125 0.4180039203125 0.390532053125 0.4180039203125 0.43125 0.440625 0.43125
5 0.4265625 0.39888213437500003 0.3884520703125 0.39888213437500003 0.3884520703125 0.42139017343749996 0.4265625 0.42139017343749996 0.4265625 0.39888213437500003
5 0.596875 0.4023914796875 0.5641428859375 0.4023914796875 0.5641428859375 0.4200763671875 0.596875 0.4200763671875 0.596875 0.4023914796875
5 0.6359375 0.4296875 0.6359375 0.390888765625 0.619440815625 0.390888765625 0.619440815625 0.4296875 0.6359375 0.4296875
5 0.7125 0.4328125 0.734375 0.4328125 0.734375 0.3872940125 0.7125 0.3872940125 0.7125 0.4328125
5 0.37297276875 0.4296875 0.37297276875 0.3940112546875 0.35046473125 0.3940112546875 0.35046473125 0.4296875 0.37297276875 0.4296875
5 0.2953125 0.43125 0.2953125 0.3921875 0.27667051875 0.3921875 0.27667051875 0.43125 0.2953125 0.43125
5 0.6609375 0.4296875 0.6609375 0.39377009687500003 0.6385626 0.39377009687500003 0.6385626 0.4296875 0.6609375 0.4296875
5 0.3453125 0.434375 0.3453125 0.389188103125 0.32667051874999997 0.389188103125 0.32667051874999997 0.434375 0.3453125 0.434375
5 0.3640625 0.4234375 0.403125 0.4234375 0.403125 0.398985128125 0.3640625 0.398985128125 0.3640625 0.4234375
5 0.465625 0.43125 0.465625 0.3925416984375 0.4440263265625 0.3925416984375 0.4440263265625 0.43125 0.465625 0.43125
5 0.6233169203125 0.4234375 0.6233169203125 0.40450411875 0.586339428125 0.40450411875 0.586339428125 0.4234375 0.6233169203125 0.4234375
5 0.32332948125 0.4328125 0.32332948125 0.39218498749999997 0.30082144375 0.39218498749999997 0.30082144375 0.4328125 0.32332948125 0.4328125
5 0.53125 0.4265625 0.53125 0.40224577968749997 0.490004521875 0.40224577968749997 0.490004521875 0.4265625 0.53125 0.4265625
5 0.5515625 0.41875 0.5515625 0.4078125 0.5230079375 0.4078125 0.5230079375 0.41875 0.5515625 0.41875
5 0.2453125 0.434375 0.2453125 0.393837921875 0.22382435625000002 0.393837921875 0.22382435625000002 0.434375 0.2453125 0.434375
5 0.2796875 0.4265625 0.2796875 0.4016579578125 0.23909515781250001 0.4016579578125 0.23909515781250001 0.4265625 0.2796875 0.4265625
5 0.2171875 0.4359375 0.2171875 0.39549085625 0.1944960828125 0.39549085625 0.1944960828125 0.4359375 0.2171875 0.4359375
5 0.578125 0.425 0.578125 0.40603647499999995 0.5373869578125 0.40603647499999995 0.5373869578125 0.425 0.578125 0.425
5 0.6545794828125 0.4734375 0.6545794828125 0.43300592968749996 0.63448301875 0.43300592968749996 0.63448301875 0.4734375 0.6545794828125 0.4734375
5 0.765625 0.4625 0.765625 0.44268237499999996 0.7225180875 0.44268237499999996 0.7225180875 0.4625 0.765625 0.4625
5 0.371875 0.471875 0.371875 0.4339554875 0.352509546875 0.4339554875 0.352509546875 0.471875 0.371875 0.471875
5 0.6125 0.4734375 0.6125 0.4319458390625 0.5926371593749999 0.4319458390625 0.5926371593749999 0.4734375 0.6125 0.4734375
5 0.4546875 0.4625 0.4546875 0.44201165624999994 0.41182676875 0.44201165624999994 0.41182676875 0.4625 0.4546875 0.4625
5 0.41875 0.475 0.41875 0.4345684296875 0.39733973125 0.4345684296875 0.39733973125 0.475 0.41875 0.475
5 0.6 0.4640625 0.6 0.4456566515625 0.5611761453125 0.4456566515625 0.5611761453125 0.4640625 0.6 0.4640625
5 0.740625 0.4640625 0.740625 0.4433832390625 0.6980456187499999 0.4433832390625 0.6980456187499999 0.4640625 0.740625 0.4640625
5 0.54520448125 0.475 0.54520448125 0.4345684296875 0.52510801875 0.4345684296875 0.52510801875 0.475 0.54520448125 0.475
5 0.546875 0.4734375 0.56875 0.4734375 0.56875 0.4356084203125 0.546875 0.4356084203125 0.546875 0.4734375
5 0.4640625 0.475 0.4640625 0.433598775 0.44525472187500004 0.433598775 0.44525472187500004 0.475 0.4640625 0.475
5 0.5296875 0.465625 0.5296875 0.44381531250000006 0.49147658749999995 0.44381531250000006 0.49147658749999995 0.465625 0.5296875 0.465625
5 0.5 0.4625 0.5 0.4502788375 0.461779040625 0.4502788375 0.461779040625 0.4625 0.5 0.4625
5 0.40625 0.44375 0.36498945 0.44375 0.36498945 0.46856410625 0.40625 0.46856410625 0.40625 0.44375
5 0.3234375 0.475 0.3453125 0.475 0.3453125 0.43733671718749995 0.3234375 0.43733671718749995 0.3234375 0.475
5 0.503125 0.4765625 0.525 0.4765625 0.525 0.434143890625 0.503125 0.434143890625 0.503125 0.4765625
5 0.2265625 0.478125 0.2484375 0.478125 0.2484375 0.43769342968749997 0.2265625 0.43769342968749997 0.2265625 0.478125
5 0.2984375 0.475 0.2984375 0.4372613546875 0.2768086828125 0.4372613546875 0.2768086828125 0.475 0.2984375 0.475
5 0.28125 0.446875 0.240406453125 0.446875 0.240406453125 0.47154843281250003 0.28125 0.47154843281250003 0.28125 0.446875
5 0.234375 0.4703125 0.234375 0.44963826406249996 0.188580184375 0.44963826406249996 0.188580184375 0.4703125 0.234375 0.4703125
5 0.721875 0.5328125 0.721875 0.49713625468749995 0.70124598125 0.49713625468749995 0.70124598125 0.5328125 0.721875 0.5328125
5 0.6484375 0.5359375 0.6484375 0.496875 0.6269920625000001 0.496875 0.6269920625000001 0.5359375 0.6484375 0.5359375
5 0.7609375 0.5265625 0.7609375 0.5071267078125 0.7179411171875001 0.5071267078125 0.7179411171875001 0.5265625 0.7609375 0.5265625
5 0.5125 0.5265625 0.5125 0.5048633437500001 0.4609400109375 0.5048633437500001 0.4609400109375 0.5265625 0.5125 0.5265625
5 0.68125 0.528125 0.68125 0.50625 0.638761053125 0.50625 0.638761053125 0.528125 0.68125 0.528125
5 0.67504019375 0.5 0.67504019375 0.5390625 0.6999598078125 0.5390625 0.6999598078125 0.5 0.67504019375 0.5
5 0.565625 0.53125 0.565625 0.5078125 0.5194784953125 0.5078125 0.5194784953125 0.53125 0.565625 0.53125
5 0.534375 0.53125 0.534375 0.5113620375 0.48413132968749995 0.5113620375 0.48413132968749995 0.53125 0.534375 0.53125
5 0.409375 0.509375 0.3663283765625 0.509375 0.3663283765625 0.5341690109375 0.409375 0.5341690109375 0.409375 0.509375
5 0.5515625 0.53125 0.5515625 0.5114424234375 0.5187198562499999 0.5114424234375 0.5187198562499999 0.53125 0.5515625 0.53125
5 0.3921875 0.5126180671875 0.3467393484375 0.5126180671875 0.3467393484375 0.5327145296875 0.3921875 0.5327145296875 0.3921875 0.5126180671875
5 0.4609375 0.534375 0.4609375 0.5102944125 0.415318528125 0.5102944125 0.415318528125 0.534375 0.4609375 0.534375
5 0.48125 0.53125 0.48125 0.5153260656249999 0.438228496875 0.5153260656249999 0.438228496875 0.53125 0.48125 0.53125
5 0.2265625 0.5453125 0.25625 0.5453125 0.25625 0.5015625 0.2265625 0.5015625 0.2265625 0.5453125
5 0.28125 0.5453125 0.28125 0.50188404375 0.256616759375 0.50188404375 0.256616759375 0.5453125 0.28125 0.5453125
5 0.2296875 0.5359375 0.2296875 0.5149919609375 0.193765071875 0.5149919609375 0.193765071875 0.5359375 0.2296875 0.5359375
5 0.315625 0.5375 0.315625 0.51363545 0.26412530156249997 0.51363545 0.26412530156249997 0.5375 0.315625 0.5375
5 0.7296875 0.5671875 0.7296875 0.5484375 0.6916323359375001 0.5484375 0.6916323359375001 0.5671875 0.7296875 0.5671875
5 0.5828125 0.56875 0.5828125 0.5471362531249999 0.547515575 0.5471362531249999 0.547515575 0.56875 0.5828125 0.56875
5 0.59832948125 0.5765625 0.59832948125 0.538899215625 0.5782330171875001 0.538899215625 0.5782330171875001 0.5765625 0.59832948125 0.5765625
5 0.6796875 0.5671875 0.6796875 0.55 0.6446066109374999 0.55 0.6446066109374999 0.5671875 0.6796875 0.5671875
5 0.74375 0.5796875 0.74375 0.5390625 0.7251080187500001 0.5390625 0.7251080187500001 0.5796875 0.74375 0.5796875
5 0.6546875 0.5671875 0.6546875 0.548525421875 0.616069634375 0.548525421875 0.616069634375 0.5671875 0.6546875 0.5671875
5 0.6203125 0.578125 0.6203125 0.5399241359375 0.600901828125 0.5399241359375 0.600901828125 0.578125 0.6203125 0.578125
5 0.546875 0.5796875 0.546875 0.54375 0.52886354375 0.54375 0.52886354375 0.5796875 0.546875 0.5796875
5 0.6609726703125001 0.550866659375 0.6609726703125001 0.5733746984375 0.7108118984375 0.5733746984375 0.7108118984375 0.550866659375 0.6609726703125001 0.550866659375
5 0.4609375 0.5765625 0.4609375 0.55010801875 0.4177602484375 0.55010801875 0.4177602484375 0.5765625 0.4609375 0.5765625
5 0.38125 0.5859375 0.403125 0.5859375 0.403125 0.5432978281249999 0.38125 0.5432978281249999 0.38125 0.5859375
5 0.4265625 0.5890625 0.4265625 0.5396804671875 0.40024618125 0.5396804671875 0.40024618125 0.5890625 0.4265625 0.5890625
5 0.3324155953125 0.590625 0.3324155953125 0.5422678859375 0.3050844046875 0.5422678859375 0.3050844046875 0.590625 0.3324155953125 0.590625
5 0.3671875 0.578125 0.3671875 0.5543609328125 0.3182626609375 0.5543609328125 0.3182626609375 0.578125 0.3671875 0.578125
5 0.2730405953125 0.5875 0.2730405953125 0.547068428125 0.2457094046875 0.547068428125 0.2457094046875 0.5875 0.2730405953125 0.5875
5 0.3796196734375 0.5859375 0.3796196734375 0.54818880625 0.357111634375 0.54818880625 0.357111634375 0.5859375 0.3796196734375 0.5859375
5 0.315625 0.5585083390625 0.27773563125 0.5585083390625 0.27773563125 0.581016378125 0.315625 0.581016378125 0.315625 0.5585083390625
5 0.2625 0.5568981109375 0.2198804265625 0.5568981109375 0.2198804265625 0.5842293 0.2625 0.5842293 0.2625 0.5568981109375
5 0.478125 0.557862740625 0.435666196875 0.557862740625 0.435666196875 0.5827823546875 0.478125 0.5827823546875 0.478125 0.557862740625
5 0.503125 0.5828125 0.503125 0.5585409968749999 0.459781953125 0.5585409968749999 0.459781953125 0.5828125 0.503125 0.5828125
5 0.53125 0.5828125 0.53125 0.558721865625 0.4928130015625 0.558721865625 0.4928130015625 0.5828125 0.53125 0.5828125
5 0.2375 0.5875 0.2375 0.55625 0.194865353125 0.55625 0.194865353125 0.5875 0.2375 0.5875
5 0.746875 0.6234375 0.7828125 0.6234375 0.7828125 0.6125 0.746875 0.6125 0.746875 0.6234375
5 0.7578125 0.6375 0.7578125 0.6015625 0.73640223125 0.6015625 0.73640223125 0.6375 0.7578125 0.6375
5 0.4327723078125 0.64375 0.4327723078125 0.601331390625 0.40785269375000005 0.601331390625 0.40785269375000005 0.64375 0.4327723078125 0.64375
5 0.371875 0.6390625 0.371875 0.6121734328125 0.3235078390625 0.6121734328125 0.3235078390625 0.6390625 0.371875 0.6390625
5 0.4140625 0.6390625 0.4140625 0.61516780625 0.3754697546875 0.61516780625 0.3754697546875 0.6390625 0.4140625 0.6390625
5 0.275 0.6390625 0.3265625 0.6390625 0.3265625 0.6192348265625001 0.275 0.619234828125 0.275 0.6390625
5 0.3921875 0.6421875 0.3921875 0.6208676640624999 0.35068076875 0.620867665625 0.35068076875 0.6421875 0.3921875 0.6421875
5 0.3359375 0.65625 0.3359375 0.61080185 0.3149166 0.61080185 0.3149166 0.65625 0.3359375 0.65625
5 0.2484375 0.6453125 0.2484375 0.6220608921874999 0.20284365000000001 0.6220608921874999 0.20284365000000001 0.6453125 0.2484375 0.6453125
5 0.271875 0.6421875 0.271875 0.6229677453125 0.2301522296875 0.6229677453125 0.2301522296875 0.6421875 0.271875 0.6421875
5 0.265625 0.6578125 0.2921875 0.6578125 0.2921875 0.614464428125 0.265625 0.614464428125 0.265625 0.6578125
5 0.778125 0.678125 0.778125 0.63718096875 0.75820186875 0.63718096875 0.75820186875 0.678125 0.778125 0.678125
5 0.765625 0.6703125 0.765625 0.6483797234375 0.72730355625 0.6483797234375 0.72730355625 0.6703125 0.765625 0.6703125
5 0.43125 0.6890625 0.43125 0.6459606124999999 0.4072146296875 0.6459606124999999 0.4072146296875 0.6890625 0.43125 0.6890625
5 0.2953125 0.68125 0.2953125 0.6567875796875 0.25528536874999996 0.6567875796875 0.25528536874999996 0.68125 0.2953125 0.68125
5 0.3875 0.68125 0.3875 0.65706390625 0.356450965625 0.65706390625 0.356450965625 0.68125 0.3875 0.68125
5 0.40625 0.6890625 0.40625 0.6513992171874999 0.38285269375 0.6513992171874999 0.38285269375 0.6890625 0.40625 0.6890625
5 0.3171875 0.684375 0.3171875 0.6626080187500001 0.2759420203125 0.6626080187500001 0.2759420203125 0.684375 0.3171875 0.684375
5 0.275 0.684375 0.275 0.662090534375 0.23211917343750002 0.662090534375 0.23211917343750002 0.684375 0.275 0.684375
5 0.3453125 0.6859375 0.3453125 0.6598296828125 0.301642884375 0.6598296828125 0.301642884375 0.6859375 0.3453125 0.6859375
5 0.3609375 0.69375 0.3609375 0.6509194125 0.3340383859375 0.6509194125 0.3340383859375 0.69375 0.3609375 0.69375
5 0.2125 0.69375 0.24375 0.69375 0.24375 0.6580737531249999 0.2125 0.6580737531249999 0.2125 0.69375
5 0.5375 0.7453125 0.5765625 0.7453125 0.5765625 0.728125 0.5375 0.728125 0.5375 0.7453125
5 0.52510801875 0.71875 0.52510801875 0.7578125 0.54520448125 0.7578125 0.54520448125 0.71875 0.52510801875 0.71875
5 0.5984375 0.728125 0.55954833125 0.728125 0.55954833125 0.74811846875 0.5984375 0.74811846875 0.5984375 0.728125
5 0.6828125 0.8046875 0.6828125 0.7765348671875001 0.6641705171875001 0.7765348671875001 0.6641705171875001 0.8046875 0.6828125 0.8046875
5 0.7106486140625 0.8015625 0.7106486140625 0.7821518281250001 0.678494271875 0.7821518281250001 0.678494271875 0.8015625 0.7106486140625 0.8015625
5 0.6671875 0.803125 0.6671875 0.78125 0.6354124796875 0.78125 0.6354124796875 0.803125 0.6671875 0.803125
5 0.59321744375 0.8078125 0.59321744375 0.7816469046875001 0.57553255625 0.7816469046875001 0.57553255625 0.8078125 0.59321744375 0.8078125
5 0.6453125 0.8015625 0.6453125 0.7854828171875 0.6120779749999999 0.7854828171875 0.6120779749999999 0.8015625 0.6453125 0.8015625
5 0.5809611140625 0.8046875 0.5809611140625 0.78831641875 0.5488067734375 0.78831641875 0.5488067734375 0.8046875 0.5809611140625 0.8046875
5 0.559375 0.8125 0.559375 0.790625 0.5258390281249999 0.790625 0.5258390281249999 0.8125 0.559375 0.8125
5 0.58129019375 0.225 0.58129019375 0.284375 0.6062098078125 0.284375 0.6062098078125 0.225 0.58129019375 0.225
5 0.6296875 0.2875 0.6296875 0.22162128281250001 0.6059284578125 0.22162128281250001 0.6059284578125 0.2875 0.6296875 0.2875
5 0.565625 0.275 0.565625 0.2360078390625 0.5118142078125001 0.2360078390625 0.5118142078125001 0.275 0.565625 0.275
5 0.584375 0.2828125 0.584375 0.22845408125 0.55955586875 0.22845408125 0.55955586875 0.2828125 0.584375 0.2828125