5 0.4171875 0.3453125 0.4171875 0.317578125 0.362890625 0.317578125 0.362890625 0.3453125 0.4171875 0.3453125
5 0.9765625 0.3640625 0.9765625 0.309375 0.928515625 0.309375 0.928515625 0.3640625 0.9765625 0.3640625
5 0.1890625 0.312890625 0.146875 0.312890625 0.146875 0.3703125 0.1890625 0.3703125 0.1890625 0.312890625
5 0.5171875 0.440625 0.5171875 0.390234375 0.485546875 0.390234375 0.485546875 0.440625 0.5171875 0.440625
5 0.61875 0.396484375 0.58046875 0.396484375 0.58046875 0.44375 0.61875 0.44375 0.61875 0.396484375
5 0.7171875 0.394140625 0.67890625 0.394140625 0.67890625 0.446875 0.7171875 0.446875 0.7171875 0.394140625
5 0.625 0.44375 0.675 0.44375 0.675 0.4015625 0.625 0.4015625 0.625 0.44375
5 0.803125 0.4 0.803125 0.4484375 0.8703125 0.4484375 0.8703125 0.4 0.803125 0.4
5 0.5296875 0.45 0.5671875 0.45 0.5671875 0.399609375 0.5296875 0.399609375 0.5296875 0.45
5 0.4703125 0.4421875 0.4703125 0.408984375 0.415234375 0.408984375 0.415234375 0.4421875 0.4703125 0.4421875
5 0.259765625 0.40625 0.259765625 0.446875 0.3140625 0.446875 0.3140625 0.40625 0.259765625 0.40625
5 0.9765625 0.405859375 0.909375 0.405859375 0.909375 0.4484375 0.9765625 0.4484375 0.9765625 0.405859375
5 0.3625 0.4546875 0.3625 0.401953125 0.325 0.401953125 0.325 0.4546875 0.3625 0.4546875
5 0.2625 0.409765625 0.2046875 0.409765625 0.2046875 0.446875 0.2625 0.446875 0.2625 0.409765625
5 0.85625 0.4046875 0.85625 0.4578125 0.90625 0.4578125 0.90625 0.4046875 0.85625 0.4046875
5 0.209375 0.413671875 0.146875 0.413671875 0.146875 0.4515625 0.209375 0.4515625 0.209375 0.413671875
5 0.621875 0.5890625 0.621875 0.544140625 0.5984375 0.544140625 0.5984375 0.5890625 0.621875 0.5890625
5 0.796875 0.550390625 0.7484375 0.550390625 0.7484375 0.5875 0.796875 0.5875 0.796875 0.550390625
5 0.5765625 0.5859375 0.5765625 0.553515625 0.534765625 0.553515625 0.534765625 0.5859375 0.5765625 0.5859375
5 0.84375 0.553515625 0.790625 0.553515625 0.790625 0.5859375 0.84375 0.5859375 0.84375 0.553515625
5 0.7359375 0.54609375 0.705078125 0.54609375 0.705078125 0.596875 0.7359375 0.596875 0.7359375 0.54609375
5 0.6828125 0.558203125 0.634375 0.558203125 0.634375 0.5859375 0.6828125 0.5859375 0.6828125 0.558203125
5 0.2546875 0.6015625 0.2546875 0.551171875 0.217578125 0.551171875 0.217578125 0.6015625 0.2546875 0.6015625
5 0.3171875 0.560546875 0.26875 0.560546875 0.26875 0.5984375 0.3171875 0.5984375 0.3171875 0.560546875
5 0.165625 0.5546875 0.165625 0.6078125 0.20625 0.6078125 0.20625 0.5546875 0.165625 0.5546875
5 0.8515625 0.6203125 0.8515625 0.678125 0.9 0.678125 0.9 0.6203125 0.8515625 0.6203125
5 0.9484375 0.6296875 0.908203125 0.6296875 0.908203125 0.6796875 0.9484375 0.6796875 0.9484375 0.6296875
5 0.576171875 0.6390625 0.576171875 0.675 0.6265625 0.675 0.6265625 0.6390625 0.576171875 0.6390625
5 0.534375 0.6359375 0.534375 0.68125 0.5703125 0.68125 0.5703125 0.6359375 0.534375 0.6359375
5 0.834375 0.634765625 0.79140625 0.634765625 0.79140625 0.6828125 0.834375 0.6828125 0.834375 0.634765625
5 0.525 0.63359375 0.485546875 0.63359375 0.485546875 0.6890625 0.525 0.6890625 0.525 0.63359375
5 0.6359375 0.6359375 0.6359375 0.684375 0.671875 0.684375 0.671875 0.6359375 0.6359375 0.6359375
5 0.778125 0.6859375 0.778125 0.637109375 0.745703125 0.637109375 0.745703125 0.6859375 0.778125 0.6859375
5 0.726171875 0.690625 0.726171875 0.636328125 0.687890625 0.636328125 0.687890625 0.690625 0.726171875 0.690625
5 0.421875 0.6890625 0.421875 0.64140625 0.38203125 0.64140625 0.38203125 0.6890625 0.421875 0.6890625
5 0.327734375 0.6390625 0.327734375 0.69375 0.3671875 0.69375 0.3671875 0.6390625 0.327734375 0.6390625
5 0.321875 0.648046875 0.26875 0.648046875 0.26875 0.6859375 0.321875 0.6859375 0.321875 0.648046875
5 0.428125 0.64375 0.428125 0.6921875 0.4765625 0.6921875 0.4765625 0.64375 0.428125 0.64375
5 0.2625 0.6953125 0.2625 0.650390625 0.2296875 0.650390625 0.2296875 0.6953125 0.2625 0.6953125
5 0.634375 0.836328125 0.5765625 0.836328125 0.5765625 0.8734375 0.634375 0.8734375 0.634375 0.836328125
5 0.534375 0.8375 0.534375 0.8828125 0.5796875 0.8828125 0.5796875 0.8375 0.534375 0.8375
5 0.4875 0.8421875 0.4875 0.878125 0.540625 0.878125 0.540625 0.8421875 0.4875 0.8421875
5 0.4859375 0.844140625 0.4375 0.844140625 0.4375 0.88125 0.4859375 0.88125 0.4859375 0.844140625
5 0.4328125 0.8828125 0.4328125 0.843359375 0.390625 0.843359375 0.390625 0.8828125 0.4328125 0.8828125
5 0.34375 0.88125 0.38125 0.88125 0.38125 0.84375 0.34375 0.84375 0.34375 0.88125
5 0.2875 0.8859375 0.2875 0.84140625 0.24765625 0.84140625 0.24765625 0.8859375 0.2875 0.8859375
5 0.340625 0.845703125 0.2984375 0.845703125 0.2984375 0.89375 0.340625 0.89375 0.340625 0.845703125
5 0.2421875 0.896875 0.2421875 0.85546875 0.202734375 0.85546875 0.202734375 0.896875 0.2421875 0.896875
5 0.353125 0.1453125 0.353125 0.190625 0.4109375 0.190625 0.4109375 0.1453125 0.353125 0.1453125
5 0.29375 0.147265625 0.23125 0.147265625 0.23125 0.1890625 0.29375 0.1890625 0.29375 0.147265625
5 0.225 0.1984375 0.225 0.139453125 0.183984375 0.139453125 0.183984375 0.1984375 0.225 0.1984375
5 0.415625 0.15 0.415625 0.1953125 0.46875 0.1953125 0.46875 0.15 0.415625 0.15
5 0.3515625 0.14296875 0.298828125 0.14296875 0.298828125 0.203125 0.3515625 0.203125 0.3515625 0.14296875
5 0.1765625 0.19375 0.1765625 0.1515625 0.117578125 0.1515625 0.117578125 0.19375 0.1765625 0.19375
5 0.73125 0.309765625 0.678125 0.309765625 0.678125 0.3421875 0.73125 0.3421875 0.73125 0.309765625
5 0.823828125 0.2984375 0.823828125 0.3578125 0.8546875 0.3578125 0.8546875 0.2984375 0.823828125 0.2984375
5 0.61875 0.3515625 0.61875 0.30390625 0.58828125 0.30390625 0.58828125 0.3515625 0.61875 0.3515625
5 0.6671875 0.353125 0.6671875 0.303125 0.636328125 0.303125 0.636328125 0.353125 0.6671875 0.353125
5 0.5265625 0.312890625 0.478125 0.312890625 0.478125 0.3453125 0.5265625 0.3453125 0.5265625 0.312890625
5 0.4734375 0.312109375 0.4203125 0.312109375 0.4203125 0.3453125 0.4734375 0.3453125 0.4734375 0.312109375
5 0.2546875 0.34375 0.309375 0.34375 0.309375 0.315625 0.2546875 0.315625 0.2546875 0.34375
5 0.246875 0.298828125 0.20859375 0.298828125 0.20859375 0.3609375 0.246875 0.3609375 0.246875 0.298828125
5 0.540625 0.3046875 0.540625 0.3578125 0.571875 0.3578125 0.571875 0.3046875 0.540625 0.3046875