5 0.6234375 0.359375 0.6234375 0.304736634375 0.5944624609375 0.304736634375 0.5944624609375 0.359375 0.6234375 0.359375
5 0.065625 0.3640625 0.065625 0.309375 0.0179294421875 0.309375 0.0179294421875 0.3640625 0.065625 0.3640625
5 0.853125 0.3703125 0.853125 0.3138020828125 0.8107409593750001 0.3138020828125 0.8107409593750001 0.3703125 0.853125 0.3703125
5 0.521875 0.43125 0.521875 0.399238403125 0.4712804640625 0.399238403125 0.4712804640625 0.43125 0.521875 0.43125
5 0.4231033796875 0.4390625 0.4231033796875 0.402417453125 0.3743612421875 0.402417453125 0.3743612421875 0.4390625 0.4231033796875 0.4390625
5 0.325 0.4390625 0.325 0.402417453125 0.2723172171875 0.402417453125 0.2723172171875 0.4390625 0.325 0.4390625
5 0.321875 0.44375 0.371875 0.44375 0.371875 0.40243219375 0.321875 0.40243219375 0.321875 0.44375
5 0.1921875 0.4484375 0.1921875 0.4004766125 0.125221109375 0.4004766125 0.125221109375 0.4484375 0.1921875 0.4484375
5 0.4671875 0.4515625 0.4671875 0.40086969375 0.42996265781250004 0.40086969375 0.42996265781250004 0.4515625 0.4671875 0.4515625
5 0.5703125 0.453125 0.5703125 0.3994152921875 0.5384581359375 0.3994152921875 0.5384581359375 0.453125 0.5703125 0.453125
5 0.740625 0.446875 0.740625 0.40678066093750004 0.6849056609375 0.40678066093750004 0.6849056609375 0.446875 0.740625 0.446875
5 0.03125 0.4609375 0.0734375 0.4609375 0.0734375 0.3947179640625 0.03125 0.3947179640625 0.03125 0.4609375
5 0.6734375 0.4546875 0.6734375 0.4034984265625 0.6363502343749999 0.4034984265625 0.6363502343749999 0.4546875 0.6734375 0.4546875
5 0.784375 0.4578125 0.784375 0.40065349843750003 0.7472975640625 0.40065349843750003 0.7472975640625 0.4578125 0.784375 0.4578125
5 0.1390625 0.4578125 0.1390625 0.40523781562499994 0.0883795203125 0.40523781562499994 0.0883795203125 0.4578125 0.1390625 0.4578125
5 0.803125 0.4640625 0.840625 0.4640625 0.840625 0.40245676093749994 0.803125 0.40245676093749994 0.803125 0.4640625
5 0.3998034578125 0.591509434375 0.3998034578125 0.54591195 0.3754323890625 0.54591195 0.3754323890625 0.591509434375 0.3998034578125 0.591509434375
5 0.2421875 0.5953125 0.2421875 0.546875 0.20474155 0.546875 0.20474155 0.5953125 0.2421875 0.5953125
5 0.420626965625 0.588895440625 0.46386595937499997 0.588895440625 0.46386595937499997 0.555090409375 0.420626965625 0.555090409375 0.420626965625 0.588895440625
5 0.2046875 0.554972484375 0.152957940625 0.554972484375 0.152957940625 0.588777515625 0.2046875 0.588777515625 0.2046875 0.554972484375
5 0.290625 0.5984375 0.290625 0.5485750796875 0.261075078125 0.5485750781250001 0.261075078125 0.5984375 0.290625 0.5984375
5 0.3625 0.55982213125 0.3150206375 0.55982213125 0.3150206375 0.5889101812499999 0.3625 0.5889101812499999 0.3625 0.55982213125
5 0.7828125 0.6046875 0.7828125 0.55393573125 0.7443936718749999 0.55393573125 0.7443936718749999 0.6046875 0.7828125 0.6046875
5 0.7296875 0.56277024375 0.6826601812499999 0.56277024375 0.6826601812499999 0.60129225625 0.7296875 0.60129225625 0.7296875 0.56277024375
5 0.7875 0.603125 0.840625 0.603125 0.840625 0.5625 0.7875 0.5625 0.7875 0.603125
5 0.14375 0.6226120296875 0.0965261390625 0.6226120296875 0.0965261390625 0.6807881296875 0.14375 0.6807881296875 0.14375 0.6226120296875
5 0.0421875 0.6765625 0.0921875 0.6765625 0.0921875 0.6362126578125 0.0421875 0.6362126578125 0.0421875 0.6765625
5 0.4125 0.684375 0.4125 0.634301296875 0.37718651875 0.634301296875 0.37718651875 0.684375 0.4125 0.684375
5 0.4625 0.6828125 0.4625 0.638025746875 0.428228184375 0.638025746875 0.428228184375 0.6828125 0.4625 0.6828125
5 0.203125 0.684375 0.203125 0.636767884375 0.16171875 0.636767884375 0.16171875 0.684375 0.203125 0.684375
5 0.5203125 0.6828125 0.5203125 0.6425412734375 0.4649665890625 0.6425412734375 0.4649665890625 0.6828125 0.5203125 0.6828125
5 0.325 0.6859375 0.3609375 0.6859375 0.3609375 0.6377800703125 0.325 0.6377800703125 0.325 0.6859375
5 0.2171875 0.6890625 0.25 0.6890625 0.25 0.6394408406250001 0.2171875 0.6394408406250001 0.2171875 0.6890625
5 0.3078125 0.69375 0.3078125 0.6390625 0.270568003125 0.6390625 0.270568003125 0.69375 0.3078125 0.69375
5 0.6203125 0.6875 0.6203125 0.6472877359375 0.5729314078125001 0.6472877359375 0.5729314078125001 0.6875 0.6203125 0.6875
5 0.6703125 0.696875 0.6703125 0.6421285375 0.630395046875 0.6421285375 0.630395046875 0.696875 0.6703125 0.696875
5 0.721875 0.6953125 0.721875 0.643759828125 0.6850334124999999 0.643759828125 0.6850334124999999 0.6953125 0.721875 0.6953125
5 0.5703125 0.69375 0.5703125 0.6465163125 0.5225088453125 0.6465163125 0.5225088453125 0.69375 0.5703125 0.69375
5 0.73125 0.690625 0.7765625 0.690625 0.7765625 0.658731328125 0.73125 0.658731328125 0.73125 0.690625
5 0.4109375 0.8875 0.4109375 0.8299036953125001 0.37274469374999997 0.8299036953125001 0.37274469374999997 0.8875 0.4109375 0.8875
5 0.46390526718749997 0.8859375 0.46390526718749997 0.8408264546875 0.4183077828125 0.8408264546875 0.4183077828125 0.8859375 0.46390526718749997 0.8859375
5 0.5015625 0.8890625 0.5015625 0.83716588125 0.46626375781249996 0.83716588125 0.46626375781249996 0.8890625 0.5015625 0.8890625
5 0.5609375 0.84714524375 0.5125 0.84714524375 0.5125 0.88566725625 0.5609375 0.88566725625 0.5609375 0.84714524375
5 0.6078125 0.846875 0.5652024375 0.846875 0.5652024375 0.8874312109375 0.6078125 0.8874312109375 0.6078125 0.846875
5 0.6546875 0.847164896875 0.61679933125 0.847164896875 0.61679933125 0.8856869109375 0.6546875 0.8856869109375 0.6546875 0.847164896875
5 0.7515625 0.8890625 0.7515625 0.845012775 0.711522209375 0.845012775 0.711522209375 0.8890625 0.7515625 0.8890625
5 0.7012676890625 0.896875 0.7012676890625 0.8490123828125 0.6580286953125001 0.8490123828125 0.6580286953125001 0.896875 0.7012676890625 0.896875
5 0.796875 0.8600284984375 0.755724253125 0.8600284984375 0.755724253125 0.9009090015625001 0.796875 0.9009090015625001 0.796875 0.8600284984375
5 0.6390625 0.1384139140625 0.5938237015625 0.1384139140625 0.5938237015625 0.196590015625 0.6390625 0.196590015625 0.6390625 0.1384139140625
5 0.7578125 0.1984375 0.7578125 0.1363207546875 0.7159247234375 0.1363207546875 0.7159247234375 0.1984375 0.7578125 0.1984375
5 0.815625 0.1984375 0.815625 0.139259040625 0.7734718953125 0.139259040625 0.77347189375 0.1984375 0.815625 0.1984375
5 0.578125 0.1984375 0.578125 0.1453125 0.5333185921875 0.1453125 0.5333185921875 0.1984375 0.578125 0.1984375
5 0.7 0.203125 0.7 0.142772209375 0.6469241359375 0.142772209375 0.6469241359375 0.203125 0.7 0.203125
5 0.8828125 0.1921875 0.8828125 0.15085004062500001 0.8225874609374999 0.15085004062500001 0.8225874609374999 0.1921875 0.8828125 0.1921875
5 0.3092669015625 0.353125 0.3092669015625 0.30018671406249997 0.27546187031249997 0.30018671406249997 0.27546187031249997 0.353125 0.3092669015625 0.353125
5 0.171875 0.3578125 0.171875 0.2985406828125 0.1416077046875 0.2985406828125 0.1416077046875 0.3578125 0.171875 0.3578125
5 0.4183569171875 0.34375 0.4183569171875 0.3133844328125 0.3696147796875 0.3133844328125 0.3696147796875 0.34375 0.4183569171875 0.34375
5 0.3203125 0.34375 0.3703125 0.34375 0.3703125 0.3133844328125 0.3203125 0.3133844328125 0.3203125 0.34375
5 0.5125 0.353125 0.5125 0.30544909531250003 0.47927476249999995 0.30544909531250003 0.47927476249999995 0.353125 0.5125 0.353125
5 0.578125 0.312784984375 0.525 0.312784984375 0.525 0.346590015625 0.578125 0.346590015625 0.578125 0.312784984375
5 0.7450963046875 0.315924725 0.6892786953125001 0.315924725 0.6892786953125001 0.345012775 0.7450963046875 0.345012775 0.7450963046875 0.315924725
5 0.803125 0.311433765625 0.740703615625 0.311433765625 0.740703615625 0.349955778125 0.803125 0.349955778125 0.803125 0.311433765625
5 0.4671875 0.346875 0.4671875 0.315625 0.4154579390625 0.315625 0.4154579390625 0.346875 0.4671875 0.346875