5 0.4171875 0.3453125 0.4171875 0.317578125 0.362890625 0.317578125 0.362890625 0.3453125 0.4171875 0.3453125
5 0.9765625 0.30859375 0.928515625 0.30859375 0.928515625 0.3640625 0.9765625 0.3640625 0.9765625 0.30859375
5 0.1890625 0.3703125 0.1890625 0.312890625 0.146875 0.312890625 0.146875 0.3703125 0.1890625 0.3703125
5 0.5265625 0.43125 0.5265625 0.398828125 0.476171875 0.398828125 0.476171875 0.43125 0.5265625 0.43125
5 0.61875 0.396484375 0.58046875 0.396484375 0.58046875 0.44375 0.61875 0.44375 0.61875 0.396484375
5 0.725 0.401953125 0.671875 0.401953125 0.671875 0.4390625 0.725 0.4390625 0.725 0.401953125
5 0.6703125 0.446875 0.6703125 0.398046875 0.628515625 0.398046875 0.628515625 0.446875 0.6703125 0.446875
5 0.803125 0.4 0.803125 0.4484375 0.8703125 0.4484375 0.8703125 0.4 0.803125 0.4
5 0.5734375 0.44375 0.5734375 0.40625 0.523828125 0.40625 0.523828125 0.44375 0.5734375 0.44375
5 0.459375 0.453125 0.459375 0.398828125 0.426171875 0.398828125 0.426171875 0.453125 0.459375 0.453125
5 0.259765625 0.40625 0.259765625 0.446875 0.3140625 0.446875 0.3140625 0.40625 0.259765625 0.40625
5 0.9765625 0.406640625 0.909375 0.406640625 0.909375 0.4484375 0.9765625 0.4484375 0.9765625 0.406640625
5 0.3625 0.4546875 0.3625 0.401953125 0.325 0.401953125 0.325 0.4546875 0.3625 0.4546875
5 0.2515625 0.45625 0.2515625 0.399609375 0.21484375 0.399609375 0.21484375 0.45625 0.2515625 0.45625
5 0.856640625 0.4046875 0.856640625 0.4578125 0.90625 0.4578125 0.90625 0.4046875 0.856640625 0.4046875
5 0.209375 0.413671875 0.146875 0.413671875 0.146875 0.4515625 0.209375 0.4515625 0.209375 0.413671875
5 0.6328125 0.555078125 0.5875 0.555078125 0.5875 0.578125 0.6328125 0.578125 0.6328125 0.555078125
5 0.7484375 0.55 0.7484375 0.5875 0.796875 0.5875 0.796875 0.55 0.7484375 0.55
5 0.5765625 0.5859375 0.5765625 0.552734375 0.533984375 0.552734375 0.533984375 0.5859375 0.5765625 0.5859375
5 0.84375 0.552734375 0.790625 0.552734375 0.790625 0.5859375 0.84375 0.5859375 0.84375 0.552734375
5 0.7359375 0.596875 0.7359375 0.546875 0.705078125 0.546875 0.705078125 0.596875 0.7359375 0.596875
5 0.6734375 0.548046875 0.64453125 0.548046875 0.64453125 0.5953125 0.6734375 0.5953125 0.6734375 0.548046875
5 0.2609375 0.5953125 0.2609375 0.557421875 0.210546875 0.557421875 0.210546875 0.5953125 0.2609375 0.5953125
5 0.3125 0.555859375 0.27421875 0.555859375 0.27421875 0.603125 0.3125 0.603125 0.3125 0.555859375
5 0.159375 0.5609375 0.159375 0.6015625 0.2125 0.6015625 0.2125 0.5609375 0.159375 0.5609375
5 0.8515625 0.6203125 0.8515625 0.678125 0.9 0.678125 0.9 0.6203125 0.8515625 0.6203125
5 0.903515625 0.634375 0.903515625 0.675 0.953125 0.675 0.953125 0.634375 0.903515625 0.634375
5 0.61875 0.63203125 0.583984375 0.63203125 0.583984375 0.6828125 0.61875 0.6828125 0.61875 0.63203125
5 0.534375 0.6359375 0.534375 0.68125 0.5703125 0.68125 0.5703125 0.6359375 0.534375 0.6359375
5 0.8375 0.637109375 0.7890625 0.637109375 0.7890625 0.6796875 0.8375 0.6796875 0.8375 0.637109375
5 0.485546875 0.6328125 0.485546875 0.68828125 0.525 0.68828125 0.525 0.6328125 0.485546875 0.6328125
5 0.6359375 0.6359375 0.6359375 0.684375 0.671875 0.684375 0.671875 0.6359375 0.6359375 0.6359375
5 0.778125 0.6859375 0.778125 0.636328125 0.746484375 0.636328125 0.746484375 0.6859375 0.778125 0.6859375
5 0.6796875 0.6828125 0.734375 0.6828125 0.734375 0.645703125 0.6796875 0.645703125 0.6796875 0.6828125
5 0.421875 0.6890625 0.421875 0.64140625 0.38203125 0.64140625 0.38203125 0.6890625 0.421875 0.6890625
5 0.3203125 0.646875 0.3203125 0.6875 0.375 0.6875 0.375 0.646875 0.3203125 0.646875
5 0.3140625 0.641015625 0.27578125 0.641015625 0.27578125 0.69375 0.3140625 0.69375 0.3140625 0.641015625
5 0.428125 0.64375 0.428125 0.6921875 0.4765625 0.6921875 0.4765625 0.64375 0.428125 0.64375
5 0.26875 0.656640625 0.2234375 0.656640625 0.2234375 0.6890625 0.26875 0.6890625 0.26875 0.656640625
5 0.634375 0.835546875 0.5765625 0.835546875 0.5765625 0.8734375 0.634375 0.8734375 0.634375 0.835546875
5 0.534375 0.8375 0.534375 0.8828125 0.5796875 0.8828125 0.5796875 0.8375 0.534375 0.8375
5 0.4875 0.8421875 0.4875 0.878125 0.540625 0.878125 0.540625 0.8421875 0.4875 0.8421875
5 0.4796875 0.8859375 0.4796875 0.838671875 0.44296875 0.838671875 0.44296875 0.8859375 0.4796875 0.8859375
5 0.4328125 0.8828125 0.4328125 0.843359375 0.390625 0.843359375 0.390625 0.8828125 0.4328125 0.8828125
5 0.34375 0.88125 0.38125 0.88125 0.38125 0.844140625 0.34375 0.844140625 0.34375 0.88125
5 0.2453125 0.84375 0.2453125 0.884375 0.290625 0.884375 0.290625 0.84375 0.2453125 0.84375
5 0.2953125 0.8484375 0.2953125 0.890625 0.34375 0.890625 0.34375 0.8484375 0.2953125 0.8484375
5 0.201953125 0.85625 0.201953125 0.896875 0.24375 0.896875 0.24375 0.85625 0.201953125 0.85625
5 0.359375 0.1390625 0.359375 0.196875 0.4046875 0.196875 0.4046875 0.1390625 0.359375 0.1390625
5 0.29375 0.147265625 0.23125 0.147265625 0.23125 0.1890625 0.29375 0.1890625 0.29375 0.147265625
5 0.225 0.1984375 0.225 0.140234375 0.183203125 0.140234375 0.183203125 0.1984375 0.225 0.1984375
5 0.415625 0.15 0.415625 0.1953125 0.46875 0.1953125 0.46875 0.15 0.415625 0.15
5 0.3515625 0.14296875 0.298828125 0.14296875 0.298828125 0.203125 0.3515625 0.203125 0.3515625 0.14296875
5 0.1671875 0.203125 0.1671875 0.143359375 0.126171875 0.143359375 0.126171875 0.203125 0.1671875 0.203125
5 0.721875 0.299609375 0.68828125 0.299609375 0.68828125 0.3515625 0.721875 0.3515625 0.721875 0.299609375
5 0.809375 0.3125 0.809375 0.34375 0.86875 0.34375 0.86875 0.3125 0.809375 0.3125
5 0.61875 0.3515625 0.61875 0.30390625 0.58828125 0.30390625 0.58828125 0.3515625 0.61875 0.3515625
5 0.6671875 0.30234375 0.636328125 0.30234375 0.636328125 0.353125 0.6671875 0.353125 0.6671875 0.30234375
5 0.51875 0.353125 0.51875 0.305078125 0.4859375 0.305078125 0.4859375 0.353125 0.51875 0.353125
5 0.46328125 0.3546875 0.46328125 0.302734375 0.4296875 0.302734375 0.4296875 0.3546875 0.46328125 0.3546875
5 0.309375 0.34375 0.309375 0.316015625 0.255078125 0.316015625 0.255078125 0.34375 0.309375 0.34375
5 0.246875 0.298828125 0.20859375 0.298828125 0.20859375 0.3609375 0.246875 0.3609375 0.246875 0.298828125
5 0.5296875 0.315625 0.5296875 0.346875 0.5828125 0.346875 0.5828125 0.315625 0.5296875 0.315625