5 0 0.6875 0.0890625 0.6875 0.0890625 0.6331457984375 0 0.6331457984375 0 0.6875
5 0.884033703125 0.746875 0.884033703125 0.6023757468750001 0.7475149328125 0.6023757468750001 0.7475149328125 0.746875 0.884033703125 0.746875
5 0.8829591515624999 0.6078125 0.8829591515624999 0.75625 0.9998533484375001 0.75625 0.9998533484375001 0.6078125 0.8829591515624999 0.6078125
5 0.2484375 0.7875 0.2484375 0.6176941125 0.054922140625000004 0.6176941125 0.054922140625000004 0.7875 0.2484375 0.7875
5 0.6765625 0.7984375 0.6765625 0.641107615625 0.47200031875 0.641107615625 0.47200031875 0.7984375 0.6765625 0.7984375
5 0.4640625 0.80625 0.4640625 0.64850949375 0.2518291375 0.64850949375 0.2518291375 0.80625 0.4640625 0.80625
5 1 0.20369560468749998 0.88161529375 0.20369560468749998 0.88161529375 0.3 1 0.3 1 0.20369560468749998
5 0.8921875 0.321875 0.8921875 0.196875 0.7009199015625 0.196875 0.7009199015625 0.321875 0.8921875 0.321875
5 0.6359375 0.1615481015625 0.4882385875 0.1615481015625 0.48823858906249995 0.39021704375 0.6359375 0.39021704375 0.6359375 0.1615481015625
5 0.4375 0.3546875 0.4375 0.2269864546875 0.22658383125 0.2269864546875 0.22658383125 0.3546875 0.4375 0.3546875
5 0.028125 0.4203125 0.1858655078125 0.4203125 0.1858655078125 0.20550874531250002 0.028125 0.20550874531250002 0.028125 0.4203125