5 0.6359375 0.3177329 0.580483490625 0.3177329 0.580483490625 0.34682095 0.6359375 0.34682095 0.6359375 0.3177329
5 0.06875 0.3609375 0.06875 0.3134384828125 0.014814268750000002 0.3134384828125 0.014814268750000002 0.3609375 0.06875 0.3609375
5 0.853125 0.3703125 0.853125 0.3138020828125 0.8107409593750001 0.3138020828125 0.8107409593750001 0.3703125 0.853125 0.3703125
5 0.521875 0.43125 0.521875 0.399238403125 0.4712804640625 0.399238403125 0.4712804640625 0.43125 0.521875 0.43125
5 0.42280856875 0.4390625 0.42280856875 0.40261399375 0.3740664296875 0.40261399375 0.3740664296875 0.4390625 0.42280856875 0.4390625
5 0.2796875 0.446875 0.3171875 0.446875 0.3171875 0.3953518078125 0.2796875 0.3953518078125 0.2796875 0.446875
5 0.321875 0.44375 0.371875 0.44375 0.371875 0.402599253125 0.321875 0.402599253125 0.321875 0.44375
5 0.1828125 0.4578125 0.1828125 0.3909443796875 0.13568691093750002 0.3909443796875 0.13568691093750002 0.4578125 0.1828125 0.4578125
5 0.47491647031250006 0.44375 0.47491647031250006 0.407163915625 0.4238158421875 0.407163915625 0.4238158421875 0.44375 0.47491647031250006 0.44375
5 0.58125 0.4421875 0.58125 0.41031348124999995 0.5274715015625 0.41031348124999995 0.5274715015625 0.4421875 0.58125 0.4421875
5 0.7328125 0.4546875 0.7328125 0.399921384375 0.692669025 0.399921384375 0.692669025 0.4546875 0.7328125 0.4546875
5 0.01875 0.4484375 0.0859375 0.4484375 0.0859375 0.407286753125 0.01875 0.407286753125 0.01875 0.4484375
5 0.6734375 0.4546875 0.6734375 0.4034984265625 0.6363502343749999 0.4034984265625 0.6363502343749999 0.4546875 0.6734375 0.4546875
5 0.784375 0.4578125 0.784375 0.40065349843750003 0.7472975640625 0.40065349843750003 0.7472975640625 0.4578125 0.784375 0.4578125
5 0.0875 0.4578125 0.140625 0.4578125 0.140625 0.40729658124999996 0.0875 0.40729658124999996 0.0875 0.4578125
5 0.803125 0.4640625 0.840625 0.4640625 0.840625 0.4033608484375 0.803125 0.4033608484375 0.803125 0.4640625
5 0.3648584890625 0.58101415 0.4104559734375 0.58101415 0.4104559734375 0.5566430812500001 0.3648584890625 0.5566430812500001 0.3648584890625 0.58101415
5 0.2421875 0.5953125 0.2421875 0.546875 0.20474155 0.546875 0.20474155 0.5953125 0.2421875 0.5953125
5 0.463806996875 0.554972484375 0.420568003125 0.554972484375 0.420568003125 0.588777515625 0.463806996875 0.588777515625 0.463806996875 0.554972484375
5 0.2046875 0.554972484375 0.152957940625 0.554972484375 0.152957940625 0.588777515625 0.2046875 0.588777515625 0.2046875 0.554972484375
5 0.290625 0.5984375 0.290625 0.5484375 0.2601513359375 0.5484375 0.2601513359375 0.5984375 0.290625 0.5984375
5 0.3625 0.559674725 0.3140625 0.559674725 0.3140625 0.588762775 0.3625 0.588762775 0.3625 0.559674725
5 0.7828125 0.6046875 0.7828125 0.55393573125 0.7443936718749999 0.55393573125 0.7443936718749999 0.6046875 0.7828125 0.6046875
5 0.7296875 0.56277024375 0.6826601812499999 0.56277024375 0.6826601812499999 0.60129225625 0.7296875 0.60129225625 0.7296875 0.56277024375
5 0.840625 0.603125 0.840625 0.5634139140625 0.78813875625 0.5634139140625 0.78813875625 0.603125 0.840625 0.603125
5 0.14375 0.6226120296875 0.0965261390625 0.6226120296875 0.0965261390625 0.6807881296875 0.14375 0.6807881296875 0.14375 0.6226120296875
5 0.0875 0.68125 0.0875 0.631711871875 0.047356525 0.631711871875 0.047356525 0.68125 0.0875 0.68125
5 0.4203125 0.6765625 0.4203125 0.6409443796875001 0.370022603125 0.6409443796875001 0.370022603125 0.6765625 0.4203125 0.6765625
5 0.4671875 0.678125 0.4671875 0.6425265328124999 0.4226169421875 0.6425265328124999 0.4226169421875 0.678125 0.4671875 0.678125
5 0.20625 0.68125 0.20625 0.640099253125 0.15922268125 0.640099253125 0.15922268125 0.68125 0.20625 0.68125
5 0.5125 0.690625 0.5125 0.6359571546875 0.4726316828125 0.6359571546875 0.4726316828125 0.690625 0.5125 0.690625
5 0.31875 0.6796875 0.3671875 0.6796875 0.3671875 0.6451994890625 0.31875 0.6451994890625 0.31875 0.6796875
5 0.2171875 0.6890625 0.25 0.6890625 0.25 0.6394408406250001 0.2171875 0.6394408406250001 0.2171875 0.6890625
5 0.3078125 0.69375 0.3078125 0.6390625 0.270568003125 0.6390625 0.270568003125 0.69375 0.3078125 0.69375
5 0.615625 0.6921875 0.615625 0.6444722875 0.5767688671875 0.6444722875 0.5767688671875 0.6921875 0.615625 0.6921875
5 0.6703125 0.696875 0.6703125 0.6421285375 0.630395046875 0.6421285375 0.630395046875 0.696875 0.6703125 0.696875
5 0.7296875 0.6875 0.7296875 0.65105149375 0.677957940625 0.65105149375 0.677957940625 0.6875 0.7296875 0.6875
5 0.521875 0.69375 0.5703125 0.69375 0.5703125 0.64672268125 0.521875 0.64672268125 0.521875 0.69375
5 0.73125 0.690625 0.7765625 0.690625 0.7765625 0.658878734375 0.73125 0.658878734375 0.73125 0.690625
5 0.4109375 0.8875 0.4109375 0.8299036953125001 0.37274469374999997 0.8299036953125001 0.37274469374999997 0.8875 0.4109375 0.8875
5 0.4625 0.8859375 0.4625 0.8411261796874999 0.4178704796875 0.8411261796874999 0.4178704796875 0.8859375 0.4625 0.8859375
5 0.509375 0.88125 0.509375 0.8458431609374999 0.4574489 0.8458431609374999 0.4574489 0.88125 0.509375 0.88125
5 0.5558716578125 0.890625 0.5558716578125 0.8426051484375 0.5173496453124999 0.8426051484375 0.5173496453124999 0.890625 0.5558716578125 0.890625
5 0.60625 0.8455680031249999 0.565625 0.8455680031249999 0.565625 0.8888069968750001 0.60625 0.8888069968750001 0.60625 0.8455680031249999
5 0.6546875 0.84714524375 0.61745774375 0.84714524375 0.61745774375 0.88566725625 0.6546875 0.88566725625 0.6546875 0.84714524375
5 0.753125 0.8875 0.753125 0.8475284984375 0.7092325078124999 0.8475284984375 0.7092325078124999 0.8875 0.753125 0.8875
5 0.703125 0.8518180031249999 0.65609768125 0.8518180031249999 0.65609768125 0.8950569968750001 0.703125 0.8950569968750001 0.703125 0.8518180031249999
5 0.796875 0.8600284984375 0.755724253125 0.8600284984375 0.755724253125 0.9009090015625001 0.796875 0.9009090015625001 0.796875 0.8600284984375
5 0.6390625 0.1384139140625 0.5938237015625 0.1384139140625 0.5938237015625 0.196590015625 0.6390625 0.196590015625 0.6390625 0.1384139140625
5 0.7671875 0.1875 0.7671875 0.14610357812500002 0.705896225 0.14610357812500002 0.705896225 0.1875 0.7671875 0.1875
5 0.815625 0.1984375 0.815625 0.1390625 0.773697915625 0.1390625 0.7736979171875 0.1984375 0.815625 0.1984375
5 0.578125 0.1984375 0.578125 0.1453125 0.5333185921875 0.1453125 0.5333185921875 0.1984375 0.578125 0.1984375
5 0.7 0.203125 0.7 0.14260515 0.6478871859375 0.14260515 0.6478871859375 0.203125 0.7 0.203125
5 0.8734375 0.2015625 0.8734375 0.1428213453125 0.83166765 0.1428213453125 0.83166765 0.2015625 0.8734375 0.2015625
5 0.3092669015625 0.353125 0.3092669015625 0.30018671406249997 0.27546187031249997 0.30018671406249997 0.27546187031249997 0.353125 0.3092669015625 0.353125
5 0.171875 0.3578125 0.171875 0.298157428125 0.1406250015625 0.298157428125 0.1406250015625 0.3578125 0.171875 0.3578125
5 0.409375 0.3041273578125 0.37863600625 0.3041273578125 0.37863600625 0.352869496875 0.409375 0.352869496875 0.409375 0.3041273578125
5 0.3609375 0.353125 0.3609375 0.303125 0.3302869484375 0.303125 0.3302869484375 0.353125 0.3609375 0.353125
5 0.5125 0.353125 0.5125 0.305399959375 0.47905856875 0.305399959375 0.47905856875 0.353125 0.5125 0.353125
5 0.5686812109375 0.35625 0.5686812109375 0.3033903296875 0.5348761796875 0.3033903296875 0.5348761796875 0.35625 0.5686812109375 0.35625
5 0.7453125 0.316150746875 0.6896521234375 0.316150746875 0.6896521234375 0.34523879687500003 0.7453125 0.34523879687500003 0.7453125 0.316150746875
5 0.790625 0.3609375 0.790625 0.2992727984375 0.7526385609374999 0.2992727984375 0.7526385609374999 0.3609375 0.790625 0.3609375
5 0.45625 0.3578125 0.45625 0.3046875 0.42558962187500005 0.3046875 0.4255896234375 0.3578125 0.45625 0.3578125