5 0.65859375 0.353125 0.65859375 0.332421875 0.615625 0.332421875 0.615625 0.353125 0.65859375 0.353125
5 0.551171875 0.321875 0.551171875 0.3671875 0.5796875 0.3671875 0.5796875 0.321875 0.551171875 0.321875
5 0.5796875 0.315625 0.5796875 0.3734375 0.6015625 0.3734375 0.6015625 0.315625 0.5796875 0.315625
5 0.278125 0.3234375 0.278125 0.36875 0.3 0.36875 0.3 0.3234375 0.278125 0.3234375
5 0.253125 0.321875 0.253125 0.3703125 0.2796875 0.3703125 0.2796875 0.321875 0.253125 0.321875
5 0.6046875 0.321875 0.6046875 0.3703125 0.6265625 0.3703125 0.6265625 0.321875 0.6046875 0.321875
5 0.65 0.3234375 0.65 0.36875 0.671875 0.36875 0.671875 0.3234375 0.65 0.3234375
5 0.55625 0.3703125 0.55625 0.319921875 0.528515625 0.319921875 0.528515625 0.3703125 0.55625 0.3703125
5 0.71875 0.325390625 0.696875 0.325390625 0.696875 0.3671875 0.71875 0.3671875 0.71875 0.325390625
5 0.240625 0.359375 0.240625 0.33359375 0.18828125 0.33359375 0.18828125 0.359375 0.240625 0.359375
5 0.671484375 0.325 0.671484375 0.3703125 0.6953125 0.3703125 0.6953125 0.325 0.671484375 0.325
5 0.3625 0.3578125 0.3625 0.33671875 0.31484375 0.33671875 0.31484375 0.3578125 0.3625 0.3578125
5 0.3265625 0.3734375 0.3265625 0.323046875 0.302734375 0.323046875 0.302734375 0.3734375 0.3265625 0.3734375
5 0.215234375 0.3359375 0.215234375 0.3640625 0.2625 0.3640625 0.2625 0.3359375 0.215234375 0.3359375
5 0.7515625 0.388671875 0.734375 0.388671875 0.734375 0.4265625 0.7515625 0.4265625 0.7515625 0.388671875
5 0.4234375 0.390625 0.4234375 0.43125 0.446875 0.43125 0.446875 0.390625 0.4234375 0.390625
5 0.403125 0.390625 0.403125 0.428125 0.425 0.428125 0.425 0.390625 0.403125 0.390625
5 0.590625 0.393359375 0.5734375 0.393359375 0.5734375 0.4265625 0.590625 0.4265625 0.590625 0.393359375
5 0.6453125 0.4171875 0.6453125 0.401171875 0.60859375 0.401171875 0.60859375 0.4171875 0.6453125 0.4171875
5 0.7421875 0.4203125 0.7421875 0.39921875 0.69765625 0.39921875 0.69765625 0.4203125 0.7421875 0.4203125
5 0.3859375 0.421875 0.3859375 0.40078125 0.35078125 0.40078125 0.35078125 0.421875 0.3859375 0.421875
5 0.3046875 0.4296875 0.3046875 0.391796875 0.285546875 0.391796875 0.285546875 0.4296875 0.3046875 0.4296875
5 0.665625 0.421875 0.665625 0.40078125 0.63046875 0.40078125 0.63046875 0.421875 0.665625 0.421875
5 0.365625 0.4203125 0.365625 0.40234375 0.321484375 0.40234375 0.321484375 0.4203125 0.365625 0.4203125
5 0.4015625 0.4296875 0.4015625 0.391796875 0.377734375 0.391796875 0.377734375 0.4296875 0.4015625 0.4296875
5 0.478125 0.421875 0.478125 0.400390625 0.440625 0.400390625 0.440625 0.421875 0.478125 0.421875
5 0.594921875 0.3953125 0.594921875 0.43125 0.6140625 0.43125 0.6140625 0.3953125 0.594921875 0.3953125
5 0.3 0.4015625 0.3 0.4234375 0.340625 0.4234375 0.340625 0.4015625 0.3 0.4015625
5 0.493359375 0.4015625 0.493359375 0.425 0.5328125 0.425 0.5328125 0.4015625 0.493359375 0.4015625
5 0.5453125 0.4265625 0.5453125 0.398828125 0.534765625 0.398828125 0.534765625 0.4265625 0.5453125 0.4265625
5 0.225 0.403125 0.225 0.425 0.265625 0.425 0.265625 0.403125 0.225 0.403125
5 0.249609375 0.4015625 0.249609375 0.425 0.2890625 0.425 0.2890625 0.4015625 0.249609375 0.4015625
5 0.206640625 0.3953125 0.206640625 0.4359375 0.2296875 0.4359375 0.2296875 0.3953125 0.206640625 0.3953125
5 0.539453125 0.40625 0.539453125 0.425 0.5796875 0.425 0.5796875 0.40625 0.539453125 0.40625
5 0.623828125 0.4421875 0.623828125 0.4609375 0.6640625 0.4609375 0.6640625 0.4421875 0.623828125 0.4421875
5 0.73125 0.471875 0.75 0.471875 0.75 0.4296875 0.73125 0.4296875 0.73125 0.471875
5 0.3875 0.4609375 0.3875 0.442578125 0.350390625 0.442578125 0.350390625 0.4609375 0.3875 0.4609375
5 0.59375 0.43125 0.59375 0.471875 0.6125 0.471875 0.6125 0.43125 0.59375 0.43125
5 0.459375 0.4609375 0.459375 0.440234375 0.4171875 0.440234375 0.4171875 0.4609375 0.459375 0.4609375
5 0.39375 0.4421875 0.39375 0.4640625 0.434375 0.4640625 0.434375 0.4421875 0.39375 0.4421875
5 0.5625 0.4625 0.6 0.4625 0.6 0.444140625 0.5625 0.444140625 0.5625 0.4625
5 0.7390625 0.441796875 0.69609375 0.441796875 0.69609375 0.4625 0.7390625 0.4625 0.7390625 0.441796875
5 0.528515625 0.4328125 0.528515625 0.4734375 0.546875 0.4734375 0.546875 0.4328125 0.528515625 0.4328125
5 0.578125 0.442578125 0.540625 0.442578125 0.540625 0.4640625 0.578125 0.4640625 0.578125 0.442578125
5 0.4796875 0.44375 0.439453125 0.44375 0.439453125 0.4625 0.4796875 0.4625 0.4796875 0.44375
5 0.5328125 0.442578125 0.4953125 0.442578125 0.4953125 0.4640625 0.5328125 0.4640625 0.5328125 0.442578125
5 0.4921875 0.436328125 0.478125 0.436328125 0.478125 0.4734375 0.4921875 0.4734375 0.4921875 0.436328125
5 0.380078125 0.434375 0.380078125 0.475 0.403125 0.475 0.403125 0.434375 0.380078125 0.434375
5 0.353125 0.436328125 0.33125 0.436328125 0.33125 0.4734375 0.353125 0.4734375 0.353125 0.436328125
5 0.5375 0.4640625 0.5375 0.443359375 0.49609375 0.443359375 0.49609375 0.4640625 0.5375 0.4640625
5 0.2375 0.4359375 0.2375 0.4765625 0.259375 0.4765625 0.259375 0.4359375 0.2375 0.4359375
5 0.3078125 0.436328125 0.2859375 0.436328125 0.2859375 0.4734375 0.3078125 0.4734375 0.3078125 0.436328125
5 0.259765625 0.4375 0.259765625 0.478125 0.2828125 0.478125 0.2828125 0.4375 0.259765625 0.4375
5 0.2453125 0.46875 0.2453125 0.44765625 0.20078125 0.44765625 0.20078125 0.46875 0.2453125 0.46875
5 0.6984375 0.49375 0.6984375 0.5296875 0.7203125 0.5296875 0.7203125 0.49375 0.6984375 0.49375
5 0.65625 0.501953125 0.61875 0.501953125 0.61875 0.5234375 0.65625 0.5234375 0.65625 0.501953125
5 0.75625 0.503515625 0.714453125 0.503515625 0.714453125 0.523046875 0.75625 0.523046875 0.75625 0.503515625
5 0.5015625 0.487890625 0.4796875 0.487890625 0.4796875 0.5375 0.5015625 0.5375 0.5015625 0.487890625
5 0.6796875 0.5234375 0.6796875 0.502734375 0.6375 0.502734375 0.6375 0.5234375 0.6796875 0.5234375
5 0.703125 0.5265625 0.703125 0.504296875 0.666015625 0.504296875 0.666015625 0.5265625 0.703125 0.5265625
5 0.522265625 0.5046875 0.522265625 0.528125 0.5671875 0.528125 0.5671875 0.5046875 0.522265625 0.5046875
5 0.5375 0.5265625 0.5375 0.508203125 0.487890625 0.508203125 0.487890625 0.5265625 0.5375 0.5265625
5 0.3828125 0.5390625 0.40625 0.5390625 0.40625 0.497265625 0.3828125 0.497265625 0.3828125 0.5390625
5 0.546875 0.534375 0.546875 0.501953125 0.528515625 0.501953125 0.528515625 0.534375 0.546875 0.534375
5 0.354296875 0.509375 0.354296875 0.52890625 0.3984375 0.52890625 0.3984375 0.509375 0.354296875 0.509375
5 0.430859375 0.496875 0.430859375 0.5421875 0.4546875 0.5421875 0.4546875 0.496875 0.430859375 0.496875
5 0.45625 0.4984375 0.45625 0.540625 0.4734375 0.540625 0.4734375 0.4984375 0.45625 0.4984375
5 0.271875 0.5328125 0.271875 0.505078125 0.230859375 0.505078125 0.230859375 0.5328125 0.271875 0.5328125
5 0.3 0.53125 0.3 0.5078125 0.258203125 0.5078125 0.258203125 0.53125 0.3 0.53125
5 0.240625 0.5328125 0.240625 0.51171875 0.20546875 0.51171875 0.20546875 0.5328125 0.240625 0.5328125
5 0.3109375 0.546875 0.3109375 0.497265625 0.287109375 0.497265625 0.287109375 0.546875 0.3109375 0.546875
5 0.6890625 0.5625 0.7265625 0.5625 0.7265625 0.543359375 0.6890625 0.543359375 0.6890625 0.5625
5 0.55625 0.5359375 0.55625 0.571875 0.578125 0.571875 0.578125 0.5359375 0.55625 0.5359375
5 0.5984375 0.571875 0.5984375 0.534375 0.580078125 0.534375 0.580078125 0.571875 0.5984375 0.571875
5 0.64375 0.5453125 0.64375 0.5625 0.6796875 0.5625 0.6796875 0.5453125 0.64375 0.5453125
5 0.7515625 0.5453125 0.711328125 0.5453125 0.711328125 0.5640625 0.7515625 0.5640625 0.7515625 0.5453125
5 0.64375 0.571875 0.64375 0.534765625 0.625390625 0.534765625 0.625390625 0.571875 0.64375 0.571875
5 0.6203125 0.5734375 0.6203125 0.536328125 0.601953125 0.536328125 0.601953125 0.5734375 0.6203125 0.5734375
5 0.523046875 0.546875 0.523046875 0.565625 0.5578125 0.565625 0.5578125 0.546875 0.523046875 0.546875
5 0.7078125 0.5671875 0.7078125 0.54609375 0.66015625 0.54609375 0.66015625 0.5671875 0.7078125 0.5671875
5 0.465625 0.545703125 0.42265625 0.545703125 0.42265625 0.571875 0.465625 0.571875 0.465625 0.545703125
5 0.41875 0.5703125 0.41875 0.549609375 0.37734375 0.549609375 0.37734375 0.5703125 0.41875 0.5703125
5 0.40625 0.5359375 0.40625 0.584375 0.4328125 0.584375 0.4328125 0.5359375 0.40625 0.5359375
5 0.303125 0.5484375 0.303125 0.575 0.3515625 0.575 0.3515625 0.5484375 0.303125 0.5484375
5 0.326953125 0.55 0.326953125 0.5734375 0.375 0.5734375 0.375 0.55 0.326953125 0.55
5 0.2890625 0.575 0.2890625 0.54921875 0.24921875 0.54921875 0.24921875 0.575 0.2890625 0.575
5 0.3640625 0.54375 0.3640625 0.58125 0.3859375 0.58125 0.3859375 0.54375 0.3640625 0.54375
5 0.325 0.575 0.325 0.553515625 0.2875 0.553515625 0.2875 0.575 0.325 0.575
5 0.2734375 0.551953125 0.23046875 0.551953125 0.23046875 0.578125 0.2734375 0.578125 0.2734375 0.551953125
5 0.4828125 0.5765625 0.4828125 0.553515625 0.440234375 0.553515625 0.440234375 0.5765625 0.4828125 0.5765625
5 0.496875 0.5859375 0.496875 0.543359375 0.473828125 0.543359375 0.473828125 0.5859375 0.496875 0.5859375
5 0.5328125 0.553515625 0.495703125 0.553515625 0.495703125 0.577734375 0.5328125 0.577734375 0.5328125 0.553515625
5 0.2484375 0.58125 0.2484375 0.551171875 0.20703125 0.551171875 0.20703125 0.58125 0.2484375 0.58125
5 0.778125 0.60625 0.742578125 0.60625 0.742578125 0.6171875 0.778125 0.6171875 0.778125 0.60625
5 0.7328125 0.5953125 0.7328125 0.63125 0.7546875 0.63125 0.7546875 0.5953125 0.7328125 0.5953125
5 0.4375 0.6375 0.4375 0.595703125 0.414453125 0.595703125 0.414453125 0.6375 0.4375 0.6375
5 0.33125 0.60625 0.33125 0.6328125 0.3796875 0.6328125 0.3796875 0.60625 0.33125 0.60625
5 0.4203125 0.63125 0.4203125 0.608984375 0.382421875 0.608984375 0.382421875 0.63125 0.4203125 0.63125
5 0.334375 0.63125 0.334375 0.6125 0.284765625 0.6125 0.284765625 0.63125 0.334375 0.63125
5 0.3578125 0.6140625 0.3578125 0.6359375 0.3984375 0.6359375 0.3984375 0.6140625 0.3578125 0.6140625
5 0.3234375 0.6046875 0.3234375 0.65 0.3453125 0.65 0.3453125 0.6046875 0.3234375 0.6046875
5 0.224609375 0.6046875 0.224609375 0.65 0.2484375 0.65 0.2484375 0.6046875 0.224609375 0.6046875
5 0.251171875 0.60625 0.251171875 0.646875 0.2703125 0.646875 0.2703125 0.60625 0.251171875 0.60625
5 0.3015625 0.608203125 0.275 0.608203125 0.275 0.65 0.3015625 0.65 0.3015625 0.608203125
5 0.784375 0.659375 0.784375 0.640625 0.744140625 0.640625 0.744140625 0.659375 0.784375 0.659375
5 0.7546875 0.632421875 0.7328125 0.632421875 0.7328125 0.6703125 0.7546875 0.6703125 0.7546875 0.632421875
5 0.403125 0.671875 0.4453125 0.671875 0.4453125 0.648046875 0.403125 0.648046875 0.403125 0.671875
5 0.3046875 0.671875 0.3046875 0.64921875 0.265234375 0.64921875 0.265234375 0.671875 0.3046875 0.671875
5 0.367578125 0.6453125 0.367578125 0.6765625 0.390625 0.6765625 0.390625 0.6453125 0.367578125 0.6453125
5 0.41875 0.6734375 0.41875 0.651171875 0.381640625 0.651171875 0.381640625 0.6734375 0.41875 0.6734375
5 0.2953125 0.6453125 0.2953125 0.6859375 0.3171875 0.6859375 0.3171875 0.6453125 0.2953125 0.6453125
5 0.28515625 0.675 0.28515625 0.654296875 0.2421875 0.654296875 0.2421875 0.675 0.28515625 0.675
5 0.353125 0.651953125 0.31015625 0.651953125 0.31015625 0.678125 0.353125 0.678125 0.353125 0.651953125
5 0.3765625 0.678125 0.3765625 0.651953125 0.334375 0.651953125 0.334375 0.678125 0.3765625 0.678125
5 0.25625 0.6828125 0.25625 0.65234375 0.22109375 0.65234375 0.22109375 0.6828125 0.25625 0.6828125
5 0.57734375 0.734375 0.57734375 0.718359375 0.5390625 0.718359375 0.5390625 0.734375 0.57734375 0.734375
5 0.51875 0.7375 0.55625 0.7375 0.55625 0.719140625 0.51875 0.719140625 0.51875 0.7375
5 0.5609375 0.7375 0.5984375 0.7375 0.5984375 0.718359375 0.5609375 0.718359375 0.5609375 0.7375
5 0.6859375 0.7890625 0.6859375 0.7703125 0.658203125 0.7703125 0.658203125 0.7890625 0.6859375 0.7890625
5 0.683203125 0.765625 0.683203125 0.796875 0.7015625 0.796875 0.7015625 0.765625 0.683203125 0.765625
5 0.634375 0.7703125 0.634375 0.7921875 0.665625 0.7921875 0.665625 0.7703125 0.634375 0.7703125
5 0.571875 0.775 0.571875 0.7921875 0.5984375 0.7921875 0.5984375 0.775 0.571875 0.775
5 0.6453125 0.773828125 0.61171875 0.773828125 0.61171875 0.790625 0.6453125 0.790625 0.6453125 0.773828125
5 0.5578125 0.7703125 0.5578125 0.8015625 0.575 0.8015625 0.575 0.7703125 0.5578125 0.7703125
5 0.534375 0.7734375 0.534375 0.80625 0.55625 0.80625 0.55625 0.7734375 0.534375 0.7734375
5 0.5828125 0.2296875 0.5828125 0.2875 0.60625 0.2875 0.60625 0.2296875 0.5828125 0.2296875
5 0.6296875 0.290625 0.6296875 0.2265625 0.606640625 0.2265625 0.606640625 0.290625 0.6296875 0.290625
5 0.514453125 0.240625 0.514453125 0.278125 0.5671875 0.278125 0.5671875 0.240625 0.514453125 0.240625
5 0.561328125 0.2328125 0.561328125 0.2859375 0.584375 0.2859375 0.584375 0.2328125 0.561328125 0.2328125