5 0.316796875 0.51875 0.316796875 0.571875 0.4171875 0.571875 0.4171875 0.51875 0.316796875 0.51875
5 0.7578125 0.503125 0.7578125 0.5921875 0.803125 0.5921875 0.803125 0.503125 0.7578125 0.503125
5 0.5 0.5984375 0.5 0.498046875 0.446484375 0.498046875 0.446484375 0.5984375 0.5 0.5984375
5 0.2671875 0.5984375 0.2671875 0.503125 0.212890625 0.503125 0.212890625 0.5984375 0.2671875 0.5984375
5 0.7046875 0.5984375 0.7046875 0.503515625 0.640234375 0.503515625 0.640234375 0.5984375 0.7046875 0.5984375
5 0.8765625 0.7015625 0.8765625 0.651171875 0.812109375 0.651171875 0.812109375 0.7015625 0.8765625 0.7015625
5 0.615625 0.675390625 0.5359375 0.675390625 0.5359375 0.7390625 0.615625 0.7390625 0.615625 0.675390625
5 0.7921875 0.67265625 0.725390625 0.67265625 0.725390625 0.759375 0.7921875 0.759375 0.7921875 0.67265625
5 0.9140625 0.6796875 0.9140625 0.753125 0.9984375 0.753125 0.9984375 0.6796875 0.9140625 0.6796875
5 0.396875 0.7765625 0.396875 0.68359375 0.33046875 0.68359375 0.33046875 0.7765625 0.396875 0.7765625
5 0.423046875 0.703125 0.423046875 0.775 0.5140625 0.775 0.5140625 0.703125 0.423046875 0.703125
5 0.209375 0.7140625 0.209375 0.790625 0.2984375 0.790625 0.2984375 0.7140625 0.209375 0.7140625
5 0.6390625 0.18125 0.6390625 0.265625 0.7546875 0.265625 0.7546875 0.18125 0.6390625 0.18125
5 0.27109375 0.2828125 0.27109375 0.163671875 0.1703125 0.163671875 0.1703125 0.2828125 0.27109375 0.2828125
5 0.3859375 0.2765625 0.3859375 0.169921875 0.29609375 0.169921875 0.29609375 0.2765625 0.3859375 0.2765625
5 0.5265625 0.18125 0.5265625 0.2703125 0.634375 0.2703125 0.634375 0.18125 0.5265625 0.18125
5 0.505859375 0.2828125 0.505859375 0.166015625 0.414453125 0.166015625 0.414453125 0.2828125 0.505859375 0.2828125
5 0.758203125 0.1875 0.758203125 0.2671875 0.875 0.2671875 0.875 0.1875 0.758203125 0.1875