5 0.41796875 0.3171875 0.3625 0.3171875 0.3625 0.34609375 0.41796875 0.34609375 0.41796875 0.3171875
5 0.98046875 0.3125 0.925 0.3125 0.925 0.3609375 0.98046875 0.3609375 0.98046875 0.3125
5 0.196875 0.3203125 0.1390625 0.3203125 0.1390625 0.36328125 0.196875 0.36328125 0.196875 0.3203125
5 0.52734375 0.3984375 0.4765625 0.3984375 0.4765625 0.43203125 0.52734375 0.43203125 0.52734375 0.3984375
5 0.6234375 0.4015625 0.575 0.4015625 0.575 0.43984375 0.6234375 0.43984375 0.6234375 0.4015625
5 0.725 0.4015625 0.671875 0.4015625 0.671875 0.43984375 0.725 0.43984375 0.725 0.4015625
5 0.67578125 0.4015625 0.625 0.4015625 0.625 0.44453125 0.67578125 0.44453125 0.67578125 0.4015625
5 0.8703125 0.4 0.803125 0.4 0.803125 0.4484375 0.8703125 0.4484375 0.8703125 0.4
5 0.57421875 0.40625 0.5234375 0.40625 0.5234375 0.44453125 0.57421875 0.44453125 0.57421875 0.40625
5 0.47109375 0.409375 0.415625 0.409375 0.415625 0.44296875 0.47109375 0.44296875 0.47109375 0.409375
5 0.31484375 0.40625 0.259375 0.40625 0.259375 0.446875 0.31484375 0.446875 0.31484375 0.40625
5 0.9765625 0.40625 0.909375 0.40625 0.909375 0.44921875 0.9765625 0.44921875 0.9765625 0.40625
5 0.3703125 0.409375 0.3171875 0.409375 0.3171875 0.44765625 0.3703125 0.44765625 0.3703125 0.409375
5 0.2625 0.409375 0.2046875 0.409375 0.2046875 0.44765625 0.2625 0.44765625 0.2625 0.409375
5 0.90703125 0.4046875 0.85625 0.4046875 0.85625 0.4578125 0.90703125 0.4578125 0.90703125 0.4046875
5 0.209375 0.4140625 0.146875 0.4140625 0.146875 0.45234375 0.209375 0.45234375 0.209375 0.4140625
5 0.6328125 0.5546875 0.5875 0.5546875 0.5875 0.57890625 0.6328125 0.57890625 0.6328125 0.5546875
5 0.796875 0.55 0.7484375 0.55 0.7484375 0.58828125 0.796875 0.58828125 0.796875 0.55
5 0.57734375 0.553125 0.534375 0.553125 0.534375 0.58671875 0.57734375 0.58671875 0.57734375 0.553125
5 0.84375 0.553125 0.790625 0.553125 0.790625 0.58671875 0.84375 0.58671875 0.84375 0.553125
5 0.74609375 0.55625 0.6953125 0.55625 0.6953125 0.5875 0.74609375 0.5875 0.74609375 0.55625
5 0.6828125 0.5578125 0.634375 0.5578125 0.634375 0.58671875 0.6828125 0.58671875 0.6828125 0.5578125
5 0.26171875 0.5578125 0.2109375 0.5578125 0.2109375 0.59609375 0.26171875 0.59609375 0.26171875 0.5578125
5 0.3171875 0.5609375 0.26875 0.5609375 0.26875 0.59921875 0.3171875 0.59921875 0.3171875 0.5609375
5 0.2125 0.5609375 0.159375 0.5609375 0.159375 0.6015625 0.2125 0.6015625 0.2125 0.5609375
5 0.9046875 0.625 0.846875 0.625 0.846875 0.6734375 0.9046875 0.6734375 0.9046875 0.625
5 0.95390625 0.634375 0.903125 0.634375 0.903125 0.675 0.95390625 0.675 0.95390625 0.634375
5 0.62734375 0.6390625 0.5765625 0.6390625 0.5765625 0.675 0.62734375 0.675 0.62734375 0.6390625
5 0.575 0.640625 0.5296875 0.640625 0.5296875 0.6765625 0.575 0.6765625 0.575 0.640625
5 0.8375 0.6375 0.7890625 0.6375 0.7890625 0.68046875 0.8375 0.68046875 0.8375 0.6375
5 0.53359375 0.640625 0.478125 0.640625 0.478125 0.68125 0.53359375 0.68125 0.53359375 0.640625
5 0.678125 0.6421875 0.6296875 0.6421875 0.6296875 0.678125 0.678125 0.678125 0.678125 0.6421875
5 0.78828125 0.6453125 0.7375 0.6453125 0.7375 0.67890625 0.78828125 0.67890625 0.78828125 0.6453125
5 0.73515625 0.6453125 0.6796875 0.6453125 0.6796875 0.68359375 0.73515625 0.68359375 0.73515625 0.6453125
5 0.4265625 0.6453125 0.378125 0.6453125 0.378125 0.6859375 0.4265625 0.6859375 0.4265625 0.6453125
5 0.37578125 0.646875 0.3203125 0.646875 0.3203125 0.6875 0.37578125 0.6875 0.37578125 0.646875
5 0.321875 0.6484375 0.26875 0.6484375 0.26875 0.68671875 0.321875 0.68671875 0.321875 0.6484375
5 0.4765625 0.64375 0.428125 0.64375 0.428125 0.6921875 0.4765625 0.6921875 0.4765625 0.64375
5 0.26875 0.65625 0.2234375 0.65625 0.2234375 0.68984375 0.26875 0.68984375 0.26875 0.65625
5 0.634375 0.8359375 0.5765625 0.8359375 0.5765625 0.87421875 0.634375 0.87421875 0.634375 0.8359375
5 0.5796875 0.8375 0.534375 0.8375 0.534375 0.8828125 0.5796875 0.8828125 0.5796875 0.8375
5 0.540625 0.8421875 0.4875 0.8421875 0.4875 0.878125 0.540625 0.878125 0.540625 0.8421875
5 0.4859375 0.84375 0.4375 0.84375 0.4375 0.88203125 0.4859375 0.88203125 0.4859375 0.84375
5 0.4328125 0.8421875 0.3921875 0.8421875 0.3921875 0.88515625 0.4328125 0.88515625 0.4328125 0.8421875
5 0.38203125 0.84375 0.34375 0.84375 0.34375 0.88203125 0.38203125 0.88203125 0.38203125 0.84375
5 0.290625 0.84375 0.2453125 0.84375 0.2453125 0.884375 0.290625 0.884375 0.290625 0.84375
5 0.34375 0.8484375 0.2953125 0.8484375 0.2953125 0.89140625 0.34375 0.89140625 0.34375 0.8484375
5 0.24453125 0.85625 0.2015625 0.85625 0.2015625 0.896875 0.24453125 0.896875 0.24453125 0.85625
5 0.4109375 0.1453125 0.353125 0.1453125 0.353125 0.190625 0.4109375 0.190625 0.4109375 0.1453125
5 0.29375 0.146875 0.23125 0.146875 0.23125 0.18984375 0.29375 0.18984375 0.29375 0.146875
5 0.23515625 0.1484375 0.175 0.1484375 0.175 0.19140625 0.23515625 0.19140625 0.23515625 0.1484375
5 0.46875 0.15 0.415625 0.15 0.415625 0.1953125 0.46875 0.1953125 0.46875 0.15
5 0.35546875 0.146875 0.2953125 0.146875 0.2953125 0.2 0.35546875 0.2 0.35546875 0.146875
5 0.17734375 0.1515625 0.1171875 0.1515625 0.1171875 0.19453125 0.17734375 0.19453125 0.17734375 0.1515625
5 0.73125 0.309375 0.678125 0.309375 0.678125 0.34296875 0.73125 0.34296875 0.73125 0.309375
5 0.86953125 0.3125 0.809375 0.3125 0.809375 0.34375 0.86953125 0.34375 0.86953125 0.3125
5 0.628125 0.3125 0.5796875 0.3125 0.5796875 0.34375 0.628125 0.34375 0.628125 0.3125
5 0.67734375 0.3125 0.6265625 0.3125 0.6265625 0.34375 0.67734375 0.34375 0.67734375 0.3125
5 0.5265625 0.3125 0.478125 0.3125 0.478125 0.34609375 0.5265625 0.34609375 0.5265625 0.3125
5 0.4734375 0.3125 0.4203125 0.3125 0.4203125 0.34609375 0.4734375 0.34609375 0.4734375 0.3125
5 0.31015625 0.315625 0.2546875 0.315625 0.2546875 0.34453125 0.31015625 0.34453125 0.31015625 0.315625
5 0.259375 0.3109375 0.196875 0.3109375 0.196875 0.34921875 0.259375 0.34921875 0.259375 0.3109375
5 0.5828125 0.315625 0.5296875 0.315625 0.5296875 0.346875 0.5828125 0.346875 0.5828125 0.315625