5 0.636792453125 0.3176100625 0.5809748421875 0.3176100625 0.5809748421875 0.34669811250000004 0.636792453125 0.34669811250000004 0.636792453125 0.3176100625
5 0.07075471718750001 0.31289308125000004 0.014937106250000002 0.31289308125000004 0.014937106250000002 0.3616352203125 0.07075471718750001 0.3616352203125 0.07075471718750001 0.31289308125000004
5 0.8616352203125001 0.3207547171875 0.80345911875 0.3207547171875 0.80345911875 0.3639937109375 0.8616352203125001 0.3639937109375 0.8616352203125001 0.3207547171875
5 0.522012578125 0.39937106875 0.47091194999999997 0.39937106875 0.47091194999999997 0.4331761 0.522012578125 0.4331761 0.522012578125 0.39937106875
5 0.422955975 0.40251572343750003 0.3742138359375 0.40251572343750003 0.3742138359375 0.44103773593750006 0.422955975 0.44103773593750006 0.422955975 0.40251572343750003
5 0.3254716984375 0.40251572343750003 0.272012578125 0.40251572343750003 0.272012578125 0.44103773593750006 0.3254716984375 0.44103773593750006 0.3254716984375 0.40251572343750003
5 0.372641509375 0.40251572343750003 0.32154088125 0.40251572343750003 0.32154088125 0.44575471718750004 0.372641509375 0.44575471718750004 0.372641509375 0.40251572343750003
5 0.1933962265625 0.40094339687499997 0.1257861640625 0.40094339687499997 0.1257861640625 0.44968553437500003 0.1933962265625 0.44968553437500003 0.1933962265625 0.40094339687499997
5 0.47484276718749996 0.40723270468750006 0.4237421390625 0.40723270468750006 0.4237421390625 0.44575471718750004 0.47484276718749996 0.44575471718750004 0.47484276718749996 0.40723270468750006
5 0.5833333328125 0.41037735781249995 0.5275157234375001 0.41037735781249995 0.5275157234375001 0.444182390625 0.5833333328125 0.444182390625 0.5833333328125 0.41037735781249995
5 0.7405660375 0.40723270468750006 0.684748428125 0.40723270468750006 0.684748428125 0.4481132078125 0.7405660375 0.4481132078125 0.7405660375 0.40723270468750006
5 0.08647798749999999 0.40723270468750006 0.018867925 0.40723270468750006 0.018867925 0.4504716984375 0.08647798749999999 0.4504716984375 0.08647798749999999 0.40723270468750006
5 0.6823899375 0.41037735781249995 0.6289308171875 0.41037735781249995 0.6289308171875 0.4488993703125 0.6823899375 0.4488993703125 0.6823899375 0.41037735781249995
5 0.795597484375 0.41037735781249995 0.7374213843749999 0.41037735781249995 0.7374213843749999 0.4488993703125 0.795597484375 0.4488993703125 0.795597484375 0.41037735781249995
5 0.13993710625 0.405660378125 0.08883647812499999 0.405660378125 0.08883647812499999 0.459119496875 0.13993710625 0.459119496875 0.13993710625 0.405660378125
5 0.853773584375 0.4150943390625 0.790880503125 0.4150943390625 0.790880503125 0.45361635156249996 0.853773584375 0.45361635156249996 0.853773584375 0.4150943390625
5 0.41037735781249995 0.5566037734375 0.36477987343749996 0.5566037734375 0.36477987343749996 0.5809748421875 0.41037735781249995 0.5809748421875 0.41037735781249995 0.5566037734375
5 0.2484276734375 0.5518867921874999 0.199685534375 0.5518867921874999 0.199685534375 0.5904088046875 0.2484276734375 0.5904088046875 0.2484276734375 0.5518867921874999
5 0.463836478125 0.555031446875 0.420597484375 0.555031446875 0.420597484375 0.588836478125 0.463836478125 0.588836478125 0.463836478125 0.555031446875
5 0.2059748421875 0.555031446875 0.1525157234375 0.555031446875 0.1525157234375 0.588836478125 0.2059748421875 0.588836478125 0.2059748421875 0.555031446875
5 0.30188679218750003 0.5581761000000001 0.2507861640625 0.5581761000000001 0.2507861640625 0.5896226421875 0.30188679218750003 0.5896226421875 0.30188679218750003 0.5581761000000001
5 0.363207546875 0.559748428125 0.314465409375 0.559748428125 0.314465409375 0.588836478125 0.363207546875 0.588836478125 0.363207546875 0.559748428125
5 0.7893081765625001 0.559748428125 0.738207546875 0.559748428125 0.738207546875 0.598270440625 0.7893081765625001 0.598270440625 0.7893081765625001 0.559748428125
5 0.731132075 0.56289308125 0.6823899375 0.56289308125 0.6823899375 0.60141509375 0.731132075 0.60141509375 0.731132075 0.56289308125
5 0.84119496875 0.56289308125 0.7877358484375 0.56289308125 0.7877358484375 0.6037735843750001 0.84119496875 0.6037735843750001 0.84119496875 0.56289308125
5 0.14937106875 0.627358490625 0.09119496875000001 0.627358490625 0.09119496875000001 0.6761006296875001 0.14937106875 0.6761006296875001 0.14937106875 0.627358490625
5 0.0927672953125 0.636792453125 0.0416666671875 0.636792453125 0.0416666671875 0.67767295625 0.0927672953125 0.67767295625 0.0927672953125 0.636792453125
5 0.42138364843750004 0.641509434375 0.37028301875 0.641509434375 0.37028301875 0.67767295625 0.42138364843750004 0.67767295625 0.42138364843750004 0.641509434375
5 0.468553459375 0.6430817609374999 0.422955975 0.6430817609374999 0.422955975 0.6792452828125 0.468553459375 0.6792452828125 0.468553459375 0.6430817609374999
5 0.20754717031249997 0.63993710625 0.15880503125 0.63993710625 0.15880503125 0.6831761000000001 0.20754717031249997 0.6831761000000001 0.20754717031249997 0.63993710625
5 0.5204402515625 0.6430817609374999 0.46462264218750005 0.6430817609374999 0.46462264218750005 0.6839622640624999 0.5204402515625 0.6839622640624999 0.5204402515625 0.6430817609374999
5 0.367924528125 0.6446540875 0.319182390625 0.6446540875 0.319182390625 0.680817609375 0.367924528125 0.680817609375 0.367924528125 0.6446540875
5 0.2594339625 0.6477987421875 0.20833333281250002 0.6477987421875 0.20833333281250002 0.6816037734375 0.2594339625 0.6816037734375 0.2594339625 0.6477987421875
5 0.3176100625 0.6477987421875 0.261792453125 0.6477987421875 0.261792453125 0.6863207546875 0.3176100625 0.6863207546875 0.3176100625 0.6477987421875
5 0.6210691828125 0.6477987421875 0.57232704375 0.6477987421875 0.57232704375 0.6886792453125 0.6210691828125 0.6886792453125 0.6210691828125 0.6477987421875
5 0.6792452828125 0.6493710687500001 0.6234276734375 0.6493710687500001 0.6234276734375 0.690251571875 0.6792452828125 0.690251571875 0.6792452828125 0.6493710687500001
5 0.731132075 0.650943396875 0.67767295625 0.650943396875 0.67767295625 0.689465409375 0.731132075 0.689465409375 0.731132075 0.650943396875
5 0.5707547171875 0.6462264156249999 0.522012578125 0.6462264156249999 0.522012578125 0.694968553125 0.5707547171875 0.694968553125 0.5707547171875 0.6462264156249999
5 0.776729559375 0.65880503125 0.731132075 0.65880503125 0.731132075 0.6926100625 0.776729559375 0.6926100625 0.776729559375 0.65880503125
5 0.42138364843750004 0.8396226421874999 0.363207546875 0.8396226421874999 0.363207546875 0.8781446546874999 0.42138364843750004 0.8781446546874999 0.42138364843750004 0.8396226421874999
5 0.463836478125 0.84119496875 0.41823899375 0.84119496875 0.41823899375 0.8867924531250001 0.463836478125 0.8867924531250001 0.463836478125 0.84119496875
5 0.5110062890625 0.84591195 0.45754717031250003 0.84591195 0.45754717031250003 0.8820754718750001 0.5110062890625 0.8820754718750001 0.5110062890625 0.84591195
5 0.5613207546875 0.8474842765625 0.5125786156250001 0.8474842765625 0.5125786156250001 0.8860062890625 0.5613207546875 0.8860062890625 0.5613207546875 0.8474842765625
5 0.6069182390625001 0.84591195 0.5660377359375001 0.84591195 0.5660377359375001 0.88915094375 0.6069182390625001 0.88915094375 0.6069182390625001 0.84591195
5 0.655660378125 0.8474842765625 0.6171383640625 0.8474842765625 0.6171383640625 0.8860062890625 0.655660378125 0.8860062890625 0.655660378125 0.8474842765625
5 0.75471698125 0.8474842765625 0.709119496875 0.8474842765625 0.709119496875 0.8883647796874999 0.75471698125 0.8883647796874999 0.75471698125 0.8474842765625
5 0.704402515625 0.8522012578125 0.655660378125 0.8522012578125 0.655660378125 0.8954402515625001 0.704402515625 0.8954402515625001 0.704402515625 0.8522012578125
5 0.7987421390625 0.86006289375 0.7555031453125001 0.86006289375 0.7555031453125001 0.900943396875 0.7987421390625 0.900943396875 0.7987421390625 0.86006289375
5 0.6462264156249999 0.1446540875 0.5880503140625 0.1446540875 0.5880503140625 0.190251571875 0.6462264156249999 0.190251571875 0.6462264156249999 0.1446540875
5 0.768867925 0.146226415625 0.7059748421875 0.146226415625 0.7059748421875 0.189465409375 0.768867925 0.189465409375 0.768867925 0.146226415625
5 0.8254716984374999 0.1477987421875 0.76493710625 0.1477987421875 0.76493710625 0.1910377359375 0.8254716984374999 0.1910377359375 0.8254716984374999 0.1477987421875
5 0.5833333328125 0.14937106875 0.5298742140625 0.14937106875 0.5298742140625 0.194968553125 0.5833333328125 0.194968553125 0.5833333328125 0.14937106875
5 0.704402515625 0.146226415625 0.643867925 0.146226415625 0.643867925 0.199685534375 0.704402515625 0.199685534375 0.704402515625 0.146226415625
5 0.8836477984375 0.150943396875 0.8231132078125001 0.150943396875 0.8231132078125001 0.194182390625 0.8836477984375 0.194182390625 0.8836477984375 0.150943396875
5 0.319182390625 0.309748428125 0.2657232703125 0.309748428125 0.2657232703125 0.343553459375 0.319182390625 0.343553459375 0.319182390625 0.309748428125
5 0.18710691875000002 0.31289308125000004 0.1265723265625 0.31289308125000004 0.1265723265625 0.344339621875 0.18710691875000002 0.344339621875 0.18710691875000002 0.31289308125000004
5 0.41823899375 0.31289308125000004 0.36949685468750004 0.31289308125000004 0.36949685468750004 0.344339621875 0.41823899375 0.344339621875 0.41823899375 0.31289308125000004
5 0.3710691828125 0.31289308125000004 0.319968553125 0.31289308125000004 0.319968553125 0.344339621875 0.3710691828125 0.344339621875 0.3710691828125 0.31289308125000004
5 0.5204402515625 0.31289308125000004 0.47169811250000004 0.31289308125000004 0.47169811250000004 0.34669811250000004 0.5204402515625 0.34669811250000004 0.5204402515625 0.31289308125000004
5 0.5786163515625 0.31289308125000004 0.5251572328125 0.31289308125000004 0.5251572328125 0.34669811250000004 0.5786163515625 0.34669811250000004 0.5786163515625 0.31289308125000004
5 0.74528301875 0.3160377359375 0.689465409375 0.3160377359375 0.689465409375 0.3451257859375 0.74528301875 0.3451257859375 0.74528301875 0.3160377359375
5 0.80345911875 0.3113207546875 0.7405660375 0.3113207546875 0.7405660375 0.3498427671875 0.80345911875 0.3498427671875 0.80345911875 0.3113207546875
5 0.468553459375 0.3160377359375 0.4150943390625 0.3160377359375 0.4150943390625 0.3474842765625 0.468553459375 0.3474842765625 0.468553459375 0.3160377359375