5 0.6484375 0.321875 0.6265625 0.321875 0.6265625 0.36484375 0.6484375 0.36484375 0.6484375 0.321875
5 0.58046875 0.321875 0.5515625 0.321875 0.5515625 0.3671875 0.58046875 0.3671875 0.58046875 0.321875
5 0.6015625 0.315625 0.5796875 0.315625 0.5796875 0.3734375 0.6015625 0.3734375 0.6015625 0.315625
5 0.3 0.3234375 0.278125 0.3234375 0.278125 0.36875 0.3 0.36875 0.3 0.3234375
5 0.2796875 0.321875 0.253125 0.321875 0.253125 0.3703125 0.2796875 0.3703125 0.2796875 0.321875
5 0.6265625 0.321875 0.6046875 0.321875 0.6046875 0.3703125 0.6265625 0.3703125 0.6265625 0.321875
5 0.671875 0.3234375 0.65 0.3234375 0.65 0.36875 0.671875 0.36875 0.671875 0.3234375
5 0.55703125 0.3203125 0.528125 0.3203125 0.528125 0.37109375 0.55703125 0.37109375 0.55703125 0.3203125
5 0.71875 0.325 0.696875 0.325 0.696875 0.36796875 0.71875 0.36796875 0.71875 0.325
5 0.228125 0.3203125 0.2015625 0.3203125 0.2015625 0.3734375 0.228125 0.3734375 0.228125 0.3203125
5 0.69609375 0.325 0.671875 0.325 0.671875 0.3703125 0.69609375 0.3703125 0.69609375 0.325
5 0.35 0.3234375 0.328125 0.3234375 0.328125 0.371875 0.35 0.371875 0.35 0.3234375
5 0.32734375 0.3234375 0.303125 0.3234375 0.303125 0.37421875 0.32734375 0.37421875 0.32734375 0.3234375
5 0.25390625 0.3265625 0.225 0.3265625 0.225 0.375 0.25390625 0.375 0.25390625 0.3265625
5 0.7515625 0.3890625 0.734375 0.3890625 0.734375 0.42734375 0.7515625 0.42734375 0.7515625 0.3890625
5 0.44765625 0.390625 0.4234375 0.390625 0.4234375 0.43125 0.44765625 0.43125 0.44765625 0.390625
5 0.425 0.390625 0.403125 0.390625 0.403125 0.42890625 0.425 0.42890625 0.425 0.390625
5 0.590625 0.39375 0.5734375 0.39375 0.5734375 0.42734375 0.590625 0.42734375 0.590625 0.39375
5 0.6359375 0.390625 0.61875 0.390625 0.61875 0.42890625 0.6359375 0.42890625 0.6359375 0.390625
5 0.73125 0.3875 0.709375 0.3875 0.709375 0.4328125 0.73125 0.4328125 0.73125 0.3875
5 0.3796875 0.39375 0.3578125 0.39375 0.3578125 0.4296875 0.3796875 0.4296875 0.3796875 0.39375
5 0.30546875 0.3921875 0.2859375 0.3921875 0.2859375 0.43046875 0.30546875 0.43046875 0.30546875 0.3921875
5 0.659375 0.39375 0.6375 0.39375 0.6375 0.4296875 0.659375 0.4296875 0.659375 0.39375
5 0.35390625 0.3890625 0.334375 0.3890625 0.334375 0.434375 0.35390625 0.434375 0.35390625 0.3890625
5 0.40234375 0.3921875 0.378125 0.3921875 0.378125 0.43046875 0.40234375 0.43046875 0.40234375 0.3921875
5 0.4703125 0.3921875 0.4484375 0.3921875 0.4484375 0.43046875 0.4703125 0.43046875 0.4703125 0.3921875
5 0.61484375 0.3953125 0.5953125 0.3953125 0.5953125 0.43125 0.61484375 0.43125 0.61484375 0.3953125
5 0.33125 0.3921875 0.309375 0.3921875 0.309375 0.4328125 0.33125 0.4328125 0.33125 0.3921875
5 0.52578125 0.39375 0.5015625 0.39375 0.5015625 0.434375 0.52578125 0.434375 0.52578125 0.39375
5 0.54609375 0.3984375 0.534375 0.3984375 0.534375 0.42734375 0.54609375 0.42734375 0.54609375 0.3984375
5 0.25625 0.39375 0.234375 0.39375 0.234375 0.434375 0.25625 0.434375 0.25625 0.39375
5 0.28203125 0.39375 0.2578125 0.39375 0.2578125 0.434375 0.28203125 0.434375 0.28203125 0.39375
5 0.23046875 0.3953125 0.20625 0.3953125 0.20625 0.4359375 0.23046875 0.4359375 0.23046875 0.3953125
5 0.56953125 0.3953125 0.55 0.3953125 0.55 0.4359375 0.56953125 0.4359375 0.56953125 0.3953125
5 0.65390625 0.43125 0.634375 0.43125 0.634375 0.471875 0.65390625 0.471875 0.65390625 0.43125
5 0.75078125 0.4296875 0.73125 0.4296875 0.73125 0.47265625 0.75078125 0.47265625 0.75078125 0.4296875
5 0.37890625 0.4328125 0.359375 0.4328125 0.359375 0.47109375 0.37890625 0.47109375 0.37890625 0.4328125
5 0.61328125 0.43125 0.59375 0.43125 0.59375 0.471875 0.61328125 0.471875 0.61328125 0.43125
5 0.45 0.4296875 0.428125 0.4296875 0.428125 0.47265625 0.45 0.47265625 0.45 0.4296875
5 0.425 0.4328125 0.403125 0.4328125 0.403125 0.4734375 0.425 0.4734375 0.425 0.4328125
5 0.59140625 0.434375 0.571875 0.434375 0.571875 0.47265625 0.59140625 0.47265625 0.59140625 0.434375
5 0.728125 0.43125 0.70625 0.43125 0.70625 0.47421875 0.728125 0.47421875 0.728125 0.43125
5 0.54765625 0.4328125 0.528125 0.4328125 0.528125 0.4734375 0.54765625 0.4734375 0.54765625 0.4328125
5 0.5703125 0.434375 0.5484375 0.434375 0.5484375 0.47265625 0.5703125 0.47265625 0.5703125 0.434375
5 0.46953125 0.4328125 0.45 0.4328125 0.45 0.4734375 0.46953125 0.4734375 0.46953125 0.4328125
5 0.525 0.434375 0.503125 0.434375 0.503125 0.47265625 0.525 0.47265625 0.525 0.434375
5 0.4921875 0.4359375 0.478125 0.4359375 0.478125 0.47421875 0.4921875 0.47421875 0.4921875 0.4359375
5 0.40390625 0.434375 0.3796875 0.434375 0.3796875 0.475 0.40390625 0.475 0.40390625 0.434375
5 0.353125 0.4359375 0.33125 0.4359375 0.33125 0.47421875 0.353125 0.47421875 0.353125 0.4359375
5 0.528125 0.4328125 0.50625 0.4328125 0.50625 0.47578125 0.528125 0.47578125 0.528125 0.4328125
5 0.259375 0.4359375 0.2375 0.4359375 0.2375 0.4765625 0.259375 0.4765625 0.259375 0.4359375
5 0.3078125 0.4359375 0.2859375 0.4359375 0.2859375 0.47421875 0.3078125 0.47421875 0.3078125 0.4359375
5 0.28359375 0.4375 0.259375 0.4375 0.259375 0.478125 0.28359375 0.478125 0.28359375 0.4375
5 0.234375 0.4359375 0.2125 0.4359375 0.2125 0.48125 0.234375 0.48125 0.234375 0.4359375
5 0.7203125 0.49375 0.6984375 0.49375 0.6984375 0.5296875 0.7203125 0.5296875 0.7203125 0.49375
5 0.6484375 0.49375 0.6265625 0.49375 0.6265625 0.53203125 0.6484375 0.53203125 0.6484375 0.49375
5 0.74609375 0.4921875 0.7265625 0.4921875 0.7265625 0.53515625 0.74609375 0.53515625 0.74609375 0.4921875
5 0.5015625 0.4875 0.4796875 0.4875 0.4796875 0.53828125 0.5015625 0.53828125 0.5015625 0.4875
5 0.6703125 0.4921875 0.6484375 0.4921875 0.6484375 0.53515625 0.6703125 0.53515625 0.6703125 0.4921875
5 0.69765625 0.496875 0.6734375 0.496875 0.6734375 0.53515625 0.69765625 0.53515625 0.69765625 0.496875
5 0.55703125 0.49375 0.5328125 0.49375 0.5328125 0.5390625 0.55703125 0.5390625 0.55703125 0.49375
5 0.52265625 0.4921875 0.503125 0.4921875 0.503125 0.54296875 0.52265625 0.54296875 0.52265625 0.4921875
5 0.40703125 0.496875 0.3828125 0.496875 0.3828125 0.53984375 0.40703125 0.53984375 0.40703125 0.496875
5 0.54765625 0.5015625 0.528125 0.5015625 0.528125 0.53515625 0.54765625 0.53515625 0.54765625 0.5015625
5 0.38671875 0.496875 0.3671875 0.496875 0.3671875 0.5421875 0.38671875 0.5421875 0.38671875 0.496875
5 0.45546875 0.496875 0.43125 0.496875 0.43125 0.5421875 0.45546875 0.5421875 0.45546875 0.496875
5 0.4734375 0.4984375 0.45625 0.4984375 0.45625 0.54140625 0.4734375 0.54140625 0.4734375 0.4984375
5 0.26640625 0.4984375 0.2375 0.4984375 0.2375 0.54140625 0.26640625 0.54140625 0.26640625 0.4984375
5 0.29140625 0.4984375 0.2671875 0.4984375 0.2671875 0.54140625 0.29140625 0.54140625 0.29140625 0.4984375
5 0.234375 0.5046875 0.2125 0.5046875 0.2125 0.540625 0.234375 0.540625 0.234375 0.5046875
5 0.31171875 0.496875 0.2875 0.496875 0.2875 0.54765625 0.31171875 0.54765625 0.31171875 0.496875
5 0.71796875 0.534375 0.6984375 0.534375 0.6984375 0.57265625 0.71796875 0.57265625 0.71796875 0.534375
5 0.578125 0.5359375 0.55625 0.5359375 0.55625 0.571875 0.578125 0.571875 0.578125 0.5359375
5 0.59921875 0.534375 0.5796875 0.534375 0.5796875 0.57265625 0.59921875 0.57265625 0.59921875 0.534375
5 0.6703125 0.5359375 0.653125 0.5359375 0.653125 0.571875 0.6703125 0.571875 0.6703125 0.5359375
5 0.74140625 0.534375 0.721875 0.534375 0.721875 0.575 0.74140625 0.575 0.74140625 0.534375
5 0.64453125 0.534375 0.625 0.534375 0.625 0.57265625 0.64453125 0.57265625 0.64453125 0.534375
5 0.62109375 0.5359375 0.6015625 0.5359375 0.6015625 0.57421875 0.62109375 0.57421875 0.62109375 0.5359375
5 0.55078125 0.5390625 0.53125 0.5390625 0.53125 0.575 0.55078125 0.575 0.55078125 0.5390625
5 0.6953125 0.5328125 0.6734375 0.5328125 0.6734375 0.58125 0.6953125 0.58125 0.6953125 0.5328125
5 0.4578125 0.5375 0.43125 0.5375 0.43125 0.58046875 0.4578125 0.58046875 0.4578125 0.5375
5 0.409375 0.5390625 0.3875 0.5390625 0.3875 0.58203125 0.409375 0.58203125 0.409375 0.5390625
5 0.4328125 0.5359375 0.40625 0.5359375 0.40625 0.584375 0.4328125 0.584375 0.4328125 0.5359375
5 0.340625 0.5375 0.3140625 0.5375 0.3140625 0.5859375 0.340625 0.5859375 0.340625 0.5375
5 0.36328125 0.5375 0.3390625 0.5375 0.3390625 0.5859375 0.36328125 0.5859375 0.36328125 0.5375
5 0.2828125 0.5421875 0.25625 0.5421875 0.25625 0.5828125 0.2828125 0.5828125 0.2828125 0.5421875
5 0.3859375 0.54375 0.3640625 0.54375 0.3640625 0.58203125 0.3859375 0.58203125 0.3859375 0.54375
5 0.3171875 0.5453125 0.2953125 0.5453125 0.2953125 0.58359375 0.3171875 0.58359375 0.3171875 0.5453125
5 0.265625 0.54375 0.2390625 0.54375 0.2390625 0.58671875 0.265625 0.58671875 0.265625 0.54375
5 0.47421875 0.54375 0.45 0.54375 0.45 0.58671875 0.47421875 0.58671875 0.47421875 0.54375
5 0.49765625 0.54375 0.4734375 0.54375 0.4734375 0.58671875 0.49765625 0.58671875 0.49765625 0.54375
5 0.52734375 0.546875 0.503125 0.546875 0.503125 0.58515625 0.52734375 0.58515625 0.52734375 0.546875
5 0.24375 0.5453125 0.2125 0.5453125 0.2125 0.58828125 0.24375 0.58828125 0.24375 0.5453125
5 0.76640625 0.59375 0.7546875 0.59375 0.7546875 0.6296875 0.76640625 0.6296875 0.76640625 0.59375
5 0.7546875 0.5953125 0.7328125 0.5953125 0.7328125 0.63125 0.7546875 0.63125 0.7546875 0.5953125
5 0.43828125 0.5953125 0.4140625 0.5953125 0.4140625 0.63828125 0.43828125 0.63828125 0.43828125 0.5953125
5 0.36875 0.5953125 0.3421875 0.5953125 0.3421875 0.64375 0.36875 0.64375 0.36875 0.5953125
5 0.41328125 0.6015625 0.3890625 0.6015625 0.3890625 0.63984375 0.41328125 0.63984375 0.41328125 0.6015625
5 0.31953125 0.596875 0.3 0.596875 0.3 0.64765625 0.31953125 0.64765625 0.31953125 0.596875
5 0.3890625 0.6046875 0.3671875 0.6046875 0.3671875 0.6453125 0.3890625 0.6453125 0.3890625 0.6046875
5 0.3453125 0.6046875 0.3234375 0.6046875 0.3234375 0.65 0.3453125 0.65 0.3453125 0.6046875
5 0.24921875 0.6046875 0.225 0.6046875 0.225 0.65 0.24921875 0.65 0.24921875 0.6046875
5 0.27109375 0.60625 0.2515625 0.60625 0.2515625 0.646875 0.27109375 0.646875 0.27109375 0.60625
5 0.3015625 0.6078125 0.275 0.6078125 0.275 0.65078125 0.3015625 0.65078125 0.3015625 0.6078125
5 0.77421875 0.6296875 0.7546875 0.6296875 0.7546875 0.6703125 0.77421875 0.6703125 0.77421875 0.6296875
5 0.7546875 0.6328125 0.7328125 0.6328125 0.7328125 0.67109375 0.7546875 0.67109375 0.7546875 0.6328125
5 0.43671875 0.6390625 0.4125 0.6390625 0.4125 0.68203125 0.43671875 0.68203125 0.43671875 0.6390625
5 0.29765625 0.640625 0.2734375 0.640625 0.2734375 0.68125 0.29765625 0.68125 0.29765625 0.640625
5 0.39140625 0.6453125 0.3671875 0.6453125 0.3671875 0.6765625 0.39140625 0.6765625 0.39140625 0.6453125
5 0.41328125 0.64375 0.3890625 0.64375 0.3890625 0.68203125 0.41328125 0.68203125 0.41328125 0.64375
5 0.3171875 0.6453125 0.2953125 0.6453125 0.2953125 0.6859375 0.3171875 0.6859375 0.3171875 0.6453125
5 0.275 0.64375 0.253125 0.64375 0.253125 0.68671875 0.275 0.68671875 0.275 0.64375
5 0.3453125 0.64375 0.31875 0.64375 0.31875 0.68671875 0.3453125 0.68671875 0.3453125 0.64375
5 0.36875 0.64375 0.3421875 0.64375 0.3421875 0.68671875 0.36875 0.68671875 0.36875 0.64375
5 0.2546875 0.65 0.2234375 0.65 0.2234375 0.6859375 0.2546875 0.6859375 0.2546875 0.65
5 0.5671875 0.7078125 0.55 0.7078125 0.55 0.74609375 0.5671875 0.74609375 0.5671875 0.7078125
5 0.54765625 0.709375 0.528125 0.709375 0.528125 0.74765625 0.54765625 0.74765625 0.54765625 0.709375
5 0.58984375 0.709375 0.5703125 0.709375 0.5703125 0.74765625 0.58984375 0.74765625 0.58984375 0.709375
5 0.68203125 0.765625 0.6625 0.765625 0.6625 0.79453125 0.68203125 0.79453125 0.68203125 0.765625
5 0.70234375 0.765625 0.6828125 0.765625 0.6828125 0.796875 0.70234375 0.796875 0.70234375 0.765625
5 0.6609375 0.765625 0.6390625 0.765625 0.6390625 0.796875 0.6609375 0.796875 0.6609375 0.765625
5 0.59375 0.7703125 0.5765625 0.7703125 0.5765625 0.796875 0.59375 0.796875 0.59375 0.7703125
5 0.6375 0.765625 0.6203125 0.765625 0.6203125 0.79921875 0.6375 0.79921875 0.6375 0.765625
5 0.575 0.7703125 0.5578125 0.7703125 0.5578125 0.8015625 0.575 0.8015625 0.575 0.7703125
5 0.55625 0.7734375 0.534375 0.7734375 0.534375 0.80703125 0.55625 0.80703125 0.55625 0.7734375
5 0.60703125 0.2296875 0.5828125 0.2296875 0.5828125 0.2875 0.60703125 0.2875 0.60703125 0.2296875
5 0.63046875 0.2265625 0.60625 0.2265625 0.60625 0.29140625 0.63046875 0.29140625 0.63046875 0.2265625
5 0.56015625 0.2328125 0.521875 0.2328125 0.521875 0.2859375 0.56015625 0.2859375 0.56015625 0.2328125
5 0.58515625 0.2328125 0.5609375 0.2328125 0.5609375 0.2859375 0.58515625 0.2859375 0.58515625 0.2328125