5 0.316796875 0.51875 0.316796875 0.571875 0.4171875 0.571875 0.4171875 0.51875 0.316796875 0.51875
5 0.7578125 0.503125 0.7578125 0.5921875 0.803125 0.5921875 0.803125 0.503125 0.7578125 0.503125
5 0.5 0.497265625 0.445703125 0.497265625 0.445703125 0.598046875 0.5 0.598046875 0.5 0.497265625
5 0.2875 0.578125 0.2875 0.523828125 0.192578125 0.523828125 0.192578125 0.578125 0.2875 0.578125
5 0.7046875 0.5984375 0.7046875 0.502734375 0.641015625 0.502734375 0.641015625 0.5984375 0.7046875 0.5984375
5 0.8765625 0.7015625 0.8765625 0.651953125 0.812890625 0.651953125 0.812890625 0.7015625 0.8765625 0.7015625
5 0.615625 0.674609375 0.5359375 0.674609375 0.5359375 0.7390625 0.615625 0.7390625 0.615625 0.674609375
5 0.7921875 0.759375 0.7921875 0.6734375 0.725390625 0.6734375 0.725390625 0.759375 0.7921875 0.759375
5 0.9921875 0.7578125 0.9921875 0.674609375 0.91953125 0.674609375 0.91953125 0.7578125 0.9921875 0.7578125
5 0.3171875 0.696875 0.3171875 0.7640625 0.4109375 0.7640625 0.4109375 0.696875 0.3171875 0.696875
5 0.423828125 0.703125 0.423828125 0.775 0.5140625 0.775 0.5140625 0.703125 0.423828125 0.703125
5 0.215625 0.7078125 0.215625 0.796875 0.2921875 0.796875 0.2921875 0.7078125 0.215625 0.7078125
5 0.6546875 0.165625 0.6546875 0.28125 0.7390625 0.28125 0.7390625 0.165625 0.6546875 0.165625
5 0.271875 0.163671875 0.17109375 0.163671875 0.17109375 0.2828125 0.271875 0.2828125 0.271875 0.163671875
5 0.3859375 0.2765625 0.3859375 0.169921875 0.2953125 0.169921875 0.2953125 0.2765625 0.3859375 0.2765625
5 0.5265625 0.18125 0.5265625 0.2703125 0.634375 0.2703125 0.634375 0.18125 0.5265625 0.18125
5 0.50625 0.2828125 0.50625 0.166796875 0.415234375 0.166796875 0.415234375 0.2828125 0.50625 0.2828125
5 0.776953125 0.16875 0.776953125 0.2859375 0.85625 0.2859375 0.85625 0.16875 0.776953125 0.16875