5 0 0.7235494874999999 0.0546075078125 0.7235494874999999 0.0546075078125 0.597269625 0 0.597269625 0 0.7235494874999999
5 0.88395904375 0.6023890781250001 0.7474402734375001 0.6023890781250001 0.7474402734375001 0.7491467578125001 0.88395904375 0.7491467578125001 0.88395904375 0.6023890781250001
5 1 0.6075085328125 0.8831058015625001 0.6075085328125 0.8831058015625001 0.7568259390625001 1 0.7568259390625001 1 0.6075085328125
5 0.2491467578125 0.617747440625 0.0546075078125 0.617747440625 0.0546075078125 0.7883959046875 0.2491467578125 0.7883959046875 0.2491467578125 0.617747440625
5 0.677474403125 0.641638225 0.4726962453125 0.641638225 0.4726962453125 0.7994880546875 0.677474403125 0.7994880546875 0.677474403125 0.641638225
5 0.464163821875 0.6484641640625 0.251706484375 0.6484641640625 0.251706484375 0.8063139937500001 0.464163821875 0.8063139937500001 0.464163821875 0.6484641640625
5 1 0.18259385625 0.902730375 0.18259385625 0.902730375 0.3216723546875 1 0.3216723546875 1 0.18259385625
5 0.8924914671874999 0.19624573437499998 0.7005119453125 0.19624573437499998 0.7005119453125 0.322525596875 0.8924914671874999 0.322525596875 0.8924914671874999 0.19624573437499998
5 0.677474403125 0.2013651875 0.4488054609375 0.2013651875 0.4488054609375 0.35068259375 0.677474403125 0.35068259375 0.677474403125 0.2013651875
5 0.438566553125 0.22696245781250002 0.22610921562500003 0.22696245781250002 0.22610921562500003 0.3558020484375 0.438566553125 0.3558020484375 0.438566553125 0.22696245781250002
5 0 0.391638225 0.21501706562499998 0.391638225 0.21501706562499998 0.2337883953125 0 0.2337883953125 0 0.391638225