5 0.9015625 0.5890625 0.9015625 0.450390625 0.796875 0.450390625 0.796875 0.5890625 0.9015625 0.5890625
5 0.48515625 0.5875 0.48515625 0.458984375 0.340625 0.458984375 0.340625 0.5875 0.48515625 0.5875
5 0.7703125 0.6234375 0.7703125 0.455859375 0.643359375 0.455859375 0.643359375 0.6234375 0.7703125 0.6234375
5 0.487890625 0.4640625 0.487890625 0.634375 0.6359375 0.634375 0.6359375 0.4640625 0.487890625 0.4640625
5 0.183203125 0.484375 0.183203125 0.61875 0.3453125 0.61875 0.3453125 0.484375 0.183203125 0.484375
5 0.1859375 0.1390625 0.1859375 0.2734375 0.3328125 0.2734375 0.3328125 0.1390625 0.1859375 0.1390625
5 0.5046875 0.1328125 0.5046875 0.2984375 0.6078125 0.2984375 0.6078125 0.1328125 0.5046875 0.1328125
5 0.1796875 0.296875 0.328125 0.296875 0.328125 0.134375 0.1796875 0.134375 0.1796875 0.296875
5 0.496875 0.137890625 0.330078125 0.137890625 0.330078125 0.301171875 0.496875 0.301171875 0.496875 0.137890625
5 1 0.174609375 0.85703125 0.174609375 0.85703125 0.271875 1 0.271875 1 0.174609375
5 0.840625 0.3171875 0.840625 0.15 0.658203125 0.15 0.658203125 0.3171875 0.840625 0.3171875