23 0.2234375 0.3796875 0.151953125 0.3796875 0.151953125 0.4296875 0.2234375 0.4296875 0.2234375 0.3796875
23 0.871875 0.14609375 0.801171875 0.14609375 0.801171875 0.2015625 0.871875 0.2015625 0.871875 0.14609375
23 0.8125 0.134765625 0.759375 0.134765625 0.759375 0.2078125 0.8125 0.2078125 0.8125 0.134765625
23 0.771875 0.1984375 0.771875 0.15078125 0.70078125 0.15078125 0.70078125 0.1984375 0.771875 0.1984375
23 0.7140625 0.138671875 0.6609375 0.138671875 0.6609375 0.2078125 0.7140625 0.2078125 0.7140625 0.138671875
23 0.671875 0.14765625 0.600390625 0.14765625 0.600390625 0.1984375 0.671875 0.1984375 0.671875 0.14765625
23 0.621875 0.196875 0.621875 0.14921875 0.55078125 0.14921875 0.55078125 0.196875 0.621875 0.196875
23 0.5734375 0.1484375 0.501953125 0.1484375 0.501953125 0.1984375 0.5734375 0.1984375 0.5734375 0.1484375
23 0.5203125 0.1984375 0.5203125 0.148828125 0.451171875 0.148828125 0.451171875 0.1984375 0.5203125 0.1984375
23 0.4125 0.1375 0.4125 0.209375 0.4625 0.209375 0.4625 0.1375 0.4125 0.1375
23 0.421875 0.14765625 0.350390625 0.14765625 0.350390625 0.1984375 0.421875 0.1984375 0.421875 0.14765625
23 0.3015625 0.1453125 0.3015625 0.1984375 0.3734375 0.1984375 0.3734375 0.1453125 0.3015625 0.1453125
23 0.253125 0.1375 0.253125 0.209375 0.30625 0.209375 0.30625 0.1375 0.253125 0.1375
23 0.978125 0.261328125 0.908984375 0.261328125 0.908984375 0.316796875 0.978125 0.316796875 0.978125 0.261328125
23 0.915625 0.325 0.915625 0.256640625 0.866015625 0.256640625 0.866015625 0.325 0.915625 0.325
23 0.80625 0.315625 0.875 0.315625 0.875 0.266015625 0.80625 0.266015625 0.80625 0.315625
23 0.766796875 0.2546875 0.766796875 0.3265625 0.8171875 0.3265625 0.8171875 0.2546875 0.766796875 0.2546875
23 0.778125 0.315625 0.778125 0.265625 0.706640625 0.265625 0.706640625 0.315625 0.778125 0.315625
23 0.665625 0.2546875 0.665625 0.3265625 0.715625 0.3265625 0.715625 0.2546875 0.665625 0.2546875
23 0.678125 0.26484375 0.606640625 0.26484375 0.606640625 0.315625 0.678125 0.315625 0.678125 0.26484375
23 0.555078125 0.265625 0.555078125 0.315625 0.6265625 0.315625 0.6265625 0.265625 0.555078125 0.265625
23 0.516796875 0.2546875 0.516796875 0.3265625 0.5671875 0.3265625 0.5671875 0.2546875 0.516796875 0.2546875
23 0.465625 0.25625 0.465625 0.328125 0.515625 0.328125 0.515625 0.25625 0.465625 0.25625
23 0.416796875 0.25625 0.416796875 0.328125 0.4671875 0.328125 0.4671875 0.25625 0.416796875 0.25625
23 0.366796875 0.25625 0.366796875 0.328125 0.4171875 0.328125 0.4171875 0.25625 0.366796875 0.25625
23 0.378125 0.315625 0.378125 0.265625 0.306640625 0.265625 0.306640625 0.315625 0.378125 0.315625
23 0.267578125 0.2546875 0.267578125 0.3265625 0.3171875 0.3265625 0.3171875 0.2546875 0.267578125 0.2546875
23 0.215625 0.2546875 0.215625 0.3265625 0.265625 0.3265625 0.265625 0.2546875 0.215625 0.2546875
23 0.165625 0.2546875 0.165625 0.3265625 0.215625 0.3265625 0.215625 0.2546875 0.165625 0.2546875
23 0.116015625 0.2546875 0.116015625 0.3265625 0.165625 0.3265625 0.165625 0.2546875 0.116015625 0.2546875
23 0.0671875 0.253125 0.0671875 0.325 0.115625 0.325 0.115625 0.253125 0.0671875 0.253125
23 0.017578125 0.253125 0.017578125 0.325 0.0671875 0.325 0.0671875 0.253125 0.017578125 0.253125
23 1 0.384765625 0.9453125 0.384765625 0.9453125 0.425 1 0.425 1 0.384765625
23 0.9125 0.3703125 0.9125 0.4421875 0.9609375 0.4421875 0.9609375 0.3703125 0.9125 0.3703125
23 0.861328125 0.3703125 0.861328125 0.4421875 0.9109375 0.4421875 0.9109375 0.3703125 0.861328125 0.3703125
23 0.8703125 0.38125 0.798828125 0.38125 0.798828125 0.43125 0.8703125 0.43125 0.8703125 0.38125
23 0.758203125 0.3703125 0.758203125 0.4421875 0.8078125 0.4421875 0.8078125 0.3703125 0.758203125 0.3703125
23 0.708203125 0.3703125 0.708203125 0.4421875 0.7578125 0.4421875 0.7578125 0.3703125 0.708203125 0.3703125
23 0.715625 0.4328125 0.715625 0.3828125 0.644140625 0.3828125 0.644140625 0.4328125 0.715625 0.4328125
23 0.6671875 0.4296875 0.6671875 0.38203125 0.59609375 0.38203125 0.59609375 0.4296875 0.6671875 0.4296875
23 0.621875 0.4296875 0.621875 0.381640625 0.5484375 0.381640625 0.5484375 0.4296875 0.621875 0.4296875
23 0.5125 0.371875 0.5125 0.44375 0.5609375 0.44375 0.5609375 0.371875 0.5125 0.371875
23 0.521875 0.43125 0.521875 0.38359375 0.45078125 0.38359375 0.45078125 0.43125 0.521875 0.43125
23 0.415625 0.3703125 0.415625 0.4421875 0.4640625 0.4421875 0.4640625 0.3703125 0.415625 0.3703125
23 0.425 0.4296875 0.425 0.38203125 0.35390625 0.38203125 0.35390625 0.4296875 0.425 0.4296875
23 0.314453125 0.371875 0.314453125 0.44375 0.3640625 0.44375 0.3640625 0.371875 0.314453125 0.371875
23 0.264453125 0.3703125 0.264453125 0.4421875 0.3140625 0.4421875 0.3140625 0.3703125 0.264453125 0.3703125
23 0.212890625 0.3703125 0.212890625 0.4421875 0.2625 0.4421875 0.2625 0.3703125 0.212890625 0.3703125
23 0.1125 0.36875 0.1125 0.440625 0.1609375 0.440625 0.1609375 0.36875 0.1125 0.36875
23 0.0640625 0.3734375 0.0640625 0.440625 0.1125 0.440625 0.1125 0.3734375 0.0640625 0.3734375
23 0.9984375 0.66875 0.9984375 0.595703125 0.955859375 0.595703125 0.955859375 0.66875 0.9984375 0.66875
23 0.971875 0.608203125 0.8984375 0.608203125 0.8984375 0.65625 0.971875 0.65625 0.971875 0.608203125
23 0.9125 0.595703125 0.8640625 0.595703125 0.8640625 0.66875 0.9125 0.66875 0.9125 0.595703125
23 0.8640625 0.593359375 0.8109375 0.593359375 0.8109375 0.6671875 0.8640625 0.6671875 0.8640625 0.593359375
23 0.82265625 0.65625 0.82265625 0.604296875 0.7484375 0.604296875 0.7484375 0.65625 0.82265625 0.65625
23 0.771875 0.6578125 0.771875 0.60546875 0.69296875 0.60546875 0.69296875 0.6578125 0.771875 0.6578125