23 0.21328125 0.36875 0.1625 0.36875 0.1625 0.440625 0.21328125 0.440625 0.21328125 0.36875
23 0.86484375 0.1375 0.809375 0.1375 0.809375 0.209375 0.86484375 0.209375 0.86484375 0.1375
23 0.8125 0.134375 0.759375 0.134375 0.759375 0.20859375 0.8125 0.20859375 0.8125 0.134375
23 0.7609375 0.1390625 0.7125 0.1390625 0.7125 0.2109375 0.7609375 0.2109375 0.7609375 0.1390625
23 0.7140625 0.1390625 0.6609375 0.1390625 0.6609375 0.20859375 0.7140625 0.20859375 0.7140625 0.1390625
23 0.66171875 0.1375 0.6109375 0.1375 0.6109375 0.209375 0.66171875 0.209375 0.66171875 0.1375
23 0.6109375 0.1375 0.5625 0.1375 0.5625 0.209375 0.6109375 0.209375 0.6109375 0.1375
23 0.56328125 0.1375 0.5125 0.1375 0.5125 0.209375 0.56328125 0.209375 0.56328125 0.1375
23 0.51171875 0.1390625 0.4609375 0.1390625 0.4609375 0.20859375 0.51171875 0.20859375 0.51171875 0.1390625
23 0.46328125 0.1375 0.4125 0.1375 0.4125 0.209375 0.46328125 0.209375 0.46328125 0.1375
23 0.41171875 0.1375 0.3609375 0.1375 0.3609375 0.209375 0.41171875 0.209375 0.41171875 0.1375
23 0.3640625 0.1359375 0.3109375 0.1359375 0.3109375 0.2078125 0.3640625 0.2078125 0.3640625 0.1359375
23 0.30625 0.1375 0.253125 0.1375 0.253125 0.209375 0.30625 0.209375 0.30625 0.1375
23 0.97109375 0.2546875 0.915625 0.2546875 0.915625 0.32421875 0.97109375 0.32421875 0.97109375 0.2546875
23 0.91640625 0.25625 0.865625 0.25625 0.865625 0.32578125 0.91640625 0.32578125 0.91640625 0.25625
23 0.86640625 0.25625 0.815625 0.25625 0.815625 0.32578125 0.86640625 0.32578125 0.86640625 0.25625
23 0.81796875 0.2546875 0.7671875 0.2546875 0.7671875 0.3265625 0.81796875 0.3265625 0.81796875 0.2546875
23 0.76796875 0.2546875 0.7171875 0.2546875 0.7171875 0.3265625 0.76796875 0.3265625 0.76796875 0.2546875
23 0.71640625 0.2546875 0.665625 0.2546875 0.665625 0.3265625 0.71640625 0.3265625 0.71640625 0.2546875
23 0.66796875 0.2546875 0.6171875 0.2546875 0.6171875 0.3265625 0.66796875 0.3265625 0.66796875 0.2546875
23 0.61640625 0.2546875 0.565625 0.2546875 0.565625 0.3265625 0.61640625 0.3265625 0.61640625 0.2546875
23 0.56796875 0.2546875 0.5171875 0.2546875 0.5171875 0.3265625 0.56796875 0.3265625 0.56796875 0.2546875
23 0.51640625 0.25625 0.465625 0.25625 0.465625 0.328125 0.51640625 0.328125 0.51640625 0.25625
23 0.46796875 0.25625 0.4171875 0.25625 0.4171875 0.328125 0.46796875 0.328125 0.46796875 0.25625
23 0.41796875 0.25625 0.3671875 0.25625 0.3671875 0.328125 0.41796875 0.328125 0.41796875 0.25625
23 0.36796875 0.2546875 0.3171875 0.2546875 0.3171875 0.3265625 0.36796875 0.3265625 0.36796875 0.2546875
23 0.31796875 0.2546875 0.2671875 0.2546875 0.2671875 0.3265625 0.31796875 0.3265625 0.31796875 0.2546875
23 0.26640625 0.2546875 0.215625 0.2546875 0.215625 0.3265625 0.26640625 0.3265625 0.26640625 0.2546875
23 0.21640625 0.2546875 0.165625 0.2546875 0.165625 0.3265625 0.21640625 0.3265625 0.21640625 0.2546875
23 0.16640625 0.2546875 0.115625 0.2546875 0.115625 0.3265625 0.16640625 0.3265625 0.16640625 0.2546875
23 0.115625 0.253125 0.0671875 0.253125 0.0671875 0.325 0.115625 0.325 0.115625 0.253125
23 0.06796875 0.253125 0.0171875 0.253125 0.0171875 0.325 0.06796875 0.325 0.06796875 0.253125
23 1 0.3703125 0.959375 0.3703125 0.959375 0.43984375 1 0.43984375 1 0.3703125
23 0.9609375 0.3703125 0.9125 0.3703125 0.9125 0.4421875 0.9609375 0.4421875 0.9609375 0.3703125
23 0.91171875 0.3703125 0.8609375 0.3703125 0.8609375 0.4421875 0.91171875 0.4421875 0.91171875 0.3703125
23 0.86015625 0.3703125 0.809375 0.3703125 0.809375 0.4421875 0.86015625 0.4421875 0.86015625 0.3703125
23 0.80859375 0.3703125 0.7578125 0.3703125 0.7578125 0.4421875 0.80859375 0.4421875 0.80859375 0.3703125
23 0.75859375 0.3703125 0.7078125 0.3703125 0.7078125 0.4421875 0.75859375 0.4421875 0.75859375 0.3703125
23 0.70546875 0.371875 0.6546875 0.371875 0.6546875 0.44375 0.70546875 0.44375 0.70546875 0.371875
23 0.65625 0.3703125 0.6078125 0.3703125 0.6078125 0.4421875 0.65625 0.4421875 0.65625 0.3703125
23 0.609375 0.36875 0.5609375 0.36875 0.5609375 0.44296875 0.609375 0.44296875 0.609375 0.36875
23 0.5609375 0.371875 0.5125 0.371875 0.5125 0.44375 0.5609375 0.44375 0.5609375 0.371875
23 0.5109375 0.371875 0.4625 0.371875 0.4625 0.44375 0.5109375 0.44375 0.5109375 0.371875
23 0.4640625 0.3703125 0.415625 0.3703125 0.415625 0.4421875 0.4640625 0.4421875 0.4640625 0.3703125
23 0.4140625 0.3703125 0.365625 0.3703125 0.365625 0.4421875 0.4140625 0.4421875 0.4140625 0.3703125
23 0.36484375 0.371875 0.3140625 0.371875 0.3140625 0.44375 0.36484375 0.44375 0.36484375 0.371875
23 0.31484375 0.3703125 0.2640625 0.3703125 0.2640625 0.4421875 0.31484375 0.4421875 0.31484375 0.3703125
23 0.26328125 0.3703125 0.2125 0.3703125 0.2125 0.4421875 0.26328125 0.4421875 0.26328125 0.3703125
23 0.1609375 0.36875 0.1125 0.36875 0.1125 0.440625 0.1609375 0.440625 0.1609375 0.36875
23 0.1125 0.3734375 0.0640625 0.3734375 0.0640625 0.440625 0.1125 0.440625 0.1125 0.3734375
23 0.99921875 0.5953125 0.95625 0.5953125 0.95625 0.66953125 0.99921875 0.66953125 0.99921875 0.5953125
23 0.959375 0.5953125 0.9109375 0.5953125 0.9109375 0.66953125 0.959375 0.66953125 0.959375 0.5953125
23 0.9125 0.5953125 0.8640625 0.5953125 0.8640625 0.66953125 0.9125 0.66953125 0.9125 0.5953125
23 0.8640625 0.59375 0.8109375 0.59375 0.8109375 0.66796875 0.8640625 0.66796875 0.8640625 0.59375
23 0.8125 0.59375 0.759375 0.59375 0.759375 0.66796875 0.8125 0.66796875 0.8125 0.59375
23 0.759375 0.5921875 0.70625 0.5921875 0.70625 0.671875 0.759375 0.671875 0.759375 0.5921875