23 0.151953125 0.3796875 0.151953125 0.4296875 0.2234375 0.4296875 0.2234375 0.3796875 0.151953125 0.3796875
23 0.871875 0.14609375 0.801171875 0.14609375 0.801171875 0.2015625 0.871875 0.2015625 0.871875 0.14609375
23 0.8234375 0.144921875 0.74921875 0.144921875 0.74921875 0.196875 0.8234375 0.196875 0.8234375 0.144921875
23 0.771875 0.1984375 0.771875 0.15078125 0.70078125 0.15078125 0.70078125 0.1984375 0.771875 0.1984375
23 0.7140625 0.139453125 0.6609375 0.139453125 0.6609375 0.2078125 0.7140625 0.2078125 0.7140625 0.139453125
23 0.671875 0.1984375 0.671875 0.1484375 0.600390625 0.1484375 0.600390625 0.1984375 0.671875 0.1984375
23 0.621875 0.196875 0.621875 0.14921875 0.55078125 0.14921875 0.55078125 0.196875 0.621875 0.196875
23 0.5734375 0.1484375 0.501953125 0.1484375 0.501953125 0.1984375 0.5734375 0.1984375 0.5734375 0.1484375
23 0.5203125 0.1984375 0.5203125 0.148046875 0.451953125 0.148046875 0.451953125 0.1984375 0.5203125 0.1984375
23 0.401953125 0.1484375 0.401953125 0.1984375 0.4734375 0.1984375 0.4734375 0.1484375 0.401953125 0.1484375
23 0.360546875 0.1375 0.360546875 0.209375 0.4109375 0.209375 0.4109375 0.1375 0.360546875 0.1375
23 0.3109375 0.1359375 0.3109375 0.2078125 0.3640625 0.2078125 0.3640625 0.1359375 0.3109375 0.1359375
23 0.24375 0.146875 0.24375 0.2 0.315625 0.2 0.315625 0.146875 0.24375 0.146875
23 0.9703125 0.3234375 0.9703125 0.254296875 0.915234375 0.254296875 0.915234375 0.3234375 0.9703125 0.3234375
23 0.865625 0.325 0.915625 0.325 0.915625 0.25625 0.865625 0.25625 0.865625 0.325
23 0.80625 0.315625 0.875 0.315625 0.875 0.266015625 0.80625 0.266015625 0.80625 0.315625
23 0.828125 0.315625 0.828125 0.265625 0.756640625 0.265625 0.756640625 0.315625 0.828125 0.315625
23 0.717578125 0.2546875 0.717578125 0.3265625 0.7671875 0.3265625 0.7671875 0.2546875 0.717578125 0.2546875
23 0.655078125 0.265625 0.655078125 0.315625 0.7265625 0.315625 0.7265625 0.265625 0.655078125 0.265625
23 0.678125 0.26484375 0.606640625 0.26484375 0.606640625 0.315625 0.678125 0.315625 0.678125 0.26484375
23 0.6265625 0.265625 0.555078125 0.265625 0.555078125 0.315625 0.6265625 0.315625 0.6265625 0.265625
23 0.517578125 0.2546875 0.517578125 0.3265625 0.5671875 0.3265625 0.5671875 0.2546875 0.517578125 0.2546875
23 0.5265625 0.2671875 0.455078125 0.2671875 0.455078125 0.3171875 0.5265625 0.3171875 0.5265625 0.2671875
23 0.478125 0.3171875 0.478125 0.2671875 0.406640625 0.2671875 0.406640625 0.3171875 0.478125 0.3171875
23 0.366796875 0.25625 0.366796875 0.328125 0.4171875 0.328125 0.4171875 0.25625 0.366796875 0.25625
23 0.317578125 0.2546875 0.317578125 0.3265625 0.3671875 0.3265625 0.3671875 0.2546875 0.317578125 0.2546875
23 0.328125 0.315625 0.328125 0.265625 0.256640625 0.265625 0.256640625 0.315625 0.328125 0.315625
23 0.2765625 0.265625 0.205078125 0.265625 0.205078125 0.315625 0.2765625 0.315625 0.2765625 0.265625
23 0.166015625 0.2546875 0.166015625 0.3265625 0.215625 0.3265625 0.215625 0.2546875 0.166015625 0.2546875
23 0.116015625 0.2546875 0.116015625 0.3265625 0.165625 0.3265625 0.165625 0.2546875 0.116015625 0.2546875
23 0.0671875 0.253125 0.0671875 0.325 0.115625 0.325 0.115625 0.253125 0.0671875 0.253125
23 0.017578125 0.253125 0.017578125 0.325 0.0671875 0.325 0.0671875 0.253125 0.017578125 0.253125
23 1 0.370703125 0.959375 0.370703125 0.959375 0.4390625 1 0.4390625 1 0.370703125
23 0.9125 0.3703125 0.9125 0.4421875 0.9609375 0.4421875 0.9609375 0.3703125 0.9125 0.3703125
23 0.861328125 0.3703125 0.861328125 0.4421875 0.9109375 0.4421875 0.9109375 0.3703125 0.861328125 0.3703125
23 0.798828125 0.38125 0.798828125 0.43125 0.8703125 0.43125 0.8703125 0.38125 0.798828125 0.38125
23 0.757421875 0.3703125 0.757421875 0.4421875 0.8078125 0.4421875 0.8078125 0.3703125 0.757421875 0.3703125
23 0.76875 0.43125 0.76875 0.38125 0.697265625 0.38125 0.697265625 0.43125 0.76875 0.43125
23 0.655078125 0.371875 0.655078125 0.44375 0.7046875 0.44375 0.7046875 0.371875 0.655078125 0.371875
23 0.6671875 0.4296875 0.6671875 0.38203125 0.59609375 0.38203125 0.59609375 0.4296875 0.6671875 0.4296875
23 0.621875 0.4296875 0.621875 0.381640625 0.5484375 0.381640625 0.5484375 0.4296875 0.621875 0.4296875
23 0.5125 0.371875 0.5125 0.44375 0.5609375 0.44375 0.5609375 0.371875 0.5125 0.371875
23 0.4625 0.371875 0.4625 0.44375 0.5109375 0.44375 0.5109375 0.371875 0.4625 0.371875
23 0.415625 0.3703125 0.415625 0.4421875 0.4640625 0.4421875 0.4640625 0.3703125 0.415625 0.3703125
23 0.365625 0.3703125 0.365625 0.4421875 0.4140625 0.4421875 0.4140625 0.3703125 0.365625 0.3703125
23 0.375 0.38203125 0.303515625 0.38203125 0.303515625 0.4328125 0.375 0.4328125 0.375 0.38203125
23 0.325 0.38046875 0.253515625 0.38046875 0.253515625 0.43125 0.325 0.43125 0.325 0.38046875
23 0.201953125 0.38125 0.201953125 0.43125 0.2734375 0.43125 0.2734375 0.38125 0.201953125 0.38125
23 0.1125 0.36875 0.1125 0.440625 0.1609375 0.440625 0.1609375 0.36875 0.1125 0.36875
23 0.0546875 0.3828125 0.0546875 0.43125 0.121875 0.43125 0.121875 0.3828125 0.0546875 0.3828125
23 1 0.610546875 0.940625 0.610546875 0.940625 0.653125 1 0.653125 1 0.610546875
23 0.9109375 0.5953125 0.9109375 0.66875 0.959375 0.66875 0.959375 0.5953125 0.9109375 0.5953125
23 0.925 0.65625 0.925 0.608203125 0.8515625 0.608203125 0.8515625 0.65625 0.925 0.65625
23 0.8640625 0.593359375 0.8109375 0.593359375 0.8109375 0.6671875 0.8640625 0.6671875 0.8640625 0.593359375
23 0.8125 0.594140625 0.759375 0.594140625 0.759375 0.6671875 0.8125 0.6671875 0.8125 0.594140625
23 0.771875 0.6578125 0.771875 0.60546875 0.69296875 0.60546875 0.69296875 0.6578125 0.771875 0.6578125