23 0.8515625 0.4296875 0.8515625 0.380129715625 0.7792895046874999 0.380129715625 0.7792895046874999 0.4296875 0.8515625 0.4296875
23 0.1890625 0.2078125 0.1890625 0.137273978125 0.1345911953125 0.137273978125 0.1345911953125 0.2078125 0.1890625 0.2078125
23 0.1765625 0.196875 0.25 0.196875 0.25 0.144487028125 0.1765625 0.144487028125 0.1765625 0.196875
23 0.2390625 0.209375 0.2875 0.209375 0.2875 0.138836478125 0.2390625 0.138836478125 0.2390625 0.209375
23 0.278125 0.1984375 0.346875 0.1984375 0.346875 0.147012578125 0.278125 0.147012578125 0.278125 0.1984375
23 0.4 0.146948703125 0.3287047953125 0.146948703125 0.3287047953125 0.19804933125 0.4 0.19804933125 0.4 0.146948703125
23 0.378125 0.196875 0.44999017343750003 0.196875 0.44999017343750003 0.1491204796875 0.378125 0.1491204796875 0.378125 0.196875
23 0.4984375 0.1472435140625 0.4267983484375 0.1472435140625 0.4267983484375 0.19834414375 0.4984375 0.19834414375 0.4984375 0.1472435140625
23 0.540625 0.20625 0.540625 0.1382763359375 0.4902663109375 0.1382763359375 0.4902663109375 0.20625 0.540625 0.20625
23 0.5390625 0.2078125 0.5890625 0.2078125 0.5890625 0.137273978125 0.5390625 0.137273978125 0.5390625 0.2078125
23 0.640625 0.2078125 0.640625 0.136310928125 0.5899616734375 0.136310928125 0.5899616734375 0.2078125 0.640625 0.2078125
23 0.690625 0.20625 0.690625 0.135711478125 0.6388954390625 0.135711478125 0.6388954390625 0.20625 0.690625 0.20625
23 0.7484375 0.2078125 0.7484375 0.136310928125 0.696373821875 0.136310928125 0.696373821875 0.2078125 0.7484375 0.2078125
23 0.0890625 0.315625 0.0890625 0.26183667499999996 0.020297759375 0.26183667499999996 0.020297759375 0.315625 0.0890625 0.315625
23 0.1421875 0.315625 0.1421875 0.2652270046875 0.0732458734375 0.2652270046875 0.0732458734375 0.315625 0.1421875 0.315625
23 0.1828125 0.325 0.1828125 0.2561566421875 0.1326798359375 0.2561566421875 0.1326798359375 0.325 0.1828125 0.325
23 0.2421875 0.315625 0.2421875 0.26520735 0.1712460703125 0.26520735 0.1712460703125 0.315625 0.2421875 0.315625
23 0.2828125 0.3265625 0.2828125 0.254972484375 0.2323555421875 0.254972484375 0.2323555421875 0.3265625 0.2828125 0.3265625
23 0.3328125 0.3265625 0.3328125 0.2546875 0.28382468437499997 0.2546875 0.28382468437499997 0.3265625 0.3328125 0.3265625
23 0.321875 0.315625 0.39375 0.315625 0.39375 0.2648339234375 0.321875 0.2648339234375 0.321875 0.315625
23 0.434375 0.3265625 0.434375 0.254972484375 0.3842619890625 0.254972484375 0.3842619890625 0.3265625 0.434375 0.3265625
23 0.49375 0.315625 0.49375 0.265462853125 0.4223073890625 0.265462853125 0.4223073890625 0.315625 0.49375 0.315625
23 0.5359375 0.328125 0.5359375 0.25655463749999996 0.4855198515625 0.25655463749999996 0.4855198515625 0.328125 0.5359375 0.328125
23 0.5828125 0.328125 0.5828125 0.25655463749999996 0.5337853765625 0.25655463749999996 0.5337853765625 0.328125 0.5828125 0.328125
23 0.634375 0.328125 0.634375 0.25655463749999996 0.583633059375 0.25655463749999996 0.583633059375 0.328125 0.634375 0.328125
23 0.6953125 0.315625 0.6953125 0.26515821562499997 0.6235652515625 0.26515821562499997 0.6235652515625 0.315625 0.6953125 0.315625
23 0.7453125 0.315625 0.7453125 0.26547268125 0.6738797171875001 0.26547268125 0.6738797171875001 0.315625 0.7453125 0.315625
23 0.796875 0.315625 0.796875 0.26486340468749997 0.726277515625 0.26486340468749997 0.726277515625 0.315625 0.796875 0.315625
23 0.7875 0.3265625 0.8375 0.3265625 0.8375 0.254972484375 0.7875 0.254972484375 0.7875 0.3265625
23 0.8265625 0.315625 0.8984375 0.315625 0.8984375 0.26486340468749997 0.8265625 0.26486340468749997 0.8265625 0.315625
23 0.8765625 0.3125 0.9484375 0.3125 0.9484375 0.26439170624999997 0.8765625 0.26439170624999997 0.8765625 0.3125
23 0.996875 0.3140625 0.996875 0.2636055421875 0.925953225 0.2636055421875 0.925953225 0.3140625 0.996875 0.3140625
23 0 0.425 0.0546875 0.425 0.0546875 0.3862765328125 0 0.3862765328125 0 0.425
23 0.0859375 0.370867728125 0.0375 0.370867728125 0.0375 0.443194771875 0.0859375 0.443194771875 0.0859375 0.370867728125
23 0.1375 0.370867728125 0.0877309359375 0.370867728125 0.0877309359375 0.443194771875 0.1375 0.443194771875 0.1375 0.370867728125
23 0.1890625 0.3712706375 0.1390084515625 0.3712706375 0.1390084515625 0.44359768125 0.1890625 0.44359768125 0.1890625 0.3712706375
23 0.2529530265625 0.43260121875 0.2529530265625 0.381500590625 0.1806259828125 0.381500590625 0.1806259828125 0.43260121875 0.2529530265625 0.43260121875
23 0.29195656406250003 0.370867728125 0.2408559359375 0.370867728125 0.2408559359375 0.443194771875 0.29195656406250003 0.443194771875 0.29195656406250003 0.370867728125
23 0.35625 0.4328125 0.35625 0.38320558125000004 0.2844093953125 0.38320558125000004 0.2844093953125 0.4328125 0.35625 0.4328125
23 0.3921875 0.370867728125 0.3443789296875 0.370867728125 0.3443789296875 0.443194771875 0.3921875 0.443194771875 0.3921875 0.370867728125
23 0.4390625 0.44375 0.4390625 0.370086478125 0.3909836875 0.370086478125 0.3909836875 0.44375 0.4390625 0.44375
23 0.5 0.4328125 0.5 0.384375 0.4282478390625 0.384375 0.4282478390625 0.4328125 0.5 0.4328125
23 0.5390625 0.372852790625 0.4906593953125 0.372852790625 0.4906593953125 0.445179834375 0.5390625 0.445179834375 0.5390625 0.372852790625
23 0.5859375 0.3712706375 0.538124015625 0.3712706375 0.538124015625 0.44359768125 0.5859375 0.44359768125 0.5859375 0.3712706375
23 0.6359375 0.3712706375 0.5879716968750001 0.3712706375 0.5879716968750001 0.44359768125 0.6359375 0.44359768125 0.6359375 0.3712706375
23 0.6984375 0.383102396875 0.626754128125 0.383102396875 0.626754128125 0.4342030265625 0.6984375 0.4342030265625 0.6984375 0.383102396875
23 0.7494054625000001 0.4328125 0.7494054625000001 0.3818445359375 0.6770784187500001 0.3818445359375 0.6770784187500001 0.4328125 0.7494054625000001 0.4328125
23 0.8012922546875 0.4328125 0.8012922546875 0.382168828125 0.7289652109375 0.382168828125 0.7289652109375 0.4328125 0.8012922546875 0.4328125
23 0.890625 0.3693052265625 0.8428164312499999 0.3693052265625 0.8428164312499999 0.4416322734375 0.890625 0.4416322734375 0.890625 0.3693052265625
23 0.9494791671874999 0.43125 0.9494791671874999 0.38312205312500003 0.8818691031249999 0.38312205312500003 0.8818691031249999 0.43125 0.9494791671874999 0.43125
23 0.0421875 0.671875 0.0421875 0.5979363203125 0.0001326640625 0.5979363203125 0.0001326640625 0.671875 0.0421875 0.671875
23 0.1 0.6578125 0.1 0.6100579796875001 0.026788521875 0.6100579796875001 0.026788521875 0.6578125 0.1 0.6578125
23 0.134375 0.671875 0.134375 0.5979363203125 0.08638954531250001 0.5979363203125 0.08638954531250001 0.671875 0.134375 0.671875
23 0.1875 0.5954697328125 0.13577044062500002 0.5954697328125 0.13577044062500002 0.6701552671875 0.1875 0.6701552671875 0.1875 0.5954697328125
23 0.25 0.659375 0.25 0.6062991359375001 0.17605149375 0.6062991359375001 0.17605149375 0.659375 0.25 0.659375
23 0.29375 0.594398584375 0.24067413593749998 0.594398584375 0.24067413593749998 0.6745872625 0.29375 0.6745872625 0.29375 0.594398584375