24 0.1671875 0 0.1671875 0.053125 0.340625 0.053125 0.340625 0 0.1671875 0
24 0.40625 0 0.40625 0.1109375 0.534375 0.1109375 0.534375 0 0.40625 0
24 0.596875 0.1609375 0.6875 0.1609375 0.6875 0.070703125 0.596875 0.070703125 0.596875 0.1609375
24 0.826171875 0.159375 0.826171875 0.2328125 0.8859375 0.2328125 0.8859375 0.159375 0.826171875 0.159375
24 0.8046875 0.0890625 0.8046875 0.1578125 0.8828125 0.1578125 0.8828125 0.0890625 0.8046875 0.0890625
24 0.8921875 0.051953125 0.7875 0.051953125 0.7875 0.109375 0.8921875 0.109375 0.8921875 0.051953125
24 0.528125 0.5328125 0.528125 0.646875 0.66875 0.646875 0.66875 0.5328125 0.528125 0.5328125
24 0.5328125 0.45 0.5328125 0.5703125 0.6734375 0.5703125 0.6734375 0.45 0.5328125 0.45
24 0.478125 0.3453125 0.478125 0.4765625 0.58125 0.4765625 0.58125 0.3453125 0.478125 0.3453125
24 0.444921875 0.2859375 0.444921875 0.378125 0.5765625 0.378125 0.5765625 0.2859375 0.444921875 0.2859375
24 0.6546875 0.334375 0.6546875 0.434375 0.7859375 0.434375 0.7859375 0.334375 0.6546875 0.334375
24 0.765625 0.38671875 0.666796875 0.38671875 0.666796875 0.5140625 0.765625 0.5140625 0.765625 0.38671875
24 0.6640625 0.478125 0.6640625 0.5671875 0.775 0.5671875 0.775 0.478125 0.6640625 0.478125
24 0.66875 0.53125 0.66875 0.6390625 0.7609375 0.6390625 0.7609375 0.53125 0.66875 0.53125