24 0.227734375 0 0.227734375 0.1125 0.2796875 0.1125 0.2796875 0 0.227734375 0
24 0.406640625 0 0.406640625 0.1109375 0.534375 0.1109375 0.534375 0 0.406640625 0
24 0.596875 0.1609375 0.6875 0.1609375 0.6875 0.070703125 0.596875 0.070703125 0.596875 0.1609375
24 0.8921875 0.16640625 0.819921875 0.16640625 0.819921875 0.2265625 0.8921875 0.2265625 0.8921875 0.16640625
24 0.809375 0.084375 0.809375 0.1625 0.878125 0.1625 0.878125 0.084375 0.809375 0.084375
24 0.8921875 0.051953125 0.7875 0.051953125 0.7875 0.109375 0.8921875 0.109375 0.8921875 0.051953125
24 0.528125 0.5328125 0.528125 0.646875 0.66875 0.646875 0.66875 0.5328125 0.528125 0.5328125
24 0.6625 0.5796875 0.6625 0.43984375 0.54296875 0.43984375 0.54296875 0.5796875 0.6625 0.5796875
24 0.478125 0.3453125 0.478125 0.4765625 0.58125 0.4765625 0.58125 0.3453125 0.478125 0.3453125
24 0.445703125 0.2859375 0.445703125 0.378125 0.5765625 0.378125 0.5765625 0.2859375 0.445703125 0.2859375
24 0.6703125 0.31875 0.6703125 0.45 0.7703125 0.45 0.7703125 0.31875 0.6703125 0.31875
24 0.765625 0.38671875 0.666796875 0.38671875 0.666796875 0.5140625 0.765625 0.5140625 0.765625 0.38671875
24 0.675 0.4671875 0.675 0.578125 0.7640625 0.578125 0.7640625 0.4671875 0.675 0.4671875
24 0.6609375 0.5390625 0.6609375 0.63125 0.76875 0.63125 0.76875 0.5390625 0.6609375 0.5390625