24 0.4203125 0.0265625 0.5625 0.0265625 0.5625 0.00022167031249999998 0.4203125 0.00022166875 0.4203125 0.0265625
24 0.639905925 0 0.639905925 0.0921875 0.7234375 0.0921875 0.7234375 0 0.639905925 0
24 0.9515625 0.1625 0.9515625 0.081412196875 0.8853995453125 0.081412196875 0.8853995453125 0.1625 0.9515625 0.1625
24 0.8666657656250001 0 0.8666657656250001 0.084375 0.9421875 0.084375 0.9421875 0 0.8666657656250001 0
24 0.88723778125 0 0.88723778125 0.0703125 0.9125 0.0703125 0.9125 0 0.88723778125 0
24 0.7106671718750001 0.6203125 0.7106671718750001 0.49544496093749996 0.5549578296875 0.49544496093749996 0.5549578296875 0.6203125 0.7106671718750001 0.6203125
24 0.5609375 0.5359375 0.715625 0.5359375 0.715625 0.403125 0.5609375 0.403125 0.5609375 0.5359375
24 0.6296875 0.415625 0.6296875 0.30247350625 0.484491240625 0.30247350625 0.484491240625 0.415625 0.6296875 0.415625
24 0.4859375 0.34375 0.5875 0.34375 0.5875 0.1994404203125 0.4859375 0.1994404203125 0.4859375 0.34375
24 0.8234375 0.4015625 0.8234375 0.25798280625 0.712821690625 0.25798280625 0.712821690625 0.4015625 0.8234375 0.4015625
24 0.834375 0.45625 0.834375 0.347740053125 0.6939824828125001 0.347740053125 0.6939824828125001 0.45625 0.834375 0.45625
24 0.815625 0.54375 0.815625 0.4222588671875 0.718022815625 0.4222588671875 0.718022815625 0.54375 0.815625 0.54375
24 0.8203125 0.603125 0.8203125 0.5021545187500001 0.702032871875 0.5021545187500001 0.702032871875 0.603125 0.8203125 0.603125