24 0.420415225 0 0.420415225 0.0276816609375 0.5631487890625 0.0276816609375 0.5631487890625 0 0.420415225 0
24 0.6314878890625 0 0.6314878890625 0.083910034375 0.7326989625 0.083910034375 0.7326989625 0 0.6314878890625 0
24 0.8858131484375 0.1626297578125 0.9524221453124999 0.1626297578125 0.9524221453124999 0.081314878125 0.8858131484375 0.081314878125 0.8858131484375 0.1626297578125
24 0.8615916953125 0.079584775 0.9480968859375001 0.079584775 0.9480968859375001 0.0034602078125 0.8615916953125 0.0034602078125 0.8615916953125 0.079584775
24 0.842560553125 0 0.842560553125 0.026816609375 0.958477509375 0.026816609375 0.958477509375 0 0.842560553125 0
24 0.555363321875 0.6211072671875 0.7110726640625 0.6211072671875 0.7110726640625 0.4948096890625 0.555363321875 0.4948096890625 0.555363321875 0.6211072671875
24 0.5605536328125 0.5363321796875 0.716262975 0.5363321796875 0.716262975 0.40311418750000005 0.5605536328125 0.40311418750000005 0.5605536328125 0.5363321796875
24 0.484429065625 0.41695501718749994 0.6297577859375 0.41695501718749994 0.6297577859375 0.302768165625 0.484429065625 0.302768165625 0.484429065625 0.41695501718749994
24 0.46366782031250003 0.3235294125 0.6098615921875 0.3235294125 0.6098615921875 0.2214532875 0.46366782031250003 0.2214532875 0.46366782031250003 0.3235294125
24 0.6955017296875 0.3858131484375 0.84083045 0.3858131484375 0.84083045 0.2750865046875 0.6955017296875 0.2750865046875 0.6955017296875 0.3858131484375
24 0.6937716265625 0.45847750937500004 0.8347750859374999 0.45847750937500004 0.8347750859374999 0.347750865625 0.6937716265625 0.347750865625 0.6937716265625 0.45847750937500004
24 0.705882353125 0.532871971875 0.8287197234375 0.532871971875 0.8287197234375 0.4342560546875 0.705882353125 0.4342560546875 0.705882353125 0.532871971875
24 0.7024221453124999 0.6038062281250001 0.8217993078125 0.6038062281250001 0.8217993078125 0.501730103125 0.7024221453124999 0.501730103125 0.7024221453124999 0.6038062281250001