24 0.47816284531250003 0 0.478162846875 0.084375 0.5046875 0.084375 0.5046875 0 0.47816284531250003 0
24 0.6403708906250001 0 0.6403708906250001 0.0921875 0.7234375 0.0921875 0.7234375 0 0.6403708906250001 0
24 0.9515625 0.1625 0.9515625 0.081412196875 0.8853995453125 0.081412196875 0.8853995453125 0.1625 0.9515625 0.1625
24 0.8614349046875001 0.0794685328125 0.9479400953124999 0.079468534375 0.9479400953124999 0.0033439671875 0.8614349046875001 0.0033439656249999996 0.8614349046875001 0.0794685328125
24 0.9578125 0.0265625 0.9578125 0.0001270546875 0.843079584375 0.0001270546875 0.843079584375 0.0265625 0.9578125 0.0265625
24 0.7106671718750001 0.6203125 0.7106671718750001 0.49544496093749996 0.5549578296875 0.49544496093749996 0.5549578296875 0.6203125 0.7106671718750001 0.6203125
24 0.571875 0.546875 0.7046875 0.546875 0.7046875 0.3921875 0.571875 0.3921875 0.571875 0.546875
24 0.6296875 0.415625 0.6296875 0.30247350625 0.484491240625 0.30247350625 0.484491240625 0.415625 0.6296875 0.415625
24 0.4859375 0.34375 0.5875 0.34375 0.5875 0.1993485078125 0.4859375 0.1993485078125 0.4859375 0.34375
24 0.8234375 0.4015625 0.8234375 0.2575881265625 0.71278384375 0.2575881265625 0.71278384375 0.4015625 0.8234375 0.4015625
24 0.709375 0.471875 0.81875 0.471875 0.81875 0.3324016015625 0.709375 0.3324016015625 0.709375 0.471875
24 0.815625 0.54375 0.815625 0.422031790625 0.7179633421875 0.422031790625 0.7179633421875 0.54375 0.815625 0.54375
24 0.7109375 0.6109375 0.8125 0.6109375 0.8125 0.4926903109375 0.7109375 0.4926903109375 0.7109375 0.6109375