24 0.1671875 0 0.1671875 0.053125 0.34140625 0.053125 0.34140625 0 0.1671875 0
24 0.40625 0 0.40625 0.1109375 0.53515625 0.1109375 0.53515625 0 0.40625 0
24 0.68828125 0.0703125 0.596875 0.0703125 0.596875 0.16171875 0.68828125 0.16171875 0.68828125 0.0703125
24 0.88671875 0.159375 0.8265625 0.159375 0.8265625 0.2328125 0.88671875 0.2328125 0.88671875 0.159375
24 0.8828125 0.0890625 0.8046875 0.0890625 0.8046875 0.1578125 0.8828125 0.1578125 0.8828125 0.0890625
24 0.8921875 0.0515625 0.7875 0.0515625 0.7875 0.11015625 0.8921875 0.11015625 0.8921875 0.0515625
24 0.66875 0.5328125 0.528125 0.5328125 0.528125 0.646875 0.66875 0.646875 0.66875 0.5328125
24 0.6734375 0.45 0.5328125 0.45 0.5328125 0.5703125 0.6734375 0.5703125 0.6734375 0.45
24 0.5953125 0.359375 0.4640625 0.359375 0.4640625 0.4625 0.5953125 0.4625 0.5953125 0.359375
24 0.57734375 0.2859375 0.4453125 0.2859375 0.4453125 0.378125 0.57734375 0.378125 0.57734375 0.2859375
24 0.7859375 0.334375 0.6546875 0.334375 0.6546875 0.434375 0.7859375 0.434375 0.7859375 0.334375
24 0.78046875 0.4 0.653125 0.4 0.653125 0.5 0.78046875 0.5 0.78046875 0.4
24 0.775 0.478125 0.6640625 0.478125 0.6640625 0.5671875 0.775 0.5671875 0.775 0.478125
24 0.76875 0.5390625 0.6609375 0.5390625 0.6609375 0.63125 0.76875 0.63125 0.76875 0.5390625