19 0.2734375 0.815625 0.3203125 0.815625 0.3203125 0.7482069671875 0.2734375 0.7482069671875 0.2734375 0.815625
19 0.25625 0.8171875 0.25625 0.7568263328125 0.2038934421875 0.7568263328125 0.2038934421875 0.8171875 0.25625 0.8171875
19 0.1328125 0.81875 0.19375 0.81875 0.19375 0.765625 0.1328125 0.765625 0.1328125 0.81875
19 0.121875 0.821875 0.121875 0.7703125 0.05582735625 0.7703125 0.05582735625 0.821875 0.121875 0.821875
19 0.240625 0.89375 0.1912141390625 0.89375 0.1912141390625 0.9467469265625 0.240625 0.9467469265625 0.240625 0.89375
19 0.1828125 0.9515625 0.1828125 0.894198259375 0.1304047140625 0.894198259375 0.1304047140625 0.9515625 0.1828125 0.9515625
19 0.1203125 0.9015625 0.0672003078125 0.9015625 0.0672003078125 0.9653048140625 0.1203125 0.9653048140625 0.1203125 0.9015625
19 0.546875 0.28659067656250004 0.49716956874999996 0.28659067656250004 0.49716956874999996 0.3152792 0.546875 0.3152792 0.546875 0.28659067656250004
19 0.3890625 0.3578125 0.4828125 0.3578125 0.4828125 0.3092981546875 0.3890625 0.3092981546875 0.3890625 0.3578125
19 0.4984375 0.38125 0.4984375 0.30625 0.4655993859375 0.30625 0.4655993859375 0.38125 0.4984375 0.38125
19 0.546875 0.371875 0.546875 0.3432505125 0.494287909375 0.3432505125 0.494287909375 0.371875 0.546875 0.371875
19 0.103240265625 0.475 0.103240265625 0.528125 0.1483222328125 0.528125 0.1483222328125 0.475 0.103240265625 0.475
19 0.2515625 0.521875 0.2515625 0.4827100421875 0.2013447734375 0.4827100421875 0.2013447734375 0.521875 0.2515625 0.521875
19 0.203125 0.521875 0.203125 0.48315830000000004 0.1481045078125 0.48315830000000004 0.1481045078125 0.521875 0.203125 0.521875
19 0.290625 0.528125 0.290625 0.47589651718750003 0.2506659828125 0.47589651718750003 0.2506659828125 0.528125 0.290625 0.528125
19 0.35625 0.6671875 0.35625 0.5955558390625 0.28860143437499997 0.5955558390625 0.28860143437499997 0.6671875 0.35625 0.6671875
19 0.2875 0.596875 0.21275614687500002 0.596875 0.21275614687500002 0.6713114734375 0.2875 0.6713114734375 0.2875 0.596875
19 0.2078125 0.678125 0.2078125 0.605289446875 0.1385373984375 0.605289446875 0.1385373984375 0.678125 0.2078125 0.678125
19 0.134375 0.678125 0.134375 0.6021260265625 0.060604509375000004 0.6021260265625 0.060604509375000004 0.678125 0.134375 0.678125