19 0.571875 1 0.571875 0.933951271875 0.5086467156250001 0.933951271875 0.5086467156250001 1 0.571875 1
19 0.7296875 0.9422801906249999 0.6560381359375 0.9422801906249999 0.6560381359375 0.999907309375 0.7296875 0.999907309375 0.7296875 0.9422801906249999
19 0.6515625 1 0.6515625 0.9442266953124999 0.58147510625 0.9442266953124999 0.58147510625 1 0.6515625 1
19 0.496875 0.9984375 0.496875 0.9504899359375001 0.44275688593750007 0.9504899359375001 0.44275688593750007 0.9984375 0.496875 0.9984375
19 0.4328125 1 0.4328125 0.9473119703125 0.388334215625 0.9473119703125 0.388334215625 1 0.4328125 1
19 0.96700211875 0.2375 0.96700211875 0.18046875 0.92039195 0.18046875 0.92039195 0.2375 0.96700211875 0.2375
19 0.8734375 0.2546875 0.8734375 0.21726695000000001 0.8382812484375 0.21726695000000001 0.8382812484375 0.2546875 0.8734375 0.2546875
19 0.8328125 0.253125 0.8328125 0.2205508484375 0.7986096390624999 0.2205508484375 0.7986096390624999 0.253125 0.8328125 0.253125
19 0.31875 0.284375 0.425 0.284375 0.425 0.204859640625 0.31875 0.204859640625 0.31875 0.284375
19 0.3484375 0.2796875 0.3484375 0.20527012656250002 0.23491790156249998 0.20527012656250002 0.23491790156249998 0.2796875 0.3484375 0.2796875
19 0.5453125 0.2953125 0.5453125 0.21026218281250003 0.48306408906250003 0.21026218281250003 0.48306408906250003 0.2953125 0.5453125 0.2953125
19 0.4796875 0.296875 0.4796875 0.21019597499999998 0.41743908906250005 0.21019597499999998 0.41743908906250005 0.296875 0.4796875 0.296875
19 0.7921875 0.296875 0.7921875 0.215625 0.7254766953125 0.215625 0.7254766953125 0.296875 0.7921875 0.296875
19 0.6489804015625 0.2171875 0.6489804015625 0.296875 0.715082096875 0.296875 0.715082096875 0.2171875 0.6489804015625 0.2171875
19 0.175 0.28125 0.175 0.23818855781249998 0.1059189609375 0.238188559375 0.1059189609375 0.28125 0.175 0.28125
19 0.1484375 0.2828125 0.21863082656250002 0.2828125 0.21863082656250002 0.23801641875000001 0.1484375 0.23801641875000001 0.1484375 0.2828125
19 0.253125 0.2953125 0.253125 0.2258606984375 0.203297140625 0.2258606984375 0.203297140625 0.2953125 0.253125 0.2953125
19 0.6546875 0.2875 0.6546875 0.2418167375 0.590625 0.2418167375 0.590625 0.2875 0.6546875 0.2875
19 0.5951800859375 0.2984375 0.5951800859375 0.2308792375 0.5485699140625 0.2308792375 0.5485699140625 0.2984375 0.5951800859375 0.2984375
19 0.878125 0.253125 0.8415254234375 0.253125 0.8415254234375 0.2962658890625 0.878125 0.2962658890625 0.878125 0.253125
19 0.834375 0.296875 0.834375 0.259692796875 0.79609375 0.259692796875 0.79609375 0.296875 0.834375 0.296875
19 0.6984375 0.3235963984375 0.651204978125 0.3235963984375 0.651204978125 0.3795286015625 0.6984375 0.3795286015625 0.6984375 0.3235963984375
19 0.75625 0.3765625 0.75625 0.32914459687500003 0.7018538140625 0.32914459687500003 0.7018538140625 0.3765625 0.75625 0.3765625
19 0.38445445 0.443551378125 0.46242055000000004 0.443551378125 0.46242055156250006 0.348636121875 0.38445445 0.348636121875 0.38445445 0.443551378125
19 0.196875 0.440625 0.196875 0.361771715625 0.109547140625 0.361771715625 0.109547140625 0.440625 0.196875 0.440625
19 0.375 0.44375 0.375 0.350979871875 0.2968882421875 0.350979871875 0.2968882421875 0.44375 0.375 0.44375
19 0.2828125 0.4375 0.2828125 0.35636917343749996 0.194292903125 0.35636917343749996 0.194292903125 0.4375 0.2828125 0.4375
19 0.6389830515625 0.446875 0.6389830515625 0.356157309375 0.5610169484374999 0.356157309375 0.5610169484374999 0.446875 0.6389830515625 0.446875
19 0.48125 0.4453125 0.55625 0.4453125 0.55625 0.359375 0.48125 0.359375 0.48125 0.4453125
19 0.8414856984375 0.4453125 0.8414856984375 0.3749205515625 0.7694518 0.3749205515625 0.7694518 0.4453125 0.8414856984375 0.4453125
19 0.8453125 0.4453125 0.8984375 0.4453125 0.8984375 0.3765625 0.8453125 0.3765625 0.8453125 0.4453125
19 0.96875 0.44375 0.96875 0.3765625 0.9052304015624999 0.3765625 0.9052304015624999 0.44375 0.96875 0.44375
19 0.7609375 0.440625 0.7609375 0.38887711875000003 0.7012579453125001 0.38887711875000003 0.7012579453125001 0.440625 0.7609375 0.440625
19 0.7015625 0.38310381250000003 0.6523834749999999 0.38310381250000003 0.6523834749999999 0.44835805000000006 0.7015625 0.44835805000000006 0.7015625 0.38310381250000003
19 0.953125 0.45342955468749996 0.8848252125 0.45342955468749996 0.8848252125 0.5169888765625 0.953125 0.5169888765625 0.953125 0.45342955468749996
19 0.9375 0.52880031875 0.8796875 0.52880031875 0.8796875 0.5915121828125 0.9375 0.5915121828125 0.9375 0.52880031875