19 0.409375 0.2453125 0.346875 0.2453125 0.346875 0.321875 0.409375 0.321875 0.409375 0.2453125
19 0.53828125 0.246875 0.4796875 0.246875 0.4796875 0.3234375 0.53828125 0.3234375 0.53828125 0.246875
19 0.47578125 0.246875 0.4171875 0.246875 0.4171875 0.3234375 0.47578125 0.3234375 0.47578125 0.246875
19 0.29375 0.2546875 0.246875 0.2546875 0.246875 0.321875 0.29375 0.321875 0.29375 0.2546875
19 0.60390625 0.2515625 0.54375 0.2515625 0.54375 0.325 0.60390625 0.325 0.60390625 0.2515625
19 0.34140625 0.2546875 0.2984375 0.2546875 0.2984375 0.3234375 0.34140625 0.3234375 0.34140625 0.2546875
19 0.1375 0.2640625 0.10625 0.2640625 0.10625 0.31484375 0.1375 0.31484375 0.1375 0.2640625
19 0.1734375 0.265625 0.14375 0.265625 0.14375 0.31875 0.1734375 0.31875 0.1734375 0.265625
19 0.2078125 0.265625 0.178125 0.265625 0.178125 0.32109375 0.2078125 0.32109375 0.2078125 0.265625
19 0.24609375 0.265625 0.2125 0.265625 0.2125 0.31953125 0.24609375 0.31953125 0.24609375 0.265625
19 0.44453125 0.3453125 0.4109375 0.3453125 0.4109375 0.3859375 0.44453125 0.3859375 0.44453125 0.3453125
19 0.40859375 0.3453125 0.3734375 0.3453125 0.3734375 0.3875 0.40859375 0.3875 0.40859375 0.3453125
19 0.23359375 0.371875 0.1984375 0.371875 0.1984375 0.4015625 0.23359375 0.4015625 0.23359375 0.371875
19 0.26640625 0.371875 0.2390625 0.371875 0.2390625 0.4015625 0.26640625 0.4015625 0.26640625 0.371875
19 0.3 0.3734375 0.2703125 0.3734375 0.2703125 0.40234375 0.3 0.40234375 0.3 0.3734375
19 0.33203125 0.3734375 0.303125 0.3734375 0.303125 0.403125 0.33203125 0.403125 0.33203125 0.3734375
19 0.3671875 0.3734375 0.334375 0.3734375 0.334375 0.403125 0.3671875 0.403125 0.3671875 0.3734375
19 0.77890625 0.3671875 0.71875 0.3671875 0.71875 0.43671875 0.77890625 0.43671875 0.77890625 0.3671875
19 0.48828125 0.3703125 0.4453125 0.3703125 0.4453125 0.43671875 0.48828125 0.43671875 0.48828125 0.3703125
19 0.65234375 0.371875 0.59375 0.371875 0.59375 0.43671875 0.65234375 0.43671875 0.65234375 0.371875
19 0.5328125 0.371875 0.490625 0.371875 0.490625 0.43828125 0.5328125 0.43828125 0.5328125 0.371875
19 0.71640625 0.375 0.65625 0.375 0.65625 0.4390625 0.71640625 0.4390625 0.71640625 0.375
19 0.8390625 0.378125 0.7828125 0.378125 0.7828125 0.43671875 0.8390625 0.43671875 0.8390625 0.378125
19 0.8890625 0.3796875 0.8359375 0.3796875 0.8359375 0.43515625 0.8890625 0.43515625 0.8890625 0.3796875
19 0.5890625 0.38125 0.5359375 0.38125 0.5359375 0.4375 0.5890625 0.4375 0.5890625 0.38125
19 0.4015625 0.3890625 0.36875 0.3890625 0.36875 0.4359375 0.4015625 0.4359375 0.4015625 0.3890625
19 0.4421875 0.3890625 0.4046875 0.3890625 0.4046875 0.4375 0.4421875 0.4375 0.4421875 0.3890625
19 0.2265625 0.403125 0.19375 0.403125 0.19375 0.4359375 0.2265625 0.4359375 0.2265625 0.403125
19 0.26015625 0.4046875 0.23125 0.4046875 0.23125 0.4359375 0.26015625 0.4359375 0.26015625 0.4046875
19 0.32578125 0.40625 0.2984375 0.40625 0.2984375 0.4359375 0.32578125 0.4359375 0.32578125 0.40625
19 0.29296875 0.40625 0.2640625 0.40625 0.2640625 0.4375 0.29296875 0.4375 0.29296875 0.40625
19 0.36484375 0.4078125 0.33125 0.4078125 0.33125 0.4375 0.36484375 0.4375 0.36484375 0.4078125