19 0.50625 0.159375 0.453125 0.159375 0.453125 0.2359375 0.50625 0.2359375 0.50625 0.159375
19 0.5609375 0.1640625 0.509375 0.1640625 0.509375 0.23828125 0.5609375 0.23828125 0.5609375 0.1640625
19 0.6203125 0.1671875 0.5640625 0.1671875 0.5640625 0.24140625 0.6203125 0.24140625 0.6203125 0.1671875
19 0.6734375 0.1703125 0.621875 0.1703125 0.621875 0.2421875 0.6734375 0.2421875 0.6734375 0.1703125
19 0.728125 0.1734375 0.675 0.1734375 0.675 0.2453125 0.728125 0.2453125 0.728125 0.1734375
19 0.7828125 0.175 0.73125 0.175 0.73125 0.24453125 0.7828125 0.24453125 0.7828125 0.175
19 0.27421875 0.25 0.2296875 0.25 0.2296875 0.30390625 0.27421875 0.30390625 0.27421875 0.25
19 0.31875 0.2515625 0.2765625 0.2515625 0.2765625 0.31171875 0.31875 0.31171875 0.31875 0.2515625
19 0.36953125 0.253125 0.3203125 0.253125 0.3203125 0.3140625 0.36953125 0.3140625 0.36953125 0.253125
19 0.40703125 0.2703125 0.371875 0.2703125 0.371875 0.3109375 0.40703125 0.3109375 0.40703125 0.2703125
19 0.44609375 0.2703125 0.4109375 0.2703125 0.4109375 0.3171875 0.44609375 0.3171875 0.44609375 0.2703125
19 0.48203125 0.271875 0.446875 0.271875 0.446875 0.31875 0.48203125 0.31875 0.48203125 0.271875
19 0.58515625 0.275 0.5515625 0.275 0.5515625 0.3234375 0.58515625 0.3234375 0.58515625 0.275
19 0.61875 0.2765625 0.5875 0.2765625 0.5875 0.32109375 0.61875 0.32109375 0.61875 0.2765625
19 0.65 0.278125 0.6203125 0.278125 0.6203125 0.32265625 0.65 0.32265625 0.65 0.278125
19 0.54921875 0.2890625 0.521875 0.2890625 0.521875 0.3203125 0.54921875 0.3203125 0.54921875 0.2890625
19 0.515625 0.290625 0.490625 0.290625 0.490625 0.31953125 0.515625 0.31953125 0.515625 0.290625
19 0.32421875 0.35 0.265625 0.35 0.265625 0.421875 0.32421875 0.421875 0.32421875 0.35
19 0.2640625 0.3546875 0.20625 0.3546875 0.20625 0.41875 0.2640625 0.41875 0.2640625 0.3546875
19 0.375 0.371875 0.3296875 0.371875 0.3296875 0.4234375 0.375 0.4234375 0.375 0.371875
19 0.484375 0.3703125 0.4328125 0.3703125 0.4328125 0.42421875 0.484375 0.42421875 0.484375 0.3703125
19 0.428125 0.375 0.3828125 0.375 0.3828125 0.4234375 0.428125 0.4234375 0.428125 0.375
19 0.5390625 0.375 0.4921875 0.375 0.4921875 0.42890625 0.5390625 0.42890625 0.5390625 0.375
19 0.59453125 0.3765625 0.5453125 0.3765625 0.5453125 0.4328125 0.59453125 0.4328125 0.59453125 0.3765625
19 0.64765625 0.3828125 0.5984375 0.3828125 0.5984375 0.43125 0.64765625 0.43125 0.64765625 0.3828125
19 0.696875 0.378125 0.6515625 0.378125 0.6515625 0.43359375 0.696875 0.43359375 0.696875 0.378125
19 0.75546875 0.3828125 0.7046875 0.3828125 0.7046875 0.43828125 0.75546875 0.43828125 0.75546875 0.3828125
19 0.22734375 0.48125 0.1890625 0.48125 0.1890625 0.53203125 0.22734375 0.53203125 0.22734375 0.48125
19 0.2671875 0.4828125 0.2296875 0.4828125 0.2296875 0.534375 0.2671875 0.534375 0.2671875 0.4828125
19 0.30859375 0.484375 0.2703125 0.484375 0.2703125 0.53359375 0.30859375 0.53359375 0.30859375 0.484375
19 0.35078125 0.4859375 0.3125 0.4859375 0.3125 0.5375 0.35078125 0.5375 0.35078125 0.4859375
19 0.45546875 0.484375 0.396875 0.484375 0.396875 0.5375 0.45546875 0.5375 0.45546875 0.484375
19 0.3921875 0.4859375 0.3546875 0.4859375 0.3546875 0.5375 0.3921875 0.5375 0.3921875 0.4859375
19 0.5734375 0.4875 0.521875 0.4875 0.521875 0.54140625 0.5734375 0.54140625 0.5734375 0.4875
19 0.51875 0.490625 0.4609375 0.490625 0.4609375 0.53984375 0.51875 0.53984375 0.51875 0.490625
19 0.7453125 0.490625 0.6984375 0.490625 0.6984375 0.5484375 0.7453125 0.5484375 0.7453125 0.490625
19 0.6296875 0.4953125 0.578125 0.4953125 0.578125 0.54609375 0.6296875 0.54609375 0.6296875 0.4953125
19 0.68984375 0.496875 0.6359375 0.496875 0.6359375 0.5453125 0.68984375 0.5453125 0.68984375 0.496875
19 0.8078125 0.496875 0.7515625 0.496875 0.7515625 0.54765625 0.8078125 0.54765625 0.8078125 0.496875
19 0.53671875 0.0203125 0.4859375 0.0203125 0.4859375 0.08671875 0.53671875 0.08671875 0.53671875 0.0203125
19 0.5921875 0.0234375 0.540625 0.0234375 0.540625 0.08984375 0.5921875 0.08984375 0.5921875 0.0234375
19 0.64375 0.0234375 0.5984375 0.0234375 0.5984375 0.09296875 0.64375 0.09296875 0.64375 0.0234375
19 0.23515625 0.5703125 0.1703125 0.5703125 0.1703125 0.64453125 0.23515625 0.64453125 0.23515625 0.5703125
19 0.4421875 0.575 0.3796875 0.575 0.3796875 0.6484375 0.4421875 0.6484375 0.4421875 0.575
19 0.37734375 0.575 0.3171875 0.575 0.3171875 0.65078125 0.37734375 0.65078125 0.37734375 0.575
19 0.3078125 0.578125 0.246875 0.578125 0.246875 0.64765625 0.3078125 0.64765625 0.3078125 0.578125
19 0.57421875 0.5828125 0.515625 0.5828125 0.515625 0.65390625 0.57421875 0.65390625 0.57421875 0.5828125
19 0.5078125 0.5875 0.44375 0.5875 0.44375 0.6546875 0.5078125 0.6546875 0.5078125 0.5875
19 0.6421875 0.590625 0.5859375 0.590625 0.5859375 0.66015625 0.6421875 0.66015625 0.6421875 0.590625
19 0.7046875 0.590625 0.646875 0.590625 0.646875 0.66015625 0.7046875 0.66015625 0.7046875 0.590625
19 0.76875 0.5953125 0.7046875 0.5953125 0.7046875 0.6625 0.76875 0.6625 0.76875 0.5953125