19 0.54765625 0.340625 0.4765625 0.340625 0.4765625 0.42734375 0.54765625 0.42734375 0.54765625 0.340625
19 0.4625 0.34375 0.3828125 0.34375 0.3828125 0.42890625 0.4625 0.42890625 0.4625 0.34375
19 0.97734375 0.359375 0.9421875 0.359375 0.9421875 0.41953125 0.97734375 0.41953125 0.97734375 0.359375
19 0.93671875 0.3625 0.903125 0.3625 0.903125 0.42265625 0.93671875 0.42265625 0.93671875 0.3625
19 0.62421875 0.3703125 0.5546875 0.3703125 0.5546875 0.42421875 0.62421875 0.42421875 0.62421875 0.3703125
19 0.70234375 0.3703125 0.6328125 0.3703125 0.6328125 0.4265625 0.70234375 0.4265625 0.70234375 0.3703125
19 0.7921875 0.4734375 0.759375 0.4734375 0.759375 0.5046875 0.7921875 0.5046875 0.7921875 0.4734375
19 0.753125 0.471875 0.7171875 0.471875 0.7171875 0.50546875 0.753125 0.50546875 0.753125 0.471875
19 0.834375 0.4734375 0.7984375 0.4734375 0.7984375 0.50625 0.834375 0.50625 0.834375 0.4734375
19 0.1921875 0.4671875 0.134375 0.4671875 0.134375 0.5546875 0.1921875 0.5546875 0.1921875 0.4671875
19 0.88984375 0.4875 0.85 0.4875 0.85 0.54140625 0.88984375 0.54140625 0.88984375 0.4875
19 0.9390625 0.4859375 0.896875 0.4859375 0.896875 0.5421875 0.9390625 0.5421875 0.9390625 0.4859375
19 0.4796875 0.478125 0.4265625 0.478125 0.4265625 0.5515625 0.4796875 0.5515625 0.4796875 0.478125
19 0.42421875 0.478125 0.3703125 0.478125 0.3703125 0.55 0.42421875 0.55 0.42421875 0.478125
19 0.3671875 0.478125 0.3140625 0.478125 0.3140625 0.55 0.3671875 0.55 0.3671875 0.478125
19 0.24765625 0.4796875 0.19375 0.4796875 0.19375 0.55546875 0.24765625 0.55546875 0.24765625 0.4796875
19 0.30703125 0.4796875 0.253125 0.4796875 0.253125 0.55390625 0.30703125 0.55390625 0.30703125 0.4796875
19 0.7171875 0.49375 0.671875 0.49375 0.671875 0.54921875 0.7171875 0.54921875 0.7171875 0.49375
19 0.6671875 0.4953125 0.6296875 0.4953125 0.6296875 0.5484375 0.6671875 0.5484375 0.6671875 0.4953125
19 0.62109375 0.49375 0.578125 0.49375 0.578125 0.55 0.62109375 0.55 0.62109375 0.49375
19 0.52890625 0.49375 0.484375 0.49375 0.484375 0.54921875 0.52890625 0.54921875 0.52890625 0.49375
19 0.57578125 0.49375 0.53125 0.49375 0.53125 0.55 0.57578125 0.55 0.57578125 0.49375
19 0.846875 0.5109375 0.809375 0.5109375 0.809375 0.54453125 0.846875 0.54453125 0.846875 0.5109375
19 0.80546875 0.5125 0.7671875 0.5125 0.7671875 0.54609375 0.80546875 0.54609375 0.80546875 0.5125
19 0.76171875 0.5109375 0.7234375 0.5109375 0.7234375 0.54609375 0.76171875 0.54609375 0.76171875 0.5109375
19 0.78046875 0.6078125 0.7109375 0.6078125 0.7109375 0.68359375 0.78046875 0.68359375 0.78046875 0.6078125
19 0.9140625 0.6125 0.85 0.6125 0.85 0.68359375 0.9140625 0.68359375 0.9140625 0.6125
19 0.48046875 0.6046875 0.409375 0.6046875 0.409375 0.68984375 0.48046875 0.68984375 0.48046875 0.6046875
19 0.55234375 0.609375 0.4828125 0.609375 0.4828125 0.6875 0.55234375 0.6875 0.55234375 0.609375
19 0.40546875 0.60625 0.334375 0.60625 0.334375 0.68828125 0.40546875 0.68828125 0.40546875 0.60625
19 0.71015625 0.6140625 0.6453125 0.6140625 0.6453125 0.68515625 0.71015625 0.68515625 0.71015625 0.6140625
19 0.3328125 0.60625 0.2609375 0.60625 0.2609375 0.69296875 0.3328125 0.69296875 0.3328125 0.60625
19 0.259375 0.6046875 0.1859375 0.6046875 0.1859375 0.69453125 0.259375 0.69453125 0.259375 0.6046875
19 0.63515625 0.615625 0.5609375 0.615625 0.5609375 0.6875 0.63515625 0.6875 0.63515625 0.615625
19 0.1875 0.6078125 0.1140625 0.6078125 0.1140625 0.69765625 0.1875 0.69765625 0.1875 0.6078125
19 0.84375 0.625 0.7859375 0.625 0.7859375 0.68359375 0.84375 0.68359375 0.84375 0.625
19 0.99296875 0.6296875 0.9234375 0.6296875 0.9234375 0.68828125 0.99296875 0.68828125 0.99296875 0.6296875