19 0.6640625 0.3125 0.6640625 0.2328125 0.6000256140625 0.2328125 0.6000256140625 0.3125 0.6640625 0.3125
19 0.4645747953125 0.234375 0.4645747953125 0.3140625 0.5260502046875 0.3140625 0.5260502046875 0.234375 0.4645747953125 0.234375
19 0.5301997953125 0.234375 0.5301997953125 0.3140625 0.5916752046875 0.3140625 0.5916752046875 0.234375 0.5301997953125 0.234375
19 0.7796875 0.3015625 0.7796875 0.2534708 0.711180840625 0.2534708 0.711180840625 0.3015625 0.7796875 0.3015625
19 0.3957863734375 0.2390625 0.3957863734375 0.315625 0.45890112812500006 0.315625 0.45890112812500006 0.2390625 0.3957863734375 0.2390625
19 0.6578125 0.25625 0.6578125 0.3 0.7293545078125 0.3 0.7293545078125 0.25625 0.6578125 0.25625
19 0.928125 0.2625 0.8755891390625001 0.2625 0.8755891390625001 0.294787396875 0.928125 0.294787396875 0.928125 0.2625
19 0.8890625 0.296875 0.8890625 0.2670081984375 0.8353099390625 0.2670081984375 0.8353099390625 0.296875 0.8890625 0.296875
19 0.8421875 0.3109375 0.8421875 0.2537013328125 0.8119620890625001 0.2537013328125 0.8119620890625001 0.3109375 0.8421875 0.3109375
19 0.8046875 0.309375 0.8046875 0.25453381249999996 0.7714395484375001 0.25453381249999996 0.7714395484375001 0.309375 0.8046875 0.309375
19 0.6015625 0.3411244875 0.5598488734375 0.3411244875 0.5598488734375 0.3763703890625 0.6015625 0.3763703890625 0.6015625 0.3411244875
19 0.6359375 0.38125 0.6359375 0.338165984375 0.6005507171875 0.338165984375 0.6005507171875 0.38125 0.6359375 0.38125
19 0.8171875 0.3984375 0.8171875 0.3624487703125 0.7873975421875 0.3624487703125 0.7873975421875 0.3984375 0.8171875 0.3984375
19 0.7796875 0.39375 0.7796875 0.367085040625 0.7488729515625 0.367085040625 0.7488729515625 0.39375 0.7796875 0.39375
19 0.74375 0.396875 0.74375 0.3674436484375 0.714818134375 0.3674436484375 0.714818134375 0.396875 0.74375 0.396875
19 0.7109375 0.396875 0.7109375 0.367840675 0.68076331875 0.367840675 0.68076331875 0.396875 0.7109375 0.396875
19 0.678125 0.396875 0.678125 0.3671875 0.64480020625 0.3671875 0.64480020625 0.396875 0.678125 0.396875
19 0.2125 0.4328125 0.275 0.4328125 0.275 0.36013063437500004 0.2125 0.36013063437500004 0.2125 0.4328125
19 0.5609375 0.4328125 0.5609375 0.36348616875 0.5171234609375001 0.36348616875 0.5171234609375001 0.4328125 0.5609375 0.4328125
19 0.409375 0.4296875 0.409375 0.3688140375 0.3413934421875 0.3688140375 0.3413934421875 0.4296875 0.409375 0.4296875
19 0.5265625 0.421875 0.5265625 0.378125 0.457415471875 0.378125 0.457415471875 0.421875 0.5265625 0.421875
19 0.278125 0.4359375 0.340625 0.4359375 0.340625 0.3689677265625 0.278125 0.3689677265625 0.278125 0.4359375
19 0.2091700828125 0.43125 0.2091700828125 0.37279713124999997 0.14769467187500002 0.37279713124999997 0.14769467187500002 0.43125 0.2091700828125 0.43125
19 0.1515625 0.43125 0.1515625 0.3734375 0.09713114843750001 0.3734375 0.09713114843750001 0.43125 0.1515625 0.43125
19 0.4671875 0.434375 0.4671875 0.37564036875 0.4117571703125 0.37564036875 0.4117571703125 0.434375 0.4671875 0.434375
19 0.6484375 0.425 0.6484375 0.39139344375 0.6012166999999999 0.39139344375 0.6012166999999999 0.425 0.6484375 0.425
19 0.6046875 0.4328125 0.6046875 0.3832479515625 0.565663421875 0.3832479515625 0.565663421875 0.4328125 0.6046875 0.4328125
19 0.825 0.43125 0.825 0.3987192640625 0.7917520484375 0.3987192640625 0.7917520484375 0.43125 0.825 0.43125
19 0.7859375 0.43125 0.7859375 0.39998719375 0.7564036875 0.39998719375 0.7564036875 0.43125 0.7859375 0.43125
19 0.715625 0.40161372812499996 0.6875 0.40161372812499996 0.6875 0.432761271875 0.715625 0.432761271875 0.715625 0.40161372812499996
19 0.753125 0.4328125 0.753125 0.4026639328125 0.7208376015625 0.4026639328125 0.7208376015625 0.4328125 0.753125 0.4328125
19 0.6796875 0.4359375 0.6796875 0.4015625 0.6486680312499999 0.4015625 0.6486680312499999 0.4359375 0.6796875 0.4359375