19 0.4328125 0.44375 0.509375 0.44375 0.509375 0.3515625 0.4328125 0.3515625 0.4328125 0.44375
19 0.6109375 0.4453125 0.6109375 0.354708615625 0.52578125 0.354708615625 0.52578125 0.4453125 0.6109375 0.4453125
19 0.0125 0.4390625 0.0484375 0.4390625 0.0484375 0.3752956078125 0.0125 0.3752956078125 0.0125 0.4390625
19 0.4171875 0.375 0.3590371609375 0.375 0.3590371609375 0.449577703125 0.4171875 0.449577703125 0.4171875 0.375
19 0.340625 0.38287584531249996 0.265625 0.38287584531249996 0.265625 0.44368665468749996 0.340625 0.44368665468749996 0.340625 0.38287584531249996
19 0.2015625 0.49415118125 0.1698690890625 0.49415118125 0.1698690890625 0.5296241546875 0.2015625 0.5296241546875 0.2015625 0.49415118125
19 0.2498944265625 0.528125 0.2498944265625 0.493559965625 0.2110430734375 0.493559965625 0.2110430734375 0.528125 0.2498944265625 0.528125
19 0.159375 0.53125 0.159375 0.49347550625 0.12516891875 0.49347550625 0.12516891875 0.53125 0.159375 0.53125
19 0.8796875 0.48785895156250003 0.8171875 0.48785895156250003 0.8171875 0.582453546875 0.8796875 0.582453546875 0.8796875 0.48785895156250003
19 0.1046875 0.5103462828125 0.063070103125 0.5103462828125 0.063070103125 0.5686233109375001 0.1046875 0.5686233109375001 0.1046875 0.5103462828125
19 0.0625 0.5609375 0.0625 0.5161739843750001 0.0019636828125 0.5161739843750001 0.0019636828125 0.5609375 0.0625 0.5609375
19 0.563872465625 0.578125 0.563872465625 0.5001478046875001 0.506440034375 0.5001478046875001 0.506440034375 0.578125 0.563872465625 0.578125
19 0.634375 0.5671875 0.634375 0.5099451015625001 0.5567989859375 0.5099451015625001 0.5567989859375 0.5671875 0.634375 0.5671875
19 0.6858741562499999 0.5765625 0.6858741562499999 0.4997888515625 0.6284417234374999 0.4997888515625 0.6284417234374999 0.5765625 0.6858741562499999 0.5765625
19 0.7578125 0.5828125 0.815625 0.5828125 0.815625 0.5020059125 0.7578125 0.5020059125 0.7578125 0.5828125
19 0.75 0.58125 0.75 0.5020903703124999 0.6933065890625 0.5020903703124999 0.6933065890625 0.58125 0.75 0.58125
19 0.2984375 0.5765625 0.2984375 0.5171875 0.25027449375 0.5171875 0.25027449375 0.5765625 0.2984375 0.5765625
19 0.353125 0.5265625 0.29596706093749997 0.5265625 0.29596706093749997 0.5668918921875 0.353125 0.5668918921875 0.353125 0.5265625
19 0.40625 0.5703125 0.40625 0.5246199328125 0.3470650328125 0.5246199328125 0.3470650328125 0.5703125 0.40625 0.5703125
19 0.45327280468750003 0.5171875 0.45327280468750003 0.5765625 0.5014146968750001 0.5765625 0.5014146968750001 0.5171875 0.45327280468750003 0.5171875
19 0.45 0.5765625 0.45 0.516532940625 0.40247043906249996 0.516532940625 0.40247043906249996 0.5765625 0.45 0.5765625
19 0.146875 0.5734375 0.146875 0.5329814203125001 0.11163429062500001 0.53298141875 0.11163429062500001 0.5734375 0.146875 0.5734375
19 0.1921875 0.575 0.1921875 0.5343750015625 0.156946790625 0.534375 0.156946790625 0.575 0.1921875 0.575
19 0.240625 0.575 0.240625 0.5338893578125 0.20333614843749998 0.5338893578125 0.20333614843749998 0.575 0.240625 0.575
19 0.18125 0.7203125 0.25625 0.7203125 0.25625 0.6402871625000001 0.18125 0.6402871625000001 0.18125 0.7203125
19 0.109375 0.7171875 0.109375 0.6489864875 0.0332559125 0.6489864875 0.0332559125 0.7171875 0.109375 0.7171875
19 0.58125 0.728125 0.58125 0.6375 0.5057221296875001 0.6375 0.5057221296875001 0.728125 0.58125 0.728125
19 0.503125 0.725 0.503125 0.6416385140624999 0.428378378125 0.6416385140624999 0.428378378125 0.725 0.503125 0.725
19 0.6625 0.7265625 0.6625 0.6390625 0.5866342921875 0.6390625 0.5866342921875 0.7265625 0.6625 0.7265625
19 0.3296875 0.7203125 0.3296875 0.6506545609375001 0.2544552375 0.6506545609375001 0.2544552375 0.7203125 0.3296875 0.7203125
19 0.7421875 0.73125 0.7421875 0.6390625 0.6658361484374999 0.6390625 0.6658361484374999 0.73125 0.7421875 0.73125
19 0.8234375 0.7328125 0.8234375 0.6373733109375 0.745460303125 0.6373733109375 0.745460303125 0.7328125 0.8234375 0.7328125
19 0.4171875 0.6486486484375 0.33878800625 0.6486486484375 0.33878800625 0.7263513515625 0.4171875 0.7263513515625 0.4171875 0.6486486484375
19 0.9014146953125 0.7359375 0.9014146953125 0.6404983109375 0.8220228031250001 0.6404983109375 0.8220228031250001 0.7359375 0.9014146953125 0.7359375
19 0.175 0.7203125 0.175 0.65988175625 0.112922296875 0.65988175625 0.112922296875 0.7203125 0.175 0.7203125
19 0 0.7265625 0.0265625 0.7265625 0.0265625 0.6640625 0 0.6640625 0 0.7265625