19 0.9890625 0.7328125 0.9890625 0.6890625 0.905078125 0.6890625 0.905078125 0.7328125 0.9890625 0.7328125
19 0.9171875 0.670703125 0.8703125 0.670703125 0.8703125 0.75625 0.9171875 0.75625 0.9171875 0.670703125
19 0.6234375 0.6953125 0.6234375 0.753125 0.6875 0.753125 0.6875 0.6953125 0.6234375 0.6953125
19 0.1515625 0.1203125 0.1515625 0.07578125 0.06484375 0.07578125 0.06484375 0.1203125 0.1515625 0.1203125
19 0.1046875 0.1203125 0.1046875 0.0765625 0.017578125 0.0765625 0.017578125 0.1203125 0.1046875 0.1203125
19 0.778125 0.0515625 0.778125 0.1546875 0.825 0.1546875 0.825 0.0515625 0.778125 0.0515625
19 0.909375 0.07890625 0.806640625 0.07890625 0.806640625 0.1296875 0.909375 0.1296875 0.909375 0.07890625
19 0.23359375 0.13125 0.23359375 0.099609375 0.1734375 0.099609375 0.1734375 0.13125 0.23359375 0.13125
19 0.144140625 0.0828125 0.144140625 0.14375 0.18125 0.14375 0.18125 0.0828125 0.144140625 0.0828125
19 0.4765625 0.303125 0.4765625 0.234765625 0.391796875 0.234765625 0.391796875 0.303125 0.4765625 0.303125
19 0.5546875 0.23828125 0.466796875 0.23828125 0.466796875 0.3078125 0.5546875 0.3078125 0.5546875 0.23828125
19 0.105859375 0.3046875 0.105859375 0.245703125 0.041015625 0.245703125 0.041015625 0.3046875 0.105859375 0.3046875
19 0.1140625 0.309375 0.178125 0.309375 0.178125 0.2453125 0.1140625 0.2453125 0.1140625 0.309375
19 0.2390625 0.3078125 0.2390625 0.242578125 0.181640625 0.242578125 0.181640625 0.3078125 0.2390625 0.3078125
19 0.3890625 0.3125 0.3890625 0.241015625 0.3203125 0.241015625 0.3203125 0.3125 0.3890625 0.3125
19 0.3046875 0.3109375 0.3046875 0.247265625 0.245703125 0.247265625 0.245703125 0.3109375 0.3046875 0.3109375
19 0.4703125 0.465625 0.525 0.465625 0.525 0.375 0.4703125 0.375 0.4703125 0.465625
19 0.5890625 0.465625 0.5890625 0.375 0.530078125 0.375 0.530078125 0.465625 0.5890625 0.465625
19 0.5921875 0.378125 0.5921875 0.4671875 0.653125 0.4671875 0.653125 0.378125 0.5921875 0.378125
19 0.345703125 0.40625 0.345703125 0.45625 0.4171875 0.45625 0.4171875 0.40625 0.345703125 0.40625
19 0.365625 0.403515625 0.291796875 0.403515625 0.291796875 0.457421875 0.365625 0.457421875 0.365625 0.403515625
19 0.4703125 0.45625 0.4703125 0.404296875 0.400390625 0.404296875 0.400390625 0.45625 0.4703125 0.45625
19 0.7625 0.465625 0.7625 0.395703125 0.712890625 0.395703125 0.712890625 0.465625 0.7625 0.465625
19 0.721875 0.4546875 0.721875 0.40703125 0.65078125 0.40703125 0.65078125 0.4546875 0.721875 0.4546875
19 0.7625 0.396875 0.7625 0.465625 0.8203125 0.465625 0.8203125 0.396875 0.7625 0.396875
19 0.2953125 0.412890625 0.2546875 0.412890625 0.2546875 0.465625 0.2953125 0.465625 0.2953125 0.412890625
19 0.254296875 0.459375 0.254296875 0.420703125 0.200390625 0.420703125 0.200390625 0.459375 0.254296875 0.459375
19 0.865625 0.416015625 0.8234375 0.416015625 0.8234375 0.465625 0.865625 0.465625 0.865625 0.416015625