19 0.38515625 0.08125 0.346875 0.08125 0.346875 0.13671875 0.38515625 0.13671875 0.38515625 0.08125
19 0.42421875 0.0828125 0.390625 0.0828125 0.390625 0.13828125 0.42421875 0.13828125 0.42421875 0.0828125
19 0.37421875 0.140625 0.334375 0.140625 0.334375 0.2125 0.37421875 0.2125 0.37421875 0.140625
19 0.41953125 0.140625 0.38125 0.140625 0.38125 0.21171875 0.41953125 0.21171875 0.41953125 0.140625
19 0.165625 0.2640625 0.0921875 0.2640625 0.0921875 0.3578125 0.165625 0.3578125 0.165625 0.2640625
19 0.85 0.2578125 0.7765625 0.2578125 0.7765625 0.36875 0.85 0.36875 0.85 0.2578125
19 0.696875 0.259375 0.625 0.259375 0.625 0.3671875 0.696875 0.3671875 0.696875 0.259375
19 0.771875 0.259375 0.7 0.259375 0.7 0.3671875 0.771875 0.3671875 0.771875 0.259375
19 0.253125 0.26875 0.18125 0.26875 0.18125 0.36015625 0.253125 0.36015625 0.253125 0.26875
19 0.625 0.2578125 0.553125 0.2578125 0.553125 0.37109375 0.625 0.37109375 0.625 0.2578125
19 0.3390625 0.26875 0.2609375 0.26875 0.2609375 0.3625 0.3390625 0.3625 0.3390625 0.26875
19 0.54765625 0.2875 0.4828125 0.2875 0.4828125 0.36796875 0.54765625 0.36796875 0.54765625 0.2875
19 0.478125 0.2921875 0.409375 0.2921875 0.409375 0.36640625 0.478125 0.36640625 0.478125 0.2921875
19 0.40546875 0.2921875 0.340625 0.2921875 0.340625 0.36875 0.40546875 0.36875 0.40546875 0.2921875
19 0.68515625 0.3953125 0.6515625 0.3953125 0.6515625 0.4171875 0.68515625 0.4171875 0.68515625 0.3953125
19 0.721875 0.3953125 0.6890625 0.3953125 0.6890625 0.4171875 0.721875 0.4171875 0.721875 0.3953125
19 0.79921875 0.3953125 0.765625 0.3953125 0.765625 0.4171875 0.79921875 0.4171875 0.79921875 0.3953125
19 0.6484375 0.396875 0.6109375 0.396875 0.6109375 0.41953125 0.6484375 0.41953125 0.6484375 0.396875
19 0.75859375 0.396875 0.725 0.396875 0.725 0.41875 0.75859375 0.41875 0.75859375 0.396875
19 0.55390625 0.3984375 0.5140625 0.3984375 0.5140625 0.43359375 0.55390625 0.43359375 0.55390625 0.3984375
19 0.596875 0.4 0.559375 0.4 0.559375 0.4359375 0.596875 0.4359375 0.596875 0.4
19 0.6453125 0.4234375 0.609375 0.4234375 0.609375 0.459375 0.6453125 0.459375 0.6453125 0.4234375
19 0.68671875 0.4234375 0.6484375 0.4234375 0.6484375 0.459375 0.68671875 0.459375 0.68671875 0.4234375
19 0.72421875 0.4265625 0.690625 0.4265625 0.690625 0.4578125 0.72421875 0.4578125 0.72421875 0.4265625
19 0.80859375 0.4265625 0.7734375 0.4265625 0.7734375 0.46015625 0.80859375 0.46015625 0.80859375 0.4265625
19 0.765625 0.4265625 0.7296875 0.4265625 0.7296875 0.46171875 0.765625 0.46171875 0.765625 0.4265625
19 0.22890625 0.4234375 0.16875 0.4234375 0.16875 0.5015625 0.22890625 0.5015625 0.22890625 0.4234375
19 0.16875 0.425 0.1078125 0.425 0.1078125 0.5046875 0.16875 0.5046875 0.16875 0.425
19 0.35 0.425 0.2890625 0.425 0.2890625 0.5046875 0.35 0.5046875 0.35 0.425
19 0.2890625 0.421875 0.2328125 0.421875 0.2328125 0.50625 0.2890625 0.50625 0.2890625 0.421875
19 0.41328125 0.425 0.3546875 0.425 0.3546875 0.5078125 0.41328125 0.5078125 0.41328125 0.425
19 0.4625 0.4453125 0.4171875 0.4453125 0.4171875 0.50546875 0.4625 0.50546875 0.4625 0.4453125
19 0.56015625 0.4453125 0.5109375 0.4453125 0.5109375 0.50546875 0.56015625 0.50546875 0.56015625 0.4453125
19 0.51328125 0.4453125 0.4640625 0.4453125 0.4640625 0.50546875 0.51328125 0.50546875 0.51328125 0.4453125
19 0.61015625 0.4453125 0.5609375 0.4453125 0.5609375 0.50625 0.61015625 0.50625 0.61015625 0.4453125
19 0.73671875 0.4671875 0.696875 0.4671875 0.696875 0.50703125 0.73671875 0.50703125 0.73671875 0.4671875
19 0.64921875 0.46875 0.609375 0.46875 0.609375 0.50625 0.64921875 0.50625 0.64921875 0.46875
19 0.778125 0.4671875 0.740625 0.4671875 0.740625 0.5078125 0.778125 0.5078125 0.778125 0.4671875
19 0.6921875 0.46875 0.6546875 0.46875 0.6546875 0.509375 0.6921875 0.509375 0.6921875 0.46875
19 0.82109375 0.471875 0.78125 0.471875 0.78125 0.50546875 0.82109375 0.50546875 0.82109375 0.471875
19 0.184375 0.540625 0.1125 0.540625 0.1125 0.634375 0.184375 0.634375 0.184375 0.540625
19 0.33671875 0.546875 0.265625 0.546875 0.265625 0.63203125 0.33671875 0.63203125 0.33671875 0.546875
19 0.26171875 0.5453125 0.1921875 0.5453125 0.1921875 0.634375 0.26171875 0.634375 0.26171875 0.5453125
19 0.41640625 0.5578125 0.340625 0.5578125 0.340625 0.63125 0.41640625 0.63125 0.41640625 0.5578125
19 0.4921875 0.55625 0.4203125 0.55625 0.4203125 0.63203125 0.4921875 0.63203125 0.4921875 0.55625
19 0.6203125 0.56875 0.5640625 0.56875 0.5640625 0.6359375 0.6203125 0.6359375 0.6203125 0.56875
19 0.5578125 0.5703125 0.5 0.5703125 0.5 0.63515625 0.5578125 0.63515625 0.5578125 0.5703125
19 0.66953125 0.578125 0.625 0.578125 0.625 0.63359375 0.66953125 0.63359375 0.66953125 0.578125
19 0.7234375 0.578125 0.671875 0.578125 0.671875 0.6359375 0.7234375 0.6359375 0.7234375 0.578125
19 0.81875 0.58125 0.7734375 0.58125 0.7734375 0.634375 0.81875 0.634375 0.81875 0.58125
19 0.76953125 0.5796875 0.7265625 0.5796875 0.7265625 0.6359375 0.76953125 0.6359375 0.76953125 0.5796875
19 0.54453125 0.8609375 0.4890625 0.8609375 0.4890625 0.92734375 0.54453125 0.92734375 0.54453125 0.8609375
19 0.48984375 0.8625 0.434375 0.8625 0.434375 0.92734375 0.48984375 0.92734375 0.48984375 0.8625