19 0.5546875 0.41875 0.5546875 0.3484375 0.468359375 0.3484375 0.468359375 0.41875 0.5546875 0.41875
19 0.4640625 0.425 0.4640625 0.346484375 0.3796875 0.346484375 0.3796875 0.425 0.4640625 0.425
19 0.9890625 0.40625 0.9890625 0.372265625 0.930078125 0.372265625 0.930078125 0.40625 0.9890625 0.40625
19 0.9359375 0.421875 0.9359375 0.362890625 0.902734375 0.362890625 0.902734375 0.421875 0.9359375 0.421875
19 0.615625 0.43125 0.615625 0.362109375 0.562890625 0.362109375 0.562890625 0.43125 0.615625 0.43125
19 0.632421875 0.3703125 0.632421875 0.4265625 0.7015625 0.4265625 0.7015625 0.3703125 0.632421875 0.3703125
19 0.790625 0.5046875 0.790625 0.47265625 0.76015625 0.47265625 0.76015625 0.5046875 0.790625 0.5046875
19 0.753125 0.471484375 0.7171875 0.471484375 0.7171875 0.5046875 0.753125 0.5046875 0.753125 0.471484375
19 0.8 0.471875 0.8 0.5078125 0.8328125 0.5078125 0.8328125 0.471875 0.8 0.471875
19 0.134375 0.4671875 0.134375 0.5546875 0.1921875 0.5546875 0.1921875 0.4671875 0.134375 0.4671875
19 0.8953125 0.534375 0.8953125 0.494921875 0.843359375 0.494921875 0.843359375 0.534375 0.8953125 0.534375
19 0.896875 0.4859375 0.896875 0.5421875 0.9390625 0.5421875 0.9390625 0.4859375 0.896875 0.4859375
19 0.4890625 0.540625 0.4890625 0.48828125 0.41640625 0.48828125 0.41640625 0.540625 0.4890625 0.540625
19 0.4328125 0.540625 0.4328125 0.4875 0.361328125 0.4875 0.361328125 0.540625 0.4328125 0.540625
19 0.3046875 0.4875 0.3046875 0.540625 0.3765625 0.540625 0.3765625 0.4875 0.3046875 0.4875
19 0.19375 0.5546875 0.246875 0.5546875 0.246875 0.480078125 0.19375 0.480078125 0.19375 0.5546875
19 0.253125 0.553125 0.30625 0.553125 0.30625 0.4796875 0.253125 0.4796875 0.253125 0.553125
19 0.7171875 0.493359375 0.671875 0.493359375 0.671875 0.5484375 0.7171875 0.5484375 0.7171875 0.493359375
19 0.621875 0.503125 0.621875 0.540625 0.675 0.540625 0.675 0.503125 0.621875 0.503125
19 0.578515625 0.49375 0.578515625 0.55 0.6203125 0.55 0.6203125 0.49375 0.578515625 0.49375
19 0.528125 0.5484375 0.528125 0.493359375 0.484765625 0.493359375 0.484765625 0.5484375 0.528125 0.5484375
19 0.58125 0.5 0.525390625 0.5 0.525390625 0.54375 0.58125 0.54375 0.58125 0.5
19 0.846875 0.511328125 0.809375 0.511328125 0.809375 0.54375 0.846875 0.54375 0.846875 0.511328125
19 0.8046875 0.5453125 0.8046875 0.512890625 0.767578125 0.512890625 0.767578125 0.5453125 0.8046875 0.5453125
19 0.7609375 0.5453125 0.7609375 0.510546875 0.723046875 0.510546875 0.723046875 0.5453125 0.7609375 0.5453125
19 0.7828125 0.6796875 0.7828125 0.610546875 0.708203125 0.610546875 0.708203125 0.6796875 0.7828125 0.6796875
19 0.9140625 0.612109375 0.85 0.612109375 0.85 0.6828125 0.9140625 0.6828125 0.9140625 0.612109375
19 0.487109375 0.6828125 0.487109375 0.612109375 0.401953125 0.612109375 0.401953125 0.6828125 0.487109375 0.6828125
19 0.483203125 0.609375 0.483203125 0.6875 0.5515625 0.6875 0.5515625 0.609375 0.483203125 0.609375
19 0.4046875 0.6875 0.4046875 0.60625 0.334765625 0.60625 0.334765625 0.6875 0.4046875 0.6875
19 0.6453125 0.684375 0.709375 0.684375 0.709375 0.6140625 0.6453125 0.6140625 0.6453125 0.684375
19 0.3328125 0.606640625 0.2609375 0.606640625 0.2609375 0.6921875 0.3328125 0.6921875 0.3328125 0.606640625
19 0.2671875 0.6859375 0.2671875 0.612890625 0.178125 0.612890625 0.178125 0.6859375 0.2671875 0.6859375
19 0.5609375 0.615625 0.5609375 0.6875 0.634375 0.6875 0.634375 0.615625 0.5609375 0.615625
19 0.1953125 0.616015625 0.10625 0.616015625 0.10625 0.6890625 0.1953125 0.6890625 0.1953125 0.616015625
19 0.84375 0.6828125 0.84375 0.625390625 0.7859375 0.625390625 0.7859375 0.6828125 0.84375 0.6828125
19 0.9859375 0.69375 0.9859375 0.624609375 0.929296875 0.624609375 0.929296875 0.69375 0.9859375 0.69375