19 0.266796875 0.7578125 0.266796875 0.8234375 0.3109375 0.8234375 0.3109375 0.7578125 0.266796875 0.7578125
19 0.2546875 0.769921875 0.196875 0.769921875 0.196875 0.8203125 0.2546875 0.8203125 0.2546875 0.769921875
19 0.1328125 0.825 0.190625 0.825 0.190625 0.775 0.1328125 0.775 0.1328125 0.825
19 0.1234375 0.828125 0.1234375 0.7796875 0.059765625 0.7796875 0.059765625 0.828125 0.1234375 0.828125
19 0.2359375 0.946875 0.2359375 0.89765625 0.188671875 0.89765625 0.188671875 0.946875 0.2359375 0.946875
19 0.1796875 0.953125 0.1796875 0.898046875 0.130859375 0.898046875 0.130859375 0.953125 0.1796875 0.953125
19 0.065625 0.909375 0.065625 0.9609375 0.1265625 0.9609375 0.1265625 0.909375 0.065625 0.909375
19 0.528125 0.3453125 0.528125 0.31875 0.480078125 0.31875 0.480078125 0.3453125 0.528125 0.3453125
19 0.4671875 0.340234375 0.37734375 0.340234375 0.37734375 0.3859375 0.4671875 0.3859375 0.4671875 0.340234375
19 0.45 0.3375 0.45 0.409375 0.4828125 0.409375 0.4828125 0.3375 0.45 0.3375
19 0.527734375 0.3984375 0.527734375 0.372265625 0.476953125 0.372265625 0.476953125 0.3984375 0.527734375 0.3984375
19 0.146875 0.5484375 0.146875 0.498046875 0.105078125 0.498046875 0.105078125 0.5484375 0.146875 0.5484375
19 0.203125 0.5484375 0.240625 0.5484375 0.240625 0.500390625 0.203125 0.500390625 0.203125 0.5484375
19 0.154296875 0.4984375 0.154296875 0.5515625 0.1921875 0.5515625 0.1921875 0.4984375 0.154296875 0.4984375
19 0.290625 0.5421875 0.290625 0.504296875 0.240234375 0.504296875 0.240234375 0.5421875 0.290625 0.5421875
19 0.2796875 0.6796875 0.3484375 0.6796875 0.3484375 0.614453125 0.2796875 0.614453125 0.2796875 0.6796875
19 0.208984375 0.6140625 0.208984375 0.68515625 0.2796875 0.68515625 0.2796875 0.6140625 0.208984375 0.6140625
19 0.1375 0.6234375 0.1375 0.690625 0.20625 0.690625 0.20625 0.6234375 0.1375 0.6234375
19 0.1359375 0.690625 0.1359375 0.620703125 0.062109375 0.620703125 0.062109375 0.690625 0.1359375 0.690625