19 0.2015625 0.4046875 0.24807889374999997 0.4046875 0.24807889374999997 0.3647540984375 0.2015625 0.3647540984375 0.2015625 0.4046875
19 0.1984375 0.428125 0.1984375 0.3952868859375 0.1655993859375 0.3952868859375 0.1655993859375 0.428125 0.1984375 0.428125
19 0.159375 0.43125 0.159375 0.3994492828125 0.1286372953125 0.3994492828125 0.1286372953125 0.43125 0.159375 0.43125
19 0.7453125 0.453125 0.7453125 0.38189036718749997 0.6574410875 0.38189036718749997 0.6574410875 0.453125 0.7453125 0.453125
19 0.599820696875 0.4625 0.599820696875 0.3936603484375 0.540804303125 0.3936603484375 0.540804303125 0.4625 0.599820696875 0.4625
19 0.3203125 0.45625 0.3203125 0.403304303125 0.24453125 0.403304303125 0.24453125 0.45625 0.3203125 0.45625
19 0.5453125 0.459375 0.5453125 0.4047131140625 0.47994364687499996 0.4047131140625 0.47994364687499996 0.459375 0.5453125 0.459375
19 0.5987961078125 0.403125 0.5987961078125 0.4640625 0.6668288921875 0.4640625 0.6668288921875 0.403125 0.5987961078125 0.403125
19 0.43195440625000003 0.403125 0.43195440625000003 0.4640625 0.48523309374999996 0.4640625 0.48523309374999996 0.403125 0.43195440625000003 0.403125
19 0.2578125 0.4609375 0.2578125 0.41875 0.20377817656250002 0.41875 0.20377817656250002 0.4609375 0.2578125 0.4609375
19 0.2015625 0.46875 0.2015625 0.4345543046875 0.17507684375000002 0.4345543046875 0.17507684375000002 0.46875 0.2015625 0.46875
19 0.1621542015625 0.4375512296875 0.1269082984375 0.4375512296875 0.1269082984375 0.4686987703125 0.1621542015625 0.4686987703125 0.1621542015625 0.4375512296875
19 0.3125 0.60625 0.3125 0.5724897546875 0.2552382171875 0.5724897546875 0.2552382171875 0.60625 0.3125 0.60625
19 0.2734375 0.60625 0.2734375 0.572272028125 0.2156634203125 0.572272028125 0.2156634203125 0.60625 0.2734375 0.60625
19 0.2328125 0.60625 0.2328125 0.5703893437499999 0.177996928125 0.5703893437499999 0.177996928125 0.60625 0.2328125 0.60625
19 0.4916752046875 0.6953125 0.4916752046875 0.6508580937499999 0.4301997953125 0.6508580937499999 0.4301997953125 0.6953125 0.4916752046875 0.6953125
19 0.2028176234375 0.7 0.2028176234375 0.6547643453124999 0.16593237656249998 0.6547643453124999 0.16593237656249998 0.7 0.2028176234375 0.7
19 0.3702484625 0.678509221875 0.3063140359375 0.678509221875 0.3063140359375 0.762115778125 0.3702484625 0.762115778125 0.3702484625 0.678509221875
19 0.315625 0.7484375 0.315625 0.7020747953125 0.2488089140625 0.7020747953125 0.2488089140625 0.7484375 0.315625 0.7484375
19 0.2546875 0.7609375 0.2546875 0.69375 0.20813268593749998 0.69375 0.20813268593749998 0.7609375 0.2546875 0.7609375
19 0.496875 0.7578125 0.496875 0.700179303125 0.4312371921875 0.700179303125 0.4312371921875 0.7578125 0.496875 0.7578125
19 0.2078125 0.717353996875 0.15393186406249998 0.7173539953125 0.15393186406249998 0.759157275 0.2078125 0.759157275 0.2078125 0.717353996875