19 0.32265625 0.76875 0.25625 0.76875 0.25625 0.8140625 0.32265625 0.8140625 0.32265625 0.76875
19 0.2546875 0.7703125 0.196875 0.7703125 0.196875 0.82109375 0.2546875 0.82109375 0.2546875 0.7703125
19 0.19140625 0.775 0.1328125 0.775 0.1328125 0.82578125 0.19140625 0.82578125 0.19140625 0.775
19 0.12421875 0.7796875 0.059375 0.7796875 0.059375 0.82890625 0.12421875 0.82890625 0.12421875 0.7796875
19 0.23828125 0.8984375 0.1875 0.8984375 0.1875 0.946875 0.23828125 0.946875 0.23828125 0.8984375
19 0.18359375 0.9 0.128125 0.9 0.128125 0.95078125 0.18359375 0.95078125 0.18359375 0.9
19 0.1265625 0.909375 0.065625 0.909375 0.065625 0.9609375 0.1265625 0.9609375 0.1265625 0.909375
19 0.51796875 0.3078125 0.490625 0.3078125 0.490625 0.35625 0.51796875 0.35625 0.51796875 0.3078125
19 0.4453125 0.31875 0.3984375 0.31875 0.3984375 0.40859375 0.4453125 0.40859375 0.4453125 0.31875
19 0.4828125 0.3375 0.45 0.3375 0.45 0.409375 0.4828125 0.409375 0.4828125 0.3375
19 0.51640625 0.3609375 0.4890625 0.3609375 0.4890625 0.41171875 0.51640625 0.41171875 0.51640625 0.3609375
19 0.14765625 0.4984375 0.1046875 0.4984375 0.1046875 0.54921875 0.14765625 0.54921875 0.14765625 0.4984375
19 0.24140625 0.5 0.203125 0.5 0.203125 0.54921875 0.24140625 0.54921875 0.24140625 0.5
19 0.19296875 0.4984375 0.1546875 0.4984375 0.1546875 0.5515625 0.19296875 0.5515625 0.19296875 0.4984375
19 0.28515625 0.4984375 0.2453125 0.4984375 0.2453125 0.54921875 0.28515625 0.54921875 0.28515625 0.4984375
19 0.34765625 0.6125 0.28125 0.6125 0.28125 0.68203125 0.34765625 0.68203125 0.34765625 0.6125
19 0.28046875 0.6140625 0.209375 0.6140625 0.209375 0.6859375 0.28046875 0.6859375 0.28046875 0.6140625
19 0.20703125 0.6234375 0.1375 0.6234375 0.1375 0.690625 0.20703125 0.690625 0.20703125 0.6234375
19 0.13671875 0.6203125 0.0625 0.6203125 0.0625 0.69140625 0.13671875 0.69140625 0.13671875 0.6203125