19 0.546875 0.4265625 0.546875 0.340234375 0.476953125 0.340234375 0.476953125 0.4265625 0.546875 0.4265625
19 0.4625 0.344140625 0.3828125 0.344140625 0.3828125 0.428125 0.4625 0.428125 0.4625 0.344140625
19 0.9296875 0.40625 0.9890625 0.40625 0.9890625 0.371484375 0.9296875 0.371484375 0.9296875 0.40625
19 0.9359375 0.421875 0.9359375 0.3625 0.903515625 0.3625 0.903515625 0.421875 0.9359375 0.421875
19 0.6234375 0.4234375 0.6234375 0.369921875 0.554296875 0.369921875 0.554296875 0.4234375 0.6234375 0.4234375
19 0.6953125 0.4328125 0.6953125 0.3640625 0.639453125 0.3640625 0.639453125 0.4328125 0.6953125 0.4328125
19 0.790625 0.5046875 0.790625 0.47265625 0.76015625 0.47265625 0.76015625 0.5046875 0.790625 0.5046875
19 0.753125 0.472265625 0.7171875 0.472265625 0.7171875 0.5046875 0.753125 0.5046875 0.753125 0.472265625
19 0.7984375 0.4734375 0.7984375 0.50625 0.834375 0.50625 0.834375 0.4734375 0.7984375 0.4734375
19 0.20625 0.5390625 0.20625 0.48203125 0.11953125 0.48203125 0.11953125 0.5390625 0.20625 0.5390625
19 0.8890625 0.540625 0.8890625 0.487890625 0.849609375 0.487890625 0.849609375 0.540625 0.8890625 0.540625
19 0.896875 0.4859375 0.896875 0.5421875 0.9390625 0.5421875 0.9390625 0.4859375 0.896875 0.4859375
19 0.4890625 0.540625 0.4890625 0.48828125 0.41640625 0.48828125 0.41640625 0.540625 0.4890625 0.540625
19 0.4328125 0.540625 0.4328125 0.4875 0.361328125 0.4875 0.361328125 0.540625 0.4328125 0.540625
19 0.3140625 0.478125 0.3140625 0.55 0.3671875 0.55 0.3671875 0.478125 0.3140625 0.478125
19 0.2578125 0.54375 0.2578125 0.491015625 0.183203125 0.491015625 0.183203125 0.54375 0.2578125 0.54375
19 0.315625 0.5421875 0.315625 0.490234375 0.242578125 0.490234375 0.242578125 0.5421875 0.315625 0.5421875
19 0.7171875 0.493359375 0.671875 0.493359375 0.671875 0.5484375 0.7171875 0.5484375 0.7171875 0.493359375
19 0.6296875 0.4953125 0.6296875 0.5484375 0.6671875 0.5484375 0.6671875 0.4953125 0.6296875 0.4953125
19 0.6265625 0.50078125 0.571484375 0.50078125 0.571484375 0.54375 0.6265625 0.54375 0.6265625 0.50078125
19 0.528125 0.5484375 0.528125 0.493359375 0.484765625 0.493359375 0.484765625 0.5484375 0.528125 0.5484375
19 0.525390625 0.5 0.525390625 0.54375 0.58125 0.54375 0.58125 0.5 0.525390625 0.5
19 0.84375 0.5453125 0.84375 0.508984375 0.81171875 0.508984375 0.81171875 0.5453125 0.84375 0.5453125
19 0.8046875 0.5453125 0.8046875 0.512109375 0.766796875 0.512109375 0.766796875 0.5453125 0.8046875 0.5453125
19 0.7609375 0.5453125 0.7609375 0.510546875 0.723046875 0.510546875 0.723046875 0.5453125 0.7609375 0.5453125
19 0.7796875 0.6828125 0.7796875 0.608203125 0.711328125 0.608203125 0.711328125 0.6828125 0.7796875 0.6828125
19 0.9171875 0.6796875 0.9171875 0.616015625 0.846875 0.616015625 0.846875 0.6796875 0.9171875 0.6796875
19 0.487109375 0.6828125 0.487109375 0.612109375 0.401953125 0.612109375 0.401953125 0.6828125 0.487109375 0.6828125
19 0.55625 0.6828125 0.55625 0.6140625 0.478515625 0.6140625 0.478515625 0.6828125 0.55625 0.6828125
19 0.409375 0.611328125 0.328515625 0.611328125 0.328515625 0.682421875 0.409375 0.682421875 0.409375 0.611328125
19 0.7125 0.68125 0.7125 0.6171875 0.642578125 0.6171875 0.642578125 0.68125 0.7125 0.68125
19 0.33984375 0.684375 0.33984375 0.613671875 0.253125 0.613671875 0.253125 0.684375 0.33984375 0.684375
19 0.1859375 0.6046875 0.1859375 0.69375 0.259375 0.69375 0.259375 0.6046875 0.1859375 0.6046875
19 0.5609375 0.615625 0.5609375 0.6875 0.634375 0.6875 0.634375 0.615625 0.5609375 0.615625
19 0.1953125 0.616015625 0.10625 0.616015625 0.10625 0.6890625 0.1953125 0.6890625 0.1953125 0.616015625
19 0.84375 0.625390625 0.78515625 0.625390625 0.78515625 0.6828125 0.84375 0.6828125 0.84375 0.625390625
19 0.9921875 0.6875 0.9921875 0.6296875 0.923828125 0.6296875 0.923828125 0.6875 0.9921875 0.6875