19 0.5171875 0.2234375 0.5171875 0.17109375 0.44140625 0.17109375 0.44140625 0.2234375 0.5171875 0.2234375
19 0.571875 0.175390625 0.4984375 0.175390625 0.4984375 0.2265625 0.571875 0.2265625 0.571875 0.175390625
19 0.628125 0.23125 0.628125 0.176171875 0.5546875 0.176171875 0.5546875 0.23125 0.628125 0.23125
19 0.621875 0.1703125 0.621875 0.2421875 0.6734375 0.2421875 0.6734375 0.1703125 0.621875 0.1703125
19 0.665625 0.1828125 0.665625 0.2359375 0.7375 0.2359375 0.7375 0.1828125 0.665625 0.1828125
19 0.7828125 0.175390625 0.73125 0.175390625 0.73125 0.24375 0.7828125 0.24375 0.7828125 0.175390625
19 0.2734375 0.303125 0.2734375 0.25 0.230078125 0.25 0.230078125 0.303125 0.2734375 0.303125
19 0.328125 0.260546875 0.26796875 0.260546875 0.26796875 0.3015625 0.328125 0.3015625 0.328125 0.260546875
19 0.314453125 0.259375 0.314453125 0.3078125 0.375 0.3078125 0.375 0.259375 0.314453125 0.259375
19 0.369140625 0.2734375 0.369140625 0.3078125 0.409375 0.3078125 0.409375 0.2734375 0.369140625 0.2734375
19 0.4515625 0.27578125 0.405078125 0.27578125 0.405078125 0.3109375 0.4515625 0.3109375 0.4515625 0.27578125
19 0.447265625 0.271875 0.447265625 0.31875 0.48125 0.31875 0.48125 0.271875 0.447265625 0.271875
19 0.5921875 0.2828125 0.544140625 0.2828125 0.544140625 0.315625 0.5921875 0.315625 0.5921875 0.2828125
19 0.625 0.283203125 0.58046875 0.283203125 0.58046875 0.3140625 0.625 0.3140625 0.625 0.283203125
19 0.65625 0.3140625 0.65625 0.285546875 0.6125 0.285546875 0.6125 0.3140625 0.65625 0.3140625
19 0.522265625 0.2890625 0.522265625 0.3203125 0.5484375 0.3203125 0.5484375 0.2890625 0.522265625 0.2890625
19 0.5171875 0.3171875 0.5171875 0.292578125 0.4890625 0.292578125 0.4890625 0.3171875 0.5171875 0.3171875
19 0.265234375 0.35 0.265234375 0.421875 0.3234375 0.421875 0.3234375 0.35 0.265234375 0.35
19 0.20625 0.3546875 0.20625 0.41875 0.2640625 0.41875 0.2640625 0.3546875 0.20625 0.3546875
19 0.3296875 0.371875 0.3296875 0.4234375 0.375 0.4234375 0.375 0.371875 0.3296875 0.371875
19 0.484375 0.370703125 0.4328125 0.370703125 0.4328125 0.4234375 0.484375 0.4234375 0.484375 0.370703125
19 0.3828125 0.375 0.3828125 0.4234375 0.428125 0.4234375 0.428125 0.375 0.3828125 0.375
19 0.5421875 0.378515625 0.4890625 0.378515625 0.4890625 0.425 0.5421875 0.425 0.5421875 0.378515625
19 0.545703125 0.3765625 0.545703125 0.4328125 0.59375 0.4328125 0.59375 0.3765625 0.545703125 0.3765625
19 0.598828125 0.3828125 0.598828125 0.43125 0.646875 0.43125 0.646875 0.3828125 0.598828125 0.3828125
19 0.696875 0.378515625 0.6515625 0.378515625 0.6515625 0.4328125 0.696875 0.4328125 0.696875 0.378515625
19 0.75625 0.4359375 0.75625 0.385546875 0.702734375 0.385546875 0.702734375 0.4359375 0.75625 0.4359375
19 0.2265625 0.53125 0.2265625 0.481640625 0.188671875 0.481640625 0.188671875 0.53125 0.2265625 0.53125
19 0.2296875 0.4828125 0.2296875 0.534375 0.2671875 0.534375 0.2671875 0.4828125 0.2296875 0.4828125
19 0.3078125 0.5328125 0.3078125 0.484765625 0.270703125 0.484765625 0.270703125 0.5328125 0.3078125 0.5328125
19 0.3125 0.4859375 0.3125 0.5375 0.35 0.5375 0.35 0.4859375 0.3125 0.4859375
19 0.4515625 0.48203125 0.399609375 0.48203125 0.399609375 0.540625 0.4515625 0.540625 0.4515625 0.48203125
19 0.3984375 0.5296875 0.3984375 0.49296875 0.34765625 0.49296875 0.34765625 0.5296875 0.3984375 0.5296875
19 0.521875 0.4875 0.521875 0.540625 0.5734375 0.540625 0.5734375 0.4875 0.521875 0.4875
19 0.5140625 0.54375 0.5140625 0.486328125 0.465625 0.486328125 0.465625 0.54375 0.5140625 0.54375
19 0.75 0.5421875 0.75 0.49609375 0.69296875 0.49609375 0.69296875 0.5421875 0.75 0.5421875
19 0.6296875 0.494921875 0.578125 0.494921875 0.578125 0.5453125 0.6296875 0.5453125 0.6296875 0.494921875
19 0.636328125 0.496875 0.636328125 0.5453125 0.6890625 0.5453125 0.6890625 0.496875 0.636328125 0.496875
19 0.8046875 0.55 0.8046875 0.494140625 0.7546875 0.494140625 0.7546875 0.55 0.8046875 0.55
19 0.5359375 0.0859375 0.5359375 0.019921875 0.485546875 0.019921875 0.485546875 0.0859375 0.5359375 0.0859375
19 0.6 0.030859375 0.53359375 0.030859375 0.53359375 0.08125 0.6 0.08125 0.6 0.030859375
19 0.65546875 0.0796875 0.65546875 0.035546875 0.5859375 0.035546875 0.5859375 0.0796875 0.65546875 0.0796875
19 0.165625 0.6390625 0.2390625 0.6390625 0.2390625 0.575390625 0.165625 0.575390625 0.165625 0.6390625
19 0.3796875 0.575 0.3796875 0.6484375 0.4421875 0.6484375 0.4421875 0.575 0.3796875 0.575
19 0.3765625 0.65 0.3765625 0.575 0.317578125 0.575 0.317578125 0.65 0.3765625 0.65
19 0.3109375 0.6421875 0.3109375 0.582421875 0.24296875 0.582421875 0.24296875 0.6421875 0.3109375 0.6421875
19 0.5796875 0.646875 0.5796875 0.589453125 0.509765625 0.589453125 0.509765625 0.646875 0.5796875 0.646875
19 0.4421875 0.5890625 0.4421875 0.653125 0.509375 0.653125 0.509375 0.5890625 0.4421875 0.5890625
19 0.6484375 0.653125 0.6484375 0.597265625 0.5796875 0.597265625 0.5796875 0.653125 0.6484375 0.653125
19 0.709375 0.653125 0.709375 0.596484375 0.64140625 0.596484375 0.64140625 0.653125 0.709375 0.653125
19 0.7046875 0.5953125 0.7046875 0.6625 0.76875 0.6625 0.76875 0.5953125 0.7046875 0.5953125