19 0.5746292375000001 0.9984375 0.5746292375000001 0.93542108125 0.5068326265625 0.93542108125 0.5068326265625 0.9984375 0.5746292375000001 0.9984375
19 0.7296875 0.9422801906249999 0.6560381359375 0.9422801906249999 0.6560381359375 0.999907309375 0.7296875 0.999907309375 0.7296875 0.9422801906249999
19 0.64375 1 0.64375 0.9367452328124999 0.5887182203125 0.9367452328124999 0.5887182203125 1 0.64375 1
19 0.49375 1 0.49375 0.9482653609374999 0.4456965046875 0.9482653609374999 0.4456965046875 1 0.49375 1
19 0.4328125 1 0.4328125 0.9467558265625 0.388784428125 0.9467558265625 0.388784428125 1 0.4328125 1
19 0.96700211875 0.2375 0.96700211875 0.18046875 0.92039195 0.18046875 0.92039195 0.2375 0.96700211875 0.2375
19 0.8375 0.253125 0.875 0.253125 0.875 0.21836599375 0.8375 0.21836599375 0.8375 0.253125
19 0.8328125 0.2546875 0.8328125 0.2191869703125 0.7993644078125001 0.2191869703125 0.7993644078125001 0.2546875 0.8328125 0.2546875
19 0.31875 0.284375 0.425 0.284375 0.425 0.204859640625 0.31875 0.204859640625 0.31875 0.284375
19 0.3484375 0.2796875 0.3484375 0.20574682187499999 0.23542107968749998 0.20574682187499999 0.23542107968749998 0.2796875 0.3484375 0.2796875
19 0.5453125 0.2953125 0.5453125 0.2100768015625 0.4830376046875 0.2100768015625 0.4830376046875 0.2953125 0.5453125 0.2953125
19 0.4046875 0.2859375 0.4921875 0.2859375 0.4921875 0.2223914203125 0.4046875 0.2223914203125 0.4046875 0.2859375
19 0.7921875 0.296875 0.7921875 0.215625 0.7254766953125 0.215625 0.7254766953125 0.296875 0.7921875 0.296875
19 0.64932468125 0.2171875 0.64932468125 0.296875 0.715426378125 0.296875 0.715426378125 0.2171875 0.64932468125 0.2171875
19 0.175 0.28125 0.175 0.238082628125 0.10594544374999999 0.238082628125 0.10594544374999999 0.28125 0.175 0.28125
19 0.1484375 0.2828125 0.21863082656250002 0.2828125 0.21863082656250002 0.23801641875000001 0.1484375 0.23801641875000001 0.1484375 0.2828125
19 0.253125 0.2953125 0.253125 0.225 0.203482521875 0.225 0.203482521875 0.2953125 0.253125 0.2953125
19 0.6546875 0.2875 0.6546875 0.24208156875000003 0.5898834734375 0.24208156875000003 0.5898834734375 0.2875 0.6546875 0.2875
19 0.60625 0.2875 0.60625 0.2425317796875 0.538082628125 0.2425317796875 0.538082628125 0.2875 0.60625 0.2875
19 0.88125 0.29375 0.88125 0.25625 0.83932733125 0.25625 0.83932733125 0.29375 0.88125 0.29375
19 0.834375 0.296875 0.834375 0.259798728125 0.79627913125 0.259798728125 0.79627913125 0.296875 0.834375 0.296875
19 0.703125 0.375 0.703125 0.327476165625 0.64759004375 0.327476165625 0.64759004375 0.375 0.703125 0.375
19 0.75625 0.3765625 0.75625 0.3284825203125 0.701536015625 0.3284825203125 0.701536015625 0.3765625 0.75625 0.3765625
19 0.38445445 0.443551378125 0.46242055000000004 0.443551378125 0.46242055156250006 0.348636121875 0.38445445 0.348636121875 0.38445445 0.443551378125
19 0.1921875 0.4453125 0.1921875 0.35785222499999997 0.11365201250000001 0.35785222499999997 0.11365201250000001 0.4453125 0.1921875 0.4453125
19 0.3828125 0.4375 0.3828125 0.35819650468750003 0.2891154640625 0.35819650468750003 0.2891154640625 0.4375 0.3828125 0.4375
19 0.2828125 0.4375 0.2828125 0.35636917343749996 0.194292903125 0.35636917343749996 0.194292903125 0.4375 0.2828125 0.4375
19 0.6453125 0.440625 0.6453125 0.3631355921875 0.5535884531249999 0.3631355921875 0.5535884531249999 0.440625 0.6453125 0.440625
19 0.5609375 0.4390625 0.5609375 0.36514830625 0.475648834375 0.36514830625 0.475648834375 0.4390625 0.5609375 0.4390625
19 0.8415651484375 0.4453125 0.8415651484375 0.37423199218750003 0.76953125 0.37423199218750003 0.76953125 0.4453125 0.8415651484375 0.4453125
19 0.8984375 0.4453125 0.8984375 0.3765625 0.8463453390625 0.3765625 0.8463453390625 0.4453125 0.8984375 0.4453125
19 0.9703125 0.37824417499999996 0.903125 0.37824417499999996 0.903125 0.441803496875 0.9703125 0.441803496875 0.9703125 0.37824417499999996
19 0.7049788140625 0.384375 0.7049788140625 0.4453125 0.7575211859375 0.4453125 0.7575211859375 0.384375 0.7049788140625 0.384375
19 0.7015625 0.38310381250000003 0.6523834749999999 0.38310381250000003 0.6523834749999999 0.44835805000000006 0.7015625 0.44835805000000006 0.7015625 0.38310381250000003
19 0.953125 0.5171875 0.953125 0.4541975640625 0.8855137718750001 0.4541975640625 0.8855137718750001 0.5171875 0.953125 0.5171875
19 0.8775556140624999 0.53125 0.8775556140624999 0.5890625 0.9402674781249999 0.5890625 0.9402674781249999 0.53125 0.8775556140624999 0.53125