19 0.96875 0.753125 0.96875 0.669140625 0.925390625 0.669140625 0.925390625 0.753125 0.96875 0.753125
19 0.9359375 0.7359375 0.9359375 0.690234375 0.85 0.690234375 0.85 0.7359375 0.9359375 0.7359375
19 0.684375 0.75625 0.684375 0.692578125 0.6265625 0.692578125 0.6265625 0.75625 0.684375 0.75625
19 0.1515625 0.1203125 0.1515625 0.07578125 0.06484375 0.07578125 0.06484375 0.1203125 0.1515625 0.1203125
19 0.039453125 0.0546875 0.039453125 0.1421875 0.0828125 0.1421875 0.0828125 0.0546875 0.039453125 0.0546875
19 0.75 0.0796875 0.75 0.1265625 0.853125 0.1265625 0.853125 0.0796875 0.75 0.0796875
19 0.833203125 0.053125 0.833203125 0.15625 0.8828125 0.15625 0.8828125 0.053125 0.833203125 0.053125
19 0.234375 0.099609375 0.17421875 0.099609375 0.17421875 0.13125 0.234375 0.13125 0.234375 0.099609375
19 0.1921875 0.13125 0.1921875 0.09453125 0.132421875 0.09453125 0.132421875 0.13125 0.1921875 0.13125
19 0.4765625 0.303125 0.4765625 0.235546875 0.391015625 0.235546875 0.391015625 0.303125 0.4765625 0.303125
19 0.466796875 0.2375 0.466796875 0.30703125 0.5546875 0.30703125 0.5546875 0.2375 0.466796875 0.2375
19 0.10625 0.3046875 0.10625 0.246484375 0.041796875 0.246484375 0.041796875 0.3046875 0.10625 0.3046875
19 0.1140625 0.309375 0.178125 0.309375 0.178125 0.245703125 0.1140625 0.245703125 0.1140625 0.309375
19 0.2390625 0.3078125 0.2390625 0.242578125 0.181640625 0.242578125 0.181640625 0.3078125 0.2390625 0.3078125
19 0.390625 0.241796875 0.31875 0.241796875 0.31875 0.3109375 0.390625 0.3109375 0.390625 0.241796875
19 0.307421875 0.309375 0.307421875 0.249609375 0.242578125 0.249609375 0.242578125 0.309375 0.307421875 0.309375
19 0.5421875 0.446875 0.5421875 0.393359375 0.451953125 0.393359375 0.451953125 0.446875 0.5421875 0.446875
19 0.5890625 0.465625 0.5890625 0.375 0.530078125 0.375 0.530078125 0.465625 0.5890625 0.465625
19 0.5921875 0.378125 0.5921875 0.4671875 0.653125 0.4671875 0.653125 0.378125 0.5921875 0.378125
19 0.4171875 0.40625 0.345703125 0.40625 0.345703125 0.45625 0.4171875 0.45625 0.4171875 0.40625
19 0.365234375 0.4578125 0.365234375 0.404296875 0.291015625 0.404296875 0.291015625 0.4578125 0.365234375 0.4578125
19 0.4703125 0.45625 0.4703125 0.404296875 0.400390625 0.404296875 0.400390625 0.45625 0.4703125 0.45625
19 0.7625 0.465625 0.7625 0.395703125 0.712890625 0.395703125 0.712890625 0.465625 0.7625 0.465625
19 0.6625 0.3953125 0.6625 0.4671875 0.7109375 0.4671875 0.7109375 0.3953125 0.6625 0.3953125
19 0.825 0.459375 0.825 0.402734375 0.75625 0.402734375 0.75625 0.459375 0.825 0.459375
19 0.2953125 0.412890625 0.2546875 0.412890625 0.2546875 0.465625 0.2953125 0.465625 0.2953125 0.412890625
19 0.2546875 0.459375 0.2546875 0.421484375 0.201171875 0.421484375 0.201171875 0.459375 0.2546875 0.459375
19 0.86875 0.4609375 0.86875 0.419921875 0.81953125 0.419921875 0.81953125 0.4609375 0.86875 0.4609375