19 0.393359375 0.1265625 0.393359375 0.089453125 0.337890625 0.089453125 0.337890625 0.1265625 0.393359375 0.1265625
19 0.3796875 0.1265625 0.434375 0.1265625 0.434375 0.093359375 0.3796875 0.093359375 0.3796875 0.1265625
19 0.318359375 0.15625 0.318359375 0.19609375 0.3890625 0.19609375 0.3890625 0.15625 0.318359375 0.15625
19 0.38125 0.2109375 0.41875 0.2109375 0.41875 0.141015625 0.38125 0.141015625 0.38125 0.2109375
19 0.0921875 0.2640625 0.0921875 0.3578125 0.165625 0.3578125 0.165625 0.2640625 0.0921875 0.2640625
19 0.7578125 0.2765625 0.7578125 0.35 0.86875 0.35 0.86875 0.2765625 0.7578125 0.2765625
19 0.625 0.259375 0.625 0.3671875 0.696875 0.3671875 0.696875 0.259375 0.625 0.259375
19 0.7890625 0.3484375 0.7890625 0.27734375 0.68203125 0.27734375 0.68203125 0.3484375 0.7890625 0.3484375
19 0.2625 0.278515625 0.171875 0.278515625 0.171875 0.35 0.2625 0.35 0.2625 0.278515625
19 0.625 0.257421875 0.553125 0.257421875 0.553125 0.3703125 0.625 0.3703125 0.625 0.257421875
19 0.253125 0.2765625 0.253125 0.3546875 0.346875 0.3546875 0.346875 0.2765625 0.253125 0.2765625
19 0.546875 0.3671875 0.546875 0.287109375 0.483203125 0.287109375 0.483203125 0.3671875 0.546875 0.3671875
19 0.4796875 0.3625 0.4796875 0.294921875 0.40625 0.294921875 0.40625 0.3625 0.4796875 0.3625
19 0.4109375 0.3625 0.4109375 0.2984375 0.334765625 0.2984375 0.334765625 0.3625 0.4109375 0.3625
19 0.678125 0.421875 0.678125 0.38984375 0.657421875 0.38984375 0.657421875 0.421875 0.678125 0.421875
19 0.715625 0.421875 0.715625 0.38984375 0.69453125 0.38984375 0.69453125 0.421875 0.715625 0.421875
19 0.765234375 0.3953125 0.765234375 0.4171875 0.7984375 0.4171875 0.7984375 0.3953125 0.765234375 0.3953125
19 0.640625 0.389453125 0.61875 0.389453125 0.61875 0.4265625 0.640625 0.4265625 0.640625 0.389453125
19 0.7515625 0.39140625 0.730859375 0.39140625 0.730859375 0.425 0.7515625 0.425 0.7515625 0.39140625
19 0.551171875 0.434375 0.551171875 0.395703125 0.516015625 0.395703125 0.516015625 0.434375 0.551171875 0.434375
19 0.5953125 0.4359375 0.5953125 0.39921875 0.56015625 0.39921875 0.56015625 0.4359375 0.5953125 0.4359375
19 0.609375 0.4234375 0.609375 0.459375 0.6453125 0.459375 0.6453125 0.4234375 0.609375 0.4234375
19 0.648046875 0.4234375 0.648046875 0.459375 0.6859375 0.459375 0.6859375 0.4234375 0.648046875 0.4234375
19 0.691796875 0.425 0.691796875 0.45859375 0.721875 0.45859375 0.721875 0.425 0.691796875 0.425
19 0.80625 0.425390625 0.773828125 0.425390625 0.773828125 0.460546875 0.80625 0.460546875 0.80625 0.425390625
19 0.765625 0.426953125 0.7296875 0.426953125 0.7296875 0.4609375 0.765625 0.4609375 0.765625 0.426953125
19 0.16875 0.4234375 0.16875 0.5015625 0.228125 0.5015625 0.228125 0.4234375 0.16875 0.4234375
19 0.1078125 0.425 0.1078125 0.5046875 0.16875 0.5046875 0.16875 0.425 0.1078125 0.425
19 0.2796875 0.434375 0.2796875 0.4953125 0.359375 0.4953125 0.359375 0.434375 0.2796875 0.434375
19 0.21875 0.4359375 0.21875 0.4921875 0.303125 0.4921875 0.303125 0.4359375 0.21875 0.4359375
19 0.425 0.4375 0.342578125 0.4375 0.342578125 0.4953125 0.425 0.4953125 0.425 0.4375
19 0.4625 0.445703125 0.4171875 0.445703125 0.4171875 0.5046875 0.4625 0.5046875 0.4625 0.445703125
19 0.559375 0.5046875 0.559375 0.444921875 0.511328125 0.444921875 0.511328125 0.5046875 0.559375 0.5046875
19 0.518359375 0.4984375 0.518359375 0.450390625 0.458203125 0.450390625 0.458203125 0.4984375 0.518359375 0.4984375
19 0.561328125 0.4453125 0.561328125 0.50625 0.609375 0.50625 0.609375 0.4453125 0.561328125 0.4453125
19 0.7359375 0.50625 0.7359375 0.467578125 0.696484375 0.467578125 0.696484375 0.50625 0.7359375 0.50625
19 0.609765625 0.46875 0.609765625 0.50625 0.6484375 0.50625 0.6484375 0.46875 0.609765625 0.46875
19 0.7390625 0.46875 0.7390625 0.50625 0.7796875 0.50625 0.7796875 0.46875 0.7390625 0.46875
19 0.653125 0.4703125 0.653125 0.5078125 0.69375 0.5078125 0.69375 0.4703125 0.653125 0.4703125
19 0.8203125 0.5046875 0.8203125 0.472265625 0.781640625 0.472265625 0.781640625 0.5046875 0.8203125 0.5046875
19 0.1015625 0.5515625 0.1015625 0.6234375 0.1953125 0.6234375 0.1953125 0.5515625 0.1015625 0.5515625
19 0.3421875 0.625 0.3421875 0.554296875 0.258984375 0.554296875 0.258984375 0.625 0.3421875 0.625
19 0.192578125 0.5453125 0.192578125 0.634375 0.2609375 0.634375 0.2609375 0.5453125 0.192578125 0.5453125
19 0.341796875 0.55625 0.341796875 0.63125 0.4140625 0.63125 0.4140625 0.55625 0.341796875 0.55625
19 0.49375 0.558203125 0.41875 0.558203125 0.41875 0.6296875 0.49375 0.6296875 0.49375 0.558203125
19 0.5640625 0.56875 0.5640625 0.6359375 0.6203125 0.6359375 0.6203125 0.56875 0.5640625 0.56875
19 0.5609375 0.63125 0.5609375 0.573828125 0.496875 0.573828125 0.496875 0.63125 0.5609375 0.63125
19 0.675 0.6265625 0.675 0.583984375 0.619921875 0.583984375 0.619921875 0.6265625 0.675 0.6265625
19 0.671875 0.578125 0.671875 0.6359375 0.7234375 0.6359375 0.7234375 0.578125 0.671875 0.578125
19 0.7734375 0.58125 0.7734375 0.634375 0.81875 0.634375 0.81875 0.58125 0.7734375 0.58125
19 0.775 0.628125 0.775 0.58671875 0.719921875 0.58671875 0.719921875 0.628125 0.775 0.628125
19 0.549609375 0.9203125 0.549609375 0.866015625 0.483203125 0.866015625 0.483203125 0.9203125 0.549609375 0.9203125
19 0.49375 0.921875 0.49375 0.867578125 0.429296875 0.867578125 0.429296875 0.921875 0.49375 0.921875