19 0.415625 0.3140625 0.415625 0.25234375 0.33984375 0.25234375 0.33984375 0.3140625 0.415625 0.3140625
19 0.546875 0.25625 0.470703125 0.25625 0.470703125 0.3140625 0.546875 0.3140625 0.546875 0.25625
19 0.408203125 0.25625 0.408203125 0.3140625 0.484375 0.3140625 0.484375 0.25625 0.408203125 0.25625
19 0.246875 0.2546875 0.246875 0.321875 0.29375 0.321875 0.29375 0.2546875 0.246875 0.2546875
19 0.54375 0.2515625 0.54375 0.325 0.603125 0.325 0.603125 0.2515625 0.54375 0.2515625
19 0.2984375 0.2546875 0.2984375 0.3234375 0.340625 0.3234375 0.340625 0.2546875 0.2984375 0.2546875
19 0.146875 0.3046875 0.146875 0.273828125 0.096875 0.273828125 0.096875 0.3046875 0.146875 0.3046875
19 0.184375 0.30625 0.184375 0.27734375 0.13203125 0.27734375 0.13203125 0.30625 0.184375 0.30625
19 0.2203125 0.3078125 0.2203125 0.278515625 0.165625 0.278515625 0.165625 0.3078125 0.2203125 0.3078125
19 0.2453125 0.31875 0.2453125 0.266015625 0.212109375 0.266015625 0.212109375 0.31875 0.2453125 0.31875
19 0.411328125 0.3453125 0.411328125 0.3859375 0.44375 0.3859375 0.44375 0.3453125 0.411328125 0.3453125
19 0.373046875 0.3453125 0.373046875 0.3875 0.4078125 0.3875 0.4078125 0.3453125 0.373046875 0.3453125
19 0.201171875 0.36875 0.201171875 0.40390625 0.2296875 0.40390625 0.2296875 0.36875 0.201171875 0.36875
19 0.2671875 0.3734375 0.237890625 0.3734375 0.237890625 0.4 0.2671875 0.4 0.2671875 0.3734375
19 0.3 0.373046875 0.27109375 0.373046875 0.27109375 0.4015625 0.3 0.4015625 0.3 0.373046875
19 0.33125 0.4015625 0.33125 0.37421875 0.302734375 0.37421875 0.302734375 0.4015625 0.33125 0.4015625
19 0.334375 0.3734375 0.334375 0.403125 0.3671875 0.403125 0.3671875 0.3734375 0.334375 0.3734375
19 0.778125 0.4359375 0.778125 0.366796875 0.719140625 0.366796875 0.719140625 0.4359375 0.778125 0.4359375
19 0.4875 0.4359375 0.4875 0.369921875 0.445703125 0.369921875 0.445703125 0.4359375 0.4875 0.4359375
19 0.6515625 0.4359375 0.6515625 0.371484375 0.593359375 0.371484375 0.593359375 0.4359375 0.6515625 0.4359375
19 0.54375 0.425 0.54375 0.383984375 0.47890625 0.383984375 0.47890625 0.425 0.54375 0.425
19 0.7171875 0.4359375 0.7171875 0.37734375 0.654296875 0.37734375 0.654296875 0.4359375 0.7171875 0.4359375
19 0.840625 0.379296875 0.78203125 0.379296875 0.78203125 0.434375 0.840625 0.434375 0.840625 0.379296875
19 0.8890625 0.4328125 0.8890625 0.380859375 0.834375 0.380859375 0.834375 0.4328125 0.8890625 0.4328125
19 0.534375 0.3828125 0.534375 0.4359375 0.590625 0.4359375 0.590625 0.3828125 0.534375 0.3828125
19 0.4078125 0.428125 0.4078125 0.39609375 0.36171875 0.39609375 0.36171875 0.428125 0.4078125 0.428125
19 0.446875 0.43125 0.446875 0.39453125 0.39921875 0.39453125 0.39921875 0.43125 0.446875 0.43125
19 0.19375 0.403125 0.19375 0.4359375 0.2265625 0.4359375 0.2265625 0.403125 0.19375 0.403125
19 0.230078125 0.40625 0.230078125 0.434375 0.2609375 0.434375 0.2609375 0.40625 0.230078125 0.40625
19 0.297265625 0.4078125 0.297265625 0.434375 0.3265625 0.434375 0.3265625 0.4078125 0.297265625 0.4078125
19 0.264453125 0.40625 0.264453125 0.4375 0.2921875 0.4375 0.2921875 0.40625 0.264453125 0.40625
19 0.3625 0.40546875 0.333203125 0.40546875 0.333203125 0.4390625 0.3625 0.4390625 0.3625 0.40546875