19 0.4765625 0.8734375 0.4765625 0.953125 0.5390625 0.953125 0.5390625 0.8734375 0.4765625 0.8734375
19 0.614453125 0.8796875 0.614453125 0.95625 0.6828125 0.95625 0.6828125 0.8796875 0.614453125 0.8796875
19 0.5453125 0.88125 0.5453125 0.953125 0.609375 0.953125 0.609375 0.88125 0.5453125 0.88125
19 0.4671875 0.95625 0.4671875 0.887890625 0.416796875 0.887890625 0.416796875 0.95625 0.4671875 0.95625
19 0.361328125 0.890625 0.361328125 0.9578125 0.415625 0.9578125 0.415625 0.890625 0.361328125 0.890625
19 0.9 0.2296875 0.9 0.177734375 0.8578125 0.177734375 0.8578125 0.2296875 0.9 0.2296875
19 0.78125 0.2125 0.78125 0.2453125 0.815625 0.2453125 0.815625 0.2125 0.78125 0.2125
19 0.7765625 0.2453125 0.7765625 0.21328125 0.74609375 0.21328125 0.74609375 0.2453125 0.7765625 0.2453125
19 0.4015625 0.19921875 0.303515625 0.19921875 0.303515625 0.2734375 0.4015625 0.2734375 0.4015625 0.19921875
19 0.244140625 0.1828125 0.244140625 0.2875 0.3125 0.2875 0.3125 0.1828125 0.244140625 0.1828125
19 0.44375 0.2734375 0.5234375 0.2734375 0.5234375 0.216015625 0.44375 0.216015625 0.44375 0.2734375
19 0.4640625 0.216015625 0.382421875 0.216015625 0.382421875 0.274609375 0.4640625 0.274609375 0.4640625 0.216015625
19 0.746875 0.278125 0.746875 0.216015625 0.671875 0.216015625 0.671875 0.278125 0.746875 0.278125
19 0.675 0.217578125 0.6015625 0.217578125 0.6015625 0.278125 0.675 0.278125 0.675 0.217578125
19 0.1703125 0.2703125 0.1703125 0.23046875 0.10703125 0.23046875 0.10703125 0.2703125 0.1703125 0.2703125
19 0.2 0.218359375 0.1578125 0.218359375 0.1578125 0.2828125 0.2 0.2828125 0.2 0.218359375
19 0.24375 0.219140625 0.196875 0.219140625 0.196875 0.2828125 0.24375 0.2828125 0.24375 0.219140625
19 0.562890625 0.225 0.562890625 0.2859375 0.6046875 0.2859375 0.6046875 0.225 0.562890625 0.225
19 0.56875 0.23359375 0.505078125 0.23359375 0.505078125 0.2765625 0.56875 0.2765625 0.56875 0.23359375
19 0.821875 0.28125 0.821875 0.247265625 0.783203125 0.247265625 0.783203125 0.28125 0.821875 0.28125
19 0.778125 0.284375 0.778125 0.25078125 0.743359375 0.25078125 0.743359375 0.284375 0.778125 0.284375
19 0.60625 0.3125 0.60625 0.3578125 0.6578125 0.3578125 0.6578125 0.3125 0.60625 0.3125
19 0.703125 0.3609375 0.703125 0.310546875 0.659765625 0.310546875 0.659765625 0.3609375 0.703125 0.3609375
19 0.35625 0.340625 0.35625 0.4125 0.44375 0.4125 0.44375 0.340625 0.35625 0.340625
19 0.1140625 0.421875 0.1875 0.421875 0.1875 0.340625 0.1140625 0.340625 0.1140625 0.421875
19 0.3625 0.4140625 0.3625 0.34140625 0.27578125 0.34140625 0.27578125 0.4140625 0.3625 0.4140625
19 0.2671875 0.4171875 0.2671875 0.335546875 0.191796875 0.335546875 0.191796875 0.4171875 0.2671875 0.4171875
19 0.6046875 0.4171875 0.6046875 0.345703125 0.5203125 0.345703125 0.5203125 0.4171875 0.6046875 0.4171875
19 0.453125 0.3421875 0.453125 0.421875 0.521875 0.421875 0.521875 0.3421875 0.453125 0.3421875
19 0.71875 0.421875 0.784375 0.421875 0.784375 0.356640625 0.71875 0.356640625 0.71875 0.421875
19 0.8453125 0.365625 0.781640625 0.365625 0.781640625 0.4140625 0.8453125 0.4140625 0.8453125 0.365625
19 0.903125 0.36015625 0.841796875 0.36015625 0.841796875 0.41875 0.903125 0.41875 0.903125 0.36015625
19 0.659375 0.365625 0.659375 0.421875 0.7078125 0.421875 0.7078125 0.365625 0.659375 0.365625
19 0.6640625 0.370703125 0.60390625 0.370703125 0.60390625 0.4171875 0.6640625 0.4171875 0.6640625 0.370703125
19 0.8890625 0.4875 0.8890625 0.4296875 0.825390625 0.4296875 0.825390625 0.4875 0.8890625 0.4875
19 0.819921875 0.4984375 0.819921875 0.55625 0.8734375 0.55625 0.8734375 0.4984375 0.819921875 0.4984375