19 0.546875 0.94375 0.546875 0.88203125 0.46796875 0.88203125 0.46796875 0.94375 0.546875 0.94375
19 0.610546875 0.8828125 0.610546875 0.95234375 0.6859375 0.95234375 0.6859375 0.8828125 0.610546875 0.8828125
19 0.5453125 0.88125 0.5453125 0.953125 0.609375 0.953125 0.609375 0.88125 0.5453125 0.88125
19 0.4078125 0.946875 0.4765625 0.946875 0.4765625 0.896484375 0.4078125 0.896484375 0.4078125 0.946875
19 0.361328125 0.890625 0.361328125 0.9578125 0.415625 0.9578125 0.415625 0.890625 0.361328125 0.890625
19 0.853125 0.1828125 0.853125 0.225 0.90625 0.225 0.90625 0.1828125 0.853125 0.1828125
19 0.781640625 0.2125 0.781640625 0.2453125 0.815625 0.2453125 0.815625 0.2125 0.781640625 0.2125
19 0.7453125 0.2140625 0.7453125 0.2453125 0.778125 0.2453125 0.778125 0.2140625 0.7453125 0.2140625
19 0.315234375 0.1875 0.315234375 0.2859375 0.3890625 0.2859375 0.3890625 0.1875 0.315234375 0.1875
19 0.244140625 0.1828125 0.244140625 0.2875 0.3125 0.2875 0.3125 0.1828125 0.244140625 0.1828125
19 0.4546875 0.284375 0.5125 0.284375 0.5125 0.2046875 0.4546875 0.2046875 0.4546875 0.284375
19 0.4640625 0.216015625 0.382421875 0.216015625 0.382421875 0.274609375 0.4640625 0.274609375 0.4640625 0.216015625
19 0.678125 0.209375 0.678125 0.284375 0.740625 0.284375 0.740625 0.209375 0.678125 0.209375
19 0.6078125 0.2109375 0.6078125 0.284375 0.66875 0.284375 0.66875 0.2109375 0.6078125 0.2109375
19 0.1703125 0.2703125 0.1703125 0.23046875 0.10703125 0.23046875 0.10703125 0.2703125 0.1703125 0.2703125
19 0.2 0.219140625 0.1578125 0.219140625 0.1578125 0.2828125 0.2 0.2828125 0.2 0.219140625
19 0.253125 0.227734375 0.18828125 0.227734375 0.18828125 0.2734375 0.253125 0.2734375 0.253125 0.227734375
19 0.6140625 0.2765625 0.6140625 0.234375 0.553515625 0.234375 0.553515625 0.2765625 0.6140625 0.2765625
19 0.56875 0.2765625 0.56875 0.234375 0.505078125 0.234375 0.505078125 0.2765625 0.56875 0.2765625
19 0.81875 0.2828125 0.81875 0.244921875 0.784765625 0.244921875 0.784765625 0.2828125 0.81875 0.2828125
19 0.744140625 0.25 0.744140625 0.2859375 0.778125 0.2859375 0.778125 0.25 0.744140625 0.25
19 0.60625 0.3125 0.60625 0.3578125 0.6578125 0.3578125 0.6578125 0.3125 0.60625 0.3125
19 0.70625 0.3578125 0.70625 0.3140625 0.655859375 0.3140625 0.655859375 0.3578125 0.70625 0.3578125
19 0.3640625 0.3328125 0.3640625 0.4203125 0.4359375 0.4203125 0.4359375 0.3328125 0.3640625 0.3328125
19 0.190625 0.4171875 0.190625 0.344921875 0.109765625 0.344921875 0.109765625 0.4171875 0.190625 0.4171875
19 0.3625 0.4140625 0.3625 0.34140625 0.27578125 0.34140625 0.27578125 0.4140625 0.3625 0.4140625
19 0.2671875 0.4171875 0.2671875 0.336328125 0.192578125 0.336328125 0.192578125 0.4171875 0.2671875 0.4171875
19 0.6046875 0.4171875 0.6046875 0.345703125 0.5203125 0.345703125 0.5203125 0.4171875 0.6046875 0.4171875
19 0.453125 0.3421875 0.453125 0.421875 0.521875 0.421875 0.521875 0.3421875 0.453125 0.3421875
19 0.784375 0.421875 0.784375 0.35625 0.719140625 0.35625 0.719140625 0.421875 0.784375 0.421875
19 0.8453125 0.365625 0.781640625 0.365625 0.781640625 0.4140625 0.8453125 0.4140625 0.8453125 0.365625
19 0.843359375 0.3578125 0.843359375 0.4203125 0.9015625 0.4203125 0.9015625 0.3578125 0.843359375 0.3578125
19 0.659375 0.365625 0.659375 0.421875 0.7078125 0.421875 0.7078125 0.365625 0.659375 0.365625
19 0.6578125 0.363671875 0.6109375 0.363671875 0.6109375 0.4234375 0.6578125 0.4234375 0.6578125 0.363671875
19 0.8890625 0.42890625 0.825390625 0.42890625 0.825390625 0.4875 0.8890625 0.4875 0.8890625 0.42890625
19 0.819921875 0.4984375 0.819921875 0.55625 0.8734375 0.55625 0.8734375 0.4984375 0.819921875 0.4984375