19 0.5390625 0.8734375 0.4765625 0.8734375 0.4765625 0.953125 0.5390625 0.953125 0.5390625 0.8734375
19 0.68359375 0.8796875 0.6140625 0.8796875 0.6140625 0.95625 0.68359375 0.95625 0.68359375 0.8796875
19 0.61015625 0.88125 0.5453125 0.88125 0.5453125 0.953125 0.61015625 0.953125 0.61015625 0.88125
19 0.46796875 0.8875 0.4171875 0.8875 0.4171875 0.95703125 0.46796875 0.95703125 0.46796875 0.8875
19 0.41640625 0.890625 0.3609375 0.890625 0.3609375 0.9578125 0.41640625 0.9578125 0.41640625 0.890625
19 0.90625 0.1828125 0.853125 0.1828125 0.853125 0.22578125 0.90625 0.22578125 0.90625 0.1828125
19 0.81640625 0.2125 0.78125 0.2125 0.78125 0.2453125 0.81640625 0.2453125 0.81640625 0.2125
19 0.778125 0.2140625 0.7453125 0.2140625 0.7453125 0.2453125 0.778125 0.2453125 0.778125 0.2140625
19 0.38984375 0.1875 0.315625 0.1875 0.315625 0.2859375 0.38984375 0.2859375 0.38984375 0.1875
19 0.31328125 0.1828125 0.24375 0.1828125 0.24375 0.2875 0.31328125 0.2875 0.31328125 0.1828125
19 0.51328125 0.2046875 0.4546875 0.2046875 0.4546875 0.28515625 0.51328125 0.28515625 0.51328125 0.2046875
19 0.45234375 0.2046875 0.39375 0.2046875 0.39375 0.28671875 0.45234375 0.28671875 0.45234375 0.2046875
19 0.740625 0.209375 0.678125 0.209375 0.678125 0.28515625 0.740625 0.28515625 0.740625 0.209375
19 0.66875 0.2109375 0.6078125 0.2109375 0.6078125 0.28515625 0.66875 0.28515625 0.66875 0.2109375
19 0.159375 0.21875 0.11875 0.21875 0.11875 0.2828125 0.159375 0.2828125 0.159375 0.21875
19 0.2 0.21875 0.1578125 0.21875 0.1578125 0.28359375 0.2 0.28359375 0.2 0.21875
19 0.24375 0.21875 0.196875 0.21875 0.196875 0.28359375 0.24375 0.28359375 0.24375 0.21875
19 0.60546875 0.225 0.5625 0.225 0.5625 0.2859375 0.60546875 0.2859375 0.60546875 0.225
19 0.55859375 0.2234375 0.515625 0.2234375 0.515625 0.2875 0.55859375 0.2875 0.55859375 0.2234375
19 0.82265625 0.246875 0.7828125 0.246875 0.7828125 0.28203125 0.82265625 0.28203125 0.82265625 0.246875
19 0.77890625 0.25 0.74375 0.25 0.74375 0.2859375 0.77890625 0.2859375 0.77890625 0.25
19 0.6546875 0.309375 0.609375 0.309375 0.609375 0.3609375 0.6546875 0.3609375 0.6546875 0.309375
19 0.70390625 0.3109375 0.659375 0.3109375 0.659375 0.36171875 0.70390625 0.36171875 0.70390625 0.3109375
19 0.4359375 0.3328125 0.3640625 0.3328125 0.3640625 0.4203125 0.4359375 0.4203125 0.4359375 0.3328125
19 0.18828125 0.340625 0.1140625 0.340625 0.1140625 0.42265625 0.18828125 0.42265625 0.18828125 0.340625
19 0.35625 0.334375 0.2828125 0.334375 0.2828125 0.421875 0.35625 0.421875 0.35625 0.334375
19 0.26796875 0.3359375 0.1921875 0.3359375 0.1921875 0.41796875 0.26796875 0.41796875 0.26796875 0.3359375
19 0.5984375 0.3390625 0.5265625 0.3390625 0.5265625 0.42421875 0.5984375 0.42421875 0.5984375 0.3390625
19 0.52265625 0.3421875 0.453125 0.3421875 0.453125 0.421875 0.52265625 0.421875 0.52265625 0.3421875
19 0.78515625 0.35625 0.71875 0.35625 0.71875 0.42265625 0.78515625 0.42265625 0.78515625 0.35625
19 0.83828125 0.3578125 0.7890625 0.3578125 0.7890625 0.421875 0.83828125 0.421875 0.83828125 0.3578125
19 0.90234375 0.3578125 0.84375 0.3578125 0.84375 0.4203125 0.90234375 0.4203125 0.90234375 0.3578125
19 0.7078125 0.365625 0.659375 0.365625 0.659375 0.421875 0.7078125 0.421875 0.7078125 0.365625
19 0.6578125 0.3640625 0.6109375 0.3640625 0.6109375 0.42421875 0.6578125 0.42421875 0.6578125 0.3640625
19 0.88671875 0.4265625 0.828125 0.4265625 0.828125 0.490625 0.88671875 0.490625 0.88671875 0.4265625
19 0.87421875 0.4984375 0.8203125 0.4984375 0.8203125 0.55625 0.87421875 0.55625 0.87421875 0.4984375