19 0.26229508125 0.8065573765625 0.3319672125 0.8065573765625 0.3319672125 0.75901639375 0.26229508125 0.75901639375 0.26229508125 0.8065573765625
19 0.2 0.8139344265625 0.2606557375 0.8139344265625 0.2606557375 0.7606557375 0.2 0.7606557375 0.2 0.8139344265625
19 0.13278688593750002 0.818852459375 0.1942622953125 0.818852459375 0.1942622953125 0.7655737703125001 0.13278688593750002 0.7655737703125001 0.13278688593750002 0.818852459375
19 0.0557377046875 0.8221311468750001 0.1237704921875 0.8221311468750001 0.1237704921875 0.770491803125 0.0557377046875 0.770491803125 0.0557377046875 0.8221311468750001
19 0.190163934375 0.9459016390625001 0.2434426234375 0.9459016390625001 0.2434426234375 0.8950819671874999 0.190163934375 0.8950819671874999 0.190163934375 0.9459016390625001
19 0.12786885312500001 0.95 0.18606557343750002 0.95 0.18606557343750002 0.8967213109375001 0.12786885312500001 0.8967213109375001 0.12786885312500001 0.95
19 0.062295081249999995 0.9606557375 0.1262295078125 0.9606557375 0.1262295078125 0.9065573765625 0.062295081249999995 0.9065573765625 0.062295081249999995 0.9606557375
19 0.508196721875 0.32622950781250004 0.5368852453125 0.32622950781250004 0.5368852453125 0.2754098359375 0.508196721875 0.2754098359375 0.508196721875 0.32622950781250004
19 0.41147540937500005 0.381147540625 0.46065573750000005 0.381147540625 0.46065573750000005 0.28688524531250004 0.41147540937500005 0.28688524531250004 0.41147540937500005 0.381147540625
19 0.4655737703125 0.3819672125 0.5 0.3819672125 0.5 0.3065573765625 0.4655737703125 0.3065573765625 0.4655737703125 0.3819672125
19 0.5065573765625 0.3844262296875 0.5352459015625 0.3844262296875 0.5352459015625 0.331147540625 0.5065573765625 0.331147540625 0.5065573765625 0.3844262296875
19 0.1032786890625 0.528688525 0.14836065625 0.528688525 0.14836065625 0.47540983593749997 0.1032786890625 0.47540983593749997 0.1032786890625 0.528688525
19 0.2065573765625 0.528688525 0.2467213109375 0.528688525 0.2467213109375 0.47704917968749994 0.2065573765625 0.47704917968749994 0.2065573765625 0.528688525
19 0.15573770468749998 0.5311475406249999 0.1959016390625 0.5311475406249999 0.1959016390625 0.47540983593749997 0.15573770468749998 0.47540983593749997 0.15573770468749998 0.5311475406249999
19 0.250819671875 0.528688525 0.2926229515625 0.528688525 0.2926229515625 0.47540983593749997 0.250819671875 0.47540983593749997 0.250819671875 0.528688525
19 0.288524590625 0.6680327875 0.358196721875 0.6680327875 0.358196721875 0.5950819671875001 0.288524590625 0.5950819671875001 0.288524590625 0.6680327875
19 0.2131147546875 0.672131146875 0.28770491875 0.672131146875 0.28770491875 0.5967213109375 0.2131147546875 0.5967213109375 0.2131147546875 0.672131146875
19 0.13770491875 0.6770491796875 0.2106557375 0.6770491796875 0.2106557375 0.6065573765625001 0.13770491875 0.6065573765625001 0.13770491875 0.6770491796875
19 0.05901639374999999 0.677868853125 0.1368852453125 0.677868853125 0.1368852453125 0.6032786890625 0.05901639374999999 0.6032786890625 0.05901639374999999 0.677868853125