19 0.5171875 0.2234375 0.5171875 0.17109375 0.44140625 0.17109375 0.44140625 0.2234375 0.5171875 0.2234375
19 0.571875 0.2265625 0.571875 0.175390625 0.4984375 0.175390625 0.4984375 0.2265625 0.571875 0.2265625
19 0.6203125 0.167578125 0.5640625 0.167578125 0.5640625 0.240625 0.6203125 0.240625 0.6203125 0.167578125
19 0.6828125 0.23125 0.6828125 0.18046875 0.61171875 0.18046875 0.61171875 0.23125 0.6828125 0.23125
19 0.665625 0.1828125 0.665625 0.2359375 0.7375 0.2359375 0.7375 0.1828125 0.665625 0.1828125
19 0.790625 0.234375 0.790625 0.183984375 0.72265625 0.183984375 0.72265625 0.234375 0.790625 0.234375
19 0.225 0.2984375 0.278125 0.2984375 0.278125 0.254296875 0.225 0.254296875 0.225 0.2984375
19 0.328125 0.260546875 0.26796875 0.260546875 0.26796875 0.3015625 0.328125 0.3015625 0.328125 0.260546875
19 0.3203125 0.253125 0.3203125 0.3140625 0.36875 0.3140625 0.36875 0.253125 0.3203125 0.253125
19 0.371875 0.2703125 0.371875 0.3109375 0.40625 0.3109375 0.40625 0.2703125 0.371875 0.2703125
19 0.410546875 0.2703125 0.410546875 0.3171875 0.4453125 0.3171875 0.4453125 0.2703125 0.410546875 0.2703125
19 0.446875 0.271875 0.446875 0.31875 0.48125 0.31875 0.48125 0.271875 0.446875 0.271875
19 0.5921875 0.2828125 0.544140625 0.2828125 0.544140625 0.315625 0.5921875 0.315625 0.5921875 0.2828125
19 0.625 0.3140625 0.625 0.283203125 0.58125 0.283203125 0.58125 0.3140625 0.625 0.3140625
19 0.65625 0.3140625 0.65625 0.285546875 0.6125 0.285546875 0.6125 0.3140625 0.65625 0.3140625
19 0.519921875 0.290625 0.519921875 0.31796875 0.55 0.31796875 0.55 0.290625 0.519921875 0.290625
19 0.5171875 0.3171875 0.5171875 0.292578125 0.4890625 0.292578125 0.4890625 0.3171875 0.5171875 0.3171875
19 0.258984375 0.35625 0.258984375 0.41484375 0.3296875 0.41484375 0.3296875 0.35625 0.258984375 0.35625
19 0.20625 0.3546875 0.20625 0.41875 0.2640625 0.41875 0.2640625 0.3546875 0.20625 0.3546875
19 0.3265625 0.375 0.3265625 0.4203125 0.378125 0.4203125 0.378125 0.375 0.3265625 0.375
19 0.48515625 0.421875 0.48515625 0.371484375 0.43125 0.371484375 0.43125 0.421875 0.48515625 0.421875
19 0.38125 0.3765625 0.38125 0.421875 0.4296875 0.421875 0.4296875 0.3765625 0.38125 0.3765625
19 0.5421875 0.425 0.5421875 0.378515625 0.4890625 0.378515625 0.4890625 0.425 0.5421875 0.425
19 0.596875 0.428125 0.596875 0.38046875 0.541796875 0.38046875 0.541796875 0.428125 0.596875 0.428125
19 0.598828125 0.3828125 0.598828125 0.43125 0.646875 0.43125 0.646875 0.3828125 0.598828125 0.3828125
19 0.7015625 0.428125 0.7015625 0.383203125 0.646875 0.383203125 0.646875 0.428125 0.7015625 0.428125
19 0.75625 0.4359375 0.75625 0.385546875 0.702734375 0.385546875 0.702734375 0.4359375 0.75625 0.4359375
19 0.2265625 0.53125 0.2265625 0.48125 0.189453125 0.48125 0.189453125 0.53125 0.2265625 0.53125
19 0.2734375 0.5265625 0.2734375 0.48984375 0.22265625 0.48984375 0.22265625 0.5265625 0.2734375 0.5265625
19 0.3078125 0.5328125 0.3078125 0.484765625 0.270703125 0.484765625 0.270703125 0.5328125 0.3078125 0.5328125
19 0.3125 0.4859375 0.3125 0.5375 0.35 0.5375 0.35 0.4859375 0.3125 0.4859375
19 0.4515625 0.48203125 0.399609375 0.48203125 0.399609375 0.540625 0.4515625 0.540625 0.4515625 0.48203125
19 0.3984375 0.5296875 0.3984375 0.49296875 0.34765625 0.49296875 0.34765625 0.5296875 0.3984375 0.5296875
19 0.5734375 0.5390625 0.5734375 0.488671875 0.52109375 0.488671875 0.52109375 0.5390625 0.5734375 0.5390625
19 0.51875 0.491015625 0.4609375 0.491015625 0.4609375 0.5390625 0.51875 0.5390625 0.51875 0.491015625
19 0.75 0.5421875 0.75 0.49609375 0.69296875 0.49609375 0.69296875 0.5421875 0.75 0.5421875
19 0.6296875 0.494921875 0.578125 0.494921875 0.578125 0.5453125 0.6296875 0.5453125 0.6296875 0.494921875
19 0.6859375 0.49453125 0.638671875 0.49453125 0.638671875 0.5484375 0.6859375 0.5484375 0.6859375 0.49453125
19 0.7515625 0.496875 0.7515625 0.546875 0.8078125 0.546875 0.8078125 0.496875 0.7515625 0.496875
19 0.54375 0.078125 0.54375 0.028515625 0.477734375 0.028515625 0.477734375 0.078125 0.54375 0.078125
19 0.5921875 0.023046875 0.540625 0.023046875 0.540625 0.0890625 0.5921875 0.0890625 0.5921875 0.023046875
19 0.65625 0.035546875 0.58671875 0.035546875 0.58671875 0.0796875 0.65625 0.0796875 0.65625 0.035546875
19 0.165625 0.6390625 0.2390625 0.6390625 0.2390625 0.575390625 0.165625 0.575390625 0.165625 0.6390625
19 0.3796875 0.575 0.3796875 0.6484375 0.4421875 0.6484375 0.4421875 0.575 0.3796875 0.575
19 0.384375 0.6421875 0.384375 0.583203125 0.309765625 0.583203125 0.309765625 0.6421875 0.384375 0.6421875
19 0.3109375 0.6421875 0.3109375 0.582421875 0.24296875 0.582421875 0.24296875 0.6421875 0.3109375 0.6421875
19 0.509375 0.646875 0.5796875 0.646875 0.5796875 0.588671875 0.509375 0.588671875 0.509375 0.646875
19 0.44375 0.5875 0.44375 0.6546875 0.5078125 0.6546875 0.5078125 0.5875 0.44375 0.5875
19 0.6484375 0.597265625 0.5796875 0.597265625 0.5796875 0.653125 0.6484375 0.653125 0.6484375 0.597265625
19 0.646875 0.590625 0.646875 0.659375 0.7046875 0.659375 0.7046875 0.590625 0.646875 0.590625
19 0.7046875 0.5953125 0.7046875 0.6625 0.76875 0.6625 0.76875 0.5953125 0.7046875 0.5953125