19 0.574576271875 1 0.574576271875 0.9355932203125 0.5067796609374999 0.9355932203125 0.5067796609374999 1 0.574576271875 1
19 0.7313559328125 1 0.7313559328125 0.9423728812500001 0.655932203125 0.9423728812500001 0.655932203125 1 0.7313559328125 1
19 0.651694915625 1 0.651694915625 0.944067796875 0.5813559328125 0.944067796875 0.5813559328125 1 0.651694915625 1
19 0.49745762656250003 1 0.49745762656250003 0.9508474578125 0.44237288125 0.9508474578125 0.44237288125 1 0.49745762656250003 1
19 0.4415254234375 1 0.4415254234375 0.9542372875 0.3813559328125 0.9542372875 0.3813559328125 1 0.4415254234375 1
19 0.9152542374999999 0.23305084687500002 0.9728813562499999 0.23305084687500002 0.9728813562499999 0.186440678125 0.9152542374999999 0.186440678125 0.9152542374999999 0.23305084687500002
19 0.8372881359375001 0.25423728749999996 0.8754237281249999 0.25423728749999996 0.8754237281249999 0.21864406718749999 0.8372881359375001 0.21864406718749999 0.8372881359375001 0.25423728749999996
19 0.798305084375 0.25423728749999996 0.8338983046875 0.25423728749999996 0.8338983046875 0.22033898281250003 0.798305084375 0.22033898281250003 0.798305084375 0.25423728749999996
19 0.3322033890625 0.29830508437500003 0.41271186406249993 0.29830508437500003 0.41271186406249993 0.1915254234375 0.3322033890625 0.1915254234375 0.3322033890625 0.29830508437500003
19 0.25423728749999996 0.3 0.32966101718749996 0.3 0.32966101718749996 0.186440678125 0.25423728749999996 0.186440678125 0.25423728749999996 0.3
19 0.483050846875 0.2974576265625 0.54661016875 0.2974576265625 0.54661016875 0.2101694921875 0.483050846875 0.2101694921875 0.483050846875 0.2974576265625
19 0.416949153125 0.2991525421875 0.480508475 0.2991525421875 0.480508475 0.2101694921875 0.416949153125 0.2101694921875 0.416949153125 0.2991525421875
19 0.725423728125 0.2974576265625 0.7932203390625 0.2974576265625 0.7932203390625 0.2152542375 0.725423728125 0.2152542375 0.725423728125 0.2974576265625
19 0.6491525421875 0.2974576265625 0.7152542375000001 0.2974576265625 0.7152542375000001 0.216949153125 0.6491525421875 0.216949153125 0.6491525421875 0.2974576265625
19 0.11864406718750001 0.2949152546875 0.1627118640625 0.2949152546875 0.1627118640625 0.225423728125 0.11864406718750001 0.225423728125 0.11864406718750001 0.2949152546875
19 0.1610169484375 0.2957627125 0.20677966093750003 0.2957627125 0.20677966093750003 0.225423728125 0.1610169484375 0.225423728125 0.1610169484375 0.2957627125
19 0.20338983124999999 0.2957627125 0.25423728749999996 0.2957627125 0.25423728749999996 0.225423728125 0.20338983124999999 0.225423728125 0.20338983124999999 0.2957627125
19 0.6 0.29830508437500003 0.64661016875 0.29830508437500003 0.64661016875 0.23220338906250002 0.6 0.23220338906250002 0.6 0.29830508437500003
19 0.5491525421875 0.3 0.5957627125 0.3 0.5957627125 0.230508475 0.5491525421875 0.230508475 0.5491525421875 0.3
19 0.8389830515625001 0.294067796875 0.8822033890625001 0.294067796875 0.8822033890625001 0.255932203125 0.8389830515625001 0.255932203125 0.8389830515625001 0.294067796875
19 0.79661016875 0.29830508437500003 0.8347457625000001 0.29830508437500003 0.8347457625000001 0.259322034375 0.79661016875 0.259322034375 0.79661016875 0.29830508437500003
19 0.6508474578125 0.3796610171875 0.7 0.3796610171875 0.7 0.3237288140625 0.6508474578125 0.3237288140625 0.6508474578125 0.3796610171875
19 0.7050847453125 0.38050847499999996 0.75338983125 0.38050847499999996 0.75338983125 0.325423728125 0.7050847453125 0.325423728125 0.7050847453125 0.38050847499999996
19 0.38474576250000003 0.44406779687500003 0.4627118640625 0.44406779687500003 0.4627118640625 0.3491525421875 0.38474576250000003 0.3491525421875 0.38474576250000003 0.44406779687500003
19 0.113559321875 0.44661016875000004 0.194067796875 0.44661016875000004 0.194067796875 0.35762711875000003 0.113559321875 0.35762711875000003 0.113559321875 0.44661016875000004
19 0.29661016875 0.4457627125 0.3762711859375 0.4457627125 0.3762711859375 0.3508474578125 0.29661016875 0.3508474578125 0.29661016875 0.4457627125
19 0.198305084375 0.4415254234375 0.280508475 0.4415254234375 0.280508475 0.3525423734375 0.198305084375 0.3525423734375 0.198305084375 0.4415254234375
19 0.5610169484374999 0.448305084375 0.6389830515625 0.448305084375 0.6389830515625 0.35593220312499996 0.5610169484374999 0.35593220312499996 0.5610169484374999 0.448305084375
19 0.4813559328125 0.4457627125 0.5567796609375 0.4457627125 0.5567796609375 0.359322034375 0.4813559328125 0.359322034375 0.4813559328125 0.4457627125
19 0.7694915250000001 0.44661016875000004 0.8415254234375 0.44661016875000004 0.8415254234375 0.374576271875 0.7694915250000001 0.374576271875 0.7694915250000001 0.44661016875000004
19 0.8457627125 0.4457627125 0.8991525421875 0.4457627125 0.8991525421875 0.3762711859375 0.8457627125 0.3762711859375 0.8457627125 0.4457627125
19 0.9050847453124999 0.44406779687500003 0.9686440671875 0.44406779687500003 0.9686440671875 0.3762711859375 0.9050847453124999 0.3762711859375 0.9050847453124999 0.44406779687500003
19 0.7050847453125 0.4457627125 0.75762711875 0.4457627125 0.75762711875 0.38474576250000003 0.7050847453125 0.38474576250000003 0.7050847453125 0.4457627125
19 0.6525423734375 0.448305084375 0.70338983125 0.448305084375 0.70338983125 0.383050846875 0.6525423734375 0.383050846875 0.6525423734375 0.448305084375
19 0.8881355937500001 0.5203389828125 0.951694915625 0.5203389828125 0.951694915625 0.4508474578125 0.8881355937500001 0.4508474578125 0.8881355937500001 0.5203389828125
19 0.8796610171875001 0.5915254234375 0.93813559375 0.5915254234375 0.93813559375 0.528813559375 0.8796610171875001 0.528813559375 0.8796610171875001 0.5915254234375