19 0.6655737703125 0.23278688593750002 0.6 0.23278688593750002 0.6 0.3131147546875 0.6655737703125 0.3131147546875 0.6655737703125 0.23278688593750002
19 0.5262295078125 0.23442622968750002 0.46475409843750004 0.23442622968750002 0.46475409843750004 0.3147540984375 0.5262295078125 0.3147540984375 0.5262295078125 0.23442622968750002
19 0.591803278125 0.23442622968750002 0.5303278687499999 0.23442622968750002 0.5303278687499999 0.3147540984375 0.591803278125 0.3147540984375 0.591803278125 0.23442622968750002
19 0.770491803125 0.24262295156250002 0.721311475 0.24262295156250002 0.721311475 0.3131147546875 0.770491803125 0.3131147546875 0.770491803125 0.24262295156250002
19 0.45901639375 0.23934426250000002 0.3959016390625 0.23934426250000002 0.3959016390625 0.3163934421875 0.45901639375 0.3163934421875 0.45901639375 0.23934426250000002
19 0.7163934421875 0.24262295156250002 0.671311475 0.24262295156250002 0.671311475 0.3147540984375 0.7163934421875 0.3147540984375 0.7163934421875 0.24262295156250002
19 0.9180327875 0.252459015625 0.8852459015624999 0.252459015625 0.8852459015624999 0.3057377046875 0.9180327875 0.3057377046875 0.9180327875 0.252459015625
19 0.8786885249999999 0.2540983609375 0.847540984375 0.2540983609375 0.847540984375 0.309836065625 0.8786885249999999 0.309836065625 0.8786885249999999 0.2540983609375
19 0.8426229515625 0.2540983609375 0.811475409375 0.2540983609375 0.811475409375 0.31229508125 0.8426229515625 0.31229508125 0.8426229515625 0.2540983609375
19 0.8065573765625 0.2540983609375 0.771311475 0.2540983609375 0.771311475 0.3106557375 0.8065573765625 0.3106557375 0.8065573765625 0.2540983609375
19 0.59836065625 0.33770491874999997 0.5631147546874999 0.33770491874999997 0.5631147546874999 0.38032786875 0.59836065625 0.38032786875 0.59836065625 0.33770491874999997
19 0.63770491875 0.33770491874999997 0.600819671875 0.33770491874999997 0.600819671875 0.3819672125 0.63770491875 0.3819672125 0.63770491875 0.33770491874999997
19 0.8213114750000001 0.3655737703125 0.7844262296875 0.3655737703125 0.7844262296875 0.39672131093749996 0.8213114750000001 0.39672131093749996 0.8213114750000001 0.3655737703125
19 0.778688525 0.3655737703125 0.75 0.3655737703125 0.75 0.39672131093749996 0.778688525 0.39672131093749996 0.778688525 0.3655737703125
19 0.7459016390625 0.3672131140625 0.7147540984375 0.3672131140625 0.7147540984375 0.397540984375 0.7459016390625 0.397540984375 0.7459016390625 0.3672131140625
19 0.711475409375 0.3672131140625 0.6811475406249999 0.3672131140625 0.6811475406249999 0.39836065625 0.711475409375 0.39836065625 0.711475409375 0.3672131140625
19 0.678688525 0.3672131140625 0.6442622953125 0.3672131140625 0.6442622953125 0.39836065625 0.678688525 0.39836065625 0.678688525 0.3672131140625
19 0.2754098359375 0.3606557375 0.21229508125000002 0.3606557375 0.21229508125000002 0.4336065578125 0.2754098359375 0.4336065578125 0.2754098359375 0.3606557375
19 0.56229508125 0.3639344265625 0.5172131140625 0.3639344265625 0.5172131140625 0.4336065578125 0.56229508125 0.4336065578125 0.56229508125 0.3639344265625
19 0.4065573765625 0.3655737703125 0.3450819671875 0.3655737703125 0.3450819671875 0.4336065578125 0.4065573765625 0.4336065578125 0.4065573765625 0.3655737703125
19 0.5147540984375001 0.3655737703125 0.470491803125 0.3655737703125 0.470491803125 0.4352459015625 0.5147540984375001 0.4352459015625 0.5147540984375001 0.3655737703125
19 0.34098360625 0.368852459375 0.277868853125 0.368852459375 0.277868853125 0.4360655734375 0.34098360625 0.4360655734375 0.34098360625 0.368852459375
19 0.208196721875 0.37213114687500004 0.14918032812499998 0.37213114687500004 0.14918032812499998 0.4336065578125 0.208196721875 0.4336065578125 0.208196721875 0.37213114687500004
19 0.152459015625 0.37377049218749997 0.0967213109375 0.37377049218749997 0.0967213109375 0.43196721250000003 0.152459015625 0.43196721250000003 0.152459015625 0.37377049218749997
19 0.4672131140625 0.3754098359375 0.41147540937500005 0.3754098359375 0.41147540937500005 0.4344262296875 0.4672131140625 0.4344262296875 0.4672131140625 0.3754098359375
19 0.6426229515624999 0.38360655781249997 0.608196721875 0.38360655781249997 0.608196721875 0.43278688593750003 0.6426229515624999 0.43278688593750003 0.6426229515624999 0.38360655781249997
19 0.6049180328125 0.38360655781249997 0.5655737703125 0.38360655781249997 0.5655737703125 0.4344262296875 0.6049180328125 0.4344262296875 0.6049180328125 0.38360655781249997
19 0.8262295078124999 0.39836065625 0.791803278125 0.39836065625 0.791803278125 0.43278688593750003 0.8262295078124999 0.43278688593750003 0.8262295078124999 0.39836065625
19 0.7868852453125 0.4 0.7565573765625 0.4 0.7565573765625 0.43278688593750003 0.7868852453125 0.43278688593750003 0.7868852453125 0.4
19 0.7163934421875 0.40163934375 0.68770491875 0.40163934375 0.68770491875 0.43278688593750003 0.7163934421875 0.43278688593750003 0.7163934421875 0.40163934375
19 0.7524590156250001 0.40163934375 0.722131146875 0.40163934375 0.722131146875 0.4344262296875 0.7524590156250001 0.4344262296875 0.7524590156250001 0.40163934375
19 0.6819672125 0.40327868906250003 0.6467213109375 0.40327868906250003 0.6467213109375 0.4344262296875 0.6819672125 0.4344262296875 0.6819672125 0.40327868906250003