19 0.5171875 0.4359375 0.5171875 0.359375 0.4246199328125 0.359375 0.4246199328125 0.4359375 0.5171875 0.4359375
19 0.6109375 0.4453125 0.6109375 0.354708615625 0.52578125 0.354708615625 0.52578125 0.4453125 0.6109375 0.4453125
19 0 0.425 0.0625 0.425 0.0625 0.38971706093749997 0 0.38971706093749997 0 0.425
19 0.41714527031250004 0.45 0.41714527031250004 0.375591215625 0.3588682421875 0.375591215625 0.3588682421875 0.45 0.41714527031250004 0.45
19 0.3328125 0.45 0.3328125 0.3767736484375 0.27265625 0.3767736484375 0.27265625 0.45 0.3328125 0.45
19 0.2015625 0.49402449375 0.169657940625 0.49402449375 0.169657940625 0.529497465625 0.2015625 0.529497465625 0.2015625 0.49402449375
19 0.2484375 0.5296875 0.2484375 0.4920819265625 0.21273226250000002 0.4920819265625 0.21273226250000002 0.5296875 0.2484375 0.5296875
19 0.159375 0.53125 0.159375 0.49347550625 0.12516891875 0.49347550625 0.12516891875 0.53125 0.159375 0.53125
19 0.8796875 0.5828125 0.8796875 0.488492396875 0.8179476343750001 0.488492396875 0.8179476343750001 0.5828125 0.8796875 0.5828125
19 0.1046875 0.5099239859375 0.0636190890625 0.5099239859375 0.0636190890625 0.5682010140625 0.1046875 0.5682010140625 0.1046875 0.5099239859375
19 0.0625 0.5609375 0.0625 0.51592060625 0.003103884375 0.51592060625 0.003103884375 0.5609375 0.0625 0.5609375
19 0.575 0.5671875 0.575 0.5106630078125 0.49562922187499997 0.5106630078125 0.49562922187499997 0.5671875 0.575 0.5671875
19 0.634375 0.5671875 0.634375 0.509480575 0.5572212828125 0.509480575 0.5572212828125 0.5671875 0.634375 0.5671875
19 0.6858741562499999 0.5765625 0.6858741562499999 0.4997888515625 0.6284417234374999 0.4997888515625 0.6284417234374999 0.5765625 0.6858741562499999 0.5765625
19 0.82738598125 0.5703125 0.82738598125 0.5134924 0.745460303125 0.5134924 0.745460303125 0.5703125 0.82738598125 0.5703125
19 0.75 0.58125 0.75 0.5020903703124999 0.6933065890625 0.5020903703124999 0.6933065890625 0.58125 0.75 0.58125
19 0.303125 0.5703125 0.303125 0.52265625 0.2445101359375 0.52265625 0.2445101359375 0.5703125 0.303125 0.5703125
19 0.353125 0.5265625 0.29596706093749997 0.5265625 0.29596706093749997 0.5668918921875 0.353125 0.5668918921875 0.353125 0.5265625
19 0.40625 0.5703125 0.40625 0.5246199328125 0.3470650328125 0.5246199328125 0.3470650328125 0.5703125 0.40625 0.5703125
19 0.50625 0.5703125 0.50625 0.523078546875 0.44763513593750004 0.523078546875 0.44763513593750004 0.5703125 0.50625 0.5703125
19 0.45625 0.5703125 0.45625 0.5228251703125 0.39689611406249997 0.5228251703125 0.39689611406249997 0.5703125 0.45625 0.5703125
19 0.146875 0.5734375 0.146875 0.5337415531249999 0.1121832765625 0.5337415531249999 0.1121832765625 0.5734375 0.146875 0.5734375
19 0.1546875 0.571875 0.1953125 0.571875 0.1953125 0.5373099671875 0.1546875 0.5373099671875 0.1546875 0.571875
19 0.240625 0.575 0.240625 0.533678209375 0.203758446875 0.533678209375 0.203758446875 0.575 0.240625 0.575
19 0.25625 0.7203125 0.25625 0.64011824375 0.182010134375 0.64011824375 0.182010134375 0.7203125 0.25625 0.7203125
19 0.109375 0.7171875 0.109375 0.6491554046875 0.0334670609375 0.6491554046875 0.0334670609375 0.7171875 0.109375 0.7171875
19 0.58125 0.728125 0.58125 0.6375 0.506102196875 0.6375 0.506102196875 0.728125 0.58125 0.728125
19 0.5078125 0.7203125 0.5078125 0.64670608125 0.4238175671875 0.64670608125 0.4238175671875 0.7203125 0.5078125 0.7203125
19 0.58125 0.7203125 0.66875 0.7203125 0.66875 0.6440667234374999 0.58125 0.6440667234374999 0.58125 0.7203125
19 0.3265625 0.7234375 0.3265625 0.6471917234375 0.2572846296875 0.6471917234375 0.2572846296875 0.7234375 0.3265625 0.7234375
19 0.75 0.7234375 0.75 0.6468327703125001 0.65696790625 0.6468327703125001 0.65696790625 0.7234375 0.75 0.7234375
19 0.8234375 0.7328125 0.8234375 0.6362753390625 0.7444045625 0.6362753390625 0.7444045625 0.7328125 0.8234375 0.7328125
19 0.4171875 0.7265625 0.4171875 0.6472761828125 0.3399493234375 0.6472761828125 0.3399493234375 0.7265625 0.4171875 0.7265625
19 0.909375 0.648458615625 0.8134712828125 0.648458615625 0.8134712828125 0.7278505078124999 0.909375 0.7278505078124999 0.909375 0.648458615625
19 0.175 0.7203125 0.175 0.6585304062499999 0.11258445937499999 0.6585304062499999 0.11258445937499999 0.7203125 0.175 0.7203125
19 0.0002322640625 0.6640625 0.0002322640625 0.7265625 0.0265625 0.7265625 0.0265625 0.6640625 0.0002322640625 0.6640625