19 0.96953125 0.66875 0.925 0.66875 0.925 0.75390625 0.96953125 0.75390625 0.96953125 0.66875
19 0.9171875 0.6703125 0.8703125 0.6703125 0.8703125 0.75703125 0.9171875 0.75703125 0.9171875 0.6703125
19 0.6875 0.6953125 0.6234375 0.6953125 0.6234375 0.75390625 0.6875 0.75390625 0.6875 0.6953125
19 0.13125 0.0546875 0.0859375 0.0546875 0.0859375 0.1421875 0.13125 0.1421875 0.13125 0.0546875
19 0.08359375 0.0546875 0.0390625 0.0546875 0.0390625 0.1421875 0.08359375 0.1421875 0.08359375 0.0546875
19 0.825 0.0515625 0.778125 0.0515625 0.778125 0.1546875 0.825 0.1546875 0.825 0.0515625
19 0.88359375 0.053125 0.8328125 0.053125 0.8328125 0.15625 0.88359375 0.15625 0.88359375 0.053125
19 0.2203125 0.0859375 0.1875 0.0859375 0.1875 0.14609375 0.2203125 0.14609375 0.2203125 0.0859375
19 0.18203125 0.0828125 0.14375 0.0828125 0.14375 0.14375 0.18203125 0.14375 0.18203125 0.0828125
19 0.46953125 0.2265625 0.4 0.2265625 0.4 0.31328125 0.46953125 0.31328125 0.46953125 0.2265625
19 0.54609375 0.228125 0.4765625 0.228125 0.4765625 0.3171875 0.54609375 0.3171875 0.54609375 0.228125
19 0.10390625 0.24375 0.04375 0.24375 0.04375 0.30859375 0.10390625 0.30859375 0.10390625 0.24375
19 0.17890625 0.2453125 0.1140625 0.2453125 0.1140625 0.31015625 0.17890625 0.31015625 0.17890625 0.2453125
19 0.23984375 0.2421875 0.18125 0.2421875 0.18125 0.30859375 0.23984375 0.30859375 0.23984375 0.2421875
19 0.390625 0.2421875 0.31875 0.2421875 0.31875 0.31171875 0.390625 0.31171875 0.390625 0.2421875
19 0.30546875 0.246875 0.2453125 0.246875 0.2453125 0.31171875 0.30546875 0.31171875 0.30546875 0.246875
19 0.52578125 0.375 0.4703125 0.375 0.4703125 0.46640625 0.52578125 0.46640625 0.52578125 0.375
19 0.58984375 0.375 0.5296875 0.375 0.5296875 0.46640625 0.58984375 0.46640625 0.58984375 0.375
19 0.653125 0.378125 0.5921875 0.378125 0.5921875 0.4671875 0.653125 0.4671875 0.653125 0.378125
19 0.40703125 0.3953125 0.35625 0.3953125 0.35625 0.4671875 0.40703125 0.4671875 0.40703125 0.3953125
19 0.35546875 0.39375 0.3015625 0.39375 0.3015625 0.46796875 0.35546875 0.46796875 0.35546875 0.39375
19 0.46328125 0.3953125 0.409375 0.3953125 0.409375 0.46640625 0.46328125 0.46640625 0.46328125 0.3953125
19 0.76328125 0.3953125 0.7125 0.3953125 0.7125 0.46640625 0.76328125 0.46640625 0.76328125 0.3953125
19 0.7109375 0.3953125 0.6625 0.3953125 0.6625 0.4671875 0.7109375 0.4671875 0.7109375 0.3953125
19 0.8203125 0.396875 0.7625 0.396875 0.7625 0.46640625 0.8203125 0.46640625 0.8203125 0.396875
19 0.2953125 0.4125 0.2546875 0.4125 0.2546875 0.46640625 0.2953125 0.46640625 0.2953125 0.4125
19 0.24765625 0.4140625 0.2078125 0.4140625 0.2078125 0.46796875 0.24765625 0.46796875 0.24765625 0.4140625
19 0.865625 0.415625 0.8234375 0.415625 0.8234375 0.46640625 0.865625 0.46640625 0.865625 0.415625