19 0.25625 0.76875 0.25625 0.8140625 0.321875 0.8140625 0.321875 0.76875 0.25625 0.76875
19 0.2515625 0.766796875 0.20078125 0.766796875 0.20078125 0.8234375 0.2515625 0.8234375 0.2515625 0.766796875
19 0.1328125 0.825 0.190625 0.825 0.190625 0.775 0.1328125 0.775 0.1328125 0.825
19 0.0671875 0.8359375 0.115625 0.8359375 0.115625 0.771484375 0.0671875 0.771484375 0.0671875 0.8359375
19 0.2359375 0.946875 0.2359375 0.89765625 0.188671875 0.89765625 0.188671875 0.946875 0.2359375 0.946875
19 0.1828125 0.95 0.1828125 0.9 0.128515625 0.9 0.128515625 0.95 0.1828125 0.95
19 0.065625 0.909375 0.065625 0.9609375 0.1265625 0.9609375 0.1265625 0.909375 0.065625 0.909375
19 0.528125 0.3453125 0.528125 0.31875 0.480078125 0.31875 0.480078125 0.3453125 0.528125 0.3453125
19 0.4453125 0.318359375 0.3984375 0.318359375 0.3984375 0.4078125 0.4453125 0.4078125 0.4453125 0.318359375
19 0.45 0.3375 0.45 0.409375 0.4828125 0.409375 0.4828125 0.3375 0.45 0.3375
19 0.515625 0.4109375 0.515625 0.360546875 0.489453125 0.360546875 0.489453125 0.4109375 0.515625 0.4109375
19 0.1515625 0.54375 0.1515625 0.502734375 0.101171875 0.502734375 0.101171875 0.54375 0.1515625 0.54375
19 0.203125 0.5484375 0.240625 0.5484375 0.240625 0.500390625 0.203125 0.500390625 0.203125 0.5484375
19 0.155078125 0.4984375 0.155078125 0.5515625 0.1921875 0.5515625 0.1921875 0.4984375 0.155078125 0.4984375
19 0.284375 0.5484375 0.284375 0.498046875 0.245703125 0.498046875 0.245703125 0.5484375 0.284375 0.5484375
19 0.346875 0.68125 0.346875 0.612890625 0.281640625 0.612890625 0.281640625 0.68125 0.346875 0.68125
19 0.209765625 0.6140625 0.209765625 0.6859375 0.2796875 0.6859375 0.2796875 0.6140625 0.209765625 0.6140625
19 0.138671875 0.621875 0.138671875 0.690625 0.2046875 0.690625 0.2046875 0.621875 0.138671875 0.621875
19 0.1359375 0.690625 0.1359375 0.620703125 0.062109375 0.620703125 0.062109375 0.690625 0.1359375 0.690625