19 0.2459016390625 0.36229508125 0.2040983609375 0.36229508125 0.2040983609375 0.40901639375 0.2459016390625 0.40901639375 0.2459016390625 0.36229508125
19 0.2 0.3950819671875 0.1655737703125 0.3950819671875 0.1655737703125 0.42950819687499997 0.2 0.42950819687499997 0.2 0.3950819671875
19 0.1606557375 0.4 0.12786885312500001 0.4 0.12786885312500001 0.43114754062499994 0.1606557375 0.43114754062499994 0.1606557375 0.4
19 0.73770491875 0.37377049218749997 0.6655737703125 0.37377049218749997 0.6655737703125 0.46229508125 0.73770491875 0.46229508125 0.73770491875 0.37377049218749997
19 0.6 0.3934426234375 0.54098360625 0.3934426234375 0.54098360625 0.46393442656249995 0.6 0.46393442656249995 0.6 0.3934426234375
19 0.309836065625 0.391803278125 0.2565573765625 0.391803278125 0.2565573765625 0.46885245937500003 0.309836065625 0.46885245937500003 0.309836065625 0.391803278125
19 0.54098360625 0.4 0.4844262296875 0.4 0.4844262296875 0.4655737703125 0.54098360625 0.4655737703125 0.54098360625 0.4
19 0.6672131140625 0.40327868906250003 0.599180328125 0.40327868906250003 0.599180328125 0.46475409843750004 0.6672131140625 0.46475409843750004 0.6672131140625 0.40327868906250003
19 0.48524590156249997 0.40327868906250003 0.43196721250000003 0.40327868906250003 0.43196721250000003 0.46475409843750004 0.48524590156249997 0.46475409843750004 0.48524590156249997 0.40327868906250003
19 0.252459015625 0.4131147546875 0.209836065625 0.4131147546875 0.209836065625 0.4672131140625 0.252459015625 0.4672131140625 0.252459015625 0.4131147546875
19 0.2065573765625 0.43770491875 0.171311475 0.43770491875 0.171311475 0.4663934421875 0.2065573765625 0.4663934421875 0.2065573765625 0.43770491875
19 0.16229508125 0.43770491875 0.1270491796875 0.43770491875 0.1270491796875 0.46885245937500003 0.16229508125 0.46885245937500003 0.16229508125 0.43770491875
19 0.30163934375 0.5606557375000001 0.2672131140625 0.5606557375000001 0.2672131140625 0.618852459375 0.30163934375 0.618852459375 0.30163934375 0.5606557375000001
19 0.26229508125 0.5606557375000001 0.2270491796875 0.5606557375000001 0.2270491796875 0.618852459375 0.26229508125 0.618852459375 0.26229508125 0.5606557375000001
19 0.22459016406250001 0.5606557375000001 0.18770491875 0.5606557375000001 0.18770491875 0.6172131140625 0.22459016406250001 0.6172131140625 0.22459016406250001 0.5606557375000001
19 0.491803278125 0.650819671875 0.43032786874999995 0.650819671875 0.43032786874999995 0.697540984375 0.491803278125 0.697540984375 0.491803278125 0.650819671875
19 0.20327868906250002 0.6540983609375 0.16639344218750002 0.6540983609375 0.16639344218750002 0.7008196718749999 0.20327868906250002 0.7008196718749999 0.20327868906250002 0.6540983609375
19 0.370491803125 0.678688525 0.3065573765625 0.678688525 0.3065573765625 0.76229508125 0.370491803125 0.76229508125 0.370491803125 0.678688525
19 0.3065573765625 0.691803278125 0.25901639374999996 0.691803278125 0.25901639374999996 0.759836065625 0.3065573765625 0.759836065625 0.3065573765625 0.691803278125
19 0.2557377046875 0.6934426234375 0.208196721875 0.6934426234375 0.208196721875 0.761475409375 0.2557377046875 0.761475409375 0.2557377046875 0.6934426234375
19 0.49836065625000003 0.7 0.43114754062499994 0.7 0.43114754062499994 0.75901639375 0.49836065625000003 0.75901639375 0.49836065625000003 0.7
19 0.20163934375 0.711475409375 0.159836065625 0.711475409375 0.159836065625 0.7655737703125001 0.20163934375 0.7655737703125001 0.20163934375 0.711475409375