19 0.510135134375 0.3513513515625 0.4332770265625 0.3513513515625 0.4332770265625 0.4451013515625 0.510135134375 0.4451013515625 0.510135134375 0.3513513515625
19 0.6114864859375 0.3547297296875 0.5253378375 0.3547297296875 0.5253378375 0.446790540625 0.6114864859375 0.446790540625 0.6114864859375 0.3547297296875
19 0.048986485937500004 0.375 0.012668918749999999 0.375 0.012668918749999999 0.440033784375 0.048986485937500004 0.440033784375 0.048986485937500004 0.375
19 0.42567567500000003 0.3834459453125 0.35050675625 0.3834459453125 0.35050675625 0.4417229734375 0.42567567500000003 0.4417229734375 0.42567567500000003 0.3834459453125
19 0.341216215625 0.3834459453125 0.266047296875 0.3834459453125 0.266047296875 0.44425675625 0.341216215625 0.44425675625 0.341216215625 0.3834459453125
19 0.2043918921875 0.4949324328125 0.16891891875 0.4949324328125 0.16891891875 0.528716215625 0.2043918921875 0.528716215625 0.2043918921875 0.4949324328125
19 0.25 0.49324324375 0.21114864843749998 0.49324324375 0.21114864843749998 0.5295608109375001 0.25 0.5295608109375001 0.25 0.49324324375
19 0.16216216249999998 0.4949324328125 0.1233108109375 0.4949324328125 0.1233108109375 0.5304054046875 0.16216216249999998 0.5304054046875 0.16216216249999998 0.4949324328125
19 0.8800675671875 0.48817567500000003 0.8175675671875 0.48817567500000003 0.8175675671875 0.5827702703125001 0.8800675671875 0.5827702703125001 0.8800675671875 0.48817567500000003
19 0.10641891875000001 0.510135134375 0.0633445953125 0.510135134375 0.0633445953125 0.5684121625 0.10641891875000001 0.5684121625 0.10641891875000001 0.510135134375
19 0.055743243750000004 0.5084459453125 0.010135134375 0.5084459453125 0.010135134375 0.5692567562499999 0.055743243750000004 0.5692567562499999 0.055743243750000004 0.5084459453125
19 0.5641891890624999 0.5 0.5067567562499999 0.5 0.5067567562499999 0.5793918921875 0.5641891890624999 0.5793918921875 0.5641891890624999 0.5
19 0.625 0.5 0.5667229734375 0.5 0.5667229734375 0.577702703125 0.625 0.577702703125 0.625 0.5
19 0.6858108109375001 0.5 0.6283783781250001 0.5 0.6283783781250001 0.577702703125 0.6858108109375001 0.577702703125 0.6858108109375001 0.5
19 0.815878378125 0.5016891890624999 0.7576013515625 0.5016891890624999 0.7576013515625 0.583614865625 0.815878378125 0.583614865625 0.815878378125 0.5016891890624999
19 0.7516891890624999 0.5016891890624999 0.6934121625 0.5016891890624999 0.6934121625 0.581925675 0.7516891890624999 0.581925675 0.7516891890624999 0.5016891890624999
19 0.2989864859375 0.5168918921875 0.25 0.5168918921875 0.25 0.5768581078125 0.2989864859375 0.5768581078125 0.2989864859375 0.5168918921875
19 0.3445945953125 0.51858108125 0.3040540546875 0.51858108125 0.3040540546875 0.5760135140625 0.3445945953125 0.5760135140625 0.3445945953125 0.51858108125
19 0.40033783749999996 0.5168918921875 0.353885134375 0.5168918921875 0.353885134375 0.577702703125 0.40033783749999996 0.577702703125 0.40033783749999996 0.5168918921875
19 0.5016891890624999 0.5168918921875 0.45354729687499995 0.5168918921875 0.45354729687499995 0.5768581078125 0.5016891890624999 0.5768581078125 0.5016891890624999 0.5168918921875
19 0.45101351406249995 0.5168918921875 0.402871621875 0.5168918921875 0.402871621875 0.577702703125 0.45101351406249995 0.577702703125 0.45101351406249995 0.5168918921875
19 0.15033783750000002 0.5354729734375 0.10979729687499999 0.5354729734375 0.10979729687499999 0.571790540625 0.15033783750000002 0.571790540625 0.15033783750000002 0.5354729734375
19 0.1959459453125 0.5371621625 0.15456081093750001 0.5371621625 0.15456081093750001 0.5734797296874999 0.1959459453125 0.5734797296874999 0.1959459453125 0.5371621625
19 0.24324324375 0.5354729734375 0.2018581078125 0.5354729734375 0.2018581078125 0.5734797296874999 0.24324324375 0.5734797296874999 0.24324324375 0.5354729734375
19 0.25675675625 0.640202703125 0.18158783750000002 0.640202703125 0.18158783750000002 0.7221283781250001 0.25675675625 0.7221283781250001 0.25675675625 0.640202703125
19 0.10641891875000001 0.6452702703125001 0.0371621625 0.6452702703125001 0.0371621625 0.7221283781250001 0.10641891875000001 0.7221283781250001 0.10641891875000001 0.6452702703125001
19 0.5827702703125001 0.636824325 0.5059121625 0.636824325 0.5059121625 0.728885134375 0.5827702703125001 0.728885134375 0.5827702703125001 0.636824325
19 0.5033783781250001 0.6418918921875 0.428209459375 0.6418918921875 0.428209459375 0.7263513515625 0.5033783781250001 0.7263513515625 0.5033783781250001 0.6418918921875
19 0.6638513515625 0.6385135140625 0.5869932437500001 0.6385135140625 0.5869932437500001 0.7271959453125 0.6638513515625 0.7271959453125 0.6638513515625 0.6385135140625
19 0.327702703125 0.646959459375 0.2576013515625 0.646959459375 0.2576013515625 0.7238175671875 0.327702703125 0.7238175671875 0.327702703125 0.646959459375
19 0.7432432437500001 0.6385135140625 0.665540540625 0.6385135140625 0.665540540625 0.7322635140625 0.7432432437500001 0.7322635140625 0.7432432437500001 0.6385135140625
19 0.8243243250000001 0.636824325 0.7449324328125 0.636824325 0.7449324328125 0.733952703125 0.8243243250000001 0.733952703125 0.8243243250000001 0.636824325
19 0.41891891875000004 0.6486486484375 0.3386824328125 0.6486486484375 0.3386824328125 0.7263513515625 0.41891891875000004 0.7263513515625 0.41891891875000004 0.6486486484375
19 0.9020270265624999 0.640202703125 0.822635134375 0.640202703125 0.822635134375 0.73733108125 0.9020270265624999 0.73733108125 0.9020270265624999 0.640202703125
19 0.175675675 0.658783784375 0.113175675 0.658783784375 0.113175675 0.7221283781250001 0.175675675 0.7221283781250001 0.175675675 0.658783784375
19 0 0.7271959453125 0.0270270265625 0.7271959453125 0.0270270265625 0.6638513515625 0 0.6638513515625 0 0.7271959453125