19 0.33125 0.8046875 0.33125 0.758990778125 0.262551228125 0.758990778125 0.262551228125 0.8046875 0.33125 0.8046875
19 0.25625 0.8171875 0.25625 0.7568263328125 0.2038934421875 0.7568263328125 0.2038934421875 0.8171875 0.25625 0.8171875
19 0.1328125 0.81875 0.19375 0.81875 0.19375 0.765625 0.1328125 0.765625 0.1328125 0.81875
19 0.1140625 0.8296875 0.1140625 0.7625 0.06415215156250001 0.7625 0.06415215156250001 0.8296875 0.1140625 0.8296875
19 0.240625 0.89375 0.1912141390625 0.89375 0.1912141390625 0.9467469265625 0.240625 0.9467469265625 0.240625 0.89375
19 0.184375 0.9484375 0.184375 0.89679815625 0.1279328890625 0.89679815625 0.1279328890625 0.9484375 0.184375 0.9484375
19 0.1203125 0.9015625 0.0672003078125 0.9015625 0.0672003078125 0.9653048140625 0.1203125 0.9653048140625 0.1203125 0.9015625
19 0.5359375 0.2753714140625 0.5083119875000001 0.2753714140625 0.5083119875000001 0.3261910859375 0.5359375 0.3261910859375 0.5359375 0.2753714140625
19 0.4828125 0.3578125 0.4828125 0.309554303125 0.3892930328125 0.309554303125 0.3892930328125 0.3578125 0.4828125 0.3578125
19 0.51875 0.3609375 0.51875 0.327023565625 0.4445696734375 0.327023565625 0.4445696734375 0.3609375 0.51875 0.3609375
19 0.546875 0.371875 0.546875 0.3432505125 0.494287909375 0.3432505125 0.494287909375 0.371875 0.546875 0.371875
19 0.103240265625 0.475 0.103240265625 0.528125 0.1483222328125 0.528125 0.1483222328125 0.475 0.103240265625 0.475
19 0.2467981546875 0.528125 0.2467981546875 0.47757428125 0.2066342203125 0.47757428125 0.2066342203125 0.528125 0.2467981546875 0.528125
19 0.203125 0.521875 0.203125 0.48323514218749997 0.14779713125 0.48323514218749997 0.14779713125 0.521875 0.203125 0.521875
19 0.296875 0.521875 0.296875 0.4813012296875 0.24556864687500002 0.481301228125 0.24556864687500002 0.521875 0.296875 0.521875
19 0.2864113734375 0.596875 0.2864113734375 0.665625 0.35936219375 0.665625 0.35936219375 0.596875 0.2864113734375 0.596875
19 0.2875 0.671875 0.2875 0.5975409828125 0.212653690625 0.5975409828125 0.212653690625 0.671875 0.2875 0.671875
19 0.2078125 0.678125 0.2078125 0.6053662906249999 0.1393314546875 0.6053662906249999 0.1393314546875 0.678125 0.2078125 0.678125
19 0.134375 0.678125 0.134375 0.6021260265625 0.060604509375000004 0.6021260265625 0.060604509375000004 0.678125 0.134375 0.678125