19 0.393359375 0.1265625 0.393359375 0.089453125 0.337890625 0.089453125 0.337890625 0.1265625 0.393359375 0.1265625
19 0.4234375 0.1375 0.4234375 0.083203125 0.390234375 0.083203125 0.390234375 0.1375 0.4234375 0.1375
19 0.318359375 0.15625 0.318359375 0.19609375 0.3890625 0.19609375 0.3890625 0.15625 0.318359375 0.15625
19 0.4359375 0.19375 0.4359375 0.157421875 0.365234375 0.157421875 0.365234375 0.19375 0.4359375 0.19375
19 0.0921875 0.2640625 0.0921875 0.3578125 0.165625 0.3578125 0.165625 0.2640625 0.0921875 0.2640625
19 0.7765625 0.2578125 0.7765625 0.36875 0.85 0.36875 0.85 0.2578125 0.7765625 0.2578125
19 0.625 0.259375 0.625 0.3671875 0.696875 0.3671875 0.696875 0.259375 0.625 0.259375
19 0.7890625 0.3484375 0.7890625 0.27734375 0.68203125 0.27734375 0.68203125 0.3484375 0.7890625 0.3484375
19 0.2625 0.278515625 0.171875 0.278515625 0.171875 0.35 0.2625 0.35 0.2625 0.278515625
19 0.625 0.257421875 0.553125 0.257421875 0.553125 0.3703125 0.625 0.3703125 0.625 0.257421875
19 0.253125 0.2765625 0.253125 0.3546875 0.346875 0.3546875 0.346875 0.2765625 0.253125 0.2765625
19 0.546875 0.3671875 0.546875 0.287109375 0.483203125 0.287109375 0.483203125 0.3671875 0.546875 0.3671875
19 0.4796875 0.3625 0.4796875 0.294921875 0.40625 0.294921875 0.40625 0.3625 0.4796875 0.3625
19 0.340234375 0.2921875 0.340234375 0.36875 0.4046875 0.36875 0.4046875 0.2921875 0.340234375 0.2921875
19 0.678125 0.421875 0.678125 0.38984375 0.657421875 0.38984375 0.657421875 0.421875 0.678125 0.421875
19 0.715625 0.421875 0.715625 0.38984375 0.69453125 0.38984375 0.69453125 0.421875 0.715625 0.421875
19 0.766015625 0.3953125 0.766015625 0.4171875 0.7984375 0.4171875 0.7984375 0.3953125 0.766015625 0.3953125
19 0.6484375 0.397265625 0.6109375 0.397265625 0.6109375 0.41875 0.6484375 0.41875 0.6484375 0.397265625
19 0.725390625 0.396875 0.725390625 0.41875 0.7578125 0.41875 0.7578125 0.396875 0.725390625 0.396875
19 0.553125 0.4328125 0.553125 0.398046875 0.514453125 0.398046875 0.514453125 0.4328125 0.553125 0.4328125
19 0.5953125 0.4359375 0.5953125 0.39921875 0.56015625 0.39921875 0.56015625 0.4359375 0.5953125 0.4359375
19 0.609375 0.4234375 0.609375 0.459375 0.6453125 0.459375 0.6453125 0.4234375 0.609375 0.4234375
19 0.649609375 0.421875 0.649609375 0.46015625 0.684375 0.46015625 0.684375 0.421875 0.649609375 0.421875
19 0.691796875 0.425 0.691796875 0.45859375 0.721875 0.45859375 0.721875 0.425 0.691796875 0.425
19 0.80625 0.4609375 0.80625 0.426171875 0.774609375 0.426171875 0.774609375 0.4609375 0.80625 0.4609375
19 0.76484375 0.4609375 0.76484375 0.426171875 0.7296875 0.426171875 0.7296875 0.4609375 0.76484375 0.4609375
19 0.169140625 0.4234375 0.169140625 0.5015625 0.228125 0.5015625 0.228125 0.4234375 0.169140625 0.4234375
19 0.0984375 0.434375 0.0984375 0.4953125 0.178125 0.4953125 0.178125 0.434375 0.0984375 0.434375
19 0.2796875 0.434375 0.2796875 0.4953125 0.359375 0.4953125 0.359375 0.434375 0.2796875 0.434375
19 0.2328125 0.421875 0.2328125 0.50625 0.2890625 0.50625 0.2890625 0.421875 0.2328125 0.421875
19 0.425 0.4375 0.342578125 0.4375 0.342578125 0.4953125 0.425 0.4953125 0.425 0.4375
19 0.4625 0.444921875 0.4171875 0.444921875 0.4171875 0.5046875 0.4625 0.5046875 0.4625 0.444921875
19 0.565234375 0.4984375 0.565234375 0.450390625 0.505078125 0.450390625 0.505078125 0.4984375 0.565234375 0.4984375
19 0.4640625 0.5046875 0.5125 0.5046875 0.5125 0.445703125 0.4640625 0.445703125 0.4640625 0.5046875
19 0.561328125 0.4453125 0.561328125 0.50625 0.609375 0.50625 0.609375 0.4453125 0.561328125 0.4453125
19 0.7359375 0.50625 0.7359375 0.4671875 0.697265625 0.4671875 0.697265625 0.50625 0.7359375 0.50625
19 0.609765625 0.46875 0.609765625 0.50625 0.6484375 0.50625 0.6484375 0.46875 0.609765625 0.46875
19 0.7390625 0.46875 0.7390625 0.50625 0.7796875 0.50625 0.7796875 0.46875 0.7390625 0.46875
19 0.6546875 0.46875 0.6546875 0.509375 0.6921875 0.509375 0.6921875 0.46875 0.6546875 0.46875
19 0.8171875 0.5078125 0.8171875 0.469140625 0.783984375 0.469140625 0.783984375 0.5078125 0.8171875 0.5078125
19 0.1015625 0.5515625 0.1015625 0.6234375 0.1953125 0.6234375 0.1953125 0.5515625 0.1015625 0.5515625
19 0.3421875 0.625 0.3421875 0.554296875 0.258984375 0.554296875 0.258984375 0.625 0.3421875 0.625
19 0.182421875 0.5546875 0.182421875 0.62421875 0.2703125 0.62421875 0.2703125 0.5546875 0.182421875 0.5546875
19 0.4140625 0.63125 0.4140625 0.55703125 0.341796875 0.55703125 0.341796875 0.63125 0.4140625 0.63125
19 0.4921875 0.556640625 0.4203125 0.556640625 0.4203125 0.63125 0.4921875 0.63125 0.4921875 0.556640625
19 0.625 0.6296875 0.625 0.57421875 0.55859375 0.57421875 0.55859375 0.6296875 0.625 0.6296875
19 0.5578125 0.570703125 0.5 0.570703125 0.5 0.634375 0.5578125 0.634375 0.5578125 0.570703125
19 0.674609375 0.6265625 0.674609375 0.583203125 0.619140625 0.583203125 0.619140625 0.6265625 0.674609375 0.6265625
19 0.66875 0.58125 0.66875 0.6328125 0.7265625 0.6328125 0.7265625 0.58125 0.66875 0.58125
19 0.7734375 0.58125 0.7734375 0.634375 0.81875 0.634375 0.81875 0.58125 0.7734375 0.58125
19 0.726953125 0.5796875 0.726953125 0.6359375 0.76875 0.6359375 0.76875 0.5796875 0.726953125 0.5796875
19 0.54375 0.9265625 0.54375 0.860546875 0.489453125 0.860546875 0.489453125 0.9265625 0.54375 0.9265625
19 0.4890625 0.9265625 0.4890625 0.862890625 0.434765625 0.862890625 0.434765625 0.9265625 0.4890625 0.9265625