19 0.346875 0.2453125 0.346875 0.321875 0.409375 0.321875 0.409375 0.2453125 0.346875 0.2453125
19 0.546875 0.25625 0.470703125 0.25625 0.470703125 0.3140625 0.546875 0.3140625 0.546875 0.25625
19 0.484375 0.25625 0.408203125 0.25625 0.408203125 0.3140625 0.484375 0.3140625 0.484375 0.25625
19 0.246875 0.2546875 0.246875 0.321875 0.29375 0.321875 0.29375 0.2546875 0.246875 0.2546875
19 0.609375 0.3171875 0.609375 0.25859375 0.537109375 0.25859375 0.537109375 0.3171875 0.609375 0.3171875
19 0.285546875 0.2671875 0.285546875 0.309375 0.353125 0.309375 0.353125 0.2671875 0.285546875 0.2671875
19 0.146875 0.3046875 0.146875 0.273828125 0.096875 0.273828125 0.096875 0.3046875 0.146875 0.3046875
19 0.184375 0.30625 0.184375 0.27734375 0.13203125 0.27734375 0.13203125 0.30625 0.184375 0.30625
19 0.2203125 0.3078125 0.2203125 0.278515625 0.165625 0.278515625 0.165625 0.3078125 0.2203125 0.3078125
19 0.2453125 0.31875 0.2453125 0.265625 0.212890625 0.265625 0.212890625 0.31875 0.2453125 0.31875
19 0.446875 0.38125 0.446875 0.34921875 0.407421875 0.34921875 0.407421875 0.38125 0.446875 0.38125
19 0.369921875 0.3484375 0.369921875 0.38359375 0.4109375 0.38359375 0.4109375 0.3484375 0.369921875 0.3484375
19 0.201171875 0.36875 0.201171875 0.40390625 0.2296875 0.40390625 0.2296875 0.36875 0.201171875 0.36875
19 0.239453125 0.371875 0.239453125 0.4015625 0.265625 0.4015625 0.265625 0.371875 0.239453125 0.371875
19 0.3 0.373828125 0.2703125 0.373828125 0.2703125 0.4015625 0.3 0.4015625 0.3 0.373828125
19 0.302734375 0.3734375 0.302734375 0.4015625 0.33125 0.4015625 0.33125 0.3734375 0.302734375 0.3734375
19 0.3359375 0.371875 0.3359375 0.4046875 0.365625 0.4046875 0.365625 0.371875 0.3359375 0.371875
19 0.71875 0.4359375 0.778125 0.4359375 0.778125 0.367578125 0.71875 0.367578125 0.71875 0.4359375
19 0.4453125 0.4359375 0.4875 0.4359375 0.4875 0.370703125 0.4453125 0.370703125 0.4453125 0.4359375
19 0.6515625 0.4359375 0.6515625 0.372265625 0.594140625 0.372265625 0.594140625 0.4359375 0.6515625 0.4359375
19 0.54375 0.425 0.54375 0.383984375 0.478125 0.383984375 0.478125 0.425 0.54375 0.425
19 0.7171875 0.4359375 0.7171875 0.37734375 0.654296875 0.37734375 0.654296875 0.4359375 0.7171875 0.4359375
19 0.8390625 0.378515625 0.7828125 0.378515625 0.7828125 0.4359375 0.8390625 0.4359375 0.8390625 0.378515625
19 0.8359375 0.3796875 0.8359375 0.434375 0.8890625 0.434375 0.8890625 0.3796875 0.8359375 0.3796875
19 0.534375 0.3828125 0.534375 0.4359375 0.590625 0.4359375 0.590625 0.3828125 0.534375 0.3828125
19 0.36875 0.3890625 0.36875 0.4359375 0.4015625 0.4359375 0.4015625 0.3890625 0.36875 0.3890625
19 0.446875 0.43125 0.446875 0.39453125 0.39921875 0.39453125 0.39921875 0.43125 0.446875 0.43125
19 0.19375 0.403125 0.19375 0.4359375 0.2265625 0.4359375 0.2265625 0.403125 0.19375 0.403125
19 0.23125 0.4046875 0.23125 0.4359375 0.259375 0.4359375 0.259375 0.4046875 0.23125 0.4046875
19 0.297265625 0.4078125 0.297265625 0.434375 0.3265625 0.434375 0.3265625 0.4078125 0.297265625 0.4078125
19 0.29375 0.4359375 0.29375 0.4078125 0.262890625 0.4078125 0.262890625 0.4359375 0.29375 0.4359375
19 0.331640625 0.4078125 0.331640625 0.4375 0.3640625 0.4375 0.3640625 0.4078125 0.331640625 0.4078125