19 0.2046875 0.4078125 0.2453125 0.4078125 0.2453125 0.36257684375 0.2046875 0.36257684375 0.2046875 0.4078125
19 0.1984375 0.428125 0.1984375 0.3951075828125 0.165368853125 0.3951075828125 0.165368853125 0.428125 0.1984375 0.428125
19 0.159375 0.43125 0.159375 0.3994492828125 0.1286372953125 0.3994492828125 0.1286372953125 0.43125 0.159375 0.43125
19 0.7453125 0.453125 0.7453125 0.38189036718749997 0.6574410875 0.38189036718749997 0.6574410875 0.453125 0.7453125 0.453125
19 0.599820696875 0.4625 0.599820696875 0.3936603484375 0.540804303125 0.3936603484375 0.540804303125 0.4625 0.599820696875 0.4625
19 0.3203125 0.45625 0.3203125 0.403304303125 0.24453125 0.403304303125 0.24453125 0.45625 0.3203125 0.45625
19 0.484375 0.4640625 0.540625 0.4640625 0.540625 0.4000256140625 0.484375 0.4000256140625 0.484375 0.4640625
19 0.5987961078125 0.403125 0.5987961078125 0.4640625 0.6668288921875 0.4640625 0.6668288921875 0.403125 0.5987961078125 0.403125
19 0.4890625 0.4073642421875 0.428291496875 0.4073642421875 0.428291496875 0.46064293125000005 0.4890625 0.46064293125000005 0.4890625 0.4073642421875
19 0.2578125 0.4609375 0.2578125 0.41895491875 0.20441854531249998 0.41895491875 0.20441854531249998 0.4609375 0.2578125 0.4609375
19 0.2046875 0.465625 0.2046875 0.4375 0.1714395484375 0.4375 0.1714395484375 0.465625 0.2046875 0.465625
19 0.1621542015625 0.4375512296875 0.1269082984375 0.4375512296875 0.1269082984375 0.4686987703125 0.1621542015625 0.4686987703125 0.1621542015625 0.4375512296875
19 0.3015625 0.6171875 0.3015625 0.5605660859375 0.2672643421875 0.5605660859375 0.2672643421875 0.6171875 0.3015625 0.6171875
19 0.2621542015625 0.6171875 0.2621542015625 0.5607453890625 0.2269083 0.5607453890625 0.2269083 0.6171875 0.2621542015625 0.6171875
19 0.2328125 0.60625 0.2328125 0.5705942609375 0.1777407796875 0.5705942609375 0.1777407796875 0.60625 0.2328125 0.60625
19 0.4919313515625 0.6953125 0.4919313515625 0.65078125 0.4304559421875 0.65078125 0.4304559421875 0.6953125 0.4919313515625 0.6953125
19 0.2078125 0.6953125 0.2078125 0.659477459375 0.16214139375 0.659477459375 0.16214139375 0.6953125 0.2078125 0.6953125
19 0.3703125 0.678867828125 0.306800715625 0.678867828125 0.306800715625 0.762474384375 0.3703125 0.762474384375 0.3703125 0.678867828125
19 0.3046875 0.759375 0.3046875 0.6921875 0.259042009375 0.6921875 0.259042009375 0.759375 0.3046875 0.759375
19 0.2546875 0.7609375 0.2546875 0.69375 0.20813268593749998 0.69375 0.20813268593749998 0.7609375 0.2546875 0.7609375
19 0.49375 0.7625 0.49375 0.695991290625 0.43506659843750006 0.695991290625 0.43506659843750006 0.7625 0.49375 0.7625
19 0.2013703890625 0.71123206875 0.1595671109375 0.71123206875 0.1595671109375 0.7653304296875 0.2013703890625 0.7653304296875 0.2013703890625 0.71123206875