23 0.2765625 0.928125 0.2765625 0.828125 0.253515625 0.828125 0.253515625 0.928125 0.2765625 0.928125
23 1 0.071875 0.903515625 0.071875 0.903515625 0.121875 1 0.121875 1 0.071875
23 0.9421875 0.034765625 0.89375 0.034765625 0.89375 0.15625 0.9421875 0.15625 0.9421875 0.034765625
23 0.8953125 0.035546875 0.846875 0.035546875 0.846875 0.1578125 0.8953125 0.1578125 0.8953125 0.035546875
23 0.7984375 0.0359375 0.7984375 0.15625 0.846875 0.15625 0.846875 0.0359375 0.7984375 0.0359375
23 0.715625 0.071875 0.715625 0.1203125 0.8359375 0.1203125 0.8359375 0.071875 0.715625 0.071875
23 0.695703125 0.0359375 0.695703125 0.15625 0.7328125 0.15625 0.7328125 0.0359375 0.695703125 0.0359375
23 0.69375 0.037109375 0.6453125 0.037109375 0.6453125 0.1546875 0.69375 0.1546875 0.69375 0.037109375
23 0.6453125 0.15625 0.6453125 0.039453125 0.602734375 0.039453125 0.602734375 0.15625 0.6453125 0.15625
23 0.561328125 0.040625 0.561328125 0.15625 0.603125 0.15625 0.603125 0.040625 0.561328125 0.040625
23 0.5171875 0.1546875 0.559375 0.1546875 0.559375 0.037890625 0.5171875 0.037890625 0.5171875 0.1546875
23 0.4625 0.040625 0.4625 0.15625 0.49375 0.15625 0.49375 0.040625 0.4625 0.040625
23 0.4609375 0.1546875 0.4609375 0.041796875 0.418359375 0.041796875 0.418359375 0.1546875 0.4609375 0.1546875
23 0.4515625 0.11875 0.4515625 0.07890625 0.34453125 0.07890625 0.34453125 0.11875 0.4515625 0.11875
23 0.4109375 0.11875 0.4109375 0.07890625 0.30390625 0.07890625 0.30390625 0.11875 0.4109375 0.11875
23 0.296875 0.04375 0.296875 0.1515625 0.3375 0.1515625 0.3375 0.04375 0.296875 0.04375
23 0.24375 0.0453125 0.24375 0.15625 0.2703125 0.15625 0.2703125 0.0453125 0.24375 0.0453125
23 0.205078125 0.0453125 0.205078125 0.15625 0.2421875 0.15625 0.2421875 0.0453125 0.205078125 0.0453125
23 0.165625 0.0453125 0.165625 0.15625 0.20625 0.15625 0.20625 0.0453125 0.165625 0.0453125
23 0.128125 0.046875 0.128125 0.1578125 0.165625 0.1578125 0.165625 0.046875 0.128125 0.046875
23 0.0875 0.046875 0.0875 0.1578125 0.128125 0.1578125 0.128125 0.046875 0.0875 0.046875
23 0 0.121875 0.078125 0.121875 0.078125 0.08203125 0 0.08203125 0 0.121875
23 1 0.198828125 0.903125 0.198828125 0.903125 0.246875 1 0.246875 1 0.198828125
23 0.9421875 0.284375 0.9421875 0.158203125 0.891796875 0.158203125 0.891796875 0.284375 0.9421875 0.284375
23 0.84375 0.284375 0.89375 0.284375 0.89375 0.1578125 0.84375 0.1578125 0.84375 0.284375
23 0.794140625 0.1578125 0.794140625 0.2828125 0.84375 0.2828125 0.84375 0.1578125 0.794140625 0.1578125
23 0.8359375 0.2421875 0.8359375 0.194140625 0.709375 0.194140625 0.709375 0.2421875 0.8359375 0.2421875
23 0.775 0.2375 0.775 0.200390625 0.652734375 0.200390625 0.652734375 0.2375 0.775 0.2375
23 0.73125 0.2375 0.73125 0.19609375 0.607421875 0.19609375 0.607421875 0.2375 0.73125 0.2375
23 0.646875 0.278125 0.646875 0.156640625 0.605078125 0.156640625 0.605078125 0.278125 0.646875 0.278125
23 0.522265625 0.1953125 0.522265625 0.2375 0.6421875 0.2375 0.6421875 0.1953125 0.522265625 0.1953125
23 0.517578125 0.1546875 0.517578125 0.275 0.559375 0.275 0.559375 0.1546875 0.517578125 0.1546875
23 0.463671875 0.1578125 0.463671875 0.2734375 0.4921875 0.2734375 0.4921875 0.1578125 0.463671875 0.1578125
23 0.4984375 0.2359375 0.4984375 0.19453125 0.383984375 0.19453125 0.383984375 0.2359375 0.4984375 0.2359375
23 0.4203125 0.2734375 0.4203125 0.155859375 0.377734375 0.155859375 0.377734375 0.2734375 0.4203125 0.2734375
23 0.3765625 0.271875 0.3765625 0.1546875 0.334765625 0.1546875 0.334765625 0.271875 0.3765625 0.271875
23 0.296875 0.2703125 0.334375 0.2703125 0.334375 0.153515625 0.296875 0.153515625 0.296875 0.2703125
23 0.2453125 0.15625 0.2453125 0.271875 0.271875 0.271875 0.271875 0.15625 0.2453125 0.15625
23 0.167578125 0.19375 0.167578125 0.23125 0.2828125 0.23125 0.2828125 0.19375 0.167578125 0.19375
23 0.130078125 0.19375 0.130078125 0.23125 0.2453125 0.23125 0.2453125 0.19375 0.130078125 0.19375
23 0.203125 0.19453125 0.093359375 0.19453125 0.093359375 0.2328125 0.203125 0.2328125 0.203125 0.19453125
23 0.090625 0.1578125 0.090625 0.26875 0.128125 0.26875 0.128125 0.1578125 0.090625 0.1578125
23 0.00625 0.15625 0.00625 0.2640625 0.046875 0.2640625 0.046875 0.15625 0.00625 0.15625
23 1 0.45078125 0.89765625 0.45078125 0.89765625 0.4953125 1 0.4953125 1 0.45078125
23 0.9765625 0.49375 0.9765625 0.448828125 0.85 0.448828125 0.85 0.49375 0.9765625 0.49375
23 0.9265625 0.49375 0.9265625 0.446484375 0.8046875 0.446484375 0.8046875 0.49375 0.9265625 0.49375
23 0.759375 0.4421875 0.759375 0.490625 0.8796875 0.490625 0.8796875 0.4421875 0.759375 0.4421875
23 0.7125 0.440625 0.7125 0.4890625 0.8328125 0.4890625 0.8328125 0.440625 0.7125 0.440625
23 0.651171875 0.4421875 0.651171875 0.48046875 0.7703125 0.48046875 0.7703125 0.4421875 0.651171875 0.4421875
23 0.6921875 0.400390625 0.646875 0.400390625 0.646875 0.5171875 0.6921875 0.5171875 0.6921875 0.400390625
23 0.6828125 0.4765625 0.6828125 0.433984375 0.566015625 0.433984375 0.566015625 0.4765625 0.6828125 0.4765625
23 0.521875 0.475 0.6390625 0.475 0.6390625 0.432421875 0.521875 0.432421875 0.521875 0.475
23 0.5140625 0.509375 0.55625 0.509375 0.55625 0.3921875 0.5140625 0.3921875 0.5140625 0.509375
23 0.5359375 0.431640625 0.41796875 0.431640625 0.41796875 0.4671875 0.5359375 0.4671875 0.5359375 0.431640625
23 0.4609375 0.387109375 0.4203125 0.387109375 0.4203125 0.5046875 0.4609375 0.5046875 0.4609375 0.387109375
23 0.4578125 0.4671875 0.4578125 0.424609375 0.341015625 0.424609375 0.341015625 0.4671875 0.4578125 0.4671875
23 0.3359375 0.503125 0.378125 0.503125 0.378125 0.3859375 0.3359375 0.3859375 0.3359375 0.503125
23 0.375 0.42265625 0.259765625 0.42265625 0.259765625 0.4609375 0.375 0.4609375 0.375 0.42265625
23 0.2734375 0.4953125 0.2734375 0.382421875 0.249609375 0.382421875 0.249609375 0.4953125 0.2734375 0.4953125
23 0.284375 0.42109375 0.174609375 0.42109375 0.174609375 0.459375 0.284375 0.459375 0.284375 0.42109375
23 0.171875 0.38125 0.171875 0.4921875 0.2125 0.4921875 0.2125 0.38125 0.171875 0.38125
23 0.133203125 0.3796875 0.133203125 0.490625 0.1703125 0.490625 0.1703125 0.3796875 0.133203125 0.3796875
23 0.1671875 0.4515625 0.1671875 0.41484375 0.057421875 0.41484375 0.057421875 0.4515625 0.1671875 0.4515625
23 0.0125 0.375 0.0125 0.4859375 0.053125 0.4859375 0.053125 0.375 0.0125 0.375
23 1 0.575 0.8984375 0.575 0.8984375 0.6203125 1 0.6203125 1 0.575
23 0.971875 0.569921875 0.84921875 0.569921875 0.84921875 0.6171875 0.971875 0.6171875 0.971875 0.569921875
23 0.8859375 0.528515625 0.8375 0.528515625 0.8375 0.65 0.8859375 0.65 0.8859375 0.528515625
23 0.87734375 0.6109375 0.87734375 0.563671875 0.7546875 0.563671875 0.7546875 0.6109375 0.87734375 0.6109375
23 0.8296875 0.609375 0.8296875 0.562109375 0.70859375 0.562109375 0.70859375 0.609375 0.8296875 0.609375
23 0.690625 0.5203125 0.690625 0.640625 0.728125 0.640625 0.728125 0.5203125 0.690625 0.5203125
23 0.646875 0.515625 0.646875 0.6359375 0.6921875 0.6359375 0.6921875 0.515625 0.646875 0.515625
23 0.565625 0.59375 0.6828125 0.59375 0.6828125 0.551171875 0.565625 0.551171875 0.565625 0.59375
23 0.6390625 0.5921875 0.6390625 0.549609375 0.522265625 0.549609375 0.522265625 0.5921875 0.6390625 0.5921875
23 0.55625 0.625 0.55625 0.512890625 0.514453125 0.512890625 0.514453125 0.625 0.55625 0.625
23 0.49375 0.621875 0.49375 0.509765625 0.461328125 0.509765625 0.461328125 0.621875 0.49375 0.621875
23 0.4625 0.504296875 0.421875 0.504296875 0.421875 0.6171875 0.4625 0.6171875 0.4625 0.504296875
23 0.4203125 0.505078125 0.3796875 0.505078125 0.3796875 0.6171875 0.4203125 0.6171875 0.4203125 0.505078125
23 0.378125 0.615625 0.378125 0.503515625 0.336328125 0.503515625 0.336328125 0.615625 0.378125 0.615625
23 0.296875 0.5015625 0.296875 0.6125 0.3375 0.6125 0.3375 0.5015625 0.296875 0.5015625
23 0.2515625 0.496875 0.2515625 0.6078125 0.275 0.6078125 0.275 0.496875 0.2515625 0.496875
23 0.178125 0.53125 0.178125 0.5671875 0.2890625 0.5671875 0.2890625 0.53125 0.178125 0.53125
23 0.175 0.49375 0.175 0.6046875 0.215625 0.6046875 0.215625 0.49375 0.175 0.49375
23 0.099609375 0.5234375 0.099609375 0.56171875 0.209375 0.56171875 0.209375 0.5234375 0.099609375 0.5234375
23 0.16875 0.5625 0.16875 0.52265625 0.06171875 0.52265625 0.06171875 0.5625 0.16875 0.5625
23 0.015625 0.484375 0.015625 0.5921875 0.05625 0.5921875 0.05625 0.484375 0.015625 0.484375
23 0.928125 0.7703125 0.928125 0.8953125 0.9765625 0.8953125 0.9765625 0.7703125 0.928125 0.7703125
23 0.928125 0.766015625 0.8828125 0.766015625 0.8828125 0.8921875 0.928125 0.8921875 0.928125 0.766015625
23 0.8828125 0.758984375 0.8375 0.758984375 0.8375 0.8859375 0.8828125 0.8859375 0.8828125 0.758984375
23 0.8765625 0.84375 0.8765625 0.79921875 0.75234375 0.79921875 0.75234375 0.84375 0.8765625 0.84375
23 0.7453125 0.753125 0.7453125 0.878125 0.790625 0.878125 0.790625 0.753125 0.7453125 0.753125
23 0.7265625 0.8734375 0.7265625 0.747265625 0.689453125 0.747265625 0.689453125 0.8734375 0.7265625 0.8734375
23 0.604296875 0.7859375 0.604296875 0.828125 0.728125 0.828125 0.728125 0.7859375 0.604296875 0.7859375
23 0.6828125 0.7828125 0.562890625 0.7828125 0.562890625 0.825 0.6828125 0.825 0.6828125 0.7828125
23 0.640625 0.81875 0.640625 0.778515625 0.51875 0.778515625 0.51875 0.81875 0.640625 0.81875
23 0.5984375 0.775 0.478515625 0.775 0.478515625 0.8171875 0.5984375 0.8171875 0.5984375 0.775
23 0.466015625 0.728125 0.466015625 0.8484375 0.49375 0.8484375 0.49375 0.728125 0.466015625 0.728125
23 0.5046875 0.8046875 0.5046875 0.76484375 0.38515625 0.76484375 0.38515625 0.8046875 0.5046875 0.8046875
23 0.384375 0.721875 0.384375 0.8421875 0.425 0.8421875 0.425 0.721875 0.384375 0.721875
23 0.4234375 0.796875 0.4234375 0.75703125 0.30390625 0.75703125 0.30390625 0.796875 0.4234375 0.796875
23 0.3828125 0.7953125 0.3828125 0.75546875 0.26328125 0.75546875 0.26328125 0.7953125 0.3828125 0.7953125
23 0.2515625 0.7109375 0.2515625 0.83125 0.275 0.83125 0.275 0.7109375 0.2515625 0.7109375
23 0.215625 0.70625 0.215625 0.8265625 0.253125 0.8265625 0.253125 0.70625 0.215625 0.70625
23 0.175390625 0.7015625 0.175390625 0.821875 0.2125 0.821875 0.2125 0.7015625 0.175390625 0.7015625
23 0.1765625 0.700390625 0.1359375 0.700390625 0.1359375 0.8171875 0.1765625 0.8171875 0.1765625 0.700390625
23 0.1 0.696875 0.1 0.8125 0.1359375 0.8125 0.1359375 0.696875 0.1 0.696875
23 0.05625 0.6984375 0.05625 0.809375 0.0734375 0.809375 0.0734375 0.6984375 0.05625 0.6984375
23 0.0203125 0.690625 0.0203125 0.8015625 0.05625 0.8015625 0.05625 0.690625 0.0203125 0.690625
23 1 0.92265625 0.89765625 0.92265625 0.89765625 0.9703125 1 0.9703125 1 0.92265625
23 0.8484375 0.9203125 0.8484375 0.96875 0.959375 0.96875 0.959375 0.9203125 0.8484375 0.9203125
23 0.8796875 1 0.8796875 0.8859375 0.834375 0.8859375 0.834375 1 0.8796875 1
23 0.790625 0.8796875 0.790625 0.9953125 0.8359375 0.9953125 0.8359375 0.8796875 0.790625 0.8796875
23 0.7453125 0.878125 0.7453125 0.99375 0.790625 0.99375 0.790625 0.878125 0.7453125 0.878125
23 0.6875 0.8734375 0.6875 0.984375 0.725 0.984375 0.725 0.8734375 0.6875 0.8734375
23 0.6859375 0.9828125 0.6859375 0.869921875 0.643359375 0.869921875 0.643359375 0.9828125 0.6859375 0.9828125
23 0.678125 0.9 0.567578125 0.9 0.567578125 0.9421875 0.678125 0.9421875 0.678125 0.9
23 0.5578125 0.8609375 0.5578125 0.971875 0.6 0.971875 0.6 0.8609375 0.5578125 0.8609375
23 0.514453125 0.85625 0.514453125 0.9671875 0.55625 0.9671875 0.55625 0.85625 0.514453125 0.85625
23 0.4234375 0.9171875 0.5359375 0.9171875 0.5359375 0.889453125 0.4234375 0.889453125 0.4234375 0.9171875
23 0.5 0.879296875 0.39453125 0.879296875 0.39453125 0.91875 0.5 0.91875 0.5 0.879296875
23 0.384375 0.8390625 0.384375 0.946875 0.425 0.946875 0.425 0.8390625 0.384375 0.8390625
23 0.384375 0.837890625 0.34375 0.837890625 0.34375 0.9421875 0.384375 0.9421875 0.384375 0.837890625
23 0.3734375 0.9078125 0.3734375 0.868359375 0.26875 0.868359375 0.26875 0.9078125 0.3734375 0.9078125
23 0.215625 0.825 0.215625 0.928125 0.253125 0.928125 0.253125 0.825 0.215625 0.825
23 0.2453125 0.8890625 0.2453125 0.851171875 0.145703125 0.851171875 0.145703125 0.8890625 0.2453125 0.8890625
23 0.209375 0.8875 0.209375 0.85 0.106640625 0.85 0.106640625 0.8875 0.209375 0.8875
23 0.101171875 0.8125 0.101171875 0.915625 0.1390625 0.915625 0.1390625 0.8125 0.101171875 0.8125
23 0.059375 0.8078125 0.059375 0.903125 0.0765625 0.903125 0.0765625 0.8078125 0.059375 0.8078125
23 0 0.8703125 0.090625 0.8703125 0.090625 0.83515625 0 0.83515625 0 0.8703125