23 0.73125 0.95625 0.75625 0.95625 0.75625 0.8515625 0.73125 0.8515625 0.73125 0.95625
23 0 0.1125 0.0856026796875 0.1125 0.0856026796875 0.0714184265625 0 0.0714184265625 0 0.1125
23 0.128125 0.115625 0.128125 0.06627435000000001 0.0021205359375 0.0662743515625 0.0021205359375 0.115625 0.128125 0.115625
23 0.0890625 0.1546875 0.1390625 0.1546875 0.1390625 0.029251218750000002 0.0890625 0.029251218750000002 0.0890625 0.1546875
23 0.2265625 0.0666294640625 0.1018060078125 0.0666294640625 0.1018060078125 0.11695414062500001 0.2265625 0.11695414062500001 0.2265625 0.0666294640625
23 0.2375 0.153125 0.2375 0.0296875 0.1889001625 0.0296875 0.1889001625 0.153125 0.2375 0.153125
23 0.3390625 0.1109375 0.3390625 0.0719866078125 0.21422483906249998 0.0719866078125 0.21422483906249998 0.1109375 0.3390625 0.1109375
23 0.2984375 0.1515625 0.3484375 0.1515625 0.3484375 0.0309050328125 0.2984375 0.0309050328125 0.2984375 0.1515625
23 0.309375 0.115625 0.43125 0.115625 0.43125 0.071875 0.309375 0.071875 0.309375 0.115625
23 0.4734375 0.115625 0.4734375 0.071875 0.3539265421875 0.071875 0.3539265421875 0.115625 0.4734375 0.115625
23 0.48125 0.1515625 0.48125 0.030783279687499998 0.43716517968749996 0.030783279687499998 0.43716517968749996 0.1515625 0.48125 0.1515625
23 0.5390320625 0.153125 0.5390320625 0.033715504687499995 0.5065645296875 0.033715504687499995 0.5065645296875 0.153125 0.5390320625 0.153125
23 0.584375 0.153125 0.584375 0.0359375 0.5401481312499999 0.0359375 0.5401481312499999 0.153125 0.584375 0.153125
23 0.584375 0.15 0.6265625 0.15 0.6265625 0.03930600625 0.584375 0.03930600625 0.584375 0.15
23 0.703125 0.115625 0.703125 0.0737926140625 0.5913758125 0.0737926140625 0.5913758125 0.115625 0.703125 0.115625
23 0.7453125 0.1140625 0.7453125 0.0721489453125 0.6335227265625 0.0721489453125 0.6335227265625 0.1140625 0.7453125 0.1140625
23 0.809375 0.109375 0.809375 0.0828125 0.6945211046875001 0.0828125 0.6945211046875001 0.109375 0.809375 0.109375
23 0.7671875 0.153125 0.80625 0.153125 0.80625 0.039245129687500005 0.7671875 0.039245129687500005 0.7671875 0.153125
23 0.8828125 0.1171875 0.8828125 0.0760044640625 0.7689529203125 0.0760044640625 0.7689529203125 0.1171875 0.8828125 0.1171875
23 0.846875 0.1546875 0.8859375 0.1546875 0.8859375 0.0403612015625 0.846875 0.0403612015625 0.846875 0.1546875
23 0.928125 0.1546875 0.928125 0.0403612015625 0.8867999187500001 0.0403612015625 0.8867999187500001 0.1546875 0.928125 0.1546875
23 1 0.08467938281250001 0.93041801875 0.08467938281250001 0.93041801875 0.1109375 1 0.1109375 1 0.08467938281250001
23 0.0390625 0.2890625 0.0390625 0.1578125 0.0000202921875 0.1578125 0.0000202921875 0.2890625 0.0390625 0.2890625
23 0.0921875 0.2875 0.0921875 0.15625 0.0403003234375 0.15625 0.0403003234375 0.2875 0.0921875 0.2875
23 0.090625 0.2875 0.1421875 0.2875 0.1421875 0.15625 0.090625 0.15625 0.090625 0.2875
23 0.2328125 0.246875 0.2328125 0.194724025 0.10317573124999999 0.194724025 0.10317573124999999 0.246875 0.2328125 0.246875
23 0.240625 0.284375 0.240625 0.153125 0.191091721875 0.153125 0.191091721875 0.284375 0.240625 0.284375
23 0.2953125 0.2828125 0.2953125 0.15625 0.257153003125 0.15625 0.257153003125 0.2828125 0.2953125 0.2828125
23 0.3015625 0.28125 0.3453125 0.28125 0.3453125 0.1521611203125 0.3015625 0.1521611203125 0.3015625 0.28125
23 0.43125 0.2390625 0.43125 0.19577922187500002 0.30522524375 0.19577922187500002 0.30522524375 0.2390625 0.43125 0.2390625
23 0.4359375 0.278125 0.4359375 0.153754059375 0.39234983749999996 0.153754059375 0.39234983749999996 0.278125 0.4359375 0.278125
23 0.396875 0.2375 0.5217938328125 0.2375 0.5217938328125 0.1931107953125 0.396875 0.1931107953125 0.396875 0.2375
23 0.5359375 0.275 0.5359375 0.156341315625 0.5076400171875 0.156341315625 0.5076400171875 0.275 0.5359375 0.275
23 0.5828125 0.275 0.5828125 0.1553469984375 0.5384638796875 0.1553469984375 0.5384638796875 0.275 0.5828125 0.275
23 0.6640625 0.1927861203125 0.5428977265625 0.1927861203125 0.5428977265625 0.237428978125 0.6640625 0.237428978125 0.6640625 0.1927861203125
23 0.709375 0.234375 0.709375 0.1918019484375 0.588291396875 0.1918019484375 0.588291396875 0.234375 0.709375 0.234375
23 0.7515625 0.23125 0.7515625 0.1921875 0.6301136359374999 0.1921875 0.6301136359374999 0.23125 0.7515625 0.23125
23 0.7375 0.2734375 0.7640625 0.2734375 0.7640625 0.15366274375 0.7375 0.15366274375 0.7375 0.2734375
23 0.8453125 0.23125 0.8453125 0.1929281671875 0.7258624171875 0.1929281671875 0.7258624171875 0.23125 0.8453125 0.23125
23 0.8046875 0.271875 0.84375 0.271875 0.84375 0.15197849218749998 0.8046875 0.15197849218749998 0.8046875 0.271875
23 0.8453125 0.2703125 0.884375 0.2703125 0.884375 0.1564326296875 0.8453125 0.1564326296875 0.8453125 0.2703125
23 0.8472199687499999 0.19375 0.8472199687499999 0.2328125 0.9624797078125 0.2328125 0.9624797078125 0.19375 0.8472199687499999 0.19375
23 0.9705458609375001 0.1546875 0.9705458609375001 0.265625 0.999766640625 0.265625 0.999766640625 0.1546875 0.9705458609375001 0.1546875
23 0.0453125 0.5484375 0.0453125 0.41900365156249997 0.000071021875 0.41900365156249997 0.000071021875 0.5484375 0.0453125 0.5484375
23 0.046875 0.546875 0.09375 0.546875 0.09375 0.4158786515625 0.046875 0.4158786515625 0.046875 0.546875
23 0.1828125 0.5046875 0.1828125 0.45633116874999996 0.055925323437499994 0.45633116874999996 0.055925323437499994 0.5046875 0.1828125 0.5046875
23 0.2296875 0.5015625 0.2296875 0.45134943125 0.105620940625 0.45134943125 0.105620940625 0.5015625 0.2296875 0.5015625
23 0.278125 0.4984375 0.278125 0.4492086046875 0.1543831171875 0.4492086046875 0.1543831171875 0.4984375 0.278125 0.4984375
23 0.3421875 0.490625 0.3421875 0.45167410781250006 0.21822240312500002 0.45167410781250006 0.21822240312500002 0.490625 0.3421875 0.490625
23 0.3 0.5296875 0.346875 0.5296875 0.346875 0.4078125 0.3 0.4078125 0.3 0.5296875
23 0.43125 0.4859375 0.43125 0.4434050328125 0.309375 0.4434050328125 0.309375 0.4859375 0.43125 0.4859375
23 0.4765625 0.4411424515625 0.35489042187500003 0.4411424515625 0.35489042187500003 0.48578530937500003 0.4765625 0.48578530937500003 0.4765625 0.4411424515625
23 0.5234375 0.4380986203125 0.402090096875 0.4380986203125 0.402090096875 0.482741478125 0.5234375 0.482741478125 0.5234375 0.4380986203125
23 0.5421063312500001 0.51875 0.5421063312500001 0.3980925328125 0.5047686687499999 0.3980925328125 0.5047686687499999 0.51875 0.5421063312500001 0.51875
23 0.58125 0.3941862828125 0.5406148546875 0.3941862828125 0.5406148546875 0.5167512171875 0.58125 0.5167512171875 0.58125 0.3941862828125
23 0.6265625 0.5171875 0.6265625 0.39477475625 0.582376215625 0.39477475625 0.582376215625 0.5171875 0.6265625 0.5171875
23 0.7091822249999999 0.475 0.7091822249999999 0.4315138 0.5866172890625 0.4315138 0.5866172890625 0.475 0.7091822249999999 0.475
23 0.7078125 0.5109375 0.7078125 0.391751215625 0.6693283296875 0.391751215625 0.6693283296875 0.5109375 0.7078125 0.5109375
23 0.8059862015625001 0.4609375 0.8059862015625001 0.4361607140625 0.6882913953124999 0.4361607140625 0.6882913953124999 0.4609375 0.8059862015625001 0.4609375
23 0.7984375 0.3908076296875 0.7605823859374999 0.3908076296875 0.7605823859374999 0.5060673703125 0.7984375 0.5060673703125 0.7984375 0.3908076296875
23 0.8765625 0.465625 0.8765625 0.42478693125 0.7618709406249999 0.42478693125 0.7618709406249999 0.465625 0.8765625 0.465625
23 0.91875 0.4625 0.91875 0.4239955359375 0.8037337671874999 0.4239955359375 0.8037337671874999 0.4625 0.91875 0.4625
23 0.959375 0.4609375 0.959375 0.422331575 0.8443790578125 0.422331575 0.8443790578125 0.4609375 0.959375 0.4609375
23 1 0.42137784062500006 0.9244521109375 0.42137784062500006 0.9244521109375 0.45625 1 0.45625 1 0.42137784062500006
23 0 0.675 0.046875 0.675 0.046875 0.55 0 0.55 0 0.675
23 0.137378246875 0.6328125 0.137378246875 0.5835836046875 0.009943181249999999 0.5835836046875 0.009943181249999999 0.6328125 0.137378246875 0.6328125
23 0.1484375 0.6671875 0.1484375 0.5409699671875 0.0990564125 0.5409699671875 0.09905641093749999 0.6671875 0.1484375 0.6671875
23 0.234375 0.6265625 0.234375 0.578125 0.1078835234375 0.578125 0.1078835234375 0.6265625 0.234375 0.6265625
23 0.15625 0.625 0.2828125 0.625 0.2828125 0.5755478890625 0.15625 0.5755478890625 0.15625 0.625
23 0.34375 0.6140625 0.34375 0.5751116078125 0.2199066546875 0.5751116078125 0.2199066546875 0.6140625 0.34375 0.6140625
23 0.2609375 0.6125 0.3858360390625 0.6125 0.3858360390625 0.56613230625 0.2609375 0.56613230625 0.2609375 0.6125
23 0.3484375 0.646875 0.3921875 0.646875 0.3921875 0.5262175328125 0.3484375 0.5262175328125 0.3484375 0.646875
23 0.4765625 0.5628956984375 0.35501217500000004 0.5628956984375 0.35501217500000004 0.60753855625 0.4765625 0.60753855625 0.4765625 0.5628956984375
23 0.5203125 0.6046875 0.5203125 0.5606635546875001 0.4046164765625 0.5606635546875001 0.4046164765625 0.6046875 0.5203125 0.6046875
23 0.58125 0.596875 0.58125 0.5625 0.46480316562499996 0.5625 0.46480316562499996 0.596875 0.58125 0.596875
23 0.5796875 0.516152596875 0.5390523546875 0.516152596875 0.5390523546875 0.633847403125 0.5796875 0.633847403125 0.5796875 0.516152596875
23 0.6234375 0.516314934375 0.5827820609375001 0.516314934375 0.5827820609375001 0.634009740625 0.6234375 0.634009740625 0.6234375 0.516314934375
23 0.70625 0.5953125 0.70625 0.5515625 0.589265421875 0.5515625 0.589265421875 0.5953125 0.70625 0.5953125
23 0.7109375 0.628125 0.7109375 0.5132913953125 0.6689224828125 0.5132913953125 0.6689224828125 0.628125 0.7109375 0.628125
23 0.7578125 0.6234375 0.7578125 0.5082386359375 0.733177759375 0.5082386359375 0.733177759375 0.6234375 0.7578125 0.6234375
23 0.7953125 0.5048701296875 0.758340096875 0.5048701296875 0.758340096875 0.6201298703125 0.7953125 0.6201298703125 0.7953125 0.5048701296875
23 0.8375 0.5048701296875 0.7956067375 0.5048701296875 0.7956067375 0.6201298703125 0.8375 0.6201298703125 0.8375 0.5048701296875
23 0.8765625 0.6125 0.8765625 0.49813311718750003 0.838240665625 0.49813311718750003 0.838240665625 0.6125 0.8765625 0.6125
23 0.878125 0.6109375 0.9203125 0.6109375 0.9203125 0.50024350625 0.878125 0.50024350625 0.878125 0.6109375
23 0.99994926875 0.60625 0.99994926875 0.49555600625 0.9609882296875 0.49555600625 0.9609882296875 0.60625 0.99994926875 0.60625
23 0.0546875 0.921875 0.0546875 0.7923194 0.005215096875 0.7923194 0.005215096875 0.921875 0.0546875 0.921875
23 0.14375 0.8765625 0.14375 0.8305600640625 0.012997157812499998 0.8305600640625 0.012997157812499998 0.8765625 0.14375 0.8765625
23 0.1022422875 0.78125 0.1022422875 0.9125 0.1493202125 0.9125 0.1493202125 0.78125 0.1022422875 0.78125
23 0.1953125 0.909375 0.1953125 0.7805296265624999 0.1488027609375 0.7805296265624999 0.1488027609375 0.909375 0.1953125 0.909375
23 0.24375 0.903125 0.24375 0.7737926140625 0.1977678578125 0.7737926140625 0.1977678578125 0.903125 0.24375 0.903125
23 0.2171875 0.853125 0.3494216734375 0.853125 0.3494216734375 0.814214690625 0.2171875 0.8142146921875 0.2171875 0.853125
23 0.3046875 0.8953125 0.3484375 0.8953125 0.3484375 0.766314934375 0.3046875 0.766314934375 0.3046875 0.8953125
23 0.434375 0.8484375 0.434375 0.8046875 0.3102069796875 0.8046875 0.3102069796875 0.8484375 0.434375 0.8484375
23 0.4375 0.884375 0.4375 0.7581574671875 0.3968648546875 0.7581574671875 0.3968648546875 0.884375 0.4375 0.884375
23 0.521875 0.840625 0.521875 0.7970068984374999 0.39756493593750003 0.7970068984374999 0.39756493593750003 0.840625 0.521875 0.840625
23 0.5828125 0.825 0.5828125 0.7962560875 0.45813717656249997 0.7962560875 0.45813717656249997 0.825 0.5828125 0.825
23 0.5765625 0.86875 0.5765625 0.7453125 0.5359273531250001 0.7453125 0.5359273531250001 0.86875 0.5765625 0.86875
23 0.6609375 0.825 0.6609375 0.7830864453124999 0.5368303578125 0.7830864453124999 0.5368303578125 0.825 0.6609375 0.825
23 0.703125 0.8203125 0.703125 0.778581575 0.578246753125 0.778581575 0.578246753125 0.8203125 0.703125 0.8203125
23 0.7453125 0.81875 0.7453125 0.7766335234375 0.621489446875 0.7766335234375 0.621489446875 0.81875 0.7453125 0.81875
23 0.7328125 0.8546875 0.7578125 0.8546875 0.7578125 0.73125 0.7328125 0.73125 0.7328125 0.8546875
23 0.7125 0.80625 0.8374188312499999 0.80625 0.8374188312499999 0.76804991875 0.7125 0.76804991875 0.7125 0.80625
23 0.8359375 0.8453125 0.8359375 0.721245940625 0.7976968359375001 0.721245940625 0.7976968359375001 0.8453125 0.8359375 0.8453125
23 0.9184557625 0.8 0.9184557625 0.7594460234375 0.7958908265625 0.7594460234375 0.7958908265625 0.8 0.9184557625 0.8
23 0.95625 0.79375 0.95625 0.757345778125 0.8366578734375001 0.757345778125 0.8366578734375001 0.79375 0.95625 0.79375
23 1 0.76600040625 0.8943181812500001 0.76600040625 0.8943181812500001 0.7828125 1 0.7828125 1 0.76600040625
23 1 0.748396915625 0.9222199671875 0.748396915625 0.9222199671875 0.784375 1 0.784375 1 0.748396915625
23 0.0578125 0.9219764609375 0.0078125 0.9219764609375 0.0078125 0.9998985390625 0.0578125 0.9998985390625 0.0578125 0.9219764609375
23 0.121875 0.9828125 0.121875 0.9327414765625001 0.0381290578125 0.9327414765625001 0.0381290578125 0.9828125 0.121875 0.9828125
23 0.171875 0.978125 0.171875 0.9320008124999999 0.0853084421875 0.9320008124999999 0.0853084421875 0.978125 0.171875 0.978125
23 0.196875 0.9984375 0.196875 0.9056412343750001 0.1504870140625 0.9056412343750001 0.1504870140625 0.9984375 0.196875 0.9984375
23 0.24375 0.9984375 0.24375 0.9044541390624999 0.1983360390625 0.9044541390624999 0.1983360390625 0.9984375 0.24375 0.9984375
23 0.334375 0.96875 0.334375 0.9296875 0.23465909218749997 0.9296875 0.23465909218749997 0.96875 0.334375 0.96875
23 0.3796875 0.96875 0.3796875 0.9259334421875 0.27676542187500003 0.9259334421875 0.27676542187500003 0.96875 0.3796875 0.96875
23 0.39375 0.8909293828125 0.35 0.8909293828125 0.35 0.9996956171875 0.39375 0.9996956171875 0.39375 0.8909293828125
23 0.4734375 0.920505275 0.3605823859375 0.9205052765625 0.3605823859375 0.9651481343749999 0.4734375 0.9651481343749999 0.4734375 0.920505275
23 0.5203125 0.9609375 0.5203125 0.9170150156249999 0.40549918749999997 0.9170150156249999 0.40549918749999997 0.9609375 0.5203125 0.9609375
23 0.534375 0.9890625 0.534375 0.871875 0.5060775171875 0.871875 0.5060775171875 0.9890625 0.534375 0.9890625
23 0.575 0.9796875 0.575 0.8717329546875 0.5338169640625 0.8717329546875 0.5338169640625 0.9796875 0.575 0.9796875
23 0.61875 0.975 0.61875 0.8640625 0.577729303125 0.8640625 0.577729303125 0.975 0.61875 0.975
23 0.6609375 0.9703125 0.6609375 0.8623985390625 0.6203023546875001 0.8623985390625 0.6203023546875001 0.9703125 0.6609375 0.9703125
23 0.7046875 0.96875 0.7046875 0.8608360390625001 0.6640523546875 0.8608360390625001 0.6640523546875 0.96875 0.7046875 0.96875
23 0.79375 0.8487723203125 0.7558948859375 0.8487723203125 0.7558948859375 0.9559151781249999 0.79375 0.9559151781249999 0.79375 0.8487723203125
23 0.8671875 0.915625 0.8671875 0.8768770296874999 0.764214690625 0.8768770296874999 0.764214690625 0.915625 0.8671875 0.915625
23 0.8734375 0.946875 0.8734375 0.8408583609375 0.8348721593749999 0.8408583609375 0.8348721593749999 0.946875 0.8734375 0.946875
23 0.946875 0.909375 0.946875 0.8700487000000001 0.8407366062499999 0.8700487000000001 0.8407366062499999 0.909375 0.946875 0.909375
23 0.9984375 0.8890625 0.9984375 0.8725142046875 0.8987824671875 0.8725142046875 0.8987824671875 0.8890625 0.9984375 0.8890625
23 1 0.8595373374999999 0.924391234375 0.8595373374999999 0.924391234375 0.896875 1 0.896875 1 0.8595373374999999