23 0.27734375 0.828125 0.253125 0.828125 0.253125 0.92890625 0.27734375 0.92890625 0.27734375 0.828125
23 0.99140625 0.034375 0.940625 0.034375 0.940625 0.159375 0.99140625 0.159375 0.99140625 0.034375
23 0.9421875 0.034375 0.89375 0.034375 0.89375 0.15703125 0.9421875 0.15703125 0.9421875 0.034375
23 0.8953125 0.0359375 0.846875 0.0359375 0.846875 0.15859375 0.8953125 0.15859375 0.8953125 0.0359375
23 0.846875 0.0359375 0.7984375 0.0359375 0.7984375 0.15625 0.846875 0.15625 0.846875 0.0359375
23 0.8 0.0359375 0.7515625 0.0359375 0.7515625 0.15625 0.8 0.15625 0.8 0.0359375
23 0.73359375 0.0359375 0.6953125 0.0359375 0.6953125 0.15625 0.73359375 0.15625 0.73359375 0.0359375
23 0.69375 0.0375 0.6453125 0.0375 0.6453125 0.15546875 0.69375 0.15546875 0.69375 0.0375
23 0.64609375 0.0390625 0.603125 0.0390625 0.603125 0.15703125 0.64609375 0.15703125 0.64609375 0.0390625
23 0.60390625 0.040625 0.5609375 0.040625 0.5609375 0.15625 0.60390625 0.15625 0.60390625 0.040625
23 0.56015625 0.0375 0.5171875 0.0375 0.5171875 0.15546875 0.56015625 0.15546875 0.56015625 0.0375
23 0.49375 0.040625 0.4625 0.040625 0.4625 0.15625 0.49375 0.15625 0.49375 0.040625
23 0.46171875 0.0421875 0.41875 0.0421875 0.41875 0.15546875 0.46171875 0.15546875 0.46171875 0.0421875
23 0.41875 0.0453125 0.378125 0.0453125 0.378125 0.153125 0.41875 0.153125 0.41875 0.0453125
23 0.378125 0.0453125 0.3375 0.0453125 0.3375 0.153125 0.378125 0.153125 0.378125 0.0453125
23 0.3375 0.04375 0.296875 0.04375 0.296875 0.1515625 0.3375 0.1515625 0.3375 0.04375
23 0.2703125 0.0453125 0.24375 0.0453125 0.24375 0.15625 0.2703125 0.15625 0.2703125 0.0453125
23 0.24296875 0.0453125 0.2046875 0.0453125 0.2046875 0.15625 0.24296875 0.15625 0.24296875 0.0453125
23 0.20625 0.0453125 0.165625 0.0453125 0.165625 0.15625 0.20625 0.15625 0.20625 0.0453125
23 0.16640625 0.046875 0.128125 0.046875 0.128125 0.1578125 0.16640625 0.1578125 0.16640625 0.046875
23 0.128125 0.046875 0.0875 0.046875 0.0875 0.1578125 0.128125 0.1578125 0.128125 0.046875
23 0.0453125 0.0484375 0.0046875 0.0484375 0.0046875 0.15625 0.0453125 0.15625 0.0453125 0.0484375
23 0.990625 0.159375 0.9421875 0.159375 0.9421875 0.28671875 0.990625 0.28671875 0.990625 0.159375
23 0.94296875 0.1578125 0.8921875 0.1578125 0.8921875 0.28515625 0.94296875 0.28515625 0.94296875 0.1578125
23 0.89453125 0.1578125 0.84375 0.1578125 0.84375 0.28515625 0.89453125 0.28515625 0.89453125 0.1578125
23 0.84453125 0.1578125 0.79375 0.1578125 0.79375 0.2828125 0.84453125 0.2828125 0.84453125 0.1578125
23 0.796875 0.1546875 0.7484375 0.1546875 0.7484375 0.28203125 0.796875 0.28203125 0.796875 0.1546875
23 0.73359375 0.1578125 0.6953125 0.1578125 0.6953125 0.28046875 0.73359375 0.28046875 0.73359375 0.1578125
23 0.69140625 0.1546875 0.6484375 0.1546875 0.6484375 0.2796875 0.69140625 0.2796875 0.69140625 0.1546875
23 0.64765625 0.15625 0.6046875 0.15625 0.6046875 0.27890625 0.64765625 0.27890625 0.64765625 0.15625
23 0.60390625 0.15625 0.5609375 0.15625 0.5609375 0.2765625 0.60390625 0.2765625 0.60390625 0.15625
23 0.56015625 0.1546875 0.5171875 0.1546875 0.5171875 0.275 0.56015625 0.275 0.56015625 0.1546875
23 0.49296875 0.1578125 0.4640625 0.1578125 0.4640625 0.2734375 0.49296875 0.2734375 0.49296875 0.1578125
23 0.46328125 0.1578125 0.4203125 0.1578125 0.4203125 0.2734375 0.46328125 0.2734375 0.46328125 0.1578125
23 0.42109375 0.15625 0.378125 0.15625 0.378125 0.27421875 0.42109375 0.27421875 0.42109375 0.15625
23 0.37734375 0.1546875 0.334375 0.1546875 0.334375 0.27265625 0.37734375 0.27265625 0.37734375 0.1546875
23 0.33515625 0.153125 0.296875 0.153125 0.296875 0.27109375 0.33515625 0.27109375 0.33515625 0.153125
23 0.271875 0.15625 0.2453125 0.15625 0.2453125 0.271875 0.271875 0.271875 0.271875 0.15625
23 0.24453125 0.1546875 0.20625 0.1546875 0.20625 0.2703125 0.24453125 0.2703125 0.24453125 0.1546875
23 0.20703125 0.1546875 0.16875 0.1546875 0.16875 0.2703125 0.20703125 0.2703125 0.20703125 0.1546875
23 0.16796875 0.1578125 0.1296875 0.1578125 0.1296875 0.26875 0.16796875 0.26875 0.16796875 0.1578125
23 0.12890625 0.1578125 0.090625 0.1578125 0.090625 0.26875 0.12890625 0.26875 0.12890625 0.1578125
23 0.046875 0.15625 0.00625 0.15625 0.00625 0.2640625 0.046875 0.2640625 0.046875 0.15625
23 0.9828125 0.4109375 0.9375 0.4109375 0.9375 0.5359375 0.9828125 0.5359375 0.9828125 0.4109375
23 0.9359375 0.4078125 0.890625 0.4078125 0.890625 0.53515625 0.9359375 0.53515625 0.9359375 0.4078125
23 0.890625 0.409375 0.8421875 0.409375 0.8421875 0.53203125 0.890625 0.53203125 0.890625 0.409375
23 0.84375 0.40625 0.7953125 0.40625 0.7953125 0.5265625 0.84375 0.5265625 0.84375 0.40625
23 0.796875 0.4046875 0.7484375 0.4046875 0.7484375 0.525 0.796875 0.525 0.796875 0.4046875
23 0.73046875 0.4015625 0.6921875 0.4015625 0.6921875 0.521875 0.73046875 0.521875 0.73046875 0.4015625
23 0.6921875 0.4 0.646875 0.4 0.646875 0.51796875 0.6921875 0.51796875 0.6921875 0.4
23 0.64609375 0.396875 0.603125 0.396875 0.603125 0.51484375 0.64609375 0.51484375 0.64609375 0.396875
23 0.60234375 0.3953125 0.559375 0.3953125 0.559375 0.51328125 0.60234375 0.51328125 0.60234375 0.3953125
23 0.55703125 0.3921875 0.5140625 0.3921875 0.5140625 0.51015625 0.55703125 0.51015625 0.55703125 0.3921875
23 0.4953125 0.390625 0.459375 0.390625 0.459375 0.50859375 0.4953125 0.50859375 0.4953125 0.390625
23 0.4609375 0.3875 0.4203125 0.3875 0.4203125 0.50546875 0.4609375 0.50546875 0.4609375 0.3875
23 0.42109375 0.3875 0.378125 0.3875 0.378125 0.50546875 0.42109375 0.50546875 0.42109375 0.3875
23 0.37890625 0.3859375 0.3359375 0.3859375 0.3359375 0.50390625 0.37890625 0.50390625 0.37890625 0.3859375
23 0.33671875 0.384375 0.2984375 0.384375 0.2984375 0.5 0.33671875 0.5 0.33671875 0.384375
23 0.27421875 0.3828125 0.25 0.3828125 0.25 0.49609375 0.27421875 0.49609375 0.27421875 0.3828125
23 0.24921875 0.384375 0.2109375 0.384375 0.2109375 0.4953125 0.24921875 0.4953125 0.24921875 0.384375
23 0.2125 0.38125 0.171875 0.38125 0.171875 0.4921875 0.2125 0.4921875 0.2125 0.38125
23 0.17109375 0.3796875 0.1328125 0.3796875 0.1328125 0.490625 0.17109375 0.490625 0.17109375 0.3796875
23 0.13203125 0.378125 0.09375 0.378125 0.09375 0.4890625 0.13203125 0.4890625 0.13203125 0.378125
23 0.053125 0.375 0.0125 0.375 0.0125 0.4859375 0.053125 0.4859375 0.053125 0.375
23 0.98125 0.5375 0.9359375 0.5375 0.9359375 0.6578125 0.98125 0.6578125 0.98125 0.5375
23 0.934375 0.5328125 0.8859375 0.5328125 0.8859375 0.65546875 0.934375 0.65546875 0.934375 0.5328125
23 0.8859375 0.528125 0.8375 0.528125 0.8375 0.65078125 0.8859375 0.65078125 0.8859375 0.528125
23 0.840625 0.5265625 0.7921875 0.5265625 0.7921875 0.64921875 0.840625 0.64921875 0.840625 0.5265625
23 0.79375 0.525 0.7453125 0.525 0.7453125 0.64765625 0.79375 0.64765625 0.79375 0.525
23 0.72890625 0.5203125 0.690625 0.5203125 0.690625 0.640625 0.72890625 0.640625 0.72890625 0.5203125
23 0.6921875 0.515625 0.646875 0.515625 0.646875 0.6359375 0.6921875 0.6359375 0.6921875 0.515625
23 0.64609375 0.5140625 0.603125 0.5140625 0.603125 0.63203125 0.64609375 0.63203125 0.64609375 0.5140625
23 0.60234375 0.5125 0.559375 0.5125 0.559375 0.63046875 0.60234375 0.63046875 0.60234375 0.5125
23 0.55703125 0.5125 0.5140625 0.5125 0.5140625 0.62578125 0.55703125 0.62578125 0.55703125 0.5125
23 0.49453125 0.509375 0.4609375 0.509375 0.4609375 0.62265625 0.49453125 0.62265625 0.49453125 0.509375
23 0.4625 0.5046875 0.421875 0.5046875 0.421875 0.61796875 0.4625 0.61796875 0.4625 0.5046875
23 0.4203125 0.5046875 0.3796875 0.5046875 0.3796875 0.61796875 0.4203125 0.61796875 0.4203125 0.5046875
23 0.37890625 0.503125 0.3359375 0.503125 0.3359375 0.61640625 0.37890625 0.61640625 0.37890625 0.503125
23 0.3375 0.5015625 0.296875 0.5015625 0.296875 0.6125 0.3375 0.6125 0.3375 0.5015625
23 0.27578125 0.496875 0.2515625 0.496875 0.2515625 0.6078125 0.27578125 0.6078125 0.27578125 0.496875
23 0.2515625 0.49375 0.215625 0.49375 0.215625 0.6046875 0.2515625 0.6046875 0.2515625 0.49375
23 0.215625 0.49375 0.175 0.49375 0.175 0.6046875 0.215625 0.6046875 0.215625 0.49375
23 0.17421875 0.4875 0.1359375 0.4875 0.1359375 0.5984375 0.17421875 0.5984375 0.17421875 0.4875
23 0.1359375 0.4890625 0.0953125 0.4890625 0.0953125 0.596875 0.1359375 0.596875 0.1359375 0.4890625
23 0.05625 0.484375 0.015625 0.484375 0.015625 0.5921875 0.05625 0.5921875 0.05625 0.484375
23 0.9765625 0.7703125 0.928125 0.7703125 0.928125 0.8953125 0.9765625 0.8953125 0.9765625 0.7703125
23 0.928125 0.765625 0.8828125 0.765625 0.8828125 0.89296875 0.928125 0.89296875 0.928125 0.765625
23 0.8828125 0.759375 0.8375 0.759375 0.8375 0.88671875 0.8828125 0.88671875 0.8828125 0.759375
23 0.8375 0.759375 0.7921875 0.759375 0.7921875 0.884375 0.8375 0.884375 0.8375 0.759375
23 0.790625 0.753125 0.7453125 0.753125 0.7453125 0.878125 0.790625 0.878125 0.790625 0.753125
23 0.72734375 0.746875 0.6890625 0.746875 0.6890625 0.87421875 0.72734375 0.87421875 0.72734375 0.746875
23 0.68828125 0.7453125 0.6453125 0.7453125 0.6453125 0.8703125 0.68828125 0.8703125 0.68828125 0.7453125
23 0.64453125 0.74375 0.6015625 0.74375 0.6015625 0.8640625 0.64453125 0.8640625 0.64453125 0.74375
23 0.6 0.7375 0.559375 0.7375 0.559375 0.86015625 0.6 0.86015625 0.6 0.7375
23 0.56015625 0.7359375 0.5171875 0.7359375 0.5171875 0.85625 0.56015625 0.85625 0.56015625 0.7359375
23 0.49453125 0.728125 0.465625 0.728125 0.465625 0.8484375 0.49453125 0.8484375 0.49453125 0.728125
23 0.465625 0.725 0.425 0.725 0.425 0.8453125 0.465625 0.8453125 0.465625 0.725
23 0.425 0.721875 0.384375 0.721875 0.384375 0.8421875 0.425 0.8421875 0.425 0.721875
23 0.384375 0.7171875 0.34375 0.7171875 0.34375 0.8375 0.384375 0.8375 0.384375 0.7171875
23 0.34375 0.715625 0.303125 0.715625 0.303125 0.8359375 0.34375 0.8359375 0.34375 0.715625
23 0.27578125 0.7109375 0.2515625 0.7109375 0.2515625 0.83125 0.27578125 0.83125 0.27578125 0.7109375
23 0.25390625 0.70625 0.215625 0.70625 0.215625 0.8265625 0.25390625 0.8265625 0.25390625 0.70625
23 0.21328125 0.7015625 0.175 0.7015625 0.175 0.821875 0.21328125 0.821875 0.21328125 0.7015625
23 0.1765625 0.7 0.1359375 0.7 0.1359375 0.81796875 0.1765625 0.81796875 0.1765625 0.7
23 0.1359375 0.696875 0.1 0.696875 0.1 0.8125 0.1359375 0.8125 0.1359375 0.696875
23 0.0734375 0.6984375 0.05625 0.6984375 0.05625 0.809375 0.0734375 0.809375 0.0734375 0.6984375
23 0.05625 0.690625 0.0203125 0.690625 0.0203125 0.8015625 0.05625 0.8015625 0.05625 0.690625
23 0.9734375 0.8953125 0.925 0.8953125 0.925 0.9984375 0.9734375 0.9984375 0.9734375 0.8953125
23 0.928125 1 0.928125 0.8890625 0.8796875 0.8890625 0.8796875 1 0.928125 1
23 0.8796875 1 0.8796875 0.8859375 0.834375 0.8859375 0.834375 1 0.8796875 1
23 0.8359375 0.8796875 0.790625 0.8796875 0.790625 0.9953125 0.8359375 0.9953125 0.8359375 0.8796875
23 0.790625 0.878125 0.7453125 0.878125 0.7453125 0.99375 0.790625 0.99375 0.790625 0.878125
23 0.72578125 0.8734375 0.6875 0.8734375 0.6875 0.984375 0.72578125 0.984375 0.72578125 0.8734375
23 0.68671875 0.8703125 0.64375 0.8703125 0.64375 0.98359375 0.68671875 0.98359375 0.68671875 0.8703125
23 0.64453125 0.865625 0.6015625 0.865625 0.6015625 0.9765625 0.64453125 0.9765625 0.64453125 0.865625
23 0.60078125 0.8609375 0.5578125 0.8609375 0.5578125 0.971875 0.60078125 0.971875 0.60078125 0.8609375
23 0.55703125 0.85625 0.5140625 0.85625 0.5140625 0.9671875 0.55703125 0.9671875 0.55703125 0.85625
23 0.49453125 0.846875 0.465625 0.846875 0.465625 0.96015625 0.49453125 0.96015625 0.49453125 0.846875
23 0.4671875 0.846875 0.4265625 0.846875 0.4265625 0.95234375 0.4671875 0.95234375 0.4671875 0.846875
23 0.425 0.8390625 0.384375 0.8390625 0.384375 0.946875 0.425 0.946875 0.425 0.8390625
23 0.384375 0.8375 0.34375 0.8375 0.34375 0.94296875 0.384375 0.94296875 0.384375 0.8375
23 0.3421875 0.8359375 0.3015625 0.8359375 0.3015625 0.94140625 0.3421875 0.94140625 0.3421875 0.8359375
23 0.25390625 0.825 0.215625 0.825 0.215625 0.928125 0.25390625 0.928125 0.25390625 0.825
23 0.21484375 0.8203125 0.1765625 0.8203125 0.1765625 0.92109375 0.21484375 0.92109375 0.21484375 0.8203125
23 0.17734375 0.8171875 0.1390625 0.8171875 0.1390625 0.9203125 0.17734375 0.9203125 0.17734375 0.8171875
23 0.13984375 0.8125 0.1015625 0.8125 0.1015625 0.915625 0.13984375 0.915625 0.13984375 0.8125
23 0.0765625 0.8078125 0.059375 0.8078125 0.059375 0.90390625 0.0765625 0.90390625 0.0765625 0.8078125
23 0.0578125 0.8015625 0.021875 0.8015625 0.021875 0.9046875 0.0578125 0.9046875 0.0578125 0.8015625