23 0.75625 0.95625 0.75625 0.8529931 0.73149350625 0.8529931 0.73149350625 0.95625 0.75625 0.95625
23 0 0.1125 0.0859375 0.1125 0.0859375 0.07143871874999999 0 0.07143871874999999 0 0.1125
23 0.128125 0.115625 0.128125 0.06603084375 0.00193790625 0.06603084375 0.00193790625 0.115625 0.128125 0.115625
23 0.1765625 0.1171875 0.1765625 0.068161525 0.05076095781249999 0.068161525 0.05076095781249999 0.1171875 0.1765625 0.1171875
23 0.2265625 0.0666294640625 0.1018060078125 0.0666294640625 0.1018060078125 0.11695414062500001 0.2265625 0.11695414062500001 0.2265625 0.0666294640625
23 0.2375 0.153125 0.2375 0.028754059375000002 0.187723215625 0.028754059375000002 0.187723215625 0.153125 0.2375 0.153125
23 0.3390625 0.1109375 0.3390625 0.0719866078125 0.21422483906249998 0.0719866078125 0.21422483906249998 0.1109375 0.3390625 0.1109375
23 0.384375 0.115625 0.384375 0.06653814999999999 0.2625202921875 0.06653814999999999 0.2625202921875 0.115625 0.384375 0.115625
23 0.309375 0.115625 0.43125 0.115625 0.43125 0.071875 0.309375 0.071875 0.309375 0.115625
23 0.3921875 0.153125 0.4359375 0.153125 0.4359375 0.034466315625 0.3921875 0.034466315625 0.3921875 0.153125
23 0.48125 0.1515625 0.48125 0.0309050328125 0.437834821875 0.0309050328125 0.437834821875 0.1515625 0.48125 0.1515625
23 0.5388900171875 0.153125 0.5388900171875 0.034466315625 0.5064224828125 0.034466315625 0.5064224828125 0.153125 0.5388900171875 0.153125
23 0.6203125 0.1171875 0.6203125 0.0726156640625 0.5032163140625 0.0726156640625 0.5032163140625 0.1171875 0.6203125 0.1171875
23 0.6265625 0.15 0.6265625 0.038616071875000005 0.5844663156250001 0.038616071875000005 0.5844663156250001 0.15 0.6265625 0.15
23 0.66875 0.15 0.66875 0.038616071875000005 0.6266943984375 0.038616071875000005 0.6266943984375 0.15 0.66875 0.15
23 0.66875 0.1484375 0.7109375 0.1484375 0.7109375 0.037743506249999996 0.66875 0.037743506249999996 0.66875 0.1484375
23 0.809375 0.109375 0.809375 0.0828835234375 0.6950892859375 0.0828835234375 0.6950892859375 0.109375 0.809375 0.109375
23 0.80625 0.153125 0.80625 0.038676948437500004 0.7672585234375 0.038676948437500004 0.7672585234375 0.153125 0.80625 0.153125
23 0.8828125 0.075 0.7683847390625 0.075 0.7683847390625 0.11717735468749998 0.8828125 0.11717735468749998 0.8828125 0.075
23 0.9234375 0.1171875 0.9234375 0.0783989453125 0.809070615625 0.0783989453125 0.809070615625 0.1171875 0.9234375 0.1171875
23 0.9640625 0.11875 0.9640625 0.077546671875 0.8500608765625 0.077546671875 0.8500608765625 0.11875 0.9640625 0.11875
23 1 0.0841517859375 0.929971590625 0.0841517859375 0.929971590625 0.1109375 1 0.1109375 1 0.0841517859375
23 0 0.24375 0.084375 0.24375 0.084375 0.20334821406249998 0 0.20334821406249998 0 0.24375
23 0.13125 0.1953125 0.00012175312500000001 0.1953125 0.00012175312500000001 0.24784902656250002 0.13125 0.24784902656250002 0.13125 0.1953125
23 0.18125 0.246875 0.18125 0.19554586093749998 0.0504464296875 0.19554586093749998 0.0504464296875 0.246875 0.18125 0.246875
23 0.19375 0.284375 0.19375 0.156158684375 0.1423701296875 0.156158684375 0.1423701296875 0.284375 0.19375 0.284375
23 0.28125 0.24375 0.28125 0.1940543828125 0.1505681828125 0.1940543828125 0.1505681828125 0.24375 0.28125 0.24375
23 0.3390625 0.2390625 0.3390625 0.2 0.2134435890625 0.2 0.2134435890625 0.2390625 0.3390625 0.2390625
23 0.3015625 0.28125 0.3453125 0.28125 0.3453125 0.1521611203125 0.3015625 0.1521611203125 0.3015625 0.28125
23 0.43125 0.2390625 0.43125 0.19577922187500002 0.30522524375 0.19577922187500002 0.30522524375 0.2390625 0.43125 0.2390625
23 0.4359375 0.278125 0.4359375 0.153754059375 0.39234983749999996 0.153754059375 0.39234983749999996 0.278125 0.4359375 0.278125
23 0.396875 0.2375 0.5217938328125 0.2375 0.5217938328125 0.1931107953125 0.396875 0.1931107953125 0.396875 0.2375
23 0.58125 0.2296875 0.58125 0.2005580375 0.4627536515625 0.2005580375 0.4627536515625 0.2296875 0.58125 0.2296875
23 0.5828125 0.275 0.5828125 0.1553469984375 0.5384638796875 0.1553469984375 0.5384638796875 0.275 0.5828125 0.275
23 0.626227678125 0.275 0.626227678125 0.15434253281250002 0.581584821875 0.15434253281250002 0.581584821875 0.275 0.626227678125 0.275
23 0.6703125 0.2734375 0.6703125 0.15278003281250002 0.627678571875 0.15278003281250002 0.627678571875 0.2734375 0.6703125 0.2734375
23 0.709375 0.271875 0.709375 0.1512175328125 0.6715198859375 0.1512175328125 0.6715198859375 0.271875 0.709375 0.271875
23 0.8109375 0.2265625 0.8109375 0.20051745156249998 0.6913047875 0.20051745156249998 0.6913047875 0.2265625 0.8109375 0.2265625
23 0.765625 0.271875 0.8046875 0.271875 0.8046875 0.15197849218749998 0.765625 0.15197849218749998 0.765625 0.271875
23 0.7640625 0.23125 0.8837155031249999 0.23125 0.8837155031249999 0.1927252453125 0.7640625 0.1927252453125 0.7640625 0.23125
23 0.8453125 0.2703125 0.884375 0.2703125 0.884375 0.1552556828125 0.8453125 0.1552556828125 0.8453125 0.2703125
23 0.9625 0.2328125 0.9625 0.19375 0.848396915625 0.19375 0.848396915625 0.2328125 0.9625 0.2328125
23 0.9705458609375001 0.1546875 0.9705458609375001 0.265625 0.999766640625 0.265625 0.999766640625 0.1546875 0.9705458609375001 0.1546875
23 0 0.50625 0.0875 0.50625 0.0875 0.4609679375 0 0.4609679375 0 0.50625
23 0.1359375 0.5046875 0.1359375 0.458502434375 0.0047585218749999995 0.458502434375 0.0047585218749999995 0.5046875 0.1359375 0.5046875
23 0.1827110390625 0.5046875 0.1827110390625 0.45519480625000003 0.0552759734375 0.45519480625000003 0.0552759734375 0.5046875 0.1827110390625 0.5046875
23 0.19323254843749998 0.5375 0.19323254843749998 0.413859578125 0.1429078734375 0.413859578125 0.1429078734375 0.5375 0.19323254843749998 0.5375
23 0.240625 0.5359375 0.240625 0.41217532500000004 0.191091721875 0.41217532500000004 0.191091721875 0.5359375 0.240625 0.5359375
23 0.2984375 0.5328125 0.2984375 0.409375 0.2605823875 0.409375 0.2605823875 0.5328125 0.2984375 0.5328125
23 0.384375 0.4921875 0.384375 0.445637175 0.26258116875000004 0.445637175 0.26258116875000004 0.4921875 0.384375 0.4921875
23 0.3921875 0.525 0.3921875 0.4040990265625 0.3484375 0.4040990265625 0.3484375 0.525 0.3921875 0.525
23 0.4765625 0.4411424515625 0.35489042187500003 0.4411424515625 0.35489042187500003 0.48578530937500003 0.4765625 0.48578530937500003 0.4765625 0.4411424515625
23 0.4015625 0.4828125 0.5234375 0.4828125 0.5234375 0.43852475625 0.4015625 0.43852475625 0.4015625 0.4828125
23 0.5421875 0.51875 0.5421875 0.3973620140625 0.5049715906250001 0.3973620140625 0.5049715906250001 0.51875 0.5421875 0.51875
23 0.621875 0.4765625 0.621875 0.43462865156249997 0.5001116078125001 0.43462865156249997 0.5001116078125001 0.4765625 0.621875 0.4765625
23 0.626227678125 0.3941862828125 0.581584821875 0.3941862828125 0.581584821875 0.5167512171875 0.626227678125 0.5167512171875 0.626227678125 0.3941862828125
23 0.7091822249999999 0.475 0.7091822249999999 0.4315138 0.5866172890625 0.4315138 0.5866172890625 0.475 0.7091822249999999 0.475
23 0.7484375 0.4703125 0.7484375 0.43172686562499996 0.6299817359375 0.43172686562499996 0.6299817359375 0.4703125 0.7484375 0.4703125
23 0.759375 0.38963068125 0.7348620125 0.38963068125 0.7348620125 0.5073254875 0.759375 0.5073254875 0.759375 0.38963068125
23 0.8375 0.4671875 0.8375 0.42894683437500003 0.72238230625 0.42894683437500003 0.72238230625 0.4671875 0.8375 0.4671875
23 0.8765625 0.465625 0.8765625 0.4242390421875 0.76247970625 0.4242390421875 0.76247970625 0.465625 0.8765625 0.465625
23 0.91875 0.4625 0.91875 0.4239955359375 0.8037337671874999 0.4239955359375 0.8037337671874999 0.4625 0.91875 0.4625
23 0.9203125 0.3845576296875 0.8824573859375 0.3845576296875 0.8824573859375 0.49981737031250006 0.9203125 0.49981737031250006 0.9203125 0.3845576296875
23 1 0.3815543828125 0.964397321875 0.3815543828125 0.964397321875 0.49681412343750003 1 0.49681412343750003 1 0.3815543828125
23 0 0.675 0.046875 0.675 0.046875 0.55 0 0.55 0 0.675
23 0.0984375 0.671875 0.0984375 0.5452516234375 0.049127434375 0.5452516234375 0.049127434375 0.671875 0.0984375 0.671875
23 0.1875 0.579109171875 0.06085633124999999 0.579109171875 0.06085633124999999 0.6294338484375 0.1875 0.6294338484375 0.1875 0.579109171875
23 0.234375 0.6265625 0.234375 0.578125 0.1078835234375 0.578125 0.1078835234375 0.6265625 0.234375 0.6265625
23 0.24375 0.6640625 0.24375 0.53761160625 0.194460228125 0.53761160625 0.194460228125 0.6640625 0.24375 0.6640625
23 0.2625 0.65625 0.3015625 0.65625 0.3015625 0.532122565625 0.2625 0.532122565625 0.2625 0.65625
23 0.2609375 0.6125 0.3858360390625 0.6125 0.3858360390625 0.56613230625 0.2609375 0.56613230625 0.2609375 0.6125
23 0.309375 0.6078125 0.43125 0.6078125 0.43125 0.5647118515625 0.309375 0.5647118515625 0.309375 0.6078125
23 0.4765625 0.5628956984375 0.35501217500000004 0.5628956984375 0.35501217500000004 0.60753855625 0.4765625 0.60753855625 0.4765625 0.5628956984375
23 0.5203125 0.6046875 0.5203125 0.5606635546875001 0.4046164765625 0.5606635546875001 0.4046164765625 0.6046875 0.5203125 0.6046875
23 0.4640625 0.596875 0.58125 0.596875 0.58125 0.562804384375 0.4640625 0.562804384375 0.4640625 0.596875
23 0.61875 0.5953125 0.61875 0.5538859578124999 0.5011363640625001 0.5538859578124999 0.5011363640625001 0.5953125 0.61875 0.5953125
23 0.6234375 0.516152596875 0.5828023531250001 0.516152596875 0.5828023531250001 0.633847403125 0.6234375 0.633847403125 0.6234375 0.516152596875
23 0.70625 0.5953125 0.70625 0.5515625 0.58930600625 0.5515625 0.58930600625 0.5953125 0.70625 0.5953125
23 0.746875 0.590625 0.746875 0.5496043015625001 0.6320008109375 0.5496043015625001 0.6320008109375 0.590625 0.746875 0.590625
23 0.7578125 0.6234375 0.7578125 0.5082386359375 0.733177759375 0.5082386359375 0.733177759375 0.6234375 0.7578125 0.6234375
23 0.79523133125 0.5048701296875 0.75789366875 0.5048701296875 0.75789366875 0.6201298703125 0.79523133125 0.6201298703125 0.79523133125 0.5048701296875
23 0.8734375 0.5828125 0.8734375 0.5412439124999999 0.7589285718750001 0.5412439124999999 0.7589285718750001 0.5828125 0.8734375 0.5828125
23 0.915625 0.575 0.915625 0.5359375 0.800974025 0.5359375 0.800974025 0.575 0.915625 0.575
23 0.9203125 0.6109375 0.9203125 0.49975649375 0.8783786515625 0.49975649375 0.8783786515625 0.6109375 0.9203125 0.6109375
23 0.99994926875 0.60625 0.99994926875 0.49555600625 0.9609882296875 0.49555600625 0.9609882296875 0.60625 0.99994926875 0.60625
23 0.0546875 0.921875 0.0546875 0.7923194 0.005215096875 0.7923194 0.005215096875 0.921875 0.0546875 0.921875
23 0.14375 0.8296875 0.012165178124999999 0.8296875 0.012165178124999999 0.87642045625 0.14375 0.87642045625 0.14375 0.8296875
23 0.1023031640625 0.78125 0.1023031640625 0.9125 0.1493810890625 0.9125 0.1493810890625 0.78125 0.1023031640625 0.78125
23 0.2375 0.86875 0.2375 0.821875 0.108269075 0.821875 0.108269075 0.86875 0.2375 0.86875
23 0.24375 0.903125 0.24375 0.7749086859375 0.1983360390625 0.7749086859375 0.1983360390625 0.903125 0.24375 0.903125
23 0.35 0.853125 0.35 0.8140625 0.21794845624999998 0.8140625 0.21794845624999998 0.853125 0.35 0.853125
23 0.3046875 0.8953125 0.3484375 0.8953125 0.3484375 0.766314934375 0.3046875 0.766314934375 0.3046875 0.8953125
23 0.35 0.7640625 0.35 0.8890625 0.39375 0.8890625 0.39375 0.7640625 0.35 0.7640625
23 0.3535308453125 0.8 0.3535308453125 0.8421773546875 0.48096591093749996 0.8421773546875 0.48096591093749996 0.8 0.3535308453125 0.8
23 0.521875 0.840625 0.521875 0.7970068984374999 0.39756493593750003 0.7970068984374999 0.39756493593750003 0.840625 0.521875 0.840625
23 0.5828125 0.825 0.5828125 0.7962560875 0.45813717656249997 0.7962560875 0.45813717656249997 0.825 0.5828125 0.825
23 0.5765625 0.86875 0.5765625 0.7453125 0.5359273531250001 0.7453125 0.5359273531250001 0.86875 0.5765625 0.86875
23 0.6609375 0.825 0.6609375 0.7830864453124999 0.5368303578125 0.7830864453124999 0.5368303578125 0.825 0.6609375 0.825
23 0.703125 0.8203125 0.703125 0.778581575 0.578246753125 0.778581575 0.578246753125 0.8203125 0.703125 0.8203125
23 0.7453125 0.81875 0.7453125 0.7766335234375 0.621489446875 0.7766335234375 0.621489446875 0.81875 0.7453125 0.81875
23 0.7328125 0.8546875 0.7578125 0.8546875 0.7578125 0.73125 0.7328125 0.73125 0.7328125 0.8546875
23 0.8375 0.80625 0.8375 0.7684760546875 0.7137175328125 0.7684760546875 0.7137175328125 0.80625 0.8375 0.80625
23 0.7980823874999999 0.7203125 0.7980823874999999 0.8453125 0.8359375 0.8453125 0.8359375 0.7203125 0.7980823874999999 0.7203125
23 0.8359375 0.840625 0.878125 0.840625 0.878125 0.7191862828125 0.8359375 0.7191862828125 0.8359375 0.840625
23 0.95625 0.79375 0.95625 0.757345778125 0.8366578734375001 0.757345778125 0.8366578734375001 0.79375 0.95625 0.79375
23 0.959375 0.7173701296874999 0.943415178125 0.7173701296874999 0.943415178125 0.8326298703124999 0.959375 0.8326298703124999 0.959375 0.7173701296874999
23 0.9983563312499999 0.8234375 0.9983563312499999 0.7095576296874999 0.9610186687500001 0.7095576296874999 0.9610186687500001 0.8234375 0.9983563312499999 0.8234375
23 0.0578125 0.9219764609375 0.0078125 0.9219764609375 0.0078125 0.9998985390625 0.0578125 0.9998985390625 0.0578125 0.9219764609375
23 0.1046875 0.9984375 0.1046875 0.9155641234375 0.055083196875 0.9155641234375 0.055083196875 0.9984375 0.1046875 0.9984375
23 0.171875 0.978125 0.171875 0.9320008124999999 0.0853084421875 0.9320008124999999 0.0853084421875 0.978125 0.171875 0.978125
23 0.196875 0.9984375 0.196875 0.9056412343750001 0.1504870140625 0.9056412343750001 0.1504870140625 0.9984375 0.196875 0.9984375
23 0.24375 0.9984375 0.24375 0.9039874187500001 0.1977678578125 0.9039874187500001 0.1977678578125 0.9984375 0.24375 0.9984375
23 0.334375 0.96875 0.334375 0.9296875 0.23465909218749997 0.9296875 0.23465909218749997 0.96875 0.334375 0.96875
23 0.30625 0.9984375 0.35 0.9984375 0.35 0.8964894484375 0.30625 0.8964894484375 0.30625 0.9984375
23 0.426237825 0.9671875 0.426237825 0.9235795453125 0.31747159062499997 0.9235795453125 0.31747159062499997 0.9671875 0.426237825 0.9671875
23 0.4390625 1 0.4390625 0.8865767046874999 0.39493709374999997 0.8865767046874999 0.39493709374999997 1 0.4390625 1
23 0.5203125 0.9609375 0.5203125 0.9170150156249999 0.40549918749999997 0.9170150156249999 0.40549918749999997 0.9609375 0.5203125 0.9609375
23 0.578125 0.915625 0.46171875 0.915625 0.46171875 0.9452211859374999 0.578125 0.945221184375 0.578125 0.915625
23 0.609375 0.946875 0.609375 0.9051643671875 0.5004261359375 0.9051643671875 0.5004261359375 0.946875 0.609375 0.946875
23 0.653125 0.940625 0.653125 0.8987317359375 0.5431310890625001 0.8987317359375 0.5431310890625001 0.940625 0.653125 0.940625
23 0.6953125 0.9375 0.6953125 0.8955255687499999 0.5868303578125 0.8955255687499999 0.5868303578125 0.9375 0.6953125 0.9375
23 0.7046875 0.96875 0.7046875 0.8608360390625001 0.6640523546875 0.8608360390625001 0.6640523546875 0.96875 0.7046875 0.96875
23 0.828125 0.921875 0.828125 0.88292410625 0.7222504046875 0.88292410625 0.7222504046875 0.921875 0.828125 0.921875
23 0.834375 0.9484375 0.834375 0.84375 0.7965198859375 0.84375 0.7965198859375 0.9484375 0.834375 0.9484375
23 0.8734375 0.946875 0.8734375 0.8409598218750001 0.8355823859375 0.8409598218750001 0.8355823859375 0.946875 0.8734375 0.946875
23 0.9140625 0.9421875 0.9140625 0.8358055999999999 0.8745129859375 0.8358055999999999 0.8745129859375 0.9421875 0.9140625 0.9421875
23 0.95625 0.9296875 0.95625 0.83133116875 0.9402901781249999 0.83133116875 0.9402901781249999 0.9296875 0.95625 0.9296875
23 1 0.8595373374999999 0.924391234375 0.8595373374999999 0.924391234375 0.896875 1 0.896875 1 0.8595373374999999