23 0.75649350625 0.8522727265625001 0.7313311687499999 0.8522727265625001 0.7313311687499999 0.95698051875 0.75649350625 0.95698051875 0.75649350625 0.8522727265625001
23 0 0.1574675328125 0.042207792187499996 0.1574675328125 0.042207792187499996 0.027597403124999996 0 0.027597403124999996 0 0.1574675328125
23 0.090909090625 0.027597403124999996 0.040584415624999995 0.027597403124999996 0.040584415624999995 0.1550324671875 0.090909090625 0.1550324671875 0.090909090625 0.027597403124999996
23 0.1396103890625 0.029220779687499997 0.0892857140625 0.029220779687499997 0.0892857140625 0.15665584375 0.1396103890625 0.15665584375 0.1396103890625 0.029220779687499997
23 0.189935065625 0.029220779687499997 0.1396103890625 0.029220779687499997 0.1396103890625 0.1542207796875 0.189935065625 0.1542207796875 0.189935065625 0.029220779687499997
23 0.2386363640625 0.029220779687499997 0.1883116890625 0.029220779687499997 0.1883116890625 0.1542207796875 0.2386363640625 0.1542207796875 0.2386363640625 0.029220779687499997
23 0.29707792187500004 0.029220779687499997 0.25730519531249996 0.029220779687499997 0.25730519531249996 0.1542207796875 0.29707792187500004 0.1542207796875 0.29707792187500004 0.029220779687499997
23 0.34902597343749997 0.030844156249999997 0.29870129843750004 0.030844156249999997 0.29870129843750004 0.15340909062500002 0.34902597343749997 0.15340909062500002 0.34902597343749997 0.030844156249999997
23 0.3928571421875 0.0324675328125 0.34821428593750003 0.0324675328125 0.34821428593750003 0.1550324671875 0.3928571421875 0.1550324671875 0.3928571421875 0.0324675328125
23 0.43668831093750005 0.034090909375 0.39204545468749996 0.034090909375 0.39204545468749996 0.1542207796875 0.43668831093750005 0.1542207796875 0.43668831093750005 0.034090909375
23 0.48214285781250005 0.030844156249999997 0.4375 0.030844156249999997 0.4375 0.15340909062500002 0.48214285781250005 0.15340909062500002 0.48214285781250005 0.030844156249999997
23 0.5389610390625 0.034090909375 0.50649350625 0.034090909375 0.50649350625 0.1542207796875 0.5389610390625 0.1542207796875 0.5389610390625 0.034090909375
23 0.5844155843750001 0.0357142859375 0.5397727265625 0.0357142859375 0.5397727265625 0.15340909062500002 0.5844155843750001 0.15340909062500002 0.5844155843750001 0.0357142859375
23 0.6266233765625 0.0389610390625 0.5844155843750001 0.0389610390625 0.5844155843750001 0.1509740265625 0.6266233765625 0.1509740265625 0.6266233765625 0.0389610390625
23 0.6688311687499999 0.0389610390625 0.6266233765625 0.0389610390625 0.6266233765625 0.1509740265625 0.6688311687499999 0.1509740265625 0.6688311687499999 0.0389610390625
23 0.7110389609375 0.0373376625 0.6688311687499999 0.0373376625 0.6688311687499999 0.14935065 0.7110389609375 0.14935065 0.7110389609375 0.0373376625
23 0.766233765625 0.0389610390625 0.7386363640625 0.0389610390625 0.7386363640625 0.1542207796875 0.766233765625 0.1542207796875 0.766233765625 0.0389610390625
23 0.80681818125 0.0389610390625 0.7670454546875 0.0389610390625 0.7670454546875 0.1542207796875 0.80681818125 0.1542207796875 0.80681818125 0.0389610390625
23 0.8474025968750001 0.0389610390625 0.8051948046874999 0.0389610390625 0.8051948046874999 0.1542207796875 0.8474025968750001 0.1542207796875 0.8474025968750001 0.0389610390625
23 0.8863636359375 0.040584415624999995 0.8465909093749999 0.040584415624999995 0.8465909093749999 0.15584415625 0.8863636359375 0.15584415625 0.8863636359375 0.040584415624999995
23 0.9285714281249999 0.040584415624999995 0.8863636359375 0.040584415624999995 0.8863636359375 0.15584415625 0.9285714281249999 0.15584415625 0.9285714281249999 0.040584415624999995
23 1 0.042207792187499996 0.9724025968750001 0.042207792187499996 0.9724025968750001 0.1542207796875 1 0.1542207796875 1 0.042207792187499996
23 0 0.28977272656249997 0.040584415624999995 0.28977272656249997 0.040584415624999995 0.1574675328125 0 0.1574675328125 0 0.28977272656249997
23 0.0925324671875 0.15584415625 0.0397727265625 0.15584415625 0.0397727265625 0.28814934999999997 0.0925324671875 0.28814934999999997 0.0925324671875 0.15584415625
23 0.1428571421875 0.15584415625 0.090097403125 0.15584415625 0.090097403125 0.28814934999999997 0.1428571421875 0.28814934999999997 0.1428571421875 0.15584415625
23 0.1948051953125 0.15584415625 0.14204545468750002 0.15584415625 0.14204545468750002 0.28571428593750003 0.1948051953125 0.28571428593750003 0.1948051953125 0.15584415625
23 0.2418831171875 0.152597403125 0.1915584421875 0.152597403125 0.1915584421875 0.28490259687499997 0.2418831171875 0.28490259687499997 0.2418831171875 0.152597403125
23 0.29707792187500004 0.15584415625 0.25730519531249996 0.15584415625 0.25730519531249996 0.28327922031249997 0.29707792187500004 0.28327922031249997 0.29707792187500004 0.15584415625
23 0.34577922031249997 0.152597403125 0.3011363640625 0.152597403125 0.3011363640625 0.28246753281250003 0.34577922031249997 0.28246753281250003 0.34577922031249997 0.152597403125
23 0.391233765625 0.1542207796875 0.34659090937500003 0.1542207796875 0.34659090937500003 0.28165584374999997 0.391233765625 0.28165584374999997 0.391233765625 0.1542207796875
23 0.43668831093750005 0.1542207796875 0.39204545468749996 0.1542207796875 0.39204545468749996 0.27922077968750003 0.43668831093750005 0.27922077968750003 0.43668831093750005 0.1542207796875
23 0.48214285781250005 0.152597403125 0.4375 0.152597403125 0.4375 0.27759740312500003 0.48214285781250005 0.27759740312500003 0.48214285781250005 0.152597403125
23 0.5373376624999999 0.15584415625 0.5073051953125 0.15584415625 0.5073051953125 0.27597402656250003 0.5373376624999999 0.27597402656250003 0.5373376624999999 0.15584415625
23 0.5827922078125 0.15584415625 0.5381493500000001 0.15584415625 0.5381493500000001 0.27597402656250003 0.5827922078125 0.27597402656250003 0.5827922078125 0.15584415625
23 0.6266233765625 0.1542207796875 0.58198051875 0.1542207796875 0.58198051875 0.27678571406249997 0.6266233765625 0.27678571406249997 0.6266233765625 0.1542207796875
23 0.6720779218749999 0.152597403125 0.6274350656250001 0.152597403125 0.6274350656250001 0.27516233749999996 0.6720779218749999 0.27516233749999996 0.6720779218749999 0.152597403125
23 0.7110389609375 0.1509740265625 0.671266234375 0.1509740265625 0.671266234375 0.27353896093749996 0.7110389609375 0.27353896093749996 0.7110389609375 0.1509740265625
23 0.7646103890625 0.1542207796875 0.7370129875 0.1542207796875 0.7370129875 0.27435065000000003 0.7646103890625 0.27435065000000003 0.7646103890625 0.1542207796875
23 0.8051948046874999 0.152597403125 0.7654220781250001 0.152597403125 0.7654220781250001 0.27272727343750003 0.8051948046874999 0.27272727343750003 0.8051948046874999 0.152597403125
23 0.84415584375 0.152597403125 0.8043831171875 0.152597403125 0.8043831171875 0.27272727343750003 0.84415584375 0.27272727343750003 0.84415584375 0.152597403125
23 0.8847402593749999 0.15584415625 0.8449675328125 0.15584415625 0.8449675328125 0.271103896875 0.8847402593749999 0.271103896875 0.8847402593749999 0.15584415625
23 0.925324675 0.15584415625 0.8855519484375 0.15584415625 0.8855519484375 0.271103896875 0.925324675 0.271103896875 0.925324675 0.15584415625
23 1 0.1542207796875 0.9707792203125001 0.1542207796875 0.9707792203125001 0.266233765625 1 0.266233765625 1 0.1542207796875
23 0 0.5487012984375 0.0454545453125 0.5487012984375 0.0454545453125 0.41883116875 0 0.41883116875 0 0.5487012984375
23 0.09415584375 0.415584415625 0.047077921875 0.415584415625 0.047077921875 0.5478896109375 0.09415584375 0.5478896109375 0.09415584375 0.415584415625
23 0.14448051875 0.41720779218750004 0.09415584375 0.41720779218750004 0.09415584375 0.5446428578125 0.14448051875 0.5446428578125 0.14448051875 0.41720779218750004
23 0.19318181875 0.41396103906250004 0.1428571421875 0.41396103906250004 0.1428571421875 0.5389610390625 0.19318181875 0.5389610390625 0.19318181875 0.41396103906250004
23 0.2418831171875 0.4123376625 0.1915584421875 0.4123376625 0.1915584421875 0.5373376624999999 0.2418831171875 0.5373376624999999 0.2418831171875 0.4123376625
23 0.30032467500000004 0.409090909375 0.26055194843749996 0.409090909375 0.26055194843749996 0.5340909093749999 0.30032467500000004 0.5340909093749999 0.30032467500000004 0.409090909375
23 0.34740259687499997 0.40746753281250003 0.30032467500000004 0.40746753281250003 0.30032467500000004 0.5300324671875 0.34740259687499997 0.5300324671875 0.34740259687499997 0.40746753281250003
23 0.3928571421875 0.40422077968750003 0.34821428593750003 0.40422077968750003 0.34821428593750003 0.5267857140625 0.3928571421875 0.5267857140625 0.3928571421875 0.40422077968750003
23 0.43831168906249995 0.402597403125 0.39366883124999996 0.402597403125 0.39366883124999996 0.5251623375000001 0.43831168906249995 0.5251623375000001 0.43831168906249995 0.402597403125
23 0.48538961093750005 0.39935065000000003 0.440746753125 0.39935065000000003 0.440746753125 0.5219155843750001 0.48538961093750005 0.5219155843750001 0.48538961093750005 0.39935065000000003
23 0.5422077921875 0.39772727343750003 0.5048701296875 0.39772727343750003 0.5048701296875 0.5202922078125 0.5422077921875 0.5202922078125 0.5422077921875 0.39772727343750003
23 0.5827922078125 0.39448051875 0.5405844156249999 0.39448051875 0.5405844156249999 0.5170454546875 0.5827922078125 0.5170454546875 0.5827922078125 0.39448051875
23 0.6266233765625 0.39448051875 0.58198051875 0.39448051875 0.58198051875 0.5170454546875 0.6266233765625 0.5170454546875 0.6266233765625 0.39448051875
23 0.6704545453125 0.3928571421875 0.6258116890625 0.3928571421875 0.6258116890625 0.5154220781250001 0.6704545453125 0.5154220781250001 0.6704545453125 0.3928571421875
23 0.7094155843750001 0.391233765625 0.6696428578125 0.391233765625 0.6696428578125 0.5113636359375 0.7094155843750001 0.5113636359375 0.7094155843750001 0.391233765625
23 0.759740259375 0.3896103890625 0.7345779218749999 0.3896103890625 0.7345779218749999 0.5073051953125 0.759740259375 0.5073051953125 0.759740259375 0.3896103890625
23 0.800324675 0.391233765625 0.7605519484375 0.391233765625 0.7605519484375 0.50649350625 0.800324675 0.50649350625 0.800324675 0.391233765625
23 0.8409090906250001 0.3879870125 0.7987012984375 0.3879870125 0.7987012984375 0.503246753125 0.8409090906250001 0.503246753125 0.8409090906250001 0.3879870125
23 0.88149350625 0.3863636359375 0.8417207796874999 0.3863636359375 0.8417207796874999 0.5016233765625 0.88149350625 0.5016233765625 0.88149350625 0.3863636359375
23 0.9220779218749999 0.384740259375 0.8823051953125001 0.384740259375 0.8823051953125001 0.5 0.9220779218749999 0.5 0.9220779218749999 0.384740259375
23 1 0.38149350625 0.9642857140625001 0.38149350625 0.9642857140625001 0.496753246875 1 0.496753246875 1 0.38149350625
23 0 0.6753246749999999 0.047077921875 0.6753246749999999 0.047077921875 0.5503246749999999 0 0.5503246749999999 0 0.6753246749999999
23 0.0990259734375 0.5454545453125 0.0487012984375 0.5454545453125 0.0487012984375 0.6728896109375 0.0990259734375 0.6728896109375 0.0990259734375 0.5454545453125
23 0.14935065 0.5405844156249999 0.0990259734375 0.5405844156249999 0.0990259734375 0.66801948125 0.14935065 0.66801948125 0.14935065 0.5405844156249999
23 0.196428571875 0.5389610390625 0.146103896875 0.5389610390625 0.146103896875 0.6663961031250001 0.196428571875 0.6663961031250001 0.196428571875 0.5389610390625
23 0.2451298703125 0.5373376624999999 0.1948051953125 0.5373376624999999 0.1948051953125 0.6647727265625 0.2451298703125 0.6647727265625 0.2451298703125 0.5373376624999999
23 0.30194805156250004 0.5324675328125 0.26217532499999996 0.5324675328125 0.26217532499999996 0.6574675328125 0.30194805156250004 0.6574675328125 0.30194805156250004 0.5324675328125
23 0.34740259687499997 0.5275974031249999 0.30032467500000004 0.5275974031249999 0.30032467500000004 0.6525974031249999 0.34740259687499997 0.6525974031249999 0.34740259687499997 0.5275974031249999
23 0.3928571421875 0.5259740265625 0.34821428593750003 0.5259740265625 0.34821428593750003 0.6485389609375 0.3928571421875 0.6485389609375 0.3928571421875 0.5259740265625
23 0.43831168906249995 0.5243506499999999 0.39366883124999996 0.5243506499999999 0.39366883124999996 0.6469155843750001 0.43831168906249995 0.6469155843750001 0.43831168906249995 0.5243506499999999
23 0.48538961093750005 0.5243506499999999 0.440746753125 0.5243506499999999 0.440746753125 0.6420454546875 0.48538961093750005 0.6420454546875 0.48538961093750005 0.5243506499999999
23 0.5405844156249999 0.5211038968749999 0.5056818187500001 0.5211038968749999 0.5056818187500001 0.6387987015625 0.5405844156249999 0.6387987015625 0.5405844156249999 0.5211038968749999
23 0.5811688312500001 0.516233765625 0.5389610390625 0.516233765625 0.5389610390625 0.6339285718750001 0.5811688312500001 0.6339285718750001 0.5811688312500001 0.516233765625
23 0.625 0.516233765625 0.5827922078125 0.516233765625 0.5827922078125 0.6339285718750001 0.625 0.6339285718750001 0.625 0.516233765625
23 0.6704545453125 0.5146103890625 0.6258116890625 0.5146103890625 0.6258116890625 0.6323051953125 0.6704545453125 0.6323051953125 0.6704545453125 0.5146103890625
23 0.7110389609375 0.5129870125 0.6688311687499999 0.5129870125 0.6688311687499999 0.628246753125 0.7110389609375 0.628246753125 0.7110389609375 0.5129870125
23 0.7581168828125 0.5081168828125 0.7329545453125 0.5081168828125 0.7329545453125 0.6233766234375 0.7581168828125 0.6233766234375 0.7581168828125 0.5081168828125
23 0.7954545453125 0.5048701296875 0.7581168828125 0.5048701296875 0.7581168828125 0.6201298703125 0.7954545453125 0.6201298703125 0.7954545453125 0.5048701296875
23 0.8376623375 0.5048701296875 0.7954545453125 0.5048701296875 0.7954545453125 0.6201298703125 0.8376623375 0.6201298703125 0.8376623375 0.5048701296875
23 0.8782467531249999 0.49837662343750005 0.8384740265625 0.49837662343750005 0.8384740265625 0.6136363640625 0.8782467531249999 0.6136363640625 0.8782467531249999 0.49837662343750005
23 0.9204545453125 0.5 0.8782467531249999 0.5 0.8782467531249999 0.6120129875 0.9204545453125 0.6120129875 0.9204545453125 0.5
23 1 0.49512987031250005 0.9610389609375 0.49512987031250005 0.9610389609375 0.6071428578125 1 0.6071428578125 1 0.49512987031250005
23 0.0551948046875 0.7922077921875 0.0048701296875000005 0.7922077921875 0.0048701296875000005 0.9220779218749999 0.0551948046875 0.9220779218749999 0.0551948046875 0.7922077921875
23 0.1022727265625 0.7873376624999999 0.0551948046875 0.7873376624999999 0.0551948046875 0.9196428578125 0.1022727265625 0.9196428578125 0.1022727265625 0.7873376624999999
23 0.14935065 0.7808441562499999 0.1022727265625 0.7808441562499999 0.1022727265625 0.91314935 0.14935065 0.91314935 0.14935065 0.7808441562499999
23 0.196428571875 0.7808441562499999 0.14935065 0.7808441562499999 0.14935065 0.9107142859374999 0.196428571875 0.9107142859374999 0.196428571875 0.7808441562499999
23 0.2451298703125 0.7743506499999999 0.1980519484375 0.7743506499999999 0.1980519484375 0.9042207796874999 0.2451298703125 0.9042207796874999 0.2451298703125 0.7743506499999999
23 0.30357142812500004 0.7678571421875 0.26379870156249996 0.7678571421875 0.26379870156249996 0.9001623375 0.30357142812500004 0.9001623375 0.30357142812500004 0.7678571421875
23 0.34902597343749997 0.766233765625 0.3043831171875 0.766233765625 0.3043831171875 0.8961038968749999 0.34902597343749997 0.8961038968749999 0.34902597343749997 0.766233765625
23 0.39448051875 0.7646103890625 0.34983766250000004 0.7646103890625 0.34983766250000004 0.8896103890625 0.39448051875 0.8896103890625 0.39448051875 0.7646103890625
23 0.43831168906249995 0.7581168828125 0.396103896875 0.7581168828125 0.396103896875 0.8855519484375 0.43831168906249995 0.8855519484375 0.43831168906249995 0.7581168828125
23 0.48214285781250005 0.75649350625 0.4375 0.75649350625 0.4375 0.88149350625 0.48214285781250005 0.88149350625 0.48214285781250005 0.75649350625
23 0.5357142859375 0.7483766234375 0.5056818187500001 0.7483766234375 0.5056818187500001 0.8733766234375 0.5357142859375 0.8733766234375 0.5357142859375 0.7483766234375
23 0.5779220781250001 0.7451298703125 0.5357142859375 0.7451298703125 0.5357142859375 0.8701298703125 0.5779220781250001 0.8701298703125 0.5779220781250001 0.7451298703125
23 0.6201298703125 0.7418831171875 0.5779220781250001 0.7418831171875 0.5779220781250001 0.8668831171875 0.6201298703125 0.8668831171875 0.6201298703125 0.7418831171875
23 0.6623376624999999 0.7370129875 0.6201298703125 0.7370129875 0.6201298703125 0.8620129875 0.6623376624999999 0.8620129875 0.6623376624999999 0.7370129875
23 0.7045454546875 0.7353896109375 0.6623376624999999 0.7353896109375 0.6623376624999999 0.8603896109375 0.7045454546875 0.8603896109375 0.7045454546875 0.7353896109375
23 0.7581168828125 0.73051948125 0.7329545453125 0.73051948125 0.7329545453125 0.85551948125 0.7581168828125 0.85551948125 0.7581168828125 0.73051948125
23 0.7954545453125 0.7256493500000001 0.7556818187500001 0.7256493500000001 0.7556818187500001 0.85064935 0.7954545453125 0.85064935 0.7954545453125 0.7256493500000001
23 0.8376623375 0.7207792203125 0.7978896109375 0.7207792203125 0.7978896109375 0.8457792203125001 0.8376623375 0.8457792203125001 0.8376623375 0.7207792203125
23 0.8782467531249999 0.7191558437500001 0.8360389609375 0.7191558437500001 0.8360389609375 0.8417207796874999 0.8782467531249999 0.8417207796874999 0.8782467531249999 0.7191558437500001
23 0.9155844156249999 0.7159090906250001 0.8782467531249999 0.7159090906250001 0.8782467531249999 0.8360389609375 0.9155844156249999 0.8360389609375 0.9155844156249999 0.7159090906250001
23 0.9610389609375 0.7175324671875 0.94318181875 0.7175324671875 0.94318181875 0.8327922078125001 0.9610389609375 0.8327922078125001 0.9610389609375 0.7175324671875
23 0.9983766234375 0.7094155843750001 0.9610389609375 0.7094155843750001 0.9610389609375 0.824675325 0.9983766234375 0.824675325 0.9983766234375 0.7094155843750001
23 0.0584415578125 1 0.0584415578125 0.9220779218749999 0.0081168828125 0.9220779218749999 0.0081168828125 1 0.0584415578125 1
23 0.10551948124999999 1 0.10551948124999999 0.9155844156249999 0.0551948046875 0.9155844156249999 0.0551948046875 1 0.10551948124999999 1
23 0.152597403125 1 0.152597403125 0.9123376625 0.10551948124999999 0.9123376625 0.10551948124999999 1 0.152597403125 1
23 0.1980519484375 1 0.1980519484375 0.90584415625 0.1509740265625 0.90584415625 0.1509740265625 1 0.1980519484375 1
23 0.2451298703125 1 0.2451298703125 0.9042207796874999 0.1980519484375 0.9042207796874999 0.1980519484375 1 0.2451298703125 1
23 0.30519480468750004 1 0.30519480468750004 0.89935065 0.26542207812499996 0.89935065 0.26542207812499996 1 0.30519480468750004 1
23 0.35064934999999997 1 0.35064934999999997 0.8961038968749999 0.30600649375 0.8961038968749999 0.30600649375 1 0.35064934999999997 1
23 0.39448051875 1 0.39448051875 0.8912337656249999 0.34983766250000004 0.8912337656249999 0.34983766250000004 1 0.39448051875 1
23 0.439935065625 1 0.439935065625 0.8863636359375 0.39529220781249996 0.8863636359375 0.39529220781249996 1 0.439935065625 1
23 0.48538961093750005 0.88149350625 0.440746753125 0.88149350625 0.440746753125 0.9967532468750001 0.48538961093750005 0.9967532468750001 0.48538961093750005 0.88149350625
23 0.5357142859375 0.8717532468750001 0.5056818187500001 0.8717532468750001 0.5056818187500001 0.9894480515625 0.5357142859375 0.9894480515625 0.5357142859375 0.8717532468750001
23 0.5762987015625 0.8717532468750001 0.5340909093749999 0.8717532468750001 0.5340909093749999 0.98133116875 0.5762987015625 0.98133116875 0.5762987015625 0.8717532468750001
23 0.6201298703125 0.8636363640625 0.5779220781250001 0.8636363640625 0.5779220781250001 0.97564935 0.6201298703125 0.97564935 0.6201298703125 0.8636363640625
23 0.6623376624999999 0.8620129875 0.6201298703125 0.8620129875 0.6201298703125 0.9715909093749999 0.6623376624999999 0.9715909093749999 0.6623376624999999 0.8620129875
23 0.7061688312500001 0.8603896109375 0.6639610390625 0.8603896109375 0.6639610390625 0.9699675328125 0.7061688312500001 0.9699675328125 0.7061688312500001 0.8603896109375
23 0.7954545453125 0.8490259734375 0.7556818187500001 0.8490259734375 0.7556818187500001 0.95616883125 0.7954545453125 0.95616883125 0.7954545453125 0.8490259734375
23 0.8360389609375 0.84415584375 0.796266234375 0.84415584375 0.796266234375 0.9488636359375 0.8360389609375 0.9488636359375 0.8360389609375 0.84415584375
23 0.875 0.8409090906250001 0.8352272734374999 0.8409090906250001 0.8352272734374999 0.9480519484375 0.875 0.9480519484375 0.875 0.8409090906250001
23 0.9139610390625 0.8360389609375 0.8741883109374999 0.8360389609375 0.8741883109374999 0.94318181875 0.9139610390625 0.94318181875 0.9139610390625 0.8360389609375
23 0.9577922078125001 0.83116883125 0.9399350656250001 0.83116883125 0.9399350656250001 0.93100649375 0.9577922078125001 0.93100649375 0.9577922078125001 0.83116883125
23 0.9967532468750001 0.824675325 0.9594155843750001 0.824675325 0.9594155843750001 0.93181818125 0.9967532468750001 0.93181818125 0.9967532468750001 0.824675325