23 0.2765625 0.928125 0.2765625 0.828125 0.253515625 0.828125 0.253515625 0.928125 0.2765625 0.928125
23 0.941015625 0.034375 0.941015625 0.159375 0.990625 0.159375 0.990625 0.034375 0.941015625 0.034375
23 0.978125 0.11875 0.978125 0.071484375 0.85703125 0.071484375 0.85703125 0.11875 0.978125 0.11875
23 0.8953125 0.036328125 0.846875 0.036328125 0.846875 0.1578125 0.8953125 0.1578125 0.8953125 0.036328125
23 0.7984375 0.0359375 0.7984375 0.15625 0.846875 0.15625 0.846875 0.0359375 0.7984375 0.0359375
23 0.7515625 0.0359375 0.7515625 0.15625 0.8 0.15625 0.8 0.0359375 0.7515625 0.0359375
23 0.654296875 0.0765625 0.654296875 0.11484375 0.7734375 0.11484375 0.7734375 0.0765625 0.654296875 0.0765625
23 0.69375 0.037890625 0.6453125 0.037890625 0.6453125 0.1546875 0.69375 0.1546875 0.69375 0.037890625
23 0.6828125 0.11875 0.6828125 0.076953125 0.566015625 0.076953125 0.566015625 0.11875 0.6828125 0.11875
23 0.6390625 0.11875 0.6390625 0.07734375 0.524609375 0.07734375 0.524609375 0.11875 0.6390625 0.11875
23 0.596875 0.1171875 0.596875 0.075 0.479296875 0.075 0.479296875 0.1171875 0.596875 0.1171875
23 0.4203125 0.0828125 0.4203125 0.1140625 0.5359375 0.1140625 0.5359375 0.0828125 0.4203125 0.0828125
23 0.496875 0.076953125 0.383984375 0.076953125 0.383984375 0.119921875 0.496875 0.119921875 0.496875 0.076953125
23 0.378125 0.0453125 0.378125 0.153125 0.41875 0.153125 0.41875 0.0453125 0.378125 0.0453125
23 0.4109375 0.11875 0.4109375 0.07890625 0.30390625 0.07890625 0.30390625 0.11875 0.4109375 0.11875
23 0.3703125 0.1171875 0.3703125 0.07734375 0.26328125 0.07734375 0.26328125 0.1171875 0.3703125 0.1171875
23 0.2015625 0.0875 0.2015625 0.1140625 0.3125 0.1140625 0.3125 0.0875 0.2015625 0.0875
23 0.205078125 0.0453125 0.205078125 0.15625 0.2421875 0.15625 0.2421875 0.0453125 0.205078125 0.0453125
23 0.240625 0.1203125 0.240625 0.08046875 0.13046875 0.08046875 0.13046875 0.1203125 0.240625 0.1203125
23 0.128125 0.046875 0.128125 0.1578125 0.165625 0.1578125 0.165625 0.046875 0.128125 0.046875
23 0.0875 0.046875 0.0875 0.1578125 0.128125 0.1578125 0.128125 0.046875 0.0875 0.046875
23 0 0.121875 0.078125 0.121875 0.078125 0.08203125 0 0.08203125 0 0.121875
23 1 0.198828125 0.90234375 0.198828125 0.90234375 0.246875 1 0.246875 1 0.198828125
23 0.9796875 0.246875 0.9796875 0.196484375 0.854296875 0.196484375 0.854296875 0.246875 0.9796875 0.246875
23 0.93125 0.2453125 0.93125 0.196484375 0.805078125 0.196484375 0.805078125 0.2453125 0.93125 0.2453125
23 0.794140625 0.1578125 0.794140625 0.2828125 0.84375 0.2828125 0.84375 0.1578125 0.794140625 0.1578125
23 0.8359375 0.194140625 0.709375 0.194140625 0.709375 0.2421875 0.8359375 0.2421875 0.8359375 0.194140625
23 0.775 0.2375 0.775 0.200390625 0.652734375 0.200390625 0.652734375 0.2375 0.775 0.2375
23 0.648828125 0.1546875 0.648828125 0.2796875 0.690625 0.2796875 0.690625 0.1546875 0.648828125 0.1546875
23 0.6859375 0.2375 0.6859375 0.195703125 0.565234375 0.195703125 0.565234375 0.2375 0.6859375 0.2375
23 0.561328125 0.15625 0.561328125 0.2765625 0.603125 0.2765625 0.603125 0.15625 0.561328125 0.15625
23 0.5984375 0.19375 0.478515625 0.19375 0.478515625 0.2359375 0.5984375 0.2359375 0.5984375 0.19375
23 0.5359375 0.2296875 0.5359375 0.2015625 0.420703125 0.2015625 0.420703125 0.2296875 0.5359375 0.2296875
23 0.383984375 0.19375 0.383984375 0.2359375 0.4984375 0.2359375 0.4984375 0.19375 0.383984375 0.19375
23 0.4203125 0.2734375 0.4203125 0.156640625 0.378515625 0.156640625 0.378515625 0.2734375 0.4203125 0.2734375
23 0.3765625 0.271875 0.3765625 0.155078125 0.333984375 0.155078125 0.333984375 0.271875 0.3765625 0.271875
23 0.374609375 0.2296875 0.374609375 0.192578125 0.256640625 0.192578125 0.256640625 0.2296875 0.374609375 0.2296875
23 0.315625 0.2265625 0.315625 0.20078125 0.20078125 0.20078125 0.20078125 0.2265625 0.315625 0.2265625
23 0.167578125 0.19375 0.167578125 0.23125 0.2828125 0.23125 0.2828125 0.19375 0.167578125 0.19375
23 0.169140625 0.1546875 0.169140625 0.2703125 0.20625 0.2703125 0.20625 0.1546875 0.169140625 0.1546875
23 0.093359375 0.19375 0.093359375 0.23203125 0.203125 0.23203125 0.203125 0.19375 0.093359375 0.19375
23 0.090625 0.1578125 0.090625 0.26875 0.128125 0.26875 0.128125 0.1578125 0.090625 0.1578125
23 0.00625 0.15625 0.00625 0.2640625 0.046875 0.2640625 0.046875 0.15625 0.00625 0.15625
23 0.9375 0.4109375 0.9375 0.5359375 0.9828125 0.5359375 0.9828125 0.4109375 0.9375 0.4109375
23 0.890625 0.4078125 0.890625 0.534375 0.9359375 0.534375 0.9359375 0.4078125 0.890625 0.4078125
23 0.9265625 0.49375 0.9265625 0.446484375 0.8046875 0.446484375 0.8046875 0.49375 0.9265625 0.49375
23 0.759375 0.4421875 0.759375 0.490625 0.8796875 0.490625 0.8796875 0.4421875 0.759375 0.4421875
23 0.7125 0.440625 0.7125 0.4890625 0.8328125 0.4890625 0.8328125 0.440625 0.7125 0.440625
23 0.7703125 0.44296875 0.651171875 0.44296875 0.651171875 0.48125 0.7703125 0.48125 0.7703125 0.44296875
23 0.728125 0.436328125 0.61015625 0.436328125 0.61015625 0.48125 0.728125 0.48125 0.728125 0.436328125
23 0.6828125 0.4765625 0.6828125 0.433984375 0.566015625 0.433984375 0.566015625 0.4765625 0.6828125 0.4765625
23 0.6015625 0.5125 0.6015625 0.3953125 0.559765625 0.3953125 0.559765625 0.5125 0.6015625 0.5125
23 0.59375 0.471875 0.59375 0.4296875 0.476953125 0.4296875 0.476953125 0.471875 0.59375 0.471875
23 0.4953125 0.391015625 0.459375 0.391015625 0.459375 0.5078125 0.4953125 0.5078125 0.4953125 0.391015625
23 0.49921875 0.465625 0.49921875 0.426171875 0.38125 0.426171875 0.38125 0.465625 0.49921875 0.465625
23 0.4578125 0.4671875 0.4578125 0.425390625 0.340234375 0.425390625 0.340234375 0.4671875 0.4578125 0.4671875
23 0.378125 0.503125 0.378125 0.386328125 0.336328125 0.386328125 0.336328125 0.503125 0.378125 0.503125
23 0.375 0.42265625 0.259765625 0.42265625 0.259765625 0.4609375 0.375 0.4609375 0.375 0.42265625
23 0.318359375 0.4515625 0.318359375 0.427734375 0.205078125 0.427734375 0.205078125 0.4515625 0.318359375 0.4515625
23 0.174609375 0.4203125 0.174609375 0.45859375 0.284375 0.45859375 0.284375 0.4203125 0.174609375 0.4203125
23 0.246875 0.45625 0.246875 0.41640625 0.13671875 0.41640625 0.13671875 0.45625 0.246875 0.45625
23 0.096484375 0.415625 0.096484375 0.45390625 0.20625 0.45390625 0.20625 0.415625 0.096484375 0.415625
23 0.094140625 0.378125 0.094140625 0.4890625 0.13125 0.4890625 0.13125 0.378125 0.094140625 0.378125
23 0 0.45 0.0875 0.45 0.0875 0.41015625 0 0.41015625 0 0.45
23 1 0.575 0.8984375 0.575 0.8984375 0.6203125 1 0.6203125 1 0.575
23 0.971875 0.569921875 0.84921875 0.569921875 0.84921875 0.6171875 0.971875 0.6171875 0.971875 0.569921875
23 0.921875 0.6125 0.921875 0.565234375 0.8 0.565234375 0.8 0.6125 0.921875 0.6125
23 0.87734375 0.6109375 0.87734375 0.563671875 0.7546875 0.563671875 0.7546875 0.6109375 0.87734375 0.6109375
23 0.8296875 0.609375 0.8296875 0.562109375 0.7078125 0.562109375 0.7078125 0.609375 0.8296875 0.609375
23 0.691015625 0.5203125 0.691015625 0.640625 0.728125 0.640625 0.728125 0.5203125 0.691015625 0.5203125
23 0.609375 0.553125 0.609375 0.5984375 0.7296875 0.5984375 0.7296875 0.553125 0.609375 0.553125
23 0.6453125 0.63125 0.6453125 0.5140625 0.603515625 0.5140625 0.603515625 0.63125 0.6453125 0.63125
23 0.6390625 0.5921875 0.6390625 0.549609375 0.522265625 0.549609375 0.522265625 0.5921875 0.6390625 0.5921875
23 0.590625 0.5890625 0.590625 0.547265625 0.479296875 0.547265625 0.479296875 0.5890625 0.590625 0.5890625
23 0.49375 0.621875 0.49375 0.509765625 0.461328125 0.509765625 0.461328125 0.621875 0.49375 0.621875
23 0.4984375 0.541015625 0.38515625 0.541015625 0.38515625 0.58125 0.4984375 0.58125 0.4984375 0.541015625
23 0.45625 0.58125 0.45625 0.541015625 0.34375 0.541015625 0.34375 0.58125 0.45625 0.58125
23 0.4125 0.5796875 0.4125 0.537890625 0.301171875 0.537890625 0.301171875 0.5796875 0.4125 0.5796875
23 0.296875 0.5015625 0.296875 0.6125 0.3375 0.6125 0.3375 0.5015625 0.296875 0.5015625
23 0.208203125 0.540625 0.208203125 0.5640625 0.31875 0.5640625 0.31875 0.540625 0.208203125 0.540625
23 0.178125 0.53125 0.178125 0.5671875 0.2890625 0.5671875 0.2890625 0.53125 0.178125 0.53125
23 0.25 0.56875 0.25 0.52890625 0.13984375 0.52890625 0.13984375 0.56875 0.25 0.56875
23 0.135546875 0.4875 0.135546875 0.5984375 0.1734375 0.5984375 0.1734375 0.4875 0.135546875 0.4875
23 0.0953125 0.4890625 0.0953125 0.596875 0.1359375 0.596875 0.1359375 0.4890625 0.0953125 0.4890625
23 0 0.5578125 0.0890625 0.5578125 0.0890625 0.51796875 0 0.51796875 0 0.5578125
23 1 0.80859375 0.88984375 0.80859375 0.88984375 0.85625 1 0.85625 1 0.80859375
23 0.96875 0.806640625 0.84140625 0.806640625 0.84140625 0.8515625 0.96875 0.8515625 0.96875 0.806640625
23 0.8828125 0.759765625 0.8375 0.759765625 0.8375 0.8859375 0.8828125 0.8859375 0.8828125 0.759765625
23 0.7921875 0.759375 0.7921875 0.884375 0.8375 0.884375 0.8375 0.759375 0.7921875 0.759375
23 0.7453125 0.753125 0.7453125 0.878125 0.790625 0.878125 0.790625 0.753125 0.7453125 0.753125
23 0.771484375 0.8296875 0.771484375 0.791796875 0.644140625 0.791796875 0.644140625 0.8296875 0.771484375 0.8296875
23 0.645703125 0.7453125 0.645703125 0.8703125 0.6875 0.8703125 0.6875 0.7453125 0.645703125 0.7453125
23 0.6828125 0.7828125 0.562890625 0.7828125 0.562890625 0.825 0.6828125 0.825 0.6828125 0.7828125
23 0.559375 0.7375 0.559375 0.859375 0.6 0.859375 0.6 0.7375 0.559375 0.7375
23 0.517578125 0.7359375 0.517578125 0.85625 0.559375 0.85625 0.559375 0.7359375 0.517578125 0.7359375
23 0.419921875 0.7734375 0.419921875 0.8015625 0.5390625 0.8015625 0.5390625 0.7734375 0.419921875 0.7734375
23 0.5046875 0.8046875 0.5046875 0.76484375 0.38515625 0.76484375 0.38515625 0.8046875 0.5046875 0.8046875
23 0.384375 0.721875 0.384375 0.8421875 0.425 0.8421875 0.425 0.721875 0.384375 0.721875
23 0.34375 0.7171875 0.34375 0.8375 0.384375 0.8375 0.384375 0.7171875 0.34375 0.7171875
23 0.303125 0.715625 0.303125 0.8359375 0.34375 0.8359375 0.34375 0.715625 0.303125 0.715625
23 0.251953125 0.7109375 0.251953125 0.83125 0.275 0.83125 0.275 0.7109375 0.251953125 0.7109375
23 0.174609375 0.746875 0.174609375 0.784375 0.29375 0.784375 0.29375 0.746875 0.174609375 0.746875
23 0.253125 0.7796875 0.253125 0.74296875 0.133984375 0.74296875 0.133984375 0.7796875 0.253125 0.7796875
23 0.1765625 0.699609375 0.1359375 0.699609375 0.1359375 0.8171875 0.1765625 0.8171875 0.1765625 0.699609375
23 0.175 0.771875 0.175 0.73671875 0.06015625 0.73671875 0.06015625 0.771875 0.175 0.771875
23 0.009375 0.7453125 0.009375 0.7625 0.1203125 0.7625 0.1203125 0.7453125 0.009375 0.7453125
23 0 0.7640625 0.09375 0.7640625 0.09375 0.728125 0 0.728125 0 0.7640625
23 1 0.92265625 0.89765625 0.92265625 0.89765625 0.9703125 1 0.9703125 1 0.92265625
23 0.8484375 0.9203125 0.8484375 0.96875 0.959375 0.96875 0.959375 0.9203125 0.8484375 0.9203125
23 0.8796875 1 0.8796875 0.8859375 0.834375 0.8859375 0.834375 1 0.8796875 1
23 0.790625 0.8796875 0.790625 0.9953125 0.8359375 0.9953125 0.8359375 0.8796875 0.790625 0.8796875
23 0.825 0.9578125 0.825 0.91328125 0.71015625 0.91328125 0.71015625 0.9578125 0.825 0.9578125
23 0.687890625 0.8734375 0.687890625 0.984375 0.725 0.984375 0.725 0.8734375 0.687890625 0.8734375
23 0.721875 0.905078125 0.608984375 0.905078125 0.608984375 0.948046875 0.721875 0.948046875 0.721875 0.905078125
23 0.6015625 0.865625 0.6015625 0.9765625 0.64375 0.9765625 0.64375 0.865625 0.6015625 0.865625
23 0.558203125 0.8609375 0.558203125 0.971875 0.6 0.971875 0.6 0.8609375 0.558203125 0.8609375
23 0.5140625 0.85625 0.5140625 0.9671875 0.55625 0.9671875 0.55625 0.85625 0.5140625 0.85625
23 0.465625 0.959375 0.49375 0.959375 0.49375 0.846875 0.465625 0.846875 0.465625 0.959375
23 0.4671875 0.846484375 0.4265625 0.846484375 0.4265625 0.9515625 0.4671875 0.9515625 0.4671875 0.846484375
23 0.384375 0.8390625 0.384375 0.946875 0.425 0.946875 0.425 0.8390625 0.384375 0.8390625
23 0.384375 0.837109375 0.34375 0.837109375 0.34375 0.9421875 0.384375 0.9421875 0.384375 0.837109375
23 0.3421875 0.836328125 0.3015625 0.836328125 0.3015625 0.940625 0.3421875 0.940625 0.3421875 0.836328125
23 0.215625 0.825 0.215625 0.928125 0.253125 0.928125 0.253125 0.825 0.215625 0.825
23 0.2453125 0.8890625 0.2453125 0.851171875 0.145703125 0.851171875 0.145703125 0.8890625 0.2453125 0.8890625
23 0.209375 0.84921875 0.106640625 0.84921875 0.106640625 0.8875 0.209375 0.8875 0.209375 0.84921875
23 0.101953125 0.8125 0.101953125 0.915625 0.1390625 0.915625 0.1390625 0.8125 0.101953125 0.8125
23 0.0765625 0.808203125 0.059375 0.808203125 0.059375 0.903125 0.0765625 0.903125 0.0765625 0.808203125
23 0.021875 0.8015625 0.021875 0.9046875 0.0578125 0.9046875 0.0578125 0.8015625 0.021875 0.8015625