23 1 0.2614379078125 0.954248365625 0.2614379078125 0.954248365625 0.490196078125 1 0.490196078125 1 0.2614379078125
23 0 0.7892156859375 0.052287581250000006 0.7892156859375 0.052287581250000006 0.58823529375 0 0.58823529375 0 0.7892156859375
23 0.052287581250000006 0.7883986921874999 0.14297385625 0.7883986921874999 0.14297385625 0.58986928125 0.052287581250000006 0.58986928125 0.052287581250000006 0.7883986921874999
23 0.1405228765625 0.7916666671875 0.2263071890625 0.7916666671875 0.2263071890625 0.58823529375 0.1405228765625 0.58823529375 0.1405228765625 0.7916666671875
23 0.2271241828125 0.7916666671875 0.310457515625 0.7916666671875 0.310457515625 0.5833333328125 0.2271241828125 0.5833333328125 0.2271241828125 0.7916666671875
23 0.310457515625 0.7908496734375 0.3986928109375 0.7908496734375 0.3986928109375 0.5849673203125 0.310457515625 0.5849673203125 0.310457515625 0.7908496734375
23 0.3970588234375 0.7908496734375 0.4828431375 0.7908496734375 0.4828431375 0.580065359375 0.3970588234375 0.580065359375 0.3970588234375 0.7908496734375
23 0.48202614375 0.7900326796875 0.5678104578125 0.7900326796875 0.5678104578125 0.581699346875 0.48202614375 0.581699346875 0.48202614375 0.7900326796875
23 0.5653594765625 0.78676470625 0.651143790625 0.78676470625 0.651143790625 0.578431371875 0.5653594765625 0.578431371875 0.5653594765625 0.78676470625
23 0.651960784375 0.7818627453125 0.740196078125 0.7818627453125 0.740196078125 0.578431371875 0.651960784375 0.578431371875 0.651960784375 0.7818627453125
23 0.7385620921875 0.78676470625 0.8267973859375 0.78676470625 0.8267973859375 0.578431371875 0.7385620921875 0.578431371875 0.7385620921875 0.78676470625
23 0.8251633984375 0.78349673125 0.9133986921874999 0.78349673125 0.9133986921874999 0.5751633984375 0.8251633984375 0.5751633984375 0.8251633984375 0.78349673125
23 1 0.5751633984375 0.91176470625 0.5751633984375 0.91176470625 0.78349673125 1 0.78349673125 1 0.5751633984375
23 0 0.9844771234374999 0.055555556250000006 0.9844771234374999 0.055555556250000006 0.7859477125 0 0.7859477125 0 0.9844771234374999
23 0.055555556250000006 0.9844771234374999 0.14379085 0.9844771234374999 0.14379085 0.7859477125 0.055555556250000006 0.7859477125 0.055555556250000006 0.9844771234374999
23 0.14379085 0.9844771234374999 0.22957516406249998 0.9844771234374999 0.22957516406249998 0.7908496734375 0.14379085 0.7908496734375 0.14379085 0.9844771234374999
23 0.2271241828125 0.9869281046875 0.312908496875 0.9869281046875 0.312908496875 0.7908496734375 0.2271241828125 0.7908496734375 0.2271241828125 0.9869281046875
23 0.31535947656249996 0.9828431375 0.40114379062500005 0.9828431375 0.40114379062500005 0.784313725 0.31535947656249996 0.784313725 0.31535947656249996 0.9828431375
23 0.40032679687500006 0.9844771234374999 0.48366013125 0.9844771234374999 0.48366013125 0.7859477125 0.40032679687500006 0.7859477125 0.40032679687500006 0.9844771234374999
23 0.4852941171875 0.9877450984375 0.5686274515624999 0.9877450984375 0.5686274515624999 0.7892156859375 0.4852941171875 0.7892156859375 0.4852941171875 0.9877450984375
23 0.5702614374999999 0.9869281046875 0.653594771875 0.9869281046875 0.653594771875 0.7810457515625 0.5702614374999999 0.7810457515625 0.5702614374999999 0.9869281046875
23 0.651960784375 0.9828431375 0.7377450984375 0.9828431375 0.7377450984375 0.7794117640625 0.651960784375 0.7794117640625 0.651960784375 0.9828431375
23 0.7385620921875 0.9763071890624999 0.8243464046875 0.9763071890624999 0.8243464046875 0.777777778125 0.7385620921875 0.777777778125 0.7385620921875 0.9763071890624999
23 0.8218954249999999 0.9795751640624999 0.9076797390625 0.9795751640624999 0.9076797390625 0.7810457515625 0.8218954249999999 0.7810457515625 0.8218954249999999 0.9795751640624999
23 0.90849673125 0.9763071890624999 0.9967320265625 0.9763071890624999 0.9967320265625 0.7728758171875 0.90849673125 0.7728758171875 0.90849673125 0.9763071890624999
23 0.021241829687499998 0.27450980468749997 0.11928104531249999 0.27450980468749997 0.11928104531249999 0.055555556250000006 0.021241829687499998 0.055555556250000006 0.021241829687499998 0.27450980468749997
23 0.1111111109375 0.26960784375 0.2116013078125 0.26960784375 0.2116013078125 0.0506535953125 0.1111111109375 0.0506535953125 0.1111111109375 0.26960784375
23 0.20588235312499997 0.2671568625 0.296568628125 0.2671568625 0.296568628125 0.045751634375 0.20588235312499997 0.045751634375 0.20588235312499997 0.2671568625
23 0.295751634375 0.2655228765625 0.39379084999999997 0.2655228765625 0.39379084999999997 0.0392156859375 0.295751634375 0.0392156859375 0.295751634375 0.2655228765625
23 0.3905228765625 0.26797385625 0.48856209218749996 0.26797385625 0.48856209218749996 0.044117646875 0.3905228765625 0.044117646875 0.3905228765625 0.26797385625
23 0.4852941171875 0.2638888890625 0.5833333328125 0.2638888890625 0.5833333328125 0.0375817 0.4852941171875 0.0375817 0.4852941171875 0.2638888890625
23 0.581699346875 0.2638888890625 0.6748366015625 0.2638888890625 0.6748366015625 0.042483659374999996 0.581699346875 0.042483659374999996 0.581699346875 0.2638888890625
23 0.6732026140625 0.2630718953125 0.7712418296875 0.2630718953125 0.7712418296875 0.0392156859375 0.6732026140625 0.0392156859375 0.6732026140625 0.2630718953125
23 0.7614379078125 0.26225490156250003 0.85702614375 0.26225490156250003 0.85702614375 0.045751634375 0.7614379078125 0.045751634375 0.7614379078125 0.26225490156250003
23 0.85620915 0.258986928125 0.954248365625 0.258986928125 0.954248365625 0.0375817 0.85620915 0.0375817 0.85620915 0.258986928125
23 1 0.0375817 0.9526143796875 0.0375817 0.9526143796875 0.258986928125 1 0.258986928125 1 0.0375817
23 0.0245098046875 0.49754902031250003 0.12009803906250001 0.49754902031250003 0.12009803906250001 0.276143790625 0.0245098046875 0.276143790625 0.0245098046875 0.49754902031250003
23 0.11928104531249999 0.49754902031250003 0.2124183 0.49754902031250003 0.2124183 0.2712418296875 0.11928104531249999 0.2712418296875 0.11928104531249999 0.49754902031250003
23 0.2124183 0.49918300625 0.3006535953125 0.49918300625 0.3006535953125 0.26797385625 0.2124183 0.26797385625 0.2124183 0.49918300625
23 0.3006535953125 0.49754902031250003 0.3986928109375 0.49754902031250003 0.3986928109375 0.26633986875 0.3006535953125 0.26633986875 0.3006535953125 0.49754902031250003
23 0.3986928109375 0.49264705937500003 0.491830065625 0.49264705937500003 0.491830065625 0.26633986875 0.3986928109375 0.26633986875 0.3986928109375 0.49264705937500003
23 0.490196078125 0.49591503281250005 0.5857843140625 0.49591503281250005 0.5857843140625 0.2647058828125 0.490196078125 0.2647058828125 0.490196078125 0.49591503281250005
23 0.5833333328125 0.49264705937500003 0.6813725484375001 0.49264705937500003 0.6813725484375001 0.26633986875 0.5833333328125 0.26633986875 0.5833333328125 0.49264705937500003
23 0.6732026140625 0.49346405156250006 0.76879085 0.49346405156250006 0.76879085 0.2647058828125 0.6732026140625 0.2647058828125 0.6732026140625 0.49346405156250006
23 0.76797385625 0.490196078125 0.8537581703124999 0.490196078125 0.8537581703124999 0.26633986875 0.76797385625 0.26633986875 0.76797385625 0.490196078125
23 0.8545751640624999 0.48774509843749997 0.955065359375 0.48774509843749997 0.955065359375 0.2614379078125 0.8545751640624999 0.2614379078125 0.8545751640624999 0.48774509843749997