23 0.9984375 0.26147365 0.9540287984375 0.26147365 0.9540287984375 0.49023182031249996 0.9984375 0.49023182031249996 0.9984375 0.26147365
23 0 0.7140625 0.1265625 0.7140625 0.1265625 0.6625 0 0.6625 0 0.7140625
23 0 0.734375 0.1953125 0.734375 0.1953125 0.6437653171875 0 0.6437653171875 0 0.734375
23 0.284375 0.6468801078124999 0.08159211562499999 0.6468801078124999 0.08159211562499999 0.7326644203125 0.284375 0.7326644203125 0.284375 0.6468801078124999
23 0.3104983640625 0.5833333328125 0.22716503124999998 0.5833333328125 0.22716503124999998 0.7916666671875 0.3104983640625 0.7916666671875 0.3104983640625 0.5833333328125
23 0.45625 0.73125 0.45625 0.64375 0.2512254890625 0.64375 0.2512254890625 0.73125 0.45625 0.73125
23 0.4828125 0.790625 0.4828125 0.5803666265625 0.397166053125 0.5803666265625 0.397166053125 0.790625 0.4828125 0.790625
23 0.56711090625 0.7890625 0.56711090625 0.5817708328125 0.48132659218749996 0.5817708328125 0.48132659218749996 0.7890625 0.56711090625 0.7890625
23 0.65 0.7859375 0.65 0.5786458328124999 0.5657015921874999 0.5786458328124999 0.5657015921874999 0.7859375 0.65 0.7859375
23 0.7390625 0.78125 0.7390625 0.5788909296875 0.651945465625 0.5788909296875 0.651945465625 0.78125 0.7390625 0.78125
23 0.8859375 0.725 0.8859375 0.638613153125 0.6782986109375 0.638613153125 0.6782986109375 0.725 0.8859375 0.725
23 0.9125 0.7828125 0.9125 0.575 0.8254136031250001 0.575 0.8254136031250001 0.7828125 0.9125 0.7828125
23 1 0.6355800640625 0.8521395015625 0.6355800640625 0.8521395015625 0.721875 1 0.721875 1 0.6355800640625
23 0 0.984375 0.0546875 0.984375 0.0546875 0.78600388125 0 0.78600388125 0 0.984375
23 0.1421875 0.984375 0.1421875 0.7859375 0.05588235312499999 0.7859375 0.05588235312499999 0.984375 0.1421875 0.984375
23 0.2828125 0.9296875 0.2828125 0.844806984375 0.09003268125 0.844806984375 0.09003268125 0.9296875 0.2828125 0.9296875
23 0.3671875 0.93125 0.3671875 0.8455116421875 0.1718035140625 0.8455116421875 0.1718035140625 0.93125 0.3671875 0.93125
23 0.45625 0.925 0.45625 0.8403441578124999 0.259002246875 0.8403441578124999 0.259002246875 0.925 0.45625 0.925
23 0.4828125 0.984375 0.4828125 0.78600388125 0.4001327609375 0.78600388125 0.4001327609375 0.984375 0.4828125 0.984375
23 0.5671875 0.9875 0.5671875 0.7890625 0.4856770828125 0.7890625 0.4856770828125 0.9875 0.5671875 0.9875
23 0.5703125 0.9859375 0.653125 0.9859375 0.653125 0.7814338234375 0.5703125 0.7814338234375 0.5703125 0.9859375
23 0.7953125 0.9234375 0.7953125 0.8379136015625 0.59301470625 0.8379136015625 0.59301470625 0.9234375 0.7953125 0.9234375
23 0.8234375 0.975 0.8234375 0.7780790453125 0.73913909375 0.7780790453125 0.73913909375 0.975 0.8234375 0.975
23 0.9625 0.921875 0.9625 0.83747446875 0.7653645828125 0.83747446875 0.7653645828125 0.921875 0.9625 0.921875
23 1 0.830744484375 0.8513071906249999 0.830744484375 0.8513071906249999 0.91875 1 0.91875 1 0.830744484375
23 0 0.2125 0.178125 0.2125 0.178125 0.11606413593750001 0 0.11606413593750001 0 0.2125
23 0.1109375 0.26875 0.2109375 0.26875 0.2109375 0.050679126562499996 0.1109375 0.050679126562499996 0.1109375 0.26875
23 0.2953125 0.2671875 0.2953125 0.0459558828125 0.20554534375000003 0.0459558828125 0.20554534375000003 0.2671875 0.2953125 0.2671875
23 0.4578125 0.103125 0.231643178125 0.103125 0.231643178125 0.201148896875 0.4578125 0.201148896875 0.4578125 0.103125
23 0.4875 0.2671875 0.4875 0.0443218953125 0.3908241421875 0.0443218953125 0.3908241421875 0.2671875 0.4875 0.2671875
23 0.58125 0.2625 0.58125 0.0376276546875 0.4853553921875 0.0376276546875 0.4853553921875 0.2625 0.58125 0.2625
23 0.6749795749999999 0.042544934374999996 0.5818423203124999 0.042544934374999996 0.5818423203124999 0.2639501640625 0.6749795749999999 0.2639501640625 0.6749795749999999 0.042544934374999996
23 0.7703125 0.2625 0.7703125 0.0395782265625 0.6727685859375 0.0395782265625 0.6727685859375 0.2625 0.7703125 0.2625
23 0.85625 0.045654615625 0.7609375 0.045654615625 0.7609375 0.262157884375 0.85625 0.262157884375 0.85625 0.045654615625
23 1 0.09950469843750001 0.7943729578125 0.09950469843750001 0.7943729578125 0.196875 1 0.196875 1 0.09950469843750001
23 0.9984375 0.2578125 0.9984375 0.0374285140625 0.9523590687500001 0.0374285140625 0.9523590687500001 0.2578125 0.9984375 0.2578125
23 0.11875 0.496875 0.11875 0.2765625 0.0241574765625 0.2765625 0.0241574765625 0.496875 0.11875 0.496875
23 0.278125 0.3380514703125 0.053125 0.3380514703125 0.053125 0.431188725 0.278125 0.431188725 0.278125 0.3380514703125
23 0.3703125 0.4265625 0.3703125 0.33917483593750003 0.140916053125 0.33917483593750003 0.140916053125 0.4265625 0.3703125 0.4265625
23 0.4640625 0.4296875 0.4640625 0.333379290625 0.2333741828125 0.333379290625 0.2333741828125 0.4296875 0.4640625 0.4296875
23 0.5578125 0.425 0.5578125 0.33297589843750003 0.33269505625 0.33297589843750003 0.33269505625 0.425 0.5578125 0.425
23 0.584375 0.26408292499999997 0.4904871328125 0.26408292499999997 0.4904871328125 0.49529207499999994 0.584375 0.49529207499999994 0.584375 0.26408292499999997
23 0.51875 0.428125 0.744919321875 0.428125 0.744919321875 0.330795546875 0.51875 0.330795546875 0.51875 0.428125
23 0.7671875 0.264527165625 0.6732996328125 0.264527165625 0.6732996328125 0.493285334375 0.7671875 0.493285334375 0.7671875 0.264527165625
23 0.921875 0.4203125 0.921875 0.3359375 0.6987949343750001 0.3359375 0.6987949343750001 0.4203125 0.921875 0.4203125
23 0.9546875 0.26106515468749997 0.8546875 0.26106515468749997 0.8546875 0.48737234531249995 0.9546875 0.48737234531249995 0.9546875 0.26106515468749997