23 1 0.353125 0.8627093546875001 0.353125 0.8627093546875001 0.3984375 1 0.3984375 1 0.353125
23 0 0.7140625 0.1265625 0.7140625 0.1265625 0.6625 0 0.6625 0 0.7140625
23 0 0.734375 0.1953125 0.734375 0.1953125 0.6437653171875 0 0.6437653171875 0 0.734375
23 0.225 0.5881280640625 0.14070159375 0.5881280640625 0.14070159375 0.7915594375 0.225 0.7915594375 0.225 0.5881280640625
23 0.16462418125 0.645792484375 0.16462418125 0.7291258171874999 0.37295751718750003 0.7291258171874999 0.37295751718750003 0.645792484375 0.16462418125 0.645792484375
23 0.45625 0.73125 0.45625 0.64375 0.2512254890625 0.64375 0.2512254890625 0.73125 0.45625 0.73125
23 0.4828125 0.790625 0.4828125 0.5803666265625 0.397166053125 0.5803666265625 0.397166053125 0.790625 0.4828125 0.790625
23 0.56711090625 0.7890625 0.56711090625 0.5817708328125 0.48132659218749996 0.5817708328125 0.48132659218749996 0.7890625 0.56711090625 0.7890625
23 0.7122038390625 0.725 0.7122038390625 0.6400479984375 0.50387050625 0.6400479984375 0.50387050625 0.725 0.7122038390625 0.725
23 0.7390625 0.78125 0.7390625 0.578125 0.651976103125 0.578125 0.651976103125 0.78125 0.7390625 0.78125
23 0.8859375 0.725 0.8859375 0.638613153125 0.6782986109375 0.638613153125 0.6782986109375 0.725 0.8859375 0.725
23 0.9125 0.7828125 0.9125 0.5755872125 0.8249131937499999 0.5755872125 0.8249131937499999 0.7828125 0.9125 0.7828125
23 1 0.6355800640625 0.8521395015625 0.6355800640625 0.8521395015625 0.721875 1 0.721875 1 0.6355800640625
23 0.0546875 0.984375 0.0546875 0.7859375 0.000347221875 0.7859375 0.000347221875 0.984375 0.0546875 0.984375
23 0.1421875 0.984375 0.1421875 0.7859375 0.05588235312499999 0.7859375 0.05588235312499999 0.984375 0.1421875 0.984375
23 0.2828125 0.9296875 0.2828125 0.844806984375 0.09003268125 0.844806984375 0.09003268125 0.9296875 0.2828125 0.9296875
23 0.31242340625 0.9859375 0.31242340625 0.791023284375 0.22663909218749997 0.791023284375 0.22663909218749997 0.9859375 0.31242340625 0.9859375
23 0.4 0.98125 0.4 0.78432904375 0.3157015921875 0.78432904375 0.3157015921875 0.98125 0.4 0.98125
23 0.4828125 0.984375 0.4828125 0.78600388125 0.4001327609375 0.78600388125 0.4001327609375 0.984375 0.4828125 0.984375
23 0.625 0.9296875 0.625 0.8471966906249999 0.4278952203125 0.8471966906249999 0.4278952203125 0.9296875 0.625 0.9296875
23 0.5703125 0.9859375 0.653125 0.9859375 0.653125 0.7814338234375 0.5703125 0.7814338234375 0.5703125 0.9859375
23 0.7375 0.98125 0.7375 0.7792892140625 0.6522824765624999 0.7792892140625 0.6522824765624999 0.98125 0.7375 0.98125
23 0.8796875 0.91875 0.8796875 0.833573325 0.6824908093750001 0.8335733265625 0.6824908093750001 0.91875 0.8796875 0.91875
23 0.9625 0.921875 0.9625 0.83747446875 0.7653645828125 0.83747446875 0.7653645828125 0.921875 0.9625 0.921875
23 0.9964613984374999 0.975 0.9964613984374999 0.7732843140625 0.9082261015625 0.7732843140625 0.9082261015625 0.975 0.9964613984374999 0.975
23 0.1171875 0.2734375 0.1171875 0.0561478765625 0.021292892187500002 0.0561478765625 0.021292892187500002 0.2734375 0.1171875 0.2734375
23 0.2703125 0.209375 0.2703125 0.1094669125 0.051853554687500004 0.1094669125 0.051853554687500004 0.209375 0.2703125 0.209375
23 0.3609375 0.2015625 0.3609375 0.1114481203125 0.140727125 0.1114481203125 0.140727125 0.2015625 0.3609375 0.2015625
23 0.39375 0.0392412171875 0.2959916265625 0.0392412171875 0.2959916265625 0.2655484078125 0.39375 0.2655484078125 0.39375 0.0392412171875
23 0.551266340625 0.2046875 0.551266340625 0.107327409375 0.32741013125 0.107327409375 0.32741013125 0.2046875 0.551266340625 0.2046875
23 0.58125 0.2625 0.58125 0.0376276546875 0.4853553921875 0.0376276546875 0.4853553921875 0.2625 0.58125 0.2625
23 0.7389093140624999 0.199897875 0.7389093140624999 0.1067606203125 0.517504084375 0.1067606203125 0.517504084375 0.1998978765625 0.7389093140624999 0.199897875
23 0.7703125 0.2625 0.7703125 0.0390625 0.6736366421875 0.0390625 0.6736366421875 0.2625 0.7703125 0.2625
23 0.85625 0.045654615625 0.7609375 0.045654615625 0.7609375 0.262157884375 0.85625 0.262157884375 0.85625 0.045654615625
23 1 0.09950469843750001 0.7943729578125 0.09950469843750001 0.7943729578125 0.196875 1 0.196875 1 0.09950469843750001
23 0.9984375 0.2578125 0.9984375 0.0374285140625 0.9523590687500001 0.0374285140625 0.9523590687500001 0.2578125 0.9984375 0.2578125
23 0 0.43428819531249996 0.18125 0.43428819531249996 0.18125 0.3390625 0 0.3390625 0 0.43428819531249996
23 0.2125 0.496875 0.2125 0.271875 0.1195057171875 0.271875 0.1195057171875 0.496875 0.2125 0.496875
23 0.3703125 0.4265625 0.3703125 0.33917483593750003 0.140916053125 0.33917483593750003 0.140916053125 0.4265625 0.3703125 0.4265625
23 0.4640625 0.4296875 0.4640625 0.332470384375 0.234763071875 0.332470384375 0.234763071875 0.4296875 0.4640625 0.4296875
23 0.490625 0.4921875 0.490625 0.2669270828125 0.3986417484375 0.2669270828125 0.3986417484375 0.4921875 0.490625 0.4921875
23 0.584375 0.4953125 0.584375 0.265328840625 0.48990502343750003 0.265328840625 0.48990502343750003 0.4953125 0.584375 0.4953125
23 0.51875 0.428125 0.744919321875 0.428125 0.744919321875 0.330795546875 0.51875 0.330795546875 0.51875 0.428125
23 0.834375 0.4265625 0.834375 0.3313878671875 0.6067963640625 0.3313878671875 0.6067963640625 0.4265625 0.834375 0.4265625
23 0.921875 0.4203125 0.921875 0.3359375 0.69908088125 0.3359375 0.69908088125 0.4203125 0.921875 0.4203125
23 0.9546875 0.4875 0.9546875 0.2618106609375 0.8547079249999999 0.2618106609375 0.8547079249999999 0.4875 0.9546875 0.4875