24 0.4203125 0.394140625 0.3765625 0.394140625 0.3765625 0.55625 0.4203125 0.55625 0.4203125 0.394140625
24 0.35 0.415625 0.35 0.45625 0.490625 0.45625 0.490625 0.415625 0.35 0.415625
24 0.0578125 0.3734375 0.0578125 0.534375 0.103125 0.534375 0.103125 0.3734375 0.0578125 0.3734375
24 0.3953125 0.135546875 0.2640625 0.135546875 0.2640625 0.2109375 0.3953125 0.2109375 0.3953125 0.135546875
24 0.5171875 0.130078125 0.3859375 0.130078125 0.3859375 0.2046875 0.5171875 0.2046875 0.5171875 0.130078125
24 0.51875 0.146875 0.51875 0.196875 0.64375 0.196875 0.64375 0.146875 0.51875 0.146875
24 0.4796875 0.1328125 0.4796875 0.01953125 0.43984375 0.01953125 0.43984375 0.1328125 0.4796875 0.1328125
24 0.278125 0.065625 0.278125 0.10625 0.3921875 0.10625 0.3921875 0.065625 0.278125 0.065625
24 0.3640625 0 0.3640625 0.121875 0.409375 0.121875 0.409375 0 0.3640625 0
24 0.54921875 0 0.54921875 0.1015625 0.5890625 0.1015625 0.5890625 0 0.54921875 0
24 0.51875 0.05 0.51875 0.090625 0.6328125 0.090625 0.6328125 0.05 0.51875 0.05
24 0.2828125 0.073046875 0.16875 0.073046875 0.16875 0.1109375 0.2828125 0.1109375 0.2828125 0.073046875
24 0.4078125 0.201953125 0.35703125 0.201953125 0.35703125 0.3265625 0.4078125 0.3265625 0.4078125 0.201953125
24 0.309375 0.214453125 0.2609375 0.214453125 0.2609375 0.325 0.309375 0.325 0.309375 0.214453125
24 0.534375 0.250390625 0.4234375 0.250390625 0.4234375 0.2984375 0.534375 0.2984375 0.534375 0.250390625
24 0.5140625 0.2265625 0.5140625 0.275 0.625 0.275 0.625 0.2265625 0.5140625 0.2265625
24 0.9265625 0.159375 0.9265625 0.109765625 0.808984375 0.109765625 0.808984375 0.159375 0.9265625 0.159375
24 0.7875 0.209375 0.7875 0.084765625 0.7375 0.084765625 0.7375 0.209375 0.7875 0.209375
24 0.9078125 0.000390625 0.7625 0.000390625 0.7625 0.0640625 0.9078125 0.0640625 0.9078125 0.000390625
24 0.0421875 0.086328125 0.003125 0.086328125 0.003125 0.13125 0.0421875 0.13125 0.0421875 0.086328125
24 0.571875 0.2734375 0.508203125 0.2734375 0.508203125 0.425 0.571875 0.425 0.571875 0.2734375
24 0.925 0.4984375 0.925 0.436328125 0.871875 0.436328125 0.871875 0.4984375 0.925 0.4984375
24 0.9765625 0.496875 0.9765625 0.43359375 0.92109375 0.43359375 0.92109375 0.496875 0.9765625 0.496875
24 0.071875 0.321875 0.071875 0.228515625 0.021875 0.228515625 0.021875 0.321875 0.071875 0.321875
24 0.175 0.255078125 0.0640625 0.255078125 0.0640625 0.303125 0.175 0.303125 0.175 0.255078125
24 0.8125 0.4046875 0.8125 0.273828125 0.74375 0.273828125 0.74375 0.4046875 0.8125 0.4046875
24 0.8859375 0.365625 0.971875 0.365625 0.971875 0.3109375 0.8859375 0.3109375 0.8859375 0.365625
24 0.826953125 0.20625 0.826953125 0.2546875 0.946875 0.2546875 0.946875 0.20625 0.826953125 0.20625
24 0.453125 0.340234375 0.321875 0.340234375 0.321875 0.3953125 0.453125 0.3953125 0.453125 0.340234375
24 0 0.39375 0.053125 0.39375 0.053125 0.35390625 0 0.35390625 0 0.39375
24 0.1421875 0.3375 0.1421875 0.415625 0.1890625 0.415625 0.1890625 0.3375 0.1421875 0.3375