24 0.4796875 0.453125 0.3171875 0.453125 0.3171875 0.49765625 0.4796875 0.49765625 0.4796875 0.453125
24 0.490625 0.415625 0.35 0.415625 0.35 0.45625 0.490625 0.45625 0.490625 0.415625
24 0 0.4765625 0.1609375 0.4765625 0.1609375 0.43125 0 0.43125 0 0.4765625
24 0.3953125 0.1359375 0.2640625 0.1359375 0.2640625 0.21171875 0.3953125 0.21171875 0.3953125 0.1359375
24 0.5171875 0.1296875 0.3859375 0.1296875 0.3859375 0.20546875 0.5171875 0.20546875 0.5171875 0.1296875
24 0.64375 0.146875 0.51875 0.146875 0.51875 0.19765625 0.64375 0.19765625 0.64375 0.146875
24 0.5171875 0.05625 0.403125 0.05625 0.403125 0.096875 0.5171875 0.096875 0.5171875 0.05625
24 0.3921875 0.065625 0.278125 0.065625 0.278125 0.10625 0.3921875 0.10625 0.3921875 0.065625
24 0.45 0.0359375 0.3234375 0.0359375 0.3234375 0.08125 0.45 0.08125 0.45 0.0359375
24 0.6265625 0.025 0.5125 0.025 0.5125 0.065625 0.6265625 0.065625 0.6265625 0.025
24 0.6328125 0.05 0.51875 0.05 0.51875 0.090625 0.6328125 0.090625 0.6328125 0.05
24 0.2828125 0.0734375 0.16875 0.0734375 0.16875 0.11171875 0.2828125 0.11171875 0.2828125 0.0734375
24 0.4453125 0.2390625 0.3203125 0.2390625 0.3203125 0.28984375 0.4453125 0.28984375 0.4453125 0.2390625
24 0.340625 0.2453125 0.2296875 0.2453125 0.2296875 0.29453125 0.340625 0.29453125 0.340625 0.2453125
24 0.534375 0.25 0.4234375 0.25 0.4234375 0.29921875 0.534375 0.29921875 0.534375 0.25
24 0.625 0.2265625 0.5140625 0.2265625 0.5140625 0.27578125 0.625 0.27578125 0.625 0.2265625
24 0.92734375 0.109375 0.809375 0.109375 0.809375 0.16015625 0.92734375 0.16015625 0.92734375 0.109375
24 0.825 0.121875 0.7 0.121875 0.7 0.17265625 0.825 0.17265625 0.825 0.121875
24 0.7625 0 0.7625 0.06484375 0.9078125 0.06484375 0.9078125 0 0.7625 0
24 0 0.12890625 0.0453125 0.12890625 0.0453125 0.0890625 0 0.0890625 0 0.12890625
24 0.61640625 0.3171875 0.4640625 0.3171875 0.4640625 0.38125 0.61640625 0.38125 0.61640625 0.3171875
24 0.9296875 0.440625 0.8671875 0.440625 0.8671875 0.49453125 0.9296875 0.49453125 0.9296875 0.440625
24 0.98125 0.4375 0.9171875 0.4375 0.9171875 0.49375 0.98125 0.49375 0.98125 0.4375
24 0 0.30078125 0.09375 0.30078125 0.09375 0.25 0 0.25 0 0.30078125
24 0.175 0.2546875 0.0640625 0.2546875 0.0640625 0.30390625 0.175 0.30390625 0.175 0.2546875
24 0.84375 0.3046875 0.7125 0.3046875 0.7125 0.37421875 0.84375 0.37421875 0.84375 0.3046875
24 0.97265625 0.3109375 0.8859375 0.3109375 0.8859375 0.36640625 0.97265625 0.36640625 0.97265625 0.3109375
24 0.94765625 0.20625 0.8265625 0.20625 0.8265625 0.2546875 0.94765625 0.2546875 0.94765625 0.20625
24 0.453125 0.340625 0.321875 0.340625 0.321875 0.39609375 0.453125 0.39609375 0.453125 0.340625
24 0 0.4078125 0.03984375 0.4078125 0.03984375 0.3390625 0 0.3390625 0 0.4078125
24 0.2046875 0.353125 0.1265625 0.353125 0.1265625 0.4 0.2046875 0.4 0.2046875 0.353125