24 0.5921875 0.4265625 0.5921875 0.59375 0.64375 0.59375 0.64375 0.4265625 0.5921875 0.4265625
24 0.5765625 0.478125 0.5765625 0.625 0.6234375 0.625 0.6234375 0.478125 0.5765625 0.478125
24 0.953125 0.44453125 0.901171875 0.44453125 0.901171875 0.5875 0.953125 0.5875 0.953125 0.44453125
24 0.8046875 0.853125 0.8046875 0.771875 0.662890625 0.771875 0.662890625 0.853125 0.8046875 0.853125
24 0.6828125 0.8640625 0.6828125 0.782421875 0.540234375 0.782421875 0.540234375 0.8640625 0.6828125 0.8640625
24 0.413671875 0.7984375 0.413671875 0.8546875 0.5453125 0.8546875 0.5453125 0.7984375 0.413671875 0.7984375
24 0.55625 0.8921875 0.55625 0.9390625 0.6765625 0.9390625 0.6765625 0.8921875 0.55625 0.8921875
24 0.6828125 0.878125 0.6828125 0.925 0.803125 0.925 0.803125 0.878125 0.6828125 0.878125
24 0.71875 0.9953125 0.71875 0.86484375 0.668359375 0.86484375 0.668359375 0.9953125 0.71875 0.9953125
24 0.534375 1 0.534375 0.89453125 0.48828125 0.89453125 0.48828125 1 0.534375 1
24 0.4421875 0.90625 0.4421875 0.953125 0.5625 0.953125 0.5625 0.90625 0.4421875 0.90625
24 0.8734375 0.946875 0.8734375 0.828515625 0.8296875 0.828515625 0.8296875 0.946875 0.8734375 0.946875
24 0.69375 0.6578125 0.637890625 0.6578125 0.637890625 0.7890625 0.69375 0.7890625 0.69375 0.6578125
24 0.8203125 0.7390625 0.8203125 0.685546875 0.704296875 0.685546875 0.704296875 0.7390625 0.8203125 0.7390625
24 0.59375 0.771875 0.59375 0.65625 0.541015625 0.65625 0.541015625 0.771875 0.59375 0.771875
24 0.4515625 0.803125 0.5046875 0.803125 0.5046875 0.687109375 0.4515625 0.687109375 0.4515625 0.803125
24 0.164453125 0.815625 0.164453125 0.94375 0.2203125 0.94375 0.2203125 0.815625 0.164453125 0.815625
24 0.272265625 0.7953125 0.272265625 0.9265625 0.328125 0.9265625 0.328125 0.7953125 0.272265625 0.7953125
24 0.2734375 1 0.2734375 0.88828125 0.21796875 0.88828125 0.21796875 1 0.2734375 1
24 0.528125 0.564453125 0.45703125 0.564453125 0.45703125 0.725 0.528125 0.725 0.528125 0.564453125
24 0.083203125 0.5078125 0.083203125 0.578125 0.140625 0.578125 0.140625 0.5078125 0.083203125 0.5078125
24 0.025 0.5171875 0.025 0.575 0.096875 0.575 0.096875 0.5171875 0.025 0.5171875
24 0.953125 0.6640625 0.953125 0.71875 0.9984375 0.71875 0.9984375 0.6640625 0.953125 0.6640625
24 0.9875 0.7203125 0.9875 0.666796875 0.872265625 0.666796875 0.872265625 0.7203125 0.9875 0.7203125
24 0.325 0.628515625 0.1828125 0.628515625 0.1828125 0.703125 0.325 0.703125 0.325 0.628515625
24 0.128125 0.7234375 0.128125 0.623828125 0.06875 0.623828125 0.06875 0.7234375 0.128125 0.7234375
24 0.184375 0.8484375 0.184375 0.717578125 0.131640625 0.717578125 0.131640625 0.8484375 0.184375 0.8484375
24 0.5765625 0.5875 0.5765625 0.6484375 0.715625 0.6484375 0.715625 0.5875 0.5765625 0.5875
24 0.89375 0.640625 0.89375 0.556640625 0.843359375 0.556640625 0.843359375 0.640625 0.89375 0.640625