24 0.534375 0.484375 0.534375 0.5359375 0.7015625 0.5359375 0.7015625 0.484375 0.534375 0.484375
24 0.5765625 0.478125 0.5765625 0.625 0.6234375 0.625 0.6234375 0.478125 0.5765625 0.478125
24 0.855859375 0.4890625 0.855859375 0.5421875 0.9984375 0.5421875 0.9984375 0.4890625 0.855859375 0.4890625
24 0.7734375 0.741015625 0.692578125 0.741015625 0.692578125 0.883984375 0.7734375 0.883984375 0.7734375 0.741015625
24 0.6828125 0.8640625 0.6828125 0.783203125 0.541015625 0.783203125 0.541015625 0.8640625 0.6828125 0.8640625
24 0.5078125 0.76015625 0.451953125 0.76015625 0.451953125 0.8921875 0.5078125 0.8921875 0.5078125 0.76015625
24 0.6390625 0.975 0.6390625 0.85546875 0.59296875 0.85546875 0.59296875 0.975 0.6390625 0.975
24 0.765625 0.9609375 0.765625 0.84140625 0.71953125 0.84140625 0.71953125 0.9609375 0.765625 0.9609375
24 0.628125 0.9046875 0.628125 0.95625 0.759375 0.95625 0.759375 0.9046875 0.628125 0.9046875
24 0.4515625 0.93125 0.4515625 0.978125 0.571875 0.978125 0.571875 0.93125 0.4515625 0.93125
24 0.525 0.9890625 0.525 0.86953125 0.47890625 0.86953125 0.47890625 0.9890625 0.525 0.9890625
24 0.9109375 0.866015625 0.7921875 0.866015625 0.7921875 0.909375 0.9109375 0.909375 0.9109375 0.866015625
24 0.69375 0.6578125 0.637890625 0.6578125 0.637890625 0.7890625 0.69375 0.7890625 0.69375 0.6578125
24 0.7890625 0.7703125 0.7890625 0.655078125 0.735546875 0.655078125 0.735546875 0.7703125 0.7890625 0.7703125
24 0.625 0.740625 0.625 0.687890625 0.509765625 0.687890625 0.509765625 0.740625 0.625 0.740625
24 0.5046875 0.803125 0.5046875 0.687890625 0.451953125 0.687890625 0.451953125 0.803125 0.5046875 0.803125
24 0.128515625 0.8515625 0.128515625 0.9078125 0.25625 0.9078125 0.25625 0.8515625 0.128515625 0.8515625
24 0.234765625 0.8328125 0.234765625 0.8890625 0.365625 0.8890625 0.365625 0.8328125 0.234765625 0.8328125
24 0.2734375 1 0.2734375 0.88828125 0.21796875 0.88828125 0.21796875 1 0.2734375 1
24 0.528125 0.725 0.528125 0.564453125 0.4578125 0.564453125 0.4578125 0.725 0.528125 0.725
24 0.0765625 0.5140625 0.0765625 0.571875 0.146875 0.571875 0.146875 0.5140625 0.0765625 0.5140625
24 0.096875 0.517578125 0.025 0.517578125 0.025 0.575 0.096875 0.575 0.096875 0.517578125
24 1 0.669140625 0.9484375 0.669140625 0.9484375 0.7140625 1 0.7140625 1 0.669140625
24 0.9875 0.7203125 0.9875 0.666796875 0.872265625 0.666796875 0.872265625 0.7203125 0.9875 0.7203125
24 0.325 0.628515625 0.1828125 0.628515625 0.1828125 0.703125 0.325 0.703125 0.325 0.628515625
24 0.128125 0.623828125 0.06875 0.623828125 0.06875 0.7234375 0.128125 0.7234375 0.128125 0.623828125
24 0.13125 0.8484375 0.184375 0.8484375 0.184375 0.716796875 0.13125 0.716796875 0.13125 0.8484375
24 0.615625 0.5484375 0.615625 0.6875 0.6765625 0.6875 0.6765625 0.5484375 0.615625 0.5484375
24 0.89375 0.640625 0.89375 0.556640625 0.843359375 0.556640625 0.843359375 0.640625 0.89375 0.640625