24 0.3171875 0.453125 0.3171875 0.496875 0.4796875 0.496875 0.4796875 0.453125 0.3171875 0.453125
24 0.35 0.415625 0.35 0.45625 0.490625 0.45625 0.490625 0.415625 0.35 0.415625
24 0 0.4765625 0.1609375 0.4765625 0.1609375 0.43125 0 0.43125 0 0.4765625
24 0.3953125 0.135546875 0.2640625 0.135546875 0.2640625 0.2109375 0.3953125 0.2109375 0.3953125 0.135546875
24 0.5171875 0.129296875 0.3859375 0.129296875 0.3859375 0.2046875 0.5171875 0.2046875 0.5171875 0.129296875
24 0.60625 0.109765625 0.55625 0.109765625 0.55625 0.234375 0.60625 0.234375 0.60625 0.109765625
24 0.4796875 0.1328125 0.4796875 0.01953125 0.43984375 0.01953125 0.43984375 0.1328125 0.4796875 0.1328125
24 0.3546875 0.1421875 0.3546875 0.02890625 0.31484375 0.02890625 0.31484375 0.1421875 0.3546875 0.1421875
24 0.3234375 0.0359375 0.3234375 0.08125 0.45 0.08125 0.45 0.0359375 0.3234375 0.0359375
24 0.5125 0.025 0.5125 0.065625 0.6265625 0.065625 0.6265625 0.025 0.5125 0.025
24 0.5953125 0.1265625 0.5953125 0.01328125 0.55546875 0.01328125 0.55546875 0.1265625 0.5953125 0.1265625
24 0.2453125 0.035546875 0.20703125 0.035546875 0.20703125 0.1484375 0.2453125 0.1484375 0.2453125 0.035546875
24 0.4453125 0.238671875 0.3203125 0.238671875 0.3203125 0.2890625 0.4453125 0.2890625 0.4453125 0.238671875
24 0.340625 0.245703125 0.2296875 0.245703125 0.2296875 0.29375 0.340625 0.29375 0.340625 0.245703125
24 0.534375 0.250390625 0.4234375 0.250390625 0.4234375 0.2984375 0.534375 0.2984375 0.534375 0.250390625
24 0.59375 0.195703125 0.5453125 0.195703125 0.5453125 0.30625 0.59375 0.30625 0.59375 0.195703125
24 0.9265625 0.159375 0.9265625 0.109765625 0.808984375 0.109765625 0.808984375 0.159375 0.9265625 0.159375
24 0.7875 0.084765625 0.7375 0.084765625 0.7375 0.209375 0.7875 0.209375 0.7875 0.084765625
24 0.7625 0 0.7625 0.0640625 0.9078125 0.0640625 0.9078125 0 0.7625 0
24 0 0.128125 0.0453125 0.128125 0.0453125 0.0890625 0 0.0890625 0 0.128125
24 0.508203125 0.2734375 0.508203125 0.425 0.571875 0.425 0.571875 0.2734375 0.508203125 0.2734375
24 0.8671875 0.440625 0.8671875 0.49375 0.9296875 0.49375 0.9296875 0.440625 0.8671875 0.440625
24 0.9171875 0.4375 0.9171875 0.49375 0.98125 0.49375 0.98125 0.4375 0.9171875 0.4375
24 0 0.3 0.09375 0.3 0.09375 0.250390625 0 0.250390625 0 0.3
24 0.175 0.255078125 0.0640625 0.255078125 0.0640625 0.303125 0.175 0.303125 0.175 0.255078125
24 0.8125 0.273828125 0.74296875 0.273828125 0.74296875 0.4046875 0.8125 0.4046875 0.8125 0.273828125
24 0.95625 0.38125 0.95625 0.2953125 0.901953125 0.2953125 0.901953125 0.38125 0.95625 0.38125
24 0.862890625 0.1703125 0.862890625 0.290625 0.9109375 0.290625 0.9109375 0.1703125 0.862890625 0.1703125
24 0.415625 0.302734375 0.36015625 0.302734375 0.36015625 0.4328125 0.415625 0.4328125 0.415625 0.302734375
24 0 0.4078125 0.0390625 0.4078125 0.0390625 0.3390625 0 0.3390625 0 0.4078125
24 0.1421875 0.3375 0.1421875 0.415625 0.1890625 0.415625 0.1890625 0.3375 0.1421875 0.3375