24 0.7015625 0.484375 0.534375 0.484375 0.534375 0.5359375 0.7015625 0.5359375 0.7015625 0.484375
24 0.6734375 0.528125 0.5265625 0.528125 0.5265625 0.575 0.6734375 0.575 0.6734375 0.528125
24 0.99921875 0.4890625 0.85625 0.4890625 0.85625 0.5421875 0.99921875 0.5421875 0.99921875 0.4890625
24 0.80546875 0.771875 0.6625 0.771875 0.6625 0.85390625 0.80546875 0.85390625 0.80546875 0.771875
24 0.68359375 0.7828125 0.540625 0.7828125 0.540625 0.86484375 0.68359375 0.86484375 0.68359375 0.7828125
24 0.54609375 0.7984375 0.4140625 0.7984375 0.4140625 0.8546875 0.54609375 0.8546875 0.54609375 0.7984375
24 0.6765625 0.8921875 0.55625 0.8921875 0.55625 0.9390625 0.6765625 0.9390625 0.6765625 0.8921875
24 0.803125 0.878125 0.6828125 0.878125 0.6828125 0.925 0.803125 0.925 0.803125 0.878125
24 0.76015625 0.9046875 0.628125 0.9046875 0.628125 0.95625 0.76015625 0.95625 0.76015625 0.9046875
24 0.571875 0.93125 0.4515625 0.93125 0.4515625 0.978125 0.571875 0.978125 0.571875 0.93125
24 0.5625 0.90625 0.4421875 0.90625 0.4421875 0.953125 0.5625 0.953125 0.5625 0.90625
24 0.9109375 0.865625 0.7921875 0.865625 0.7921875 0.91015625 0.9109375 0.91015625 0.9109375 0.865625
24 0.73203125 0.6953125 0.6 0.6953125 0.6 0.7515625 0.73203125 0.7515625 0.73203125 0.6953125
24 0.82109375 0.6859375 0.7046875 0.6859375 0.7046875 0.73984375 0.82109375 0.73984375 0.82109375 0.6859375
24 0.62578125 0.6875 0.509375 0.6875 0.509375 0.74140625 0.62578125 0.74140625 0.62578125 0.6875
24 0.53671875 0.71875 0.4203125 0.71875 0.4203125 0.77265625 0.53671875 0.77265625 0.53671875 0.71875
24 0.25703125 0.8515625 0.128125 0.8515625 0.128125 0.9078125 0.25703125 0.9078125 0.25703125 0.8515625
24 0.36640625 0.8328125 0.234375 0.8328125 0.234375 0.8890625 0.36640625 0.8890625 0.36640625 0.8328125
24 0.3296875 1 0.3296875 0.94375 0.1625 0.94375 0.1625 1 0.3296875 1
24 0.5734375 0.609375 0.4125 0.609375 0.4125 0.68046875 0.5734375 0.68046875 0.5734375 0.609375
24 0.14765625 0.5140625 0.0765625 0.5140625 0.0765625 0.571875 0.14765625 0.571875 0.14765625 0.5140625
24 0.096875 0.5171875 0.025 0.5171875 0.025 0.57578125 0.096875 0.57578125 0.096875 0.5171875
24 0.9984375 0.6640625 0.953125 0.6640625 0.953125 0.71953125 0.9984375 0.71953125 0.9984375 0.6640625
24 0.98828125 0.6671875 0.871875 0.6671875 0.871875 0.72109375 0.98828125 0.72109375 0.98828125 0.6671875
24 0.325 0.628125 0.1828125 0.628125 0.1828125 0.70390625 0.325 0.70390625 0.325 0.628125
24 0.1484375 0.64375 0.0484375 0.64375 0.0484375 0.70390625 0.1484375 0.70390625 0.1484375 0.64375
24 0.22421875 0.75625 0.0921875 0.75625 0.0921875 0.81015625 0.22421875 0.81015625 0.22421875 0.75625
24 0.715625 0.5875 0.5765625 0.5875 0.5765625 0.6484375 0.715625 0.6484375 0.715625 0.5875
24 0.91171875 0.5734375 0.8265625 0.5734375 0.8265625 0.62421875 0.91171875 0.62421875 0.91171875 0.5734375