23 0.20625 0.6703125 0.20625 0.3253880046875 0.1382235734375 0.3253880046875 0.1382235734375 0.6703125 0.20625 0.6703125
23 0.275 0.6703125 0.275 0.322278734375 0.2070574671875 0.322278734375 0.2070574671875 0.6703125 0.275 0.6703125
23 0.48423343125 0.53125 0.48423343125 0.464592071875 0.13607906875 0.464592071875 0.13607906875 0.53125 0.48423343125 0.53125
23 0.415625 0.32357906875000003 0.346875 0.32357906875000003 0.346875 0.6717334312500001 0.415625 0.6717334312500001 0.415625 0.32357906875000003
23 0.62278733125 0.53125 0.62278733125 0.46342281874999997 0.2771497484375 0.46342281874999997 0.2771497484375 0.53125 0.62278733125 0.53125
23 0.551525796875 0.3271812078125 0.48441170156249996 0.3271812078125 0.48441170156249996 0.6728187921875 0.551525796875 0.6728187921875 0.551525796875 0.3271812078125
23 0.7607906875 0.5328125 0.7607906875 0.46166107500000003 0.4151531046875 0.46166107500000003 0.4151531046875 0.5328125 0.7607906875 0.5328125
23 0.83125 0.534375 0.83125 0.462285025 0.485622903125 0.462285025 0.485622903125 0.534375 0.83125 0.534375
23 0.765625 0.671875 0.765625 0.329278525 0.6940855703125 0.329278525 0.6940855703125 0.671875 0.765625 0.671875
23 0.9703125 0.467727559375 0.6298447984375 0.467727559375 0.6298447984375 0.53735843125 0.9703125 0.53735843125 0.9703125 0.467727559375
23 1 0.4670931203125 0.7024119125 0.4670931203125 0.7024119125 0.5375 1 0.5375 1 0.4670931203125
23 0.9765625 0.6703125 0.9765625 0.34232382656250004 0.9071675765625 0.34232382656250004 0.9071675765625 0.6703125 0.9765625 0.6703125
23 0.9984375 0.6703125 0.9984375 0.343697565625 0.9764838515625 0.343697565625 0.9764838515625 0.6703125 0.9984375 0.6703125
23 0 0.2828125 0.065625 0.2828125 0.065625 0.0003722734375 0 0.0003722734375 0 0.2828125
23 0 0.1765625 0.240625 0.1765625 0.240625 0.104813340625 0 0.104813340625 0 0.1765625
23 0.3125 0.178125 0.3125 0.1041317109375 0.02982906875 0.1041317109375 0.02982906875 0.178125 0.3125 0.178125
23 0.2073720640625 0 0.2073720640625 0.28125 0.275 0.28125 0.275 0 0.2073720640625 0
23 0.453125 0.175 0.453125 0.10625 0.171875 0.10625 0.171875 0.175 0.453125 0.175
23 0.521875 0.175 0.521875 0.106921140625 0.2398856953125 0.106921140625 0.2398856953125 0.175 0.521875 0.175
23 0.4171875 0 0.4171875 0.28125 0.4859375 0.28125 0.4859375 0 0.4171875 0
23 0.6609375 0.175 0.6609375 0.10625 0.379928690625 0.10625 0.379928690625 0.175 0.6609375 0.175
23 0.7296875 0.1734375 0.7296875 0.1078125 0.4499790265625 0.1078125 0.4499790265625 0.1734375 0.7296875 0.1734375
23 0.6265625 0.2828125 0.6921875 0.2828125 0.6921875 0.0003722734375 0.6265625 0.0003722734375 0.6265625 0.2828125
23 0.86875 0.1056994546875 0.5859427421875 0.1056994546875 0.5859427421875 0.17784710625 0.86875 0.17784710625 0.86875 0.1056994546875
23 0.8328125 0.28125 0.8328125 0.00031459687499999997 0.7641201765625001 0.00031459687499999997 0.7641201765625001 0.28125 0.8328125 0.28125
23 0.8331533140625 0 0.8331533140625 0.2828125 0.9015625 0.2828125 0.9015625 0 0.8331533140625 0
23 0.9015992031250001 0 0.9015992031250001 0.28125 0.9671875 0.28125 0.9671875 0 0.9015992031250001 0
23 0.9700555796874999 0 0.9700555796874999 0.28125 0.9984375 0.28125 0.9984375 0 0.9700555796874999 0
23 0 0.53125 0.2734375 0.53125 0.2734375 0.4626730296875 0 0.4626730296875 0 0.53125
23 0.06875 0.6703125 0.06875 0.32748531875000003 0.000020973437499999997 0.32748531875000003 0.000020973437499999997 0.6703125 0.06875 0.6703125
23 1 0.8517145562499999 0.8517669890624999 0.8517145562499999 0.8517669890624999 0.8671875 1 0.8671875 1 0.8517145562499999
23 1 0.8083368296875 0.79389156875 0.8083368296875 0.79389156875 0.8796875 1 0.8796875 1 0.8083368296875
23 1 0.8118498328125 0.7247955125 0.8118498328125 0.7247955125 0.8796875 1 0.8796875 1 0.8118498328125
23 0.84375 0.9984375 0.84375 0.6942900578125 0.7718854875 0.6942900578125 0.7718854875 0.9984375 0.84375 0.9984375
23 0.8875 0.884375 0.8875 0.81300335625 0.5861839328125 0.81300335625 0.5861839328125 0.884375 0.8875 0.884375
23 0.815625 0.817297609375 0.520558934375 0.8172976078125 0.520558934375 0.8869284796875 0.815625 0.88692848125 0.815625 0.817297609375
23 0.746875 0.8859375 0.746875 0.8168886328125 0.4509752515625 0.8168886328125 0.4509752515625 0.8859375 0.746875 0.8859375
23 0.565588296875 1 0.565588296875 0.704703228125 0.49595742343750004 0.704703228125 0.49595742343750004 1 0.565588296875 1
23 0.4953125 0.9984375 0.4953125 0.701452390625 0.422042784375 0.701452390625 0.422042784375 0.9984375 0.4953125 0.9984375
23 0.4234375 0.9984375 0.4234375 0.697761115625 0.34949664375 0.697761115625 0.34949664375 0.9984375 0.4234375 0.9984375
23 0.4625 0.8859375 0.4625 0.8173028515625 0.168209940625 0.8173028515625 0.168209940625 0.8859375 0.4625 0.8859375
23 0.28125 0.712793625 0.2125 0.712793625 0.2125 0.9997063765625 0.28125 0.9997063765625 0.28125 0.712793625
23 0 0.8890625 0.1828125 0.8890625 0.1828125 0.8208368296874999 0 0.8208368296874999 0 0.8890625
23 0.14375 0.9984375 0.2125 0.9984375 0.2125 0.7184354015625 0.14375 0.7184354015625 0.14375 0.9984375
23 0 0.8921875 0.2484375 0.8921875 0.2484375 0.8234375 0 0.8234375 0 0.8921875