23 0.3453125 0.53125 0.3453125 0.4637059578125 0.0003041109375 0.4637059578125 0.0003041109375 0.53125 0.3453125 0.53125
23 0.415625 0.5296875 0.415625 0.46125209843750004 0.0678219375 0.46125209843750004 0.0678219375 0.5296875 0.415625 0.5296875
23 0.48423343125 0.53125 0.48423343125 0.464592071875 0.13607906875 0.464592071875 0.13607906875 0.53125 0.48423343125 0.53125
23 0.415625 0.32357906875000003 0.346875 0.32357906875000003 0.346875 0.6717334312500001 0.415625 0.6717334312500001 0.415625 0.32357906875000003
23 0.62278733125 0.53125 0.62278733125 0.46342281874999997 0.2771497484375 0.46342281874999997 0.2771497484375 0.53125 0.62278733125 0.53125
23 0.551525796875 0.3271812078125 0.48441170156249996 0.3271812078125 0.48441170156249996 0.6728187921875 0.551525796875 0.6728187921875 0.551525796875 0.3271812078125
23 0.7609375 0.5328125 0.7609375 0.4628355703125 0.415383809375 0.4628355703125 0.415383809375 0.5328125 0.7609375 0.5328125
23 0.69375 0.6703125 0.69375 0.3253880046875 0.62244651875 0.3253880046875 0.62244651875 0.6703125 0.69375 0.6703125
23 0.765625 0.32843959843750004 0.6951761750000001 0.32843959843750004 0.6951761750000001 0.6715604015625 0.765625 0.6715604015625 0.765625 0.32843959843750004
23 0.834375 0.671875 0.834375 0.3328229859375 0.7659658140625 0.3328229859375 0.7659658140625 0.671875 0.834375 0.671875
23 0.90625 0.6703125 0.90625 0.3337038578125 0.8353397656249999 0.3337038578125 0.8353397656249999 0.6703125 0.90625 0.6703125
23 1 0.4711881296875 0.7777265109375 0.4711881296875 0.7777265109375 0.540625 1 0.540625 1 0.4711881296875
23 0.9984375 0.6703125 0.9984375 0.343697565625 0.9764838515625 0.343697565625 0.9764838515625 0.6703125 0.9984375 0.6703125
23 0 0.175 0.1734375 0.175 0.1734375 0.10818477343749999 0 0.10818477343749999 0 0.175
23 0.1359375 0.28125 0.1359375 0.00031459687499999997 0.065383809375 0.00031459687499999997 0.065383809375 0.28125 0.1359375 0.28125
23 0.3125 0.178125 0.3125 0.10392197968750001 0.030573615625 0.10392197968750001 0.030573615625 0.178125 0.3125 0.178125
23 0.38125 0.175 0.38125 0.10625 0.10077600625000001 0.10625 0.10077600625000001 0.175 0.38125 0.175
23 0.453125 0.175 0.453125 0.10625 0.171875 0.10625 0.171875 0.175 0.453125 0.175
23 0.521875 0.175 0.521875 0.1070050328125 0.23914114843749998 0.1070050328125 0.23914114843749998 0.175 0.521875 0.175
23 0.5921875 0.175 0.5921875 0.10625 0.3111367453125 0.10625 0.3111367453125 0.175 0.5921875 0.175
23 0.4859375 0 0.4859375 0.28125 0.5546875 0.28125 0.5546875 0 0.4859375 0
23 0.621875 0.28125 0.621875 0.00031459687499999997 0.55702600625 0.00031459687499999997 0.55702600625 0.28125 0.621875 0.28125
23 0.8 0.1734375 0.8 0.10824244999999999 0.5172451765625 0.10824244999999999 0.5172451765625 0.1734375 0.8 0.1734375
23 0.6912699250000001 0 0.6912699250000001 0.2828125 0.763417575 0.2828125 0.763417575 0 0.6912699250000001 0
23 0.9390625 0.175 0.9390625 0.1062657296875 0.65845218125 0.1062657296875 0.65845218125 0.175 0.9390625 0.175
23 0.8331533140625 0 0.8331533140625 0.2828125 0.9015625 0.2828125 0.9015625 0 0.8331533140625 0
23 0.9015992031250001 0 0.9015992031250001 0.28125 0.9671875 0.28125 0.9671875 0 0.9015992031250001 0
23 1 0.12558200625 0.84375 0.12558200625 0.84375 0.1546875 1 0.1546875 1 0.12558200625
23 0.1371591859375 0.3253145984375 0.0675283140625 0.3253145984375 0.0675283140625 0.6684354015625 0.1371591859375 0.6684354015625 0.1371591859375 0.3253145984375
23 0.06875 0.6703125 0.06875 0.32748531875000003 0.000020973437499999997 0.32748531875000003 0.000020973437499999997 0.6703125 0.06875 0.6703125
23 1 0.7195417359375 0.983425965625 0.7195417359375 0.983425965625 0.9984375 1 0.9984375 1 0.7195417359375
23 1 0.8083368296875 0.79389156875 0.8083368296875 0.79389156875 0.8796875 1 0.8796875 1 0.8083368296875
23 1 0.8114723156249999 0.7240299921875 0.8114723156249999 0.7240299921875 0.8796875 1 0.8796875 1 0.8114723156249999
23 0.771875 0.9984375 0.84375 0.9984375 0.84375 0.6949716859375 0.771875 0.6949716859375 0.771875 0.9984375
23 0.8875 0.884375 0.8875 0.81300335625 0.5861839328125 0.81300335625 0.5861839328125 0.884375 0.8875 0.884375
23 0.815625 0.8177695046875 0.5205484484375 0.81776950625 0.5205484484375 0.887400378125 0.815625 0.8874003765625 0.815625 0.8177695046875
23 0.634375 0.9984375 0.634375 0.7029677015625 0.5647913171875001 0.7029677015625 0.5647913171875001 0.9984375 0.634375 0.9984375
23 0.678125 0.8176856109375 0.3829645546875 0.8176856109375 0.3829645546875 0.8873164843750001 0.678125 0.8873164843750001 0.678125 0.8176856109375
23 0.6078125 0.8875 0.6078125 0.81327600625 0.31009332968750003 0.81327600625 0.31009332968750003 0.8875 0.6078125 0.8875
23 0.5375 0.8859375 0.5375 0.8113255015625 0.2363831796875 0.8113255015625 0.2363831796875 0.8859375 0.5375 0.8859375
23 0.4625 0.8859375 0.4625 0.8177642609375001 0.1681994546875 0.8177642609375001 0.1681994546875 0.8859375 0.4625 0.8859375
23 0.28125 1 0.28125 0.7133808734375 0.2125 0.7133808734375 0.2125 1 0.28125 1
23 0 0.8890625 0.1828125 0.8890625 0.1828125 0.82094169375 0 0.82094169375 0 0.8890625
23 0.14375 0.9984375 0.2125 0.9984375 0.2125 0.7184354015625 0.14375 0.7184354015625 0.14375 0.9984375
23 0 0.8921875 0.2484375 0.8921875 0.2484375 0.8234375 0 0.8234375 0 0.8921875