23 0.84921875 0.3171875 0.784375 0.3171875 0.784375 0.6390625 0.84921875 0.6390625 0.84921875 0.3171875
23 0.78515625 0.3140625 0.7203125 0.3140625 0.7203125 0.63828125 0.78515625 0.63828125 0.78515625 0.3140625
23 0.7203125 0.315625 0.6578125 0.315625 0.6578125 0.63984375 0.7203125 0.63984375 0.7203125 0.315625
23 0.65546875 0.315625 0.590625 0.315625 0.590625 0.63984375 0.65546875 0.63984375 0.65546875 0.315625
23 0.59140625 0.3171875 0.5265625 0.3171875 0.5265625 0.6390625 0.59140625 0.6390625 0.59140625 0.3171875
23 0.5265625 0.31875 0.4640625 0.31875 0.4640625 0.640625 0.5265625 0.640625 0.5265625 0.31875
23 0.4640625 0.3171875 0.396875 0.3171875 0.396875 0.6390625 0.4640625 0.6390625 0.4640625 0.3171875
23 0.3984375 0.3171875 0.33125 0.3171875 0.33125 0.6390625 0.3984375 0.6390625 0.3984375 0.3171875
23 0.33125 0.3203125 0.2640625 0.3203125 0.2640625 0.63984375 0.33125 0.63984375 0.33125 0.3203125
23 0.26484375 0.3234375 0.2 0.3234375 0.2 0.640625 0.26484375 0.640625 0.26484375 0.3234375
23 0.2 0.325 0.1328125 0.325 0.1328125 0.63984375 0.2 0.63984375 0.2 0.325
23 0.13359375 0.3328125 0.06875 0.3328125 0.06875 0.63828125 0.13359375 0.63828125 0.13359375 0.3328125
23 0 0.6390625 0.06875 0.6390625 0.06875 0.334375 0 0.334375 0 0.6390625
23 0.915625 0 0.915625 0.278125 0.9828125 0.278125 0.9828125 0 0.915625 0
23 0.85 0 0.85 0.2765625 0.9171875 0.2765625 0.9171875 0 0.85 0
23 0.7828125 0 0.7828125 0.278125 0.853125 0.278125 0.853125 0 0.7828125 0
23 0.7203125 0 0.7203125 0.2765625 0.78515625 0.2765625 0.78515625 0 0.7203125 0
23 0.6546875 0 0.6546875 0.2765625 0.71953125 0.2765625 0.71953125 0 0.6546875 0
23 0.65546875 0.0015625 0.590625 0.0015625 0.590625 0.278125 0.65546875 0.278125 0.65546875 0.0015625
23 0.525 0 0.525 0.2765625 0.58984375 0.2765625 0.58984375 0 0.525 0
23 0.4609375 0 0.4609375 0.2765625 0.52578125 0.2765625 0.52578125 0 0.4609375 0
23 0.396875 0 0.396875 0.2765625 0.459375 0.2765625 0.459375 0 0.396875 0
23 0.3953125 0.0015625 0.3328125 0.0015625 0.3328125 0.278125 0.3953125 0.278125 0.3953125 0.0015625
23 0.2671875 0 0.2671875 0.278125 0.334375 0.278125 0.334375 0 0.2671875 0
23 0.2015625 0 0.2015625 0.2765625 0.26640625 0.2765625 0.26640625 0 0.2015625 0
23 0.20234375 0.0015625 0.1375 0.0015625 0.1375 0.278125 0.20234375 0.278125 0.20234375 0.0015625
23 0.0765625 0 0.0765625 0.2765625 0.1390625 0.2765625 0.1390625 0 0.0765625 0
23 0.0078125 0 0.0078125 0.2765625 0.075 0.2765625 0.075 0 0.0078125 0
23 0.91484375 0.3171875 0.85 0.3171875 0.85 0.63671875 0.91484375 0.63671875 0.91484375 0.3171875
23 0.97890625 0.31875 0.9140625 0.31875 0.9140625 0.63828125 0.97890625 0.63828125 0.97890625 0.31875
23 0 0.99921875 0.0625 0.99921875 0.0625 0.684375 0 0.684375 0 0.99921875
23 0.128125 1 0.128125 0.65625 0.0609375 0.65625 0.0609375 1 0.128125 1
23 0.19296875 0.659375 0.128125 0.659375 0.128125 0.99609375 0.19296875 0.99609375 0.19296875 0.659375
23 0.259375 0.6609375 0.1921875 0.6609375 0.1921875 0.9953125 0.259375 0.9953125 0.259375 0.6609375
23 0.325 0.6640625 0.2578125 0.6640625 0.2578125 0.9984375 0.325 0.9984375 0.325 0.6640625
23 0.38828125 0.6703125 0.3234375 0.6703125 0.3234375 0.996875 0.38828125 0.996875 0.38828125 0.6703125
23 0.45234375 0.66875 0.3875 0.66875 0.3875 0.9984375 0.45234375 0.9984375 0.45234375 0.66875
23 0.51640625 1 0.51640625 0.6703125 0.4515625 0.6703125 0.4515625 1 0.51640625 1
23 0.58515625 0.6671875 0.515625 0.6671875 0.515625 0.996875 0.58515625 0.996875 0.58515625 0.6671875
23 0.65234375 0.6640625 0.5828125 0.6640625 0.5828125 0.9984375 0.65234375 0.9984375 0.65234375 0.6640625
23 0.71640625 0.6703125 0.6515625 0.6703125 0.6515625 0.99453125 0.71640625 0.99453125 0.71640625 0.6703125
23 0.78046875 0.678125 0.715625 0.678125 0.715625 0.9953125 0.78046875 0.9953125 0.78046875 0.678125
23 0.97421875 0.6765625 0.909375 0.6765625 0.909375 0.99375 0.97421875 0.99375 0.97421875 0.6765625
23 0.84453125 0.6828125 0.7796875 0.6828125 0.7796875 0.99765625 0.84453125 0.99765625 0.84453125 0.6828125
23 0.91015625 0.68125 0.8453125 0.68125 0.8453125 0.99609375 0.91015625 0.99609375 0.91015625 0.68125