23 0.655859375 0.4453125 0.655859375 0.51015625 0.9765625 0.51015625 0.9765625 0.4453125 0.655859375 0.4453125
23 0.784375 0.6375 0.784375 0.314453125 0.720703125 0.314453125 0.720703125 0.6375 0.784375 0.6375
23 0.7203125 0.315234375 0.6578125 0.315234375 0.6578125 0.6390625 0.7203125 0.6390625 0.7203125 0.315234375
23 0.784375 0.509375 0.784375 0.444921875 0.461328125 0.444921875 0.461328125 0.509375 0.784375 0.509375
23 0.5265625 0.3171875 0.5265625 0.6390625 0.590625 0.6390625 0.590625 0.3171875 0.5265625 0.3171875
23 0.4640625 0.31875 0.4640625 0.640625 0.5265625 0.640625 0.5265625 0.31875 0.4640625 0.31875
23 0.590625 0.5109375 0.590625 0.44453125 0.26953125 0.44453125 0.26953125 0.5109375 0.590625 0.5109375
23 0.525 0.5109375 0.525 0.44453125 0.20390625 0.44453125 0.20390625 0.5109375 0.525 0.5109375
23 0.45703125 0.5125 0.45703125 0.446484375 0.1375 0.446484375 0.1375 0.5125 0.45703125 0.5125
23 0.199609375 0.3234375 0.199609375 0.640625 0.2640625 0.640625 0.2640625 0.3234375 0.199609375 0.3234375
23 0.3234375 0.448828125 0.00859375 0.448828125 0.00859375 0.515625 0.3234375 0.515625 0.3234375 0.448828125
23 0.1328125 0.6375 0.1328125 0.333203125 0.068359375 0.333203125 0.068359375 0.6375 0.1328125 0.6375
23 0 0.5203125 0.1859375 0.5203125 0.1859375 0.45234375 0 0.45234375 0 0.5203125
23 0.915625 0 0.915625 0.278125 0.9828125 0.278125 0.9828125 0 0.915625 0
23 1 0.1046875 0.7453125 0.1046875 0.7453125 0.171875 1 0.171875 1 0.1046875
23 0.7828125 0 0.7828125 0.278125 0.853125 0.278125 0.853125 0 0.7828125 0
23 0.7203125 0 0.7203125 0.2765625 0.784375 0.2765625 0.784375 0 0.7203125 0
23 0.548828125 0.10625 0.548828125 0.1703125 0.825 0.1703125 0.825 0.10625 0.548828125 0.10625
23 0.591015625 0.0015625 0.591015625 0.278125 0.6546875 0.278125 0.6546875 0.0015625 0.591015625 0.0015625
23 0.524609375 0 0.524609375 0.2765625 0.5890625 0.2765625 0.5890625 0 0.524609375 0
23 0.4609375 0 0.4609375 0.2765625 0.525 0.2765625 0.525 0 0.4609375 0
23 0.565625 0.16875 0.565625 0.10703125 0.28984375 0.10703125 0.28984375 0.16875 0.565625 0.16875
23 0.3328125 0.0015625 0.3328125 0.278125 0.3953125 0.278125 0.3953125 0.0015625 0.3328125 0.0015625
23 0.2671875 0 0.2671875 0.278125 0.334375 0.278125 0.334375 0 0.2671875 0
23 0.371875 0.10625 0.095703125 0.10625 0.095703125 0.1703125 0.371875 0.1703125 0.371875 0.10625
23 0.3078125 0.10703125 0.031640625 0.10703125 0.031640625 0.171875 0.3078125 0.171875 0.3078125 0.10703125
23 0.0765625 0 0.0765625 0.2765625 0.1390625 0.2765625 0.1390625 0 0.0765625 0
23 0 0.171875 0.1796875 0.171875 0.1796875 0.1046875 0 0.1046875 0 0.171875
23 0.9140625 0.6359375 0.9140625 0.316796875 0.849609375 0.316796875 0.849609375 0.6359375 0.9140625 0.6359375
23 1 0.446484375 0.786328125 0.446484375 0.786328125 0.509375 1 0.509375 1 0.446484375
23 0 0.871875 0.18828125 0.871875 0.18828125 0.810546875 0 0.810546875 0 0.871875
23 0 0.8609375 0.265625 0.8609375 0.265625 0.79453125 0 0.79453125 0 0.8609375
23 0 0.859375 0.328125 0.859375 0.328125 0.795703125 0 0.795703125 0 0.859375
23 0.3921875 0.8609375 0.3921875 0.79453125 0.05859375 0.79453125 0.05859375 0.8609375 0.3921875 0.8609375
23 0.2578125 0.6640625 0.2578125 0.9984375 0.325 0.9984375 0.325 0.6640625 0.2578125 0.6640625
23 0.3234375 0.6703125 0.3234375 0.996875 0.3875 0.996875 0.3875 0.6703125 0.3234375 0.6703125
23 0.387109375 0.66875 0.387109375 0.9984375 0.4515625 0.9984375 0.4515625 0.66875 0.387109375 0.66875
23 0.515625 1 0.515625 0.6703125 0.451953125 0.6703125 0.451953125 1 0.515625 1
23 0.516015625 0.6671875 0.516015625 0.996875 0.584375 0.996875 0.584375 0.6671875 0.516015625 0.6671875
23 0.583203125 0.6640625 0.583203125 0.9984375 0.6515625 0.9984375 0.6515625 0.6640625 0.583203125 0.6640625
23 0.715625 0.99375 0.715625 0.670703125 0.651953125 0.670703125 0.651953125 0.99375 0.715625 0.99375
23 0.715234375 0.678125 0.715234375 0.9953125 0.7796875 0.9953125 0.7796875 0.678125 0.715234375 0.678125
23 0.908984375 0.6765625 0.908984375 0.99375 0.9734375 0.99375 0.9734375 0.6765625 0.908984375 0.6765625
23 0.84375 0.996875 0.84375 0.683203125 0.780078125 0.683203125 0.780078125 0.996875 0.84375 0.996875
23 0.909375 0.9953125 0.909375 0.680859375 0.845703125 0.680859375 0.845703125 0.9953125 0.909375 0.9953125