23 0.20805369062499998 0.32550335625 0.13842281875 0.32550335625 0.13842281875 0.6711409390624999 0.20805369062499998 0.6711409390624999 0.20805369062499998 0.32550335625
23 0.2768456375 0.3221476515625 0.207214765625 0.3221476515625 0.207214765625 0.6703020140625 0.2768456375 0.6703020140625 0.2768456375 0.3221476515625
23 0.34395973125 0.323825503125 0.2768456375 0.323825503125 0.2768456375 0.671979865625 0.34395973125 0.671979865625 0.34395973125 0.323825503125
23 0.4161073828125 0.323825503125 0.346476509375 0.323825503125 0.346476509375 0.671979865625 0.4161073828125 0.671979865625 0.4161073828125 0.323825503125
23 0.48489932812500003 0.32550335625 0.41526845625000003 0.32550335625 0.41526845625000003 0.6711409390624999 0.48489932812500003 0.6711409390624999 0.48489932812500003 0.32550335625
23 0.5520134234375 0.3271812078125 0.48489932812500003 0.3271812078125 0.48489932812500003 0.6728187921875 0.5520134234375 0.6728187921875 0.5520134234375 0.3271812078125
23 0.6241610734374999 0.32550335625 0.5520134234375 0.32550335625 0.5520134234375 0.6711409390624999 0.6241610734374999 0.6711409390624999 0.6241610734374999 0.32550335625
23 0.694630871875 0.32550335625 0.6224832218749999 0.32550335625 0.6224832218749999 0.6711409390624999 0.694630871875 0.6711409390624999 0.694630871875 0.32550335625
23 0.7667785234375 0.3288590609375 0.694630871875 0.3288590609375 0.694630871875 0.671979865625 0.7667785234375 0.671979865625 0.7667785234375 0.3288590609375
23 0.8355704703125 0.33221476562499996 0.765939596875 0.33221476562499996 0.765939596875 0.6728187921875 0.8355704703125 0.6728187921875 0.8355704703125 0.33221476562499996
23 0.9077181203125001 0.33389261718749996 0.8355704703125 0.33389261718749996 0.8355704703125 0.671979865625 0.9077181203125001 0.671979865625 0.9077181203125001 0.33389261718749996
23 0.9765100671875 0.3422818796875 0.9068791953125 0.3422818796875 0.9068791953125 0.6703020140625 0.9765100671875 0.6703020140625 0.9765100671875 0.3422818796875
23 1 0.34395973125 0.9765100671875 0.34395973125 0.9765100671875 0.6711409390624999 1 0.6711409390624999 1 0.34395973125
23 0 0 0 0.283557046875 0.06711409375 0.283557046875 0.06711409375 0 0 0
23 0.06543624218750001 0 0.06543624218750001 0.2818791953125 0.1375838921875 0.2818791953125 0.1375838921875 0 0.06543624218750001 0
23 0.1342281875 0 0.1342281875 0.283557046875 0.20973154374999997 0.283557046875 0.20973154374999997 0 0.1342281875 0
23 0.207214765625 0 0.207214765625 0.2818791953125 0.2768456375 0.2818791953125 0.2768456375 0 0.207214765625 0
23 0.2776845640625 0 0.2776845640625 0.2818791953125 0.3473154359375 0.2818791953125 0.3473154359375 0 0.2776845640625 0
23 0.346476509375 0 0.346476509375 0.283557046875 0.4161073828125 0.283557046875 0.4161073828125 0 0.346476509375 0
23 0.416946309375 0 0.416946309375 0.2818791953125 0.48657718125000005 0.2818791953125 0.48657718125000005 0 0.416946309375 0
23 0.4857382546875 0 0.4857382546875 0.2818791953125 0.555369128125 0.2818791953125 0.555369128125 0 0.4857382546875 0
23 0.5570469796874999 0 0.5570469796874999 0.2818791953125 0.6241610734374999 0.2818791953125 0.6241610734374999 0 0.5570469796874999 0
23 0.6258389265625001 0 0.6258389265625001 0.283557046875 0.6929530203125001 0.283557046875 0.6929530203125001 0 0.6258389265625001 0
23 0.6912751671875 0 0.6912751671875 0.283557046875 0.76342281875 0.283557046875 0.76342281875 0 0.6912751671875 0
23 0.7642617453125 0 0.7642617453125 0.2818791953125 0.8338926171875001 0.2818791953125 0.8338926171875001 0 0.7642617453125 0
23 0.833053690625 0 0.833053690625 0.283557046875 0.9026845640625 0.283557046875 0.9026845640625 0 0.833053690625 0
23 0.9010067109375001 0 0.9010067109375001 0.2818791953125 0.9681208046875 0.2818791953125 0.9681208046875 0 0.9010067109375001 0
23 0.9697986578125001 0 0.9697986578125001 0.2818791953125 1 0.2818791953125 1 0 0.9697986578125001 0
23 0.1375838921875 0.32550335625 0.0679530203125 0.32550335625 0.0679530203125 0.6686241609375 0.1375838921875 0.6686241609375 0.1375838921875 0.32550335625
23 0 0.6703020140625 0.068791946875 0.6703020140625 0.068791946875 0.3271812078125 0 0.3271812078125 0 0.6703020140625
23 1 0.7197986578125 0.9832214765625 0.7197986578125 0.9832214765625 1 1 1 1 0.7197986578125
23 0.9848993281249999 1 0.9848993281249999 0.689597315625 0.912751678125 0.689597315625 0.912751678125 1 0.9848993281249999 1
23 0.912751678125 1 0.912751678125 0.6929530203125001 0.8431208046875 0.6929530203125001 0.8431208046875 1 0.912751678125 1
23 0.84395973125 1 0.84395973125 0.694630871875 0.77181208125 0.694630871875 0.77181208125 1 0.84395973125 1
23 0.7734899328125 1 0.7734899328125 0.6979865765625 0.70134228125 0.6979865765625 0.70134228125 1 0.7734899328125 1
23 0.703020134375 1 0.703020134375 0.7046979859375 0.6333892624999999 0.7046979859375 0.6333892624999999 1 0.703020134375 1
23 0.6342281875 1 0.6342281875 0.703020134375 0.564597315625 0.703020134375 0.564597315625 1 0.6342281875 1
23 0.5654362421875 1 0.5654362421875 0.7046979859375 0.49580536875 0.7046979859375 0.49580536875 1 0.5654362421875 1
23 0.4966442953125 1 0.4966442953125 0.70134228125 0.421979865625 0.70134228125 0.421979865625 1 0.4966442953125 1
23 0.42449664374999996 1 0.42449664374999996 0.6979865765625 0.3498322140625 0.6979865765625 0.3498322140625 1 0.42449664374999996 1
23 0.350671140625 1 0.350671140625 0.7046979859375 0.28104026875 0.7046979859375 0.28104026875 1 0.350671140625 1
23 0.2818791953125 1 0.2818791953125 0.7130872484374999 0.21224832187499998 0.7130872484374999 0.21224832187499998 1 0.2818791953125 1
23 0.073825503125 1 0.073825503125 0.7114093953125 0.00419463125 0.7114093953125 0.00419463125 1 0.073825503125 1
23 0.21308724843750002 1 0.21308724843750002 0.7181208046875 0.14345637656250002 0.7181208046875 0.14345637656250002 1 0.21308724843750002 1
23 0.14261744999999998 1 0.14261744999999998 0.716442953125 0.0729865765625 0.716442953125 0.0729865765625 1 0.14261744999999998 1