23 0.784765625 0.3171875 0.784765625 0.6390625 0.8484375 0.6390625 0.8484375 0.3171875 0.784765625 0.3171875
23 0.7203125 0.6375 0.784375 0.6375 0.784375 0.3140625 0.7203125 0.3140625 0.7203125 0.6375
23 0.7203125 0.316015625 0.6578125 0.316015625 0.6578125 0.6390625 0.7203125 0.6390625 0.7203125 0.316015625
23 0.784375 0.509375 0.784375 0.445703125 0.460546875 0.445703125 0.460546875 0.509375 0.784375 0.509375
23 0.398046875 0.4453125 0.398046875 0.509375 0.71875 0.509375 0.71875 0.4453125 0.398046875 0.4453125
23 0.334375 0.4484375 0.334375 0.5109375 0.65625 0.5109375 0.65625 0.4484375 0.334375 0.4484375
23 0.590625 0.5109375 0.590625 0.44453125 0.26953125 0.44453125 0.26953125 0.5109375 0.590625 0.5109375
23 0.33125 0.3171875 0.33125 0.6390625 0.3984375 0.6390625 0.3984375 0.3171875 0.33125 0.3171875
23 0.45703125 0.5125 0.45703125 0.446484375 0.1375 0.446484375 0.1375 0.5125 0.45703125 0.5125
23 0.390625 0.5140625 0.390625 0.45 0.073828125 0.45 0.073828125 0.5140625 0.390625 0.5140625
23 0.3234375 0.448828125 0.00859375 0.448828125 0.00859375 0.515625 0.3234375 0.515625 0.3234375 0.448828125
23 0.1328125 0.6375 0.1328125 0.3328125 0.069140625 0.3328125 0.069140625 0.6375 0.1328125 0.6375
23 0 0.5203125 0.1859375 0.5203125 0.1859375 0.45234375 0 0.45234375 0 0.5203125
23 1 0.10546875 0.81015625 0.10546875 0.81015625 0.171875 1 0.171875 1 0.10546875
23 0.85 0 0.85 0.2765625 0.9171875 0.2765625 0.9171875 0 0.85 0
23 0.95625 0.1734375 0.95625 0.10390625 0.67890625 0.10390625 0.67890625 0.1734375 0.95625 0.1734375
23 0.720703125 0 0.720703125 0.2765625 0.784375 0.2765625 0.784375 0 0.720703125 0
23 0.655078125 0 0.655078125 0.2765625 0.71875 0.2765625 0.71875 0 0.655078125 0
23 0.590234375 0.0015625 0.590234375 0.278125 0.6546875 0.278125 0.6546875 0.0015625 0.590234375 0.0015625
23 0.6953125 0.1703125 0.6953125 0.10625 0.419140625 0.10625 0.419140625 0.1703125 0.6953125 0.1703125
23 0.63125 0.10625 0.355078125 0.10625 0.355078125 0.1703125 0.63125 0.1703125 0.63125 0.10625
23 0.396875 0 0.396875 0.2765625 0.459375 0.2765625 0.459375 0 0.396875 0
23 0.3328125 0.0015625 0.3328125 0.278125 0.3953125 0.278125 0.3953125 0.0015625 0.3328125 0.0015625
23 0.4390625 0.171875 0.4390625 0.10546875 0.16171875 0.10546875 0.16171875 0.171875 0.4390625 0.171875
23 0.201953125 0 0.201953125 0.2765625 0.265625 0.2765625 0.265625 0 0.201953125 0
23 0.3078125 0.10703125 0.031640625 0.10703125 0.031640625 0.171875 0.3078125 0.171875 0.3078125 0.10703125
23 0 0.16875 0.2453125 0.16875 0.2453125 0.10703125 0 0.10703125 0 0.16875
23 0.0078125 0 0.0078125 0.2765625 0.075 0.2765625 0.075 0 0.0078125 0
23 0.9140625 0.6359375 0.9140625 0.316796875 0.849609375 0.316796875 0.849609375 0.6359375 0.9140625 0.6359375
23 1 0.445703125 0.787109375 0.445703125 0.787109375 0.509375 1 0.509375 1 0.445703125
23 0 0.9984375 0.0625 0.9984375 0.0625 0.684765625 0 0.684765625 0 0.9984375
23 0.128125 1 0.128125 0.65625 0.0609375 0.65625 0.0609375 1 0.128125 1
23 0 0.859375 0.328125 0.859375 0.328125 0.795703125 0 0.795703125 0 0.859375
23 0.3921875 0.8609375 0.3921875 0.79453125 0.05859375 0.79453125 0.05859375 0.8609375 0.3921875 0.8609375
23 0.2578125 0.6640625 0.2578125 0.9984375 0.325 0.9984375 0.325 0.6640625 0.2578125 0.6640625
23 0.3234375 0.6703125 0.3234375 0.996875 0.3875 0.996875 0.3875 0.6703125 0.3234375 0.6703125
23 0.584375 0.80078125 0.255078125 0.80078125 0.255078125 0.865625 0.584375 0.865625 0.584375 0.80078125
23 0.6484375 0.803125 0.319140625 0.803125 0.319140625 0.8671875 0.6484375 0.8671875 0.6484375 0.803125
23 0.7140625 0.865625 0.7140625 0.79765625 0.385546875 0.79765625 0.385546875 0.865625 0.7140625 0.865625
23 0.582421875 0.6640625 0.582421875 0.9984375 0.6515625 0.9984375 0.6515625 0.6640625 0.582421875 0.6640625
23 0.8453125 0.8640625 0.8453125 0.8 0.522265625 0.8 0.522265625 0.8640625 0.8453125 0.8640625
23 0.90625 0.80390625 0.589453125 0.80390625 0.589453125 0.86875 0.90625 0.86875 0.90625 0.80390625
23 0.908984375 0.6765625 0.908984375 0.99375 0.9734375 0.99375 0.9734375 0.6765625 0.908984375 0.6765625
23 0.96875 0.871875 0.96875 0.8078125 0.655078125 0.8078125 0.655078125 0.871875 0.96875 0.871875
23 1 0.806640625 0.720703125 0.806640625 0.720703125 0.8703125 1 0.8703125 1 0.806640625