23 0 0.928125 0.075 0.928125 0.075 0.75788738125 0 0.75788738125 0 0.928125
23 0.028125 0.8828125 0.19938098906249999 0.8828125 0.19938098906249999 0.8021615421874999 0.028125 0.802161540625 0.028125 0.8828125
23 0.153125 0.9328125 0.2390625 0.9328125 0.2390625 0.757435603125 0.153125 0.757435603125 0.153125 0.9328125
23 0.2359375 0.93125 0.31875 0.93125 0.31875 0.755873103125 0.2359375 0.755873103125 0.2359375 0.93125
23 0.3953125 0.9265625 0.3953125 0.75625 0.3178938703125 0.75625 0.3178938703125 0.9265625 0.3953125 0.9265625
23 0.525 0.884375 0.525 0.803125 0.348524859375 0.803125 0.348524859375 0.884375 0.525 0.884375
23 0.5546875 0.93125 0.5546875 0.755873103125 0.47805011875 0.755873103125 0.47805011875 0.93125 0.5546875 0.93125
23 0.5109375 0.88125 0.68125 0.88125 0.68125 0.8004892187499999 0.5109375 0.8004892187499999 0.5109375 0.88125
23 0.7203125 0.93125 0.7203125 0.75530900625 0.6369708484375 0.75530900625 0.6369708484375 0.93125 0.7203125 0.93125
23 0.8484375 0.8828125 0.8484375 0.8021615421874999 0.6728409546874999 0.8021615421874999 0.6728409546874999 0.8828125 0.8484375 0.8828125
23 0.8015625 0.928125 0.8796875 0.928125 0.8796875 0.752748103125 0.8015625 0.752748103125 0.8015625 0.928125
23 0.88125 0.921875 0.95625 0.921875 0.95625 0.7523737015624999 0.88125 0.7523737015624999 0.88125 0.921875
23 0.9996904953125 0.915625 0.9996904953125 0.752887878125 0.9565595046875 0.752887878125 0.9565595046875 0.915625 0.9996904953125 0.915625
23 0.0765625 0.7140625 0.1546875 0.7140625 0.1546875 0.5849041546875 0.0765625 0.5849041546875 0.0765625 0.7140625
23 0.25625 0.6875 0.25625 0.6125 0.1296325875 0.6125 0.1296325875 0.6875 0.25625 0.6875
23 0.3 0.709375 0.3 0.584375 0.23086311875 0.584375 0.23086311875 0.709375 0.3 0.709375
23 0.3734375 0.7109375 0.3734375 0.58678614375 0.3006614421875 0.58678614375 0.3006614421875 0.7109375 0.3734375 0.7109375
23 0.47902855312500003 0.6875 0.47902855312500003 0.6133436515625 0.3488368609375 0.6133436515625 0.3488368609375 0.6875 0.47902855312500003 0.6875
23 0.4515625 0.715625 0.5265625 0.715625 0.5265625 0.586057309375 0.4515625 0.586057309375 0.4515625 0.715625
23 0.6265625 0.6859375 0.6265625 0.6156324890625 0.49660043906249995 0.6156324890625 0.49660043906249995 0.6859375 0.6265625 0.6859375
23 0.7 0.6859375 0.7 0.6164761375000001 0.5728883796875001 0.6164761375000001 0.5728883796875001 0.6859375 0.7 0.6859375
23 0.7733676125 0.6890625 0.7733676125 0.6141074265625 0.6455720859375 0.6141074265625 0.6455720859375 0.6890625 0.7733676125 0.6890625
23 0.821875 0.7125 0.821875 0.5875 0.7472169531249999 0.5875 0.7472169531249999 0.7125 0.821875 0.7125
23 0.8210712859375 0.5875 0.8210712859375 0.7125 0.8945537140625 0.7125 0.8945537140625 0.5875 0.8210712859375 0.5875
23 0.99375 0.6859375 0.99375 0.6153204859375 0.8703674124999999 0.6153204859375 0.8703674124999999 0.6859375 0.99375 0.6859375
23 0.203125 0.4875 0.203125 0.40625 0.0011880984375 0.40625 0.0011880984375 0.4875 0.203125 0.4875
23 0.23125 0.5484375 0.23125 0.3453125 0.145584565625 0.3453125 0.145584565625 0.5484375 0.23125 0.5484375
23 0.3703125 0.4859375 0.3703125 0.4058406546875 0.1729308109375 0.40584065625 0.1729308109375 0.4859375 0.3703125 0.4859375
23 0.4515625 0.406876496875 0.2543655171875 0.4068764984375 0.2543655171875 0.488346146875 0.4515625 0.48834614531250004 0.4515625 0.406876496875
23 0.4734375 0.546875 0.4734375 0.3484375 0.393640175 0.3484375 0.393640175 0.546875 0.4734375 0.546875
23 0.615625 0.4875 0.615625 0.40653454375000003 0.41730481406250003 0.40653454375000003 0.41730481406250003 0.4875 0.615625 0.4875
23 0.696875 0.4890625 0.696875 0.40835163906250005 0.49873951562499996 0.40835163906250005 0.49873951562499996 0.4890625 0.696875 0.4890625
23 0.6393170921875 0.35 0.6393170921875 0.5484375 0.7231829078125 0.5484375 0.7231829078125 0.35 0.6393170921875 0.35
23 0.8046875 0.546875 0.8046875 0.3484375 0.7229108421875 0.3484375 0.7229108421875 0.546875 0.8046875 0.546875
23 0.80625 0.546875 0.88125 0.546875 0.88125 0.3484375 0.80625 0.3484375 0.80625 0.546875
23 0.96875 0.5484375 0.96875 0.35 0.883341653125 0.35 0.883341653125 0.5484375 0.96875 0.5484375