23 1 0.75 0.9203125 0.75 0.9203125 0.91796875 1 0.91796875 1 0.75
23 0.921875 0.75 0.8421875 0.75 0.8421875 0.91796875 0.921875 0.91796875 0.921875 0.75
23 0.84375 0.75 0.759375 0.75 0.759375 0.9234375 0.84375 0.9234375 0.84375 0.75
23 0.76328125 0.7484375 0.68125 0.7484375 0.68125 0.921875 0.76328125 0.921875 0.76328125 0.7484375
23 0.6828125 0.7484375 0.60625 0.7484375 0.60625 0.91640625 0.6828125 0.91640625 0.6828125 0.7484375
23 0.60625 0.7484375 0.5265625 0.7484375 0.5265625 0.921875 0.60625 0.921875 0.60625 0.7484375
23 0.5265625 0.7484375 0.45 0.7484375 0.45 0.921875 0.5265625 0.921875 0.5265625 0.7484375
23 0.45 0.7484375 0.3703125 0.7484375 0.3703125 0.91640625 0.45 0.91640625 0.45 0.7484375
23 0.37109375 0.7484375 0.2890625 0.7484375 0.2890625 0.921875 0.37109375 0.921875 0.37109375 0.7484375
23 0.2890625 0.746875 0.209375 0.746875 0.209375 0.9203125 0.2890625 0.9203125 0.2890625 0.746875
23 0.209375 0.7453125 0.1328125 0.7453125 0.1328125 0.91875 0.209375 0.91875 0.209375 0.7453125
23 0.13203125 0.7453125 0.0578125 0.7453125 0.0578125 0.91328125 0.13203125 0.91328125 0.13203125 0.7453125
23 0 0.90625 0.0578125 0.90625 0.0578125 0.7453125 0 0.7453125 0 0.90625
23 0.91875 0.58125 0.8421875 0.58125 0.8421875 0.70859375 0.91875 0.70859375 0.91875 0.58125
23 0.84140625 0.5828125 0.7671875 0.5828125 0.7671875 0.7078125 0.84140625 0.7078125 0.84140625 0.5828125
23 0.76796875 0.58125 0.6984375 0.58125 0.6984375 0.70390625 0.76796875 0.70390625 0.76796875 0.58125
23 0.7 0.5828125 0.628125 0.5828125 0.628125 0.70546875 0.7 0.70546875 0.7 0.5828125
23 0.62578125 0.5828125 0.5515625 0.5828125 0.5515625 0.71015625 0.62578125 0.71015625 0.62578125 0.5828125
23 0.55234375 0.5828125 0.478125 0.5828125 0.478125 0.71015625 0.55234375 0.71015625 0.55234375 0.5828125
23 0.47890625 0.5828125 0.409375 0.5828125 0.409375 0.71015625 0.47890625 0.71015625 0.47890625 0.5828125
23 0.40546875 0.584375 0.3359375 0.584375 0.3359375 0.709375 0.40546875 0.709375 0.40546875 0.584375
23 0.33671875 0.584375 0.2625 0.584375 0.2625 0.709375 0.33671875 0.709375 0.33671875 0.584375
23 0.26328125 0.584375 0.1890625 0.584375 0.1890625 0.70703125 0.26328125 0.70703125 0.26328125 0.584375
23 0.190625 0.584375 0.11875 0.584375 0.11875 0.70703125 0.190625 0.70703125 0.190625 0.584375
23 0.11640625 0.584375 0.046875 0.584375 0.046875 0.70703125 0.11640625 0.70703125 0.11640625 0.584375
23 0.9328125 0.346875 0.853125 0.346875 0.853125 0.54609375 0.9328125 0.54609375 0.9328125 0.346875
23 0.8515625 0.346875 0.7671875 0.346875 0.7671875 0.54609375 0.8515625 0.54609375 0.8515625 0.346875
23 0.7671875 0.3484375 0.6875 0.3484375 0.6875 0.54296875 0.7671875 0.54296875 0.7671875 0.3484375
23 0.6875 0.35 0.6078125 0.35 0.6078125 0.54453125 0.6875 0.54453125 0.6875 0.35
23 0.609375 0.35 0.5296875 0.35 0.5296875 0.54453125 0.609375 0.54453125 0.609375 0.35
23 0.528125 0.35 0.4484375 0.35 0.4484375 0.54453125 0.528125 0.54453125 0.528125 0.35
23 0.4484375 0.3515625 0.36875 0.3515625 0.36875 0.54609375 0.4484375 0.54609375 0.4484375 0.3515625
23 0.36796875 0.3515625 0.2859375 0.3515625 0.2859375 0.54609375 0.36796875 0.54609375 0.36796875 0.3515625
23 0.28671875 0.35 0.2046875 0.35 0.2046875 0.54453125 0.28671875 0.54453125 0.28671875 0.35
23 0.20546875 0.35 0.13125 0.35 0.13125 0.54453125 0.20546875 0.54453125 0.20546875 0.35
23 0.1296875 0.3515625 0.0453125 0.3515625 0.0453125 0.54609375 0.1296875 0.54609375 0.1296875 0.3515625