23 0 0.9289137375 0.07507987187500001 0.9289137375 0.07507987187500001 0.7571884984375 0 0.7571884984375 0 0.9289137375
23 0.1549520765625 0.7571884984375 0.073482428125 0.7571884984375 0.073482428125 0.9289137375 0.1549520765625 0.9289137375 0.1549520765625 0.7571884984375
23 0.2396166140625 0.7571884984375 0.1533546328125 0.7571884984375 0.1533546328125 0.9345047921875 0.2396166140625 0.9345047921875 0.2396166140625 0.7571884984375
23 0.3194888171875 0.7555910546875 0.235623003125 0.7555910546875 0.235623003125 0.9329073484375 0.3194888171875 0.9329073484375 0.3194888171875 0.7555910546875
23 0.396166134375 0.7555910546875 0.3178913734375 0.7555910546875 0.3178913734375 0.92731629375 0.396166134375 0.92731629375 0.396166134375 0.7555910546875
23 0.47763578281249996 0.7555910546875 0.396166134375 0.7555910546875 0.396166134375 0.9329073484375 0.47763578281249996 0.9329073484375 0.47763578281249996 0.7555910546875
23 0.55591054375 0.7555910546875 0.47763578281249996 0.7555910546875 0.47763578281249996 0.9329073484375 0.55591054375 0.9329073484375 0.55591054375 0.7555910546875
23 0.6373801921875 0.7555910546875 0.55591054375 0.7555910546875 0.55591054375 0.92731629375 0.6373801921875 0.92731629375 0.6373801921875 0.7555910546875
23 0.7204472843749999 0.7555910546875 0.6365814703125 0.7555910546875 0.6365814703125 0.9329073484375 0.7204472843749999 0.9329073484375 0.7204472843749999 0.7555910546875
23 0.8019169328125001 0.7539936109375 0.7204472843749999 0.7539936109375 0.7204472843749999 0.9313099046875 0.8019169328125001 0.9313099046875 0.8019169328125001 0.7539936109375
23 0.88019169375 0.752396165625 0.8019169328125001 0.752396165625 0.8019169328125001 0.929712459375 0.88019169375 0.929712459375 0.88019169375 0.752396165625
23 0.956869009375 0.752396165625 0.8809904156249999 0.752396165625 0.8809904156249999 0.9241214062499999 0.956869009375 0.9241214062499999 0.956869009375 0.752396165625
23 1 0.752396165625 0.956869009375 0.752396165625 0.956869009375 0.9169329078124999 1 0.9169329078124999 1 0.752396165625
23 0.1549520765625 0.5846645374999999 0.07667731562499999 0.5846645374999999 0.07667731562499999 0.7148562296875001 0.1549520765625 0.7148562296875001 0.1549520765625 0.5846645374999999
23 0.23162939374999997 0.5862619812500001 0.1557507984375 0.5862619812500001 0.1557507984375 0.7140575078125 0.23162939374999997 0.7140575078125 0.23162939374999997 0.5862619812500001
23 0.3019169328125 0.5846645374999999 0.23083067031249999 0.5846645374999999 0.23083067031249999 0.7100638984375001 0.3019169328125 0.7100638984375001 0.3019169328125 0.5846645374999999
23 0.3738019171875 0.5862619812500001 0.3003194890625 0.5862619812500001 0.3003194890625 0.7116613421875 0.3738019171875 0.7116613421875 0.3738019171875 0.5862619812500001
23 0.4520766765625 0.5862619812500001 0.3761980828125 0.5862619812500001 0.3761980828125 0.7164536734375 0.4520766765625 0.7164536734375 0.4520766765625 0.5862619812500001
23 0.5271565500000001 0.5862619812500001 0.4512779546875 0.5862619812500001 0.4512779546875 0.7164536734375 0.5271565500000001 0.7164536734375 0.5271565500000001 0.5862619812500001
23 0.5974440890625 0.5862619812500001 0.526357828125 0.5862619812500001 0.526357828125 0.7164536734375 0.5974440890625 0.7164536734375 0.5974440890625 0.5862619812500001
23 0.6725239609375 0.587859425 0.6014377 0.587859425 0.6014377 0.7156549515624999 0.6725239609375 0.7156549515624999 0.6725239609375 0.587859425
23 0.747603834375 0.587859425 0.6717252390625 0.587859425 0.6717252390625 0.7156549515624999 0.747603834375 0.7156549515624999 0.747603834375 0.587859425
23 0.82268370625 0.587859425 0.7468051124999999 0.587859425 0.7468051124999999 0.7132587859374999 0.82268370625 0.7132587859374999 0.82268370625 0.587859425
23 0.894568690625 0.587859425 0.8210862625 0.587859425 0.8210862625 0.7132587859374999 0.894568690625 0.7132587859374999 0.894568690625 0.587859425
23 0.96805111875 0.587859425 0.89696485625 0.587859425 0.89696485625 0.7132587859374999 0.96805111875 0.7132587859374999 0.96805111875 0.587859425
23 0.14376996875 0.3450479234375 0.06230031875000001 0.3450479234375 0.06230031875000001 0.5487220453125 0.14376996875 0.5487220453125 0.14376996875 0.3450479234375
23 0.23162939374999997 0.3450479234375 0.14536741250000002 0.3450479234375 0.14536741250000002 0.5487220453125 0.23162939374999997 0.5487220453125 0.23162939374999997 0.3450479234375
23 0.3130990421875 0.3466453671875 0.23162939374999997 0.3466453671875 0.23162939374999997 0.54552715625 0.3130990421875 0.54552715625 0.3130990421875 0.3466453671875
23 0.394568690625 0.3482428109375 0.3130990421875 0.3482428109375 0.3130990421875 0.5471246 0.394568690625 0.5471246 0.394568690625 0.3482428109375
23 0.4744408953125 0.3482428109375 0.3929712453125 0.3482428109375 0.3929712453125 0.5471246 0.4744408953125 0.5471246 0.4744408953125 0.3482428109375
23 0.5575079875 0.3482428109375 0.4760383390625 0.3482428109375 0.4760383390625 0.5471246 0.5575079875 0.5471246 0.5575079875 0.3482428109375
23 0.6389776359375 0.34984025625 0.5575079875 0.34984025625 0.5575079875 0.5487220453125 0.6389776359375 0.5487220453125 0.6389776359375 0.34984025625
23 0.723642171875 0.34984025625 0.6397763578125 0.34984025625 0.6397763578125 0.5487220453125 0.723642171875 0.5487220453125 0.723642171875 0.34984025625
23 0.8067092656250001 0.3482428109375 0.7228434499999999 0.3482428109375 0.7228434499999999 0.5471246 0.8067092656250001 0.5471246 0.8067092656250001 0.3482428109375
23 0.8817891375 0.3482428109375 0.8059105437499999 0.3482428109375 0.8059105437499999 0.5471246 0.8817891375 0.5471246 0.8817891375 0.3482428109375
23 0.9696485625 0.34984025625 0.8833865812499999 0.34984025625 0.8833865812499999 0.5487220453125 0.9696485625 0.5487220453125 0.9696485625 0.34984025625