23 0 0.8796875 0.1227036734375 0.8796875 0.1227036734375 0.8054712468749999 0 0.8054712468749999 0 0.8796875
23 0.2 0.8828125 0.2 0.8024710468749999 0.029053515624999998 0.8024710468749999 0.029053515624999998 0.8828125 0.2 0.8828125
23 0.1078125 0.8875 0.284375 0.8875 0.284375 0.8023237812499999 0.1078125 0.8023237812499999 0.1078125 0.8875
23 0.1890625 0.884375 0.365625 0.884375 0.365625 0.8021041343749999 0.1890625 0.8021041343749999 0.1890625 0.884375
23 0.440625 0.8023137984375 0.271118709375 0.8023137984375 0.271118709375 0.880588559375 0.440625 0.880588559375 0.440625 0.8023137984375
23 0.525 0.884375 0.525 0.803125 0.348524859375 0.803125 0.348524859375 0.884375 0.525 0.884375
23 0.6046875 0.8828125 0.6046875 0.804697484375 0.428397065625 0.804697484375 0.428397065625 0.8828125 0.6046875 0.8828125
23 0.5109375 0.88125 0.68125 0.88125 0.68125 0.8004892187499999 0.5109375 0.8004892187499999 0.5109375 0.88125
23 0.765625 0.8859375 0.765625 0.802705671875 0.5901382796875 0.802705671875 0.5901382796875 0.8859375 0.765625 0.8859375
23 0.7203125 0.9296875 0.8015625 0.9296875 0.8015625 0.754310603125 0.7203125 0.754310603125 0.7203125 0.9296875
23 0.8796875 0.928125 0.8796875 0.752044228125 0.8023462468749999 0.752044228125 0.8023462468749999 0.928125 0.8796875 0.928125
23 0.88125 0.921875 0.95625 0.921875 0.95625 0.7524186296875001 0.88125 0.7524186296875001 0.88125 0.921875
23 1 0.7519044515625 0.9571785140625 0.7519044515625 0.9571785140625 0.915625 1 0.915625 1 0.7519044515625
23 0.0765625 0.7140625 0.1546875 0.7140625 0.1546875 0.5849041546875 0.0765625 0.5849041546875 0.0765625 0.7140625
23 0.2296875 0.7140625 0.2296875 0.5864217265625 0.15569089375 0.5864217265625 0.15569089375 0.7140625 0.2296875 0.7140625
23 0.328125 0.68125 0.328125 0.6118535359374999 0.2041633390625 0.6118535359374999 0.2041633390625 0.68125 0.328125 0.68125
23 0.3 0.7109375 0.3734375 0.7109375 0.3734375 0.5859375 0.3 0.5859375 0.3 0.7109375
23 0.4794378984375 0.6875 0.4794378984375 0.6134934109375 0.34924620625 0.6134934109375 0.34924620625 0.6875 0.4794378984375 0.6875
23 0.554108425 0.6875 0.554108425 0.6132637765625 0.423916734375 0.6132637765625 0.423916734375 0.6875 0.554108425 0.6875
23 0.5265625 0.715625 0.596875 0.715625 0.596875 0.5864666546875 0.5265625 0.5864666546875 0.5265625 0.715625
23 0.7 0.6859375 0.7 0.6159519765625 0.5732777546875 0.6159519765625 0.5732777546875 0.6859375 0.7 0.6859375
23 0.7733676125 0.6890625 0.7733676125 0.6141074265625 0.6455720859375 0.6141074265625 0.6455720859375 0.6890625 0.7733676125 0.6890625
23 0.821875 0.7125 0.821875 0.5884185296875 0.7463932718749999 0.5884185296875 0.7463932718749999 0.7125 0.821875 0.7125
23 0.7953125 0.6873152953125 0.9199680515624999 0.6873152953125 0.9199680515624999 0.61383286875 0.7953125 0.61383286875 0.7953125 0.6873152953125
23 0.99375 0.6147114609375001 0.8692492015625 0.6147114609375001 0.8692492015625 0.685797725 0.99375 0.685797725 0.99375 0.6147114609375001
23 0.1421875 0.5484375 0.1421875 0.3453125 0.062390175000000006 0.3453125 0.062390175000000006 0.5484375 0.1421875 0.5484375
23 0.2890625 0.4890625 0.2890625 0.403971146875 0.0866513578125 0.403971146875 0.0866513578125 0.4890625 0.2890625 0.4890625
23 0.3703125 0.4859375 0.3703125 0.4048622203125 0.172915834375 0.40486221875000006 0.172915834375 0.4859375 0.3703125 0.4859375
23 0.39375 0.546875 0.39375 0.3484375 0.313026659375 0.3484375 0.313026659375 0.546875 0.39375 0.546875
23 0.334375 0.4875 0.5328125 0.4875 0.5328125 0.40761780937500003 0.334375 0.40761780937500003 0.334375 0.4875
23 0.55625 0.546875 0.55625 0.3484375 0.4756240015625 0.3484375 0.4756240015625 0.546875 0.55625 0.546875
23 0.696875 0.4890625 0.696875 0.40874101406249996 0.49886431875000004 0.40874101406249996 0.49886431875000004 0.4890625 0.696875 0.4890625
23 0.7796875 0.490625 0.7796875 0.40688897968750004 0.5823307703125 0.40688897968750004 0.5823307703125 0.490625 0.7796875 0.490625
23 0.8625 0.4890625 0.8625 0.40625 0.6653080078125 0.40625 0.6653080078125 0.4890625 0.8625 0.4890625
23 0.9421875 0.484375 0.9421875 0.40964456718750003 0.7444364015625 0.40964456718750003 0.7444364015625 0.484375 0.9421875 0.484375
23 1 0.40610523125000003 0.8270142765624999 0.40610523125000003 0.8270142765624999 0.4921875 1 0.4921875 1 0.40610523125000003