23 1 0.749609375 0.9203125 0.749609375 0.9203125 0.9171875 1 0.9171875 1 0.749609375
23 0.965625 0.794140625 0.79765625 0.794140625 0.79765625 0.8734375 0.965625 0.8734375 0.965625 0.794140625
23 0.759375 0.75 0.759375 0.9234375 0.84375 0.9234375 0.84375 0.75 0.759375 0.75
23 0.8078125 0.875 0.8078125 0.79453125 0.635546875 0.79453125 0.635546875 0.875 0.8078125 0.875
23 0.6828125 0.748828125 0.60625 0.748828125 0.60625 0.915625 0.6828125 0.915625 0.6828125 0.748828125
23 0.5265625 0.7484375 0.5265625 0.921875 0.60625 0.921875 0.60625 0.7484375 0.5265625 0.7484375
23 0.45 0.7484375 0.45 0.921875 0.5265625 0.921875 0.5265625 0.7484375 0.45 0.7484375
23 0.45 0.748828125 0.3703125 0.748828125 0.3703125 0.915625 0.45 0.915625 0.45 0.748828125
23 0.288671875 0.7484375 0.288671875 0.921875 0.3703125 0.921875 0.3703125 0.7484375 0.288671875 0.7484375
23 0.209375 0.746875 0.209375 0.9203125 0.2890625 0.9203125 0.2890625 0.746875 0.209375 0.746875
23 0.084375 0.79375 0.084375 0.8703125 0.2578125 0.8703125 0.2578125 0.79375 0.084375 0.79375
23 0.178125 0.865625 0.178125 0.7921875 0.011328125 0.7921875 0.011328125 0.865625 0.178125 0.865625
23 0 0.8546875 0.109375 0.8546875 0.109375 0.796875 0 0.796875 0 0.8546875
23 0.91875 0.581640625 0.8421875 0.581640625 0.8421875 0.7078125 0.91875 0.7078125 0.91875 0.581640625
23 0.767578125 0.5828125 0.767578125 0.7078125 0.840625 0.7078125 0.840625 0.5828125 0.767578125 0.5828125
23 0.7671875 0.703125 0.7671875 0.581640625 0.698046875 0.581640625 0.698046875 0.703125 0.7671875 0.703125
23 0.725 0.6796875 0.725 0.608203125 0.603125 0.608203125 0.603125 0.6796875 0.725 0.6796875
23 0.6515625 0.6828125 0.6515625 0.609375 0.525390625 0.609375 0.525390625 0.6828125 0.6515625 0.6828125
23 0.4515625 0.6828125 0.578125 0.6828125 0.578125 0.608984375 0.4515625 0.608984375 0.4515625 0.6828125
23 0.478125 0.709375 0.478125 0.583203125 0.409765625 0.583203125 0.409765625 0.709375 0.478125 0.709375
23 0.336328125 0.584375 0.336328125 0.709375 0.4046875 0.709375 0.4046875 0.584375 0.336328125 0.584375
23 0.237109375 0.609375 0.237109375 0.68359375 0.3609375 0.68359375 0.3609375 0.609375 0.237109375 0.609375
23 0.2859375 0.68125 0.2859375 0.608203125 0.165234375 0.608203125 0.165234375 0.68125 0.2859375 0.68125
23 0.11875 0.584375 0.11875 0.70625 0.190625 0.70625 0.190625 0.584375 0.11875 0.584375
23 0.046875 0.70625 0.115625 0.70625 0.115625 0.584375 0.046875 0.584375 0.046875 0.70625
23 0.9328125 0.347265625 0.853125 0.347265625 0.853125 0.5453125 0.9328125 0.5453125 0.9328125 0.347265625
23 0.8515625 0.347265625 0.7671875 0.347265625 0.7671875 0.5453125 0.8515625 0.5453125 0.8515625 0.347265625
23 0.7671875 0.348046875 0.6875 0.348046875 0.6875 0.5421875 0.7671875 0.5421875 0.7671875 0.348046875
23 0.74375 0.4859375 0.74375 0.407421875 0.55078125 0.407421875 0.55078125 0.4859375 0.74375 0.4859375
23 0.665625 0.4859375 0.665625 0.407421875 0.47265625 0.407421875 0.47265625 0.4859375 0.665625 0.4859375
23 0.528125 0.350390625 0.4484375 0.350390625 0.4484375 0.54375 0.528125 0.54375 0.528125 0.350390625
23 0.4484375 0.351953125 0.36875 0.351953125 0.36875 0.5453125 0.4484375 0.5453125 0.4484375 0.351953125
23 0.4234375 0.4890625 0.4234375 0.408203125 0.229296875 0.408203125 0.229296875 0.4890625 0.4234375 0.4890625
23 0.2859375 0.54375 0.2859375 0.350390625 0.204296875 0.350390625 0.204296875 0.54375 0.2859375 0.54375
23 0.2640625 0.409765625 0.070703125 0.409765625 0.070703125 0.483984375 0.2640625 0.483984375 0.2640625 0.409765625
23 0.1296875 0.351171875 0.0453125 0.351171875 0.0453125 0.5453125 0.1296875 0.5453125 0.1296875 0.351171875