23 0.0859375 0.3025539875 0.00022061875 0.3025539875 0.00022061875 0.5608596359375 0.0859375 0.5608596359375 0.0859375 0.3025539875
23 0.75 0.7641144093750001 0.6799107140625 0.7641144093750001 0.6799107140625 0.920260590625 0.75 0.920260590625 0.75 0.7641144093750001
23 0.7342919421875 0.865625 0.7342919421875 0.8026084921875001 0.563195596875 0.80260849375 0.563195596875 0.865625 0.7342919421875 0.865625
23 0.615625 0.7392493765625 0.5530341578125 0.7392493765625 0.5530341578125 0.9203125 0.615625 0.9203125 0.615625 0.7392493765625
23 0.55136005 0.91875 0.55136005 0.7262614203125 0.49238995 0.7262614203125 0.49238995 0.91875 0.55136005 0.91875
23 0.7453125 0.1734375 0.7453125 0.09759915 0.47613943125 0.09759915 0.47613943125 0.1734375 0.7453125 0.1734375
23 0.6734375 0.1703125 0.6734375 0.0976147203125 0.40467452187499997 0.0976147203125 0.40467452187499997 0.1703125 0.6734375 0.1703125
23 0.4283482140625 0 0.4283482140625 0.265625 0.4997767859375 0.265625 0.4997767859375 0 0.4283482140625 0
23 0.3625 0 0.3625 0.2640625 0.428125 0.2640625 0.428125 0 0.3625 0
23 0.9392156343750001 0.340625 0.9392156343750001 0.715625 0.9998468656249999 0.715625 0.9998468656249999 0.340625 0.9392156343750001 0.340625
23 1 0.46449595156249995 0.7128503953124999 0.46449595156249995 0.7128503953124999 0.5546875 1 0.5546875 1 0.46449595156249995
23 0.6390625 0.54375 0.9890625 0.54375 0.9890625 0.46605585468750005 0.6390625 0.46605585468750005 0.6390625 0.54375
23 0.909375 0.546875 0.909375 0.466102575 0.5594632484375001 0.466102575 0.5594632484375001 0.546875 0.909375 0.546875
23 0.825 0.521875 0.825 0.45741798125 0.495657703125 0.45741798125 0.495657703125 0.521875 0.825 0.521875
23 0.6263003515625 0.646875 0.6263003515625 0.320442275 0.55985516875 0.320442275 0.55985516875 0.646875 0.6263003515625 0.646875
23 0.49375 0.6359375 0.559375 0.6359375 0.559375 0.3174600296875 0.49375 0.3174600296875 0.49375 0.6359375
23 0.5546875 0.1765625 0.828125 0.1765625 0.828125 0.0960184796875 0.5546875 0.0960184796875 0.5546875 0.1765625
23 0.371875 0.6 0.371875 0.309375 0.3072155328125 0.309375 0.3072155328125 0.6 0.371875 0.6
23 0.3078125 0.5890625 0.3078125 0.30625 0.2549288828125 0.30625 0.2549288828125 0.5890625 0.3078125 0.5890625
23 0.2625 0.584375 0.2625 0.3055673796875 0.20364929375 0.3055673796875 0.20364929375 0.584375 0.2625 0.584375
23 0.04375 0.475 0.315625 0.475 0.315625 0.405445390625 0.04375 0.405445390625 0.04375 0.475
23 0.909375 0.1828125 0.909375 0.0907625625 0.63612178125 0.0907625625 0.63612178125 0.1828125 0.909375 0.1828125
23 0.9140625 0.275 0.9140625 0.0003737546875 0.8188590109374999 0.0003737546875 0.8188590109374999 0.275 0.9140625 0.275
23 0.9998546515625 0.278125 0.9998546515625 0.0003088671875 0.91264535 0.0003088671875 0.91264535 0.278125 0.9998546515625 0.278125