23 0 0.4734375 0.171875 0.4734375 0.171875 0.38850965625 0 0.38850965625 0 0.4734375
23 0.7921875 0.80625 0.637037996875 0.80625 0.637037996875 0.8773982546875001 0.7921875 0.8773982546875001 0.7921875 0.80625
23 0.6796875 0.7488268265625 0.6172420046875 0.7488268265625 0.6172420046875 0.9199231734375 0.6796875 0.9199231734375 0.6796875 0.7488268265625
23 0.6734375 0.8609375 0.6734375 0.79846605 0.49372404531249997 0.79846605 0.49372404531249997 0.8609375 0.6734375 0.8609375
23 0.61875 0.8515625 0.61875 0.79373961875 0.42518168593750005 0.79373961875 0.42518168593750005 0.8515625 0.61875 0.8515625
23 0.6484375 0.2703125 0.6484375 0.0002258109375 0.5726666328125 0.0002258109375 0.5726666328125 0.2703125 0.6484375 0.2703125
23 0.6734375 0.1703125 0.6734375 0.0983985671875 0.4042955765625 0.0983985671875 0.4042955765625 0.1703125 0.6734375 0.1703125
23 0.5 0.265625 0.5 0.00007786562500000001 0.42879464218749996 0.00007786562500000001 0.42879464218749996 0.265625 0.5 0.265625
23 0.5265625 0.1640625 0.5265625 0.0988735453125 0.2632604859375 0.0988735453125 0.2632604859375 0.1640625 0.5265625 0.1640625
23 1 0.34064576406249997 0.9395219046875001 0.34064576406249997 0.9395219046875001 0.715625 1 0.715625 1 0.34064576406249997
23 0.9359375 0.6859375 0.9359375 0.3324153875 0.8453099046875 0.3324153875 0.8453099046875 0.6859375 0.9359375 0.6859375
23 0.853125 0.6796875 0.853125 0.3301287390625 0.775223215625 0.3301287390625 0.775223215625 0.6796875 0.853125 0.6796875
23 0.909375 0.546875 0.909375 0.466102575 0.5594632484375001 0.466102575 0.5594632484375001 0.546875 0.909375 0.546875
23 0.825 0.521875 0.825 0.45741798125 0.495657703125 0.45741798125 0.495657703125 0.521875 0.825 0.521875
23 0.75625 0.5171875 0.75625 0.45094217187499996 0.42924626093749996 0.45094217187499996 0.42924626093749996 0.5171875 0.75625 0.5171875
23 0.49375 0.6359375 0.559375 0.6359375 0.559375 0.317091465625 0.49375 0.317091465625 0.49375 0.6359375
23 0.5546875 0.1765625 0.828125 0.1765625 0.828125 0.0960184796875 0.5546875 0.0960184796875 0.5546875 0.1765625
23 0.484375 0.4875 0.484375 0.421875 0.1947207234375 0.421875 0.1947207234375 0.4875 0.484375 0.4875
23 0.3078125 0.5890625 0.3078125 0.30625 0.2550378953125 0.30625 0.2550378953125 0.5890625 0.3078125 0.5890625
23 0.371875 0.475 0.371875 0.41668916093749997 0.09268843437499999 0.41668916093749997 0.09268843437499999 0.475 0.371875 0.475
23 0.04375 0.475 0.315625 0.475 0.315625 0.4043552734375 0.04375 0.4043552734375 0.04375 0.475
23 0.6359375 0.1828125 0.909375 0.1828125 0.909375 0.09113112500000001 0.6359375 0.09113112500000001 0.6359375 0.1828125
23 0.9140625 0.275 0.9140625 0.0003737546875 0.8188590109374999 0.0003737546875 0.8188590109374999 0.275 0.9140625 0.275
23 0.9998546515625 0.278125 0.9998546515625 0.0003088671875 0.91264535 0.0003088671875 0.91264535 0.278125 0.9998546515625 0.278125