23 0 0.5606312296875 0.0863787375 0.5606312296875 0.0863787375 0.30232558125 0 0.30232558125 0 0.5606312296875
23 0.7508305640625 0.7641196015625 0.67940199375 0.7641196015625 0.67940199375 0.92026578125 0.7508305640625 0.92026578125 0.7508305640625 0.7641196015625
23 0.6810631234375 0.7491694359375 0.617109634375 0.7491694359375 0.617109634375 0.92026578125 0.6810631234375 0.92026578125 0.6810631234375 0.7491694359375
23 0.6162790703125001 0.7392026578124999 0.5523255812500001 0.7392026578124999 0.5523255812500001 0.92026578125 0.6162790703125001 0.92026578125 0.6162790703125001 0.7392026578124999
23 0.5514950171875 0.725913621875 0.4925249171875 0.725913621875 0.4925249171875 0.92026578125 0.5514950171875 0.92026578125 0.5514950171875 0.725913621875
23 0.5730897015624999 0 0.5730897015624999 0.2707641203125 0.6495016609375 0.2707641203125 0.6495016609375 0 0.5730897015624999 0
23 0.5024916937499999 0 0.5024916937499999 0.2699335546875 0.576411959375 0.2699335546875 0.576411959375 0 0.5024916937499999 0
23 0.428571428125 0 0.428571428125 0.26578073125 0.5 0.26578073125 0.5 0 0.428571428125 0
23 0.3621262453125 0 0.3621262453125 0.2641196015625 0.428571428125 0.2641196015625 0.428571428125 0 0.3621262453125 0
23 1 0.34053156093750003 0.9393687703125 0.34053156093750003 0.9393687703125 0.7159468437500001 1 0.7159468437500001 1 0.34053156093750003
23 0.9368770765625 0.3322259140625 0.8446843859375001 0.3322259140625 0.8446843859375001 0.687707640625 0.9368770765625 0.687707640625 0.9368770765625 0.3322259140625
23 0.8538205984375 0.33056478437500003 0.77491694375 0.33056478437500003 0.77491694375 0.6810631234375 0.8538205984375 0.6810631234375 0.8538205984375 0.33056478437500003
23 0.7757475078125 0.3322259140625 0.6943521593749999 0.3322259140625 0.6943521593749999 0.682724253125 0.7757475078125 0.682724253125 0.7757475078125 0.3322259140625
23 0.6943521593749999 0.3255813953125 0.6279069765624999 0.3255813953125 0.6279069765624999 0.6553156140625 0.6943521593749999 0.6553156140625 0.6943521593749999 0.3255813953125
23 0.6262458468750001 0.32059800625 0.5598006640625 0.32059800625 0.5598006640625 0.64784053125 0.6262458468750001 0.64784053125 0.6262458468750001 0.32059800625
23 0.5598006640625 0.317275746875 0.49335548124999995 0.317275746875 0.49335548124999995 0.6370431890625 0.5598006640625 0.6370431890625 0.5598006640625 0.317275746875
23 0.651162790625 0 0.651162790625 0.274086378125 0.7325581390625 0.274086378125 0.7325581390625 0 0.651162790625 0
23 0.37375415312500004 0.30897009999999997 0.3073089703125 0.30897009999999997 0.3073089703125 0.6004983390625 0.37375415312500004 0.6004983390625 0.37375415312500004 0.30897009999999997
23 0.30897009999999997 0.305647840625 0.2549833890625 0.305647840625 0.2549833890625 0.589700996875 0.30897009999999997 0.589700996875 0.30897009999999997 0.305647840625
23 0.262458471875 0.305647840625 0.20348837187500002 0.305647840625 0.20348837187500002 0.5863787375 0.262458471875 0.5863787375 0.262458471875 0.305647840625
23 0.21594684375 0.30398671093749996 0.144518271875 0.30398671093749996 0.144518271875 0.5772425250000001 0.21594684375 0.5772425250000001 0.21594684375 0.30398671093749996
23 0.7267441859375 0 0.7267441859375 0.274086378125 0.8189368765625 0.274086378125 0.8189368765625 0 0.7267441859375 0
23 0.8189368765625 0 0.8189368765625 0.2757475078125 0.9152823921875 0.2757475078125 0.9152823921875 0 0.8189368765625 0
23 0.9127906984375 0 0.9127906984375 0.2790697671875 1 0.2790697671875 1 0 0.9127906984375 0