19 0.13984375 0.3125 0.084375 0.3125 0.084375 0.4015625 0.13984375 0.4015625 0.13984375 0.3125
19 0.203125 0.31875 0.146875 0.31875 0.146875 0.40546875 0.203125 0.40546875 0.203125 0.31875
19 0.2609375 0.3203125 0.2125 0.3203125 0.2125 0.40703125 0.2609375 0.40703125 0.2609375 0.3203125
19 0.075 0.3375 0.0140625 0.3375 0.0140625 0.4015625 0.075 0.4015625 0.075 0.3375
19 0.34296875 0.33125 0.2671875 0.33125 0.2671875 0.4109375 0.34296875 0.4109375 0.34296875 0.33125
19 0.42578125 0.3359375 0.35 0.3359375 0.35 0.4140625 0.42578125 0.4140625 0.42578125 0.3359375
19 0.584375 0.3453125 0.515625 0.3453125 0.515625 0.41875 0.584375 0.41875 0.584375 0.3453125
19 0.50546875 0.340625 0.4359375 0.340625 0.4359375 0.4140625 0.50546875 0.4140625 0.50546875 0.340625
19 0.646875 0.365625 0.5953125 0.365625 0.5953125 0.41953125 0.646875 0.41953125 0.646875 0.365625
19 0.70546875 0.3671875 0.65625 0.3671875 0.65625 0.41875 0.70546875 0.41875 0.70546875 0.3671875
19 0.3125 0.475 0.2125 0.475 0.2125 0.559375 0.3125 0.559375 0.3125 0.475
19 0.18828125 0.475 0.08125 0.475 0.08125 0.559375 0.18828125 0.559375 0.18828125 0.475
19 0.41796875 0.4765625 0.3265625 0.4765625 0.3265625 0.55859375 0.41796875 0.55859375 0.41796875 0.4765625
19 0.52265625 0.4796875 0.43125 0.4796875 0.43125 0.559375 0.52265625 0.559375 0.52265625 0.4796875
19 0.6234375 0.4890625 0.534375 0.4890625 0.534375 0.55625 0.6234375 0.55625 0.6234375 0.4890625
19 0.075 0.503125 0.0015625 0.503125 0.0015625 0.5640625 0.075 0.5640625 0.075 0.503125
19 0.71640625 0.534375 0.6765625 0.534375 0.6765625 0.5546875 0.71640625 0.5546875 0.71640625 0.534375
19 0.76171875 0.534375 0.7234375 0.534375 0.7234375 0.55390625 0.76171875 0.55390625 0.76171875 0.534375
19 0.66875 0.534375 0.63125 0.534375 0.63125 0.55625 0.66875 0.55625 0.66875 0.534375
19 0.81171875 0.5359375 0.771875 0.5359375 0.771875 0.55625 0.81171875 0.55625 0.81171875 0.5359375
19 0.06640625 0.2671875 0.00625 0.2671875 0.00625 0.334375 0.06640625 0.334375 0.06640625 0.2671875