19 0.084765625 0.3125 0.084765625 0.4015625 0.1390625 0.4015625 0.1390625 0.3125 0.084765625 0.3125
19 0.21796875 0.3890625 0.21796875 0.333984375 0.13125 0.333984375 0.13125 0.3890625 0.21796875 0.3890625
19 0.2125 0.3203125 0.2125 0.40625 0.2609375 0.40625 0.2609375 0.3203125 0.2125 0.3203125
19 0.0140625 0.3375 0.0140625 0.4015625 0.075 0.4015625 0.075 0.3375 0.0140625 0.3375
19 0.267578125 0.33125 0.267578125 0.4109375 0.3421875 0.4109375 0.3421875 0.33125 0.267578125 0.33125
19 0.348828125 0.3375 0.348828125 0.4125 0.4265625 0.4125 0.4265625 0.3375 0.348828125 0.3375
19 0.5859375 0.415625 0.5859375 0.34765625 0.51328125 0.34765625 0.51328125 0.415625 0.5859375 0.415625
19 0.435546875 0.340625 0.435546875 0.4140625 0.5046875 0.4140625 0.5046875 0.340625 0.435546875 0.340625
19 0.646875 0.366015625 0.5953125 0.366015625 0.5953125 0.41875 0.646875 0.41875 0.646875 0.366015625
19 0.70625 0.4171875 0.70625 0.36875 0.655078125 0.36875 0.655078125 0.4171875 0.70625 0.4171875
19 0.2125 0.475 0.2125 0.559375 0.3125 0.559375 0.3125 0.475 0.2125 0.475
19 0.1765625 0.4640625 0.092578125 0.4640625 0.092578125 0.5703125 0.1765625 0.5703125 0.1765625 0.4640625
19 0.4125 0.5625 0.4125 0.471484375 0.331640625 0.471484375 0.331640625 0.5625 0.4125 0.5625
19 0.515625 0.5640625 0.515625 0.47421875 0.437109375 0.47421875 0.437109375 0.5640625 0.515625 0.5640625
19 0.534375 0.4890625 0.534375 0.55625 0.6234375 0.55625 0.6234375 0.4890625 0.534375 0.4890625
19 0.0015625 0.503125 0.0015625 0.5640625 0.075 0.5640625 0.075 0.503125 0.0015625 0.503125
19 0.686328125 0.525 0.686328125 0.5640625 0.70625 0.5640625 0.70625 0.525 0.686328125 0.525
19 0.7328125 0.5625 0.7515625 0.5625 0.7515625 0.524609375 0.7328125 0.524609375 0.7328125 0.5625
19 0.6390625 0.5265625 0.6390625 0.5640625 0.6609375 0.5640625 0.6609375 0.5265625 0.6390625 0.5265625
19 0.8015625 0.52578125 0.781640625 0.52578125 0.781640625 0.565625 0.8015625 0.565625 0.8015625 0.52578125
19 0.00625 0.2671875 0.00625 0.334375 0.065625 0.334375 0.065625 0.2671875 0.00625 0.2671875