19 0.084765625 0.3125 0.084765625 0.4015625 0.1390625 0.4015625 0.1390625 0.3125 0.084765625 0.3125
19 0.21875 0.333984375 0.13203125 0.333984375 0.13203125 0.3890625 0.21875 0.3890625 0.21875 0.333984375
19 0.2796875 0.3875 0.2796875 0.339453125 0.19375 0.339453125 0.19375 0.3875 0.2796875 0.3875
19 0.0140625 0.3375 0.0140625 0.4015625 0.075 0.4015625 0.075 0.3375 0.0140625 0.3375
19 0.267578125 0.33125 0.267578125 0.4109375 0.3421875 0.4109375 0.3421875 0.33125 0.267578125 0.33125
19 0.350390625 0.3359375 0.350390625 0.4140625 0.425 0.4140625 0.425 0.3359375 0.350390625 0.3359375
19 0.5859375 0.415625 0.5859375 0.34765625 0.51328125 0.34765625 0.51328125 0.415625 0.5859375 0.415625
19 0.433984375 0.3421875 0.433984375 0.41171875 0.50625 0.41171875 0.50625 0.3421875 0.433984375 0.3421875
19 0.646875 0.366015625 0.5953125 0.366015625 0.5953125 0.41875 0.646875 0.41875 0.646875 0.366015625
19 0.655859375 0.3671875 0.655859375 0.41875 0.7046875 0.41875 0.7046875 0.3671875 0.655859375 0.3671875
19 0.2203125 0.4671875 0.2203125 0.5671875 0.3046875 0.5671875 0.3046875 0.4671875 0.2203125 0.4671875
19 0.08125 0.475 0.08125 0.559375 0.1875 0.559375 0.1875 0.475 0.08125 0.475
19 0.4125 0.5625 0.4125 0.471484375 0.331640625 0.471484375 0.331640625 0.5625 0.4125 0.5625
19 0.437109375 0.4734375 0.437109375 0.5640625 0.515625 0.5640625 0.515625 0.4734375 0.437109375 0.4734375
19 0.534375 0.4890625 0.534375 0.55625 0.6234375 0.55625 0.6234375 0.4890625 0.534375 0.4890625
19 0.0015625 0.503125 0.0015625 0.5640625 0.075 0.5640625 0.075 0.503125 0.0015625 0.503125
19 0.676953125 0.534375 0.676953125 0.5546875 0.715625 0.5546875 0.715625 0.534375 0.676953125 0.534375
19 0.7515625 0.5625 0.7515625 0.525390625 0.733203125 0.525390625 0.733203125 0.5625 0.7515625 0.5625
19 0.63125 0.534375 0.63125 0.55625 0.66875 0.55625 0.66875 0.534375 0.63125 0.534375
19 0.771484375 0.5359375 0.771484375 0.55625 0.8109375 0.55625 0.8109375 0.5359375 0.771484375 0.5359375
19 0.00625 0.2671875 0.00625 0.334375 0.065625 0.334375 0.065625 0.2671875 0.00625 0.2671875