24 0.326953125 0.0546875 0.326953125 0.134375 0.6140625 0.134375 0.6140625 0.0546875 0.326953125 0.0546875
24 0.716796875 0 0.716796875 0.209375 0.8015625 0.209375 0.8015625 0 0.716796875 0
24 0.8953125 0.1625 0.8953125 0.0875 0.622265625 0.0875 0.622265625 0.1625 0.8953125 0.1625
24 0.9765625 0.319921875 0.740625 0.319921875 0.740625 0.4046875 0.9765625 0.4046875 0.9765625 0.319921875
24 0.1046875 0.509375 0.44375 0.509375 0.44375 0.41875 0.1046875 0.41875 0.1046875 0.509375
24 0.0953125 0.36875 0.0953125 0.4484375 0.4328125 0.4484375 0.4328125 0.36875 0.0953125 0.36875
24 0.4203125 0.4046875 0.4203125 0.329296875 0.083984375 0.329296875 0.083984375 0.4046875 0.4203125 0.4046875
24 0.278125 0.49375 0.278125 0.1578125 0.205078125 0.1578125 0.205078125 0.49375 0.278125 0.49375
24 0.2015625 0.4546875 0.2703125 0.4546875 0.2703125 0.120703125 0.2015625 0.120703125 0.2015625 0.4546875
24 0.0015625 0.2875 0.0015625 0.3328125 0.065625 0.3328125 0.065625 0.2875 0.0015625 0.2875
24 0.0609375 0.3828125 0.0609375 0.309765625 0.012109375 0.309765625 0.012109375 0.3828125 0.0609375 0.3828125
24 0 0.4390625 0.0765625 0.4390625 0.0765625 0.358203125 0 0.358203125 0 0.4390625
24 0.09375 0.417578125 0.012109375 0.417578125 0.012109375 0.523046875 0.09375 0.523046875 0.09375 0.417578125
24 0.0109375 0.559375 0.0109375 0.615625 0.10625 0.615625 0.10625 0.559375 0.0109375 0.559375
24 0.1109375 0.60078125 0.032421875 0.60078125 0.032421875 0.6984375 0.1109375 0.6984375 0.1109375 0.60078125
24 0.1375 0.685546875 0.0421875 0.685546875 0.0421875 0.7546875 0.1375 0.7546875 0.1375 0.685546875
24 0.4671875 0.490625 0.4671875 0.5734375 0.8203125 0.5734375 0.8203125 0.490625 0.4671875 0.490625
24 0.8453125 0.542578125 0.4765625 0.542578125 0.4765625 0.6265625 0.8453125 0.6265625 0.8453125 0.542578125
24 0.617578125 0.45625 0.617578125 0.8375 0.7328125 0.8375 0.7328125 0.45625 0.617578125 0.45625
24 0.890625 0.4859375 0.890625 0.63125 0.9640625 0.63125 0.9640625 0.4859375 0.890625 0.4859375
24 0.869921875 0.5796875 0.869921875 0.653125 0.9984375 0.653125 0.9984375 0.5796875 0.869921875 0.5796875
24 0.9546875 0.5796875 0.9546875 0.42890625 0.89296875 0.42890625 0.89296875 0.5796875 0.9546875 0.5796875
24 0.2546875 0.4375 0.2546875 0.7953125 0.334375 0.7953125 0.334375 0.4375 0.2546875 0.4375
24 0.490625 0.625390625 0.1140625 0.625390625 0.1140625 0.715625 0.490625 0.715625 0.490625 0.625390625
24 0.36875 1 0.36875 0.805078125 0.315625 0.805078125 0.315625 1 0.36875 1