24 0.3391003453125 0 0.3391003453125 0.055363321875 0.6583044984375 0.055363321875 0.6583044984375 0 0.3391003453125 0
24 0.6608996546875 0 0.6608996546875 0.028546712499999998 0.9766435984375 0.028546712499999998 0.9766435984375 0 0.6608996546875 0
24 0.666089965625 0.0873702421875 0.9697231828125 0.0873702421875 0.9697231828125 0.0034602078125 0.666089965625 0.0034602078125 0.666089965625 0.0873702421875
24 1 0.261245675 0.7975778546875001 0.261245675 0.7975778546875001 0.35553633281249997 1 0.35553633281249997 1 0.261245675
24 0.09342560625 0.4714532875 0.46972318281250003 0.4714532875 0.46972318281250003 0.3702422140625 0.09342560625 0.3702422140625 0.09342560625 0.4714532875
24 0.0830449828125 0.40311418750000005 0.45674740468749997 0.40311418750000005 0.45674740468749997 0.3148788921875 0.0830449828125 0.3148788921875 0.0830449828125 0.40311418750000005
24 0.07093425625000001 0.35553633281249997 0.4437716265625 0.35553633281249997 0.4437716265625 0.271626296875 0.07093425625000001 0.271626296875 0.07093425625000001 0.35553633281249997
24 0.0588235296875 0.30882352968750004 0.43166089999999996 0.30882352968750004 0.43166089999999996 0.2266435984375 0.0588235296875 0.2266435984375 0.0588235296875 0.30882352968750004
24 0.05363321875 0.2638408296875 0.424740484375 0.2638408296875 0.424740484375 0.18685121093749998 0.05363321875 0.18685121093749998 0.05363321875 0.2638408296875
24 0 0.2750865046875 0.0501730109375 0.2750865046875 0.0501730109375 0.2249134953125 0 0.2249134953125 0 0.2750865046875
24 0 0.3174740484375 0.05968858125 0.3174740484375 0.05968858125 0.262975778125 0 0.262975778125 0 0.3174740484375
24 0 0.393598615625 0.062283737500000005 0.393598615625 0.062283737500000005 0.302768165625 0 0.302768165625 0 0.393598615625
24 0 0.47318339062500003 0.0942906578125 0.47318339062500003 0.0942906578125 0.382352940625 0 0.382352940625 0 0.47318339062500003
24 0 0.58823529375 0.0960207609375 0.58823529375 0.0960207609375 0.5259515578125 0 0.5259515578125 0 0.58823529375
24 0.0034602078125 0.6695501734375 0.11159169531249999 0.6695501734375 0.11159169531249999 0.5813148781249999 0.0034602078125 0.5813148781249999 0.0034602078125 0.6695501734375
24 0.024221453125 0.743079584375 0.1297577859375 0.743079584375 0.1297577859375 0.666089965625 0.024221453125 0.666089965625 0.024221453125 0.743079584375
24 0.4948096890625 0.541522490625 0.8858131484375 0.541522490625 0.8858131484375 0.4498269890625 0.4948096890625 0.4498269890625 0.4948096890625 0.541522490625
24 0.5051903109375 0.6012110734375 0.9134948093749999 0.6012110734375 0.9134948093749999 0.506920415625 0.5051903109375 0.506920415625 0.5051903109375 0.6012110734375
24 0.5138408296875 0.6868512109375 0.9368512109375 0.6868512109375 0.9368512109375 0.5588235296875 0.5138408296875 0.5588235296875 0.5138408296875 0.6868512109375
24 1 0.484429065625 0.9238754328125 0.484429065625 0.9238754328125 0.5657439453124999 1 0.5657439453124999 1 0.484429065625
24 1 0.54844290625 0.9411764703125 0.54844290625 0.9411764703125 0.6297577859375 1 0.6297577859375 1 0.54844290625
24 1 0.43079584843749996 0.9169550171875 0.43079584843749996 0.9169550171875 0.5 1 0.5 1 0.43079584843749996
24 0.10553633281250001 0.63321799375 0.501730103125 0.63321799375 0.501730103125 0.5449826984375 0.10553633281250001 0.5449826984375 0.10553633281250001 0.63321799375
24 0.103806228125 0.6998269890625 0.5207612453125 0.6998269890625 0.5207612453125 0.5986159171875001 0.103806228125 0.5986159171875001 0.103806228125 0.6998269890625
24 0.541522490625 1 0.541522490625 0.953287196875 0.1712802765625 0.953287196875 0.1712802765625 1 0.541522490625 1