24 0.3390625 0 0.3390625 0.0546875 0.6578125 0.0546875 0.6578125 0 0.3390625 0
24 0.6609375 0.028125 0.9765625 0.028125 0.9765625 0.00021085625000000002 0.6609375 0.00021085625000000002 0.6609375 0.028125
24 0.96875 0.0033574828124999997 0.6661521421875001 0.0033574828124999997 0.6661521421875001 0.0872675171875 0.96875 0.0872675171875 0.96875 0.0033574828124999997
24 0.9453125 0.20682850468749997 0.8514408515625 0.20682850468749997 0.8514408515625 0.4092506484375 0.9453125 0.4092506484375 0.9453125 0.20682850468749997
24 0.46875 0.4703125 0.46875 0.3699962140625 0.0929687515625 0.3699962140625 0.0929687515625 0.4703125 0.46875 0.4703125
24 0.0828125 0.4015625 0.45625 0.4015625 0.45625 0.3152573515625 0.0828125 0.3152573515625 0.0828125 0.4015625
24 0.44375 0.3546875 0.44375 0.2711451125 0.07125594843750001 0.2711451125 0.07125594843750001 0.3546875 0.44375 0.3546875
24 0.4296875 0.3078125 0.4296875 0.22640841250000002 0.058753243749999996 0.22640841250000002 0.058753243749999996 0.3078125 0.4296875 0.3078125
24 0.4246161328125 0.2625 0.4246161328125 0.187286440625 0.053508867187499996 0.187286440625 0.053508867187499996 0.2625 0.4246161328125 0.2625
24 0 0.275 0.05 0.275 0.05 0.225 0 0.225 0 0.275
24 0.059375 0.3171875 0.059375 0.263356940625 0.00015679062500000002 0.263356940625 0.00015679062500000002 0.3171875 0.059375 0.3171875
24 0 0.3921875 0.0609375 0.3921875 0.0609375 0.30251405625 0 0.30251405625 0 0.3921875
24 0.09375 0.471875 0.09375 0.38199610625 0.0002703296875 0.38199610625 0.0002703296875 0.471875 0.09375 0.471875
24 0.0171875 0.6046875 0.078125 0.6046875 0.078125 0.509375 0.0171875 0.509375 0.0171875 0.6046875
24 0.1109375 0.66875 0.1109375 0.580966153125 0.003954909375 0.580966153125 0.003954909375 0.66875 0.1109375 0.66875
24 0.128125 0.7421875 0.128125 0.665987240625 0.023867323437499997 0.665987240625 0.023867323437499997 0.7421875 0.128125 0.7421875
24 0.884375 0.540625 0.884375 0.449407978125 0.4944961078125 0.449407978125 0.4944961078125 0.540625 0.884375 0.540625
24 0.75625 0.7578125 0.75625 0.349945934375 0.662356725 0.349945934375 0.662356725 0.7578125 0.75625 0.7578125
24 0.7890625 0.4109375 0.661932309375 0.4109375 0.661932309375 0.83390733125 0.7890625 0.83390733125 0.7890625 0.4109375
24 1 0.4868052546875 0.92136678125 0.4868052546875 0.92136678125 0.5625 1 0.5625 1 0.4868052546875
24 1 0.559412846875 0.9299686421875 0.559412846875 0.9299686421875 0.6182363765625001 1 0.6182363765625001 1 0.559412846875
24 0.9984375 0.4984375 0.9984375 0.430568771875 0.9168387765625001 0.430568771875 0.9168387765625001 0.4984375 0.9984375 0.4984375
24 0.346875 0.7859375 0.346875 0.39127649375 0.259553415625 0.39127649375 0.259553415625 0.7859375 0.346875 0.7859375
24 0.3625 0.8578125 0.3625 0.44130893125000004 0.2616754984375 0.44130893125000004 0.2616754984375 0.8578125 0.3625 0.8578125
24 0.3796766875 1 0.3796766875 0.790892625 0.3329638828125 0.790892625 0.3329638828125 1 0.3796766875 1