24 0.3390625 0 0.3390625 0.0546875 0.6578125 0.0546875 0.6578125 0 0.3390625 0
24 0.8047091265624999 0 0.8047091265624999 0.171875 0.8328125 0.171875 0.8328125 0 0.8047091265624999 0
24 0.96875 0.0035629328125 0.6660277906250001 0.0035629328125 0.6660277906250001 0.0874729671875 0.96875 0.0874729671875 0.96875 0.0035629328125
24 0.9453125 0.409375 0.9453125 0.20753135937499997 0.8518463437499999 0.20753135937499997 0.8518463453124999 0.409375 0.9453125 0.409375
24 0.33125 0.6078125 0.33125 0.23224210625000002 0.2312148578125 0.23224210781250001 0.2312148578125 0.6078125 0.33125 0.6078125
24 0.45625 0.4015625 0.45625 0.3145004328125 0.0834099265625 0.3145004328125 0.0834099265625 0.4015625 0.45625 0.4015625
24 0.44375 0.3546875 0.44375 0.2711451125 0.07125594843750001 0.2711451125 0.07125594843750001 0.3546875 0.44375 0.3546875
24 0.4296875 0.3078125 0.4296875 0.22687878437500003 0.058893815625 0.22687878437500003 0.058893815625 0.3078125 0.4296875 0.3078125
24 0.4246161328125 0.2625 0.4246161328125 0.187286440625 0.053508867187499996 0.187286440625 0.053508867187499996 0.2625 0.4246161328125 0.2625
24 0.05 0.275 0.05 0.225 0.0000865046875 0.225 0.0000865046875 0.275 0.05 0.275
24 0.05625 0.31875 0.05625 0.2605374125 0.0022139921875 0.2605374125 0.0022139921875 0.31875 0.05625 0.31875
24 0 0.378125 0.075 0.378125 0.075 0.317149653125 0 0.317149653125 0 0.378125
24 0.0015625 0.4734375 0.0921875 0.4734375 0.0921875 0.38035250781249996 0.0015625 0.38035250781249996 0.0015625 0.4734375
24 0.0171875 0.6046875 0.078125 0.6046875 0.078125 0.509375 0.0171875 0.509375 0.0171875 0.6046875
24 0.1109375 0.66875 0.1109375 0.580966153125 0.003954909375 0.580966153125 0.003954909375 0.66875 0.1109375 0.66875
24 0.1153817046875 0.75625 0.1153817046875 0.6521707390625 0.038392084375 0.6521707390625 0.038392084375 0.75625 0.1153817046875 0.75625
24 0.884375 0.540625 0.884375 0.449407978125 0.4944961078125 0.449407978125 0.4944961078125 0.540625 0.884375 0.540625
24 0.75625 0.7578125 0.75625 0.3498810546875 0.6620377359375 0.3498810546875 0.6620377359375 0.7578125 0.75625 0.7578125
24 0.9359375 0.6859375 0.9359375 0.5594236593749999 0.514276059375 0.5594236593749999 0.514276059375 0.6859375 0.9359375 0.6859375
24 1 0.4872431875 0.9211937703125 0.4872431875 0.9211937703125 0.5625 1 0.5625 1 0.4872431875
24 1 0.559412846875 0.9299686421875 0.559412846875 0.9299686421875 0.6182363765625001 1 0.6182363765625001 1 0.559412846875
24 0.9984375 0.4984375 0.9984375 0.4310229234375 0.917071259375 0.4310229234375 0.917071259375 0.4984375 0.9984375 0.4984375
24 0.346875 0.7859375 0.346875 0.3907304296875 0.2594777234375 0.3907304296875 0.2594777234375 0.7859375 0.346875 0.7859375
24 0.3625 0.440625 0.2616809046875 0.440625 0.2616809046875 0.857133975 0.3625 0.857133975 0.3625 0.440625
24 0.3796766875 1 0.3796766875 0.790892625 0.3329638828125 0.790892625 0.3329638828125 1 0.3796766875 1