24 0.61484375 0.0546875 0.3265625 0.0546875 0.3265625 0.134375 0.61484375 0.134375 0.61484375 0.0546875
24 0.90234375 0.0234375 0.6171875 0.0234375 0.6171875 0.11015625 0.90234375 0.11015625 0.90234375 0.0234375
24 0.89609375 0.0875 0.621875 0.0875 0.621875 0.16328125 0.89609375 0.16328125 0.89609375 0.0875
24 0.9765625 0.3203125 0.740625 0.3203125 0.740625 0.40546875 0.9765625 0.40546875 0.9765625 0.3203125
24 0.44453125 0.41875 0.1046875 0.41875 0.1046875 0.51015625 0.44453125 0.51015625 0.44453125 0.41875
24 0.4328125 0.36875 0.0953125 0.36875 0.0953125 0.4484375 0.4328125 0.4484375 0.4328125 0.36875
24 0.42109375 0.3296875 0.084375 0.3296875 0.084375 0.40546875 0.42109375 0.40546875 0.42109375 0.3296875
24 0.41015625 0.2890625 0.0734375 0.2890625 0.0734375 0.36328125 0.41015625 0.36328125 0.41015625 0.2890625
24 0.40390625 0.253125 0.06875 0.253125 0.06875 0.32265625 0.40390625 0.32265625 0.40390625 0.253125
24 0.065625 0.2875 0.0015625 0.2875 0.0015625 0.3328125 0.065625 0.3328125 0.065625 0.2875
24 0 0.37109375 0.07421875 0.37109375 0.07421875 0.321875 0 0.321875 0 0.37109375
24 0 0.43984375 0.0765625 0.43984375 0.0765625 0.3578125 0 0.3578125 0 0.43984375
24 0 0.51171875 0.10546875 0.51171875 0.10546875 0.4296875 0 0.4296875 0 0.51171875
24 0.10703125 0.559375 0.0109375 0.559375 0.0109375 0.615625 0.10703125 0.615625 0.10703125 0.559375
24 0.12109375 0.609375 0.0234375 0.609375 0.0234375 0.6890625 0.12109375 0.6890625 0.12109375 0.609375
24 0.1375 0.6859375 0.0421875 0.6859375 0.0421875 0.75546875 0.1375 0.75546875 0.1375 0.6859375
24 0.8203125 0.490625 0.4671875 0.490625 0.4671875 0.5734375 0.8203125 0.5734375 0.8203125 0.490625
24 0.8453125 0.5421875 0.4765625 0.5421875 0.4765625 0.62734375 0.8453125 0.62734375 0.8453125 0.5421875
24 0.86640625 0.5890625 0.484375 0.5890625 0.484375 0.7046875 0.86640625 0.7046875 0.86640625 0.5890625
24 1 0.521875 0.8546875 0.521875 0.8546875 0.5953125 1 0.5953125 1 0.521875
24 0.99921875 0.5796875 0.8703125 0.5796875 0.8703125 0.653125 0.99921875 0.653125 0.99921875 0.5796875
24 1 0.4734375 0.8484375 0.4734375 0.8484375 0.5359375 1 0.5359375 1 0.4734375
24 0.4734375 0.5765625 0.115625 0.5765625 0.115625 0.65625 0.4734375 0.65625 0.4734375 0.5765625
24 0.490625 0.625 0.1140625 0.625 0.1140625 0.71640625 0.490625 0.71640625 0.490625 0.625
24 0.509375 0.9453125 0.175 0.9453125 0.175 0.99921875 0.509375 0.99921875 0.509375 0.9453125