24 0.430859375 0 0.430859375 0.2390625 0.509375 0.2390625 0.509375 0 0.430859375 0
24 0.716796875 0 0.716796875 0.209375 0.8015625 0.209375 0.8015625 0 0.716796875 0
24 0.721484375 0 0.721484375 0.2625 0.7953125 0.2625 0.7953125 0 0.721484375 0
24 0.9765625 0.319921875 0.740625 0.319921875 0.740625 0.4046875 0.9765625 0.4046875 0.9765625 0.319921875
24 0.31875 0.6328125 0.31875 0.294140625 0.229296875 0.294140625 0.229296875 0.6328125 0.31875 0.6328125
24 0.0953125 0.36875 0.0953125 0.4484375 0.4328125 0.4484375 0.4328125 0.36875 0.0953125 0.36875
24 0.290234375 0.5359375 0.290234375 0.199609375 0.214453125 0.199609375 0.214453125 0.5359375 0.290234375 0.5359375
24 0.409375 0.3625 0.409375 0.289453125 0.073828125 0.289453125 0.073828125 0.3625 0.409375 0.3625
24 0.403125 0.321875 0.403125 0.253515625 0.069140625 0.253515625 0.069140625 0.321875 0.403125 0.321875
24 0.0109375 0.278125 0.0109375 0.3421875 0.05625 0.3421875 0.05625 0.278125 0.0109375 0.278125
24 0.0609375 0.3828125 0.0609375 0.308984375 0.012890625 0.308984375 0.012890625 0.3828125 0.0609375 0.3828125
24 0 0.4359375 0.07890625 0.4359375 0.07890625 0.360546875 0 0.360546875 0 0.4359375
24 0 0.5109375 0.1046875 0.5109375 0.1046875 0.429296875 0 0.429296875 0 0.5109375
24 0.011328125 0.559375 0.011328125 0.615625 0.10625 0.615625 0.10625 0.559375 0.011328125 0.559375
24 0.023828125 0.609375 0.023828125 0.6890625 0.1203125 0.6890625 0.1203125 0.609375 0.023828125 0.609375
24 0.12421875 0.7671875 0.12421875 0.673046875 0.0546875 0.673046875 0.0546875 0.7671875 0.12421875 0.7671875
24 0.4671875 0.490625 0.4671875 0.5734375 0.8203125 0.5734375 0.8203125 0.490625 0.4671875 0.490625
24 0.703125 0.76875 0.703125 0.400390625 0.61875 0.400390625 0.61875 0.76875 0.703125 0.76875
24 0.617578125 0.45625 0.617578125 0.8375 0.7328125 0.8375 0.7328125 0.45625 0.617578125 0.45625
24 1 0.521875 0.8546875 0.521875 0.8546875 0.5953125 1 0.5953125 1 0.521875
24 0.9703125 0.55234375 0.898046875 0.55234375 0.898046875 0.68125 0.9703125 0.68125 0.9703125 0.55234375
24 0.9546875 0.5796875 0.9546875 0.42890625 0.89296875 0.42890625 0.89296875 0.5796875 0.9546875 0.5796875
24 0.2546875 0.4375 0.2546875 0.7953125 0.334375 0.7953125 0.334375 0.4375 0.2546875 0.4375
24 0.346875 0.8578125 0.346875 0.482421875 0.25703125 0.482421875 0.25703125 0.8578125 0.346875 0.8578125
24 0.36875 1 0.36875 0.805078125 0.31484375 0.805078125 0.31484375 1 0.36875 1