23 0.85 0.034375 0.7828125 0.034375 0.7828125 0.29609375 0.85 0.29609375 0.85 0.034375
23 0.790625 0.0375 0.728125 0.0375 0.728125 0.296875 0.790625 0.296875 0.790625 0.0375
23 0.66484375 0.04375 0.6046875 0.04375 0.6046875 0.29609375 0.66484375 0.29609375 0.66484375 0.04375
23 0.540625 0.0421875 0.4875 0.0421875 0.4875 0.296875 0.540625 0.296875 0.540625 0.0421875
23 0.4890625 0.04375 0.4359375 0.04375 0.4359375 0.2984375 0.4890625 0.2984375 0.4890625 0.04375
23 0.4375 0.040625 0.384375 0.040625 0.384375 0.2953125 0.4375 0.2953125 0.4375 0.040625
23 0.384375 0.040625 0.33125 0.040625 0.33125 0.29765625 0.384375 0.29765625 0.384375 0.040625
23 0.6609375 0.3515625 0.603125 0.3515625 0.603125 0.60390625 0.6609375 0.60390625 0.6609375 0.3515625
23 0.9984375 0.653125 0.9359375 0.653125 0.9359375 0.90546875 0.9984375 0.90546875 0.9984375 0.653125
23 0.9453125 0.65625 0.878125 0.65625 0.878125 0.90625 0.9453125 0.90625 0.9453125 0.65625
23 0.8828125 0.6515625 0.8296875 0.6515625 0.8296875 0.90390625 0.8828125 0.90390625 0.8828125 0.6515625
23 0.83125 0.6546875 0.7734375 0.6546875 0.7734375 0.9046875 0.83125 0.9046875 0.83125 0.6546875
23 0.60546875 0.04375 0.540625 0.04375 0.540625 0.29609375 0.60546875 0.29609375 0.60546875 0.04375
23 0.66171875 0.6640625 0.6015625 0.6640625 0.6015625 0.90703125 0.66171875 0.90703125 0.66171875 0.6640625
23 0.60234375 0.6671875 0.5421875 0.6671875 0.5421875 0.90546875 0.60234375 0.90546875 0.60234375 0.6671875
23 0.5421875 0.6703125 0.49375 0.6703125 0.49375 0.90625 0.5421875 0.90625 0.5421875 0.6703125
23 0.49375 0.66875 0.4453125 0.66875 0.4453125 0.90703125 0.49375 0.90703125 0.49375 0.66875
23 0.44375 0.66875 0.3953125 0.66875 0.3953125 0.90703125 0.44375 0.90703125 0.44375 0.66875
23 0.39609375 0.671875 0.3453125 0.671875 0.3453125 0.9046875 0.39609375 0.9046875 0.39609375 0.671875
23 1 0.34375 0.9421875 0.34375 0.9421875 0.603125 1 0.603125 1 0.34375
23 0.9515625 0.340625 0.89375 0.340625 0.89375 0.60234375 0.9515625 0.60234375 0.9515625 0.340625
23 0.8953125 0.3453125 0.8328125 0.3453125 0.8328125 0.6046875 0.8953125 0.6046875 0.8953125 0.3453125
23 0.8390625 0.346875 0.7765625 0.346875 0.7765625 0.60390625 0.8390625 0.60390625 0.8390625 0.346875
23 0.78046875 0.346875 0.7203125 0.346875 0.7203125 0.60390625 0.78046875 0.60390625 0.78046875 0.346875
23 0.77421875 0.65625 0.7140625 0.65625 0.7140625 0.90390625 0.77421875 0.90390625 0.77421875 0.65625
23 0.6046875 0.353125 0.546875 0.353125 0.546875 0.603125 0.6046875 0.603125 0.6046875 0.353125
23 0.54609375 0.353125 0.4953125 0.353125 0.4953125 0.60546875 0.54609375 0.60546875 0.54609375 0.353125
23 0.49609375 0.353125 0.4453125 0.353125 0.4453125 0.60546875 0.49609375 0.60546875 0.49609375 0.353125
23 0.44765625 0.353125 0.396875 0.353125 0.396875 0.6078125 0.44765625 0.6078125 0.44765625 0.353125
23 0.396875 0.35 0.3484375 0.35 0.3484375 0.6046875 0.396875 0.6046875 0.396875 0.35
23 0.96953125 0.03125 0.909375 0.03125 0.909375 0.2953125 0.96953125 0.2953125 0.96953125 0.03125
23 0.91328125 0.0328125 0.8484375 0.0328125 0.8484375 0.296875 0.91328125 0.296875 0.91328125 0.0328125