23 0.7838709671874999 0.28629032187500003 0.85322580625 0.28629032187500003 0.85322580625 0.0161290328125 0.7838709671874999 0.0161290328125 0.7838709671874999 0.28629032187500003
23 0.7274193546875 0.2870967734375 0.7919354843749999 0.2870967734375 0.7919354843749999 0.0193548390625 0.7274193546875 0.0193548390625 0.7274193546875 0.2870967734375
23 0.6 0.28629032187500003 0.6620967734375001 0.28629032187500003 0.6620967734375001 0.0258064515625 0.6 0.0258064515625 0.6 0.28629032187500003
23 0.47903225781250003 0.2870967734375 0.5338709671874999 0.2870967734375 0.5338709671874999 0.0241935484375 0.47903225781250003 0.0241935484375 0.47903225781250003 0.2870967734375
23 0.42580645156249997 0.288709678125 0.48064516093750004 0.288709678125 0.48064516093750004 0.0258064515625 0.42580645156249997 0.0258064515625 0.42580645156249997 0.288709678125
23 0.3725806453125 0.2854838703125 0.4274193546875 0.2854838703125 0.4274193546875 0.0225806453125 0.3725806453125 0.0225806453125 0.3725806453125 0.2854838703125
23 0.3177419359375 0.2879032265625 0.3725806453125 0.2879032265625 0.3725806453125 0.0225806453125 0.3177419359375 0.0225806453125 0.3177419359375 0.2879032265625
23 0.598387096875 0.6040322578125 0.658064515625 0.6040322578125 0.658064515625 0.3435483875 0.598387096875 0.3435483875 0.598387096875 0.6040322578125
23 1 0.654838709375 0.941935484375 0.654838709375 0.941935484375 0.9153225812500001 1 0.9153225812500001 1 0.654838709375
23 0.8822580640625001 0.9161290328125 0.9516129031249999 0.9161290328125 0.9516129031249999 0.658064515625 0.8822580640625001 0.658064515625 0.8822580640625001 0.9161290328125
23 0.8322580640625 0.9137096781249999 0.8870967734375 0.9137096781249999 0.8870967734375 0.65322580625 0.8322580640625 0.65322580625 0.8322580640625 0.9137096781249999
23 0.7741935484375 0.9145161296875 0.8338709671875 0.9145161296875 0.8338709671875 0.6564516125 0.7741935484375 0.6564516125 0.7741935484375 0.9145161296875
23 0.5338709671874999 0.28629032187500003 0.6008064515625 0.28629032187500003 0.6008064515625 0.0258064515625 0.5338709671874999 0.0258064515625 0.5338709671874999 0.28629032187500003
23 0.59677419375 0.9169354843749999 0.6588709671874999 0.9169354843749999 0.6588709671874999 0.6661290328125 0.59677419375 0.6661290328125 0.59677419375 0.9169354843749999
23 0.5354838703125 0.9153225812500001 0.5975806453125 0.9153225812500001 0.5975806453125 0.6693548390624999 0.5354838703125 0.6693548390624999 0.5354838703125 0.9153225812500001
23 0.4854838703125 0.9161290328125 0.5354838703125 0.9161290328125 0.5354838703125 0.6725806453125001 0.4854838703125 0.6725806453125001 0.4854838703125 0.9161290328125
23 0.4354838703125 0.9169354843749999 0.4854838703125 0.9169354843749999 0.4854838703125 0.6709677421875 0.4354838703125 0.6709677421875 0.4354838703125 0.9169354843749999
23 0.38387096718749997 0.9169354843749999 0.43387096718749996 0.9169354843749999 0.43387096718749996 0.6709677421875 0.38387096718749997 0.6709677421875 0.38387096718749997 0.9169354843749999
23 0.3322580640625 0.9145161296875 0.38467741875 0.9145161296875 0.38467741875 0.6741935484375 0.3322580640625 0.6741935484375 0.3322580640625 0.9145161296875
23 1 0.3354838703125 0.9483870968750001 0.3354838703125 0.9483870968750001 0.60322580625 1 0.60322580625 1 0.3354838703125
23 0.8983870968750001 0.6024193546875 0.9580645156250001 0.6024193546875 0.9580645156250001 0.3322580640625 0.8983870968750001 0.3322580640625 0.8983870968750001 0.6024193546875
23 0.8354838703125 0.604838709375 0.9 0.604838709375 0.9 0.3370967734375 0.8354838703125 0.3370967734375 0.8354838703125 0.604838709375
23 0.7774193546875 0.6040322578125 0.841935484375 0.6040322578125 0.841935484375 0.33870967812499997 0.7774193546875 0.33870967812499997 0.7774193546875 0.6040322578125
23 0.7193548390625 0.6040322578125 0.7814516125 0.6040322578125 0.7814516125 0.33870967812499997 0.7193548390625 0.33870967812499997 0.7193548390625 0.6040322578125
23 0.7129032265624999 0.9137096781249999 0.775 0.9137096781249999 0.775 0.658064515625 0.7129032265624999 0.658064515625 0.7129032265624999 0.9137096781249999
23 0.54032258125 0.60322580625 0.6 0.60322580625 0.6 0.345161290625 0.54032258125 0.345161290625 0.54032258125 0.60322580625
23 0.4870967734375 0.6056451609375 0.5395161296875 0.6056451609375 0.5395161296875 0.345161290625 0.4870967734375 0.345161290625 0.4870967734375 0.6056451609375
23 0.4354838703125 0.6056451609375 0.48790322656249996 0.6056451609375 0.48790322656249996 0.345161290625 0.4354838703125 0.345161290625 0.4354838703125 0.6056451609375
23 0.3854838703125 0.608064515625 0.43790322656249997 0.608064515625 0.43790322656249997 0.345161290625 0.3854838703125 0.345161290625 0.3854838703125 0.608064515625
23 0.3354838703125 0.604838709375 0.3854838703125 0.604838709375 0.3854838703125 0.341935484375 0.3354838703125 0.341935484375 0.3354838703125 0.604838709375
23 0.9145161296875 0.2854838703125 0.9766129031249999 0.2854838703125 0.9766129031249999 0.0129032265625 0.9145161296875 0.0129032265625 0.9145161296875 0.2854838703125
23 0.8516129031249999 0.2870967734375 0.9185483874999999 0.2870967734375 0.9185483874999999 0.0145161296875 0.8516129031249999 0.0145161296875 0.8516129031249999 0.2870967734375