23 0.8515625 0.0157006046875 0.7840725796875 0.0157006046875 0.7840725796875 0.28586189375000004 0.8515625 0.28586189375000004 0.8515625 0.0157006046875
23 0.89364919375 0.184375 0.89364919375 0.121446571875 0.625907259375 0.121446571875 0.625907259375 0.184375 0.89364919375 0.184375
23 0.6609375 0.284375 0.6609375 0.026008065625 0.6002016125 0.026008065625 0.6002016125 0.284375 0.6609375 0.284375
23 0.5328125 0.0240171375 0.47961189531250004 0.0240171375 0.47961189531250004 0.28692036249999997 0.5328125 0.28692036249999997 0.5328125 0.0240171375
23 0.4796875 0.2875 0.4796875 0.026360887500000003 0.4264868953125 0.026360887500000003 0.4264868953125 0.2875 0.4796875 0.2875
23 0.3725806453125 0.2853578625 0.4274193546875 0.2853578625 0.4274193546875 0.0224546375 0.3725806453125 0.0224546375 0.3725806453125 0.2853578625
23 0.4765625 0.18125 0.4765625 0.12719254062500002 0.2130544359375 0.12719254062500002 0.2130544359375 0.18125 0.4765625 0.18125
23 0.7578125 0.503125 0.7578125 0.44405241875 0.4984122984375 0.44405241875 0.4984122984375 0.503125 0.7578125 0.503125
23 0.9984375 0.9140625 0.9984375 0.6547631046875 0.9418094765625 0.6547631046875 0.9418094765625 0.9140625 0.9984375 0.9140625
23 0.95 0.915625 0.95 0.6584425406250001 0.8820060484375001 0.6584425406250001 0.8820060484375001 0.915625 0.95 0.915625
23 0.9890625 0.809375 0.9890625 0.75652721875 0.729309475 0.75652721875 0.729309475 0.809375 0.9890625 0.809375
23 0.9328125 0.7555191546875 0.6753276203125 0.7555191546875 0.6753276203125 0.815196571875 0.9328125 0.815196571875 0.9328125 0.7555191546875
23 0.696875 0.12195060312499999 0.4375 0.12195060312499999 0.4375 0.1888860875 0.696875 0.1888860875 0.696875 0.12195060312499999
23 0.6578125 0.6662550421875 0.5964717734375 0.6662550421875 0.5964717734375 0.9170614921875 0.6578125 0.9170614921875 0.6578125 0.6662550421875
23 0.6890625 0.821875 0.6890625 0.76141633125 0.44339717656250005 0.76141633125 0.44339717656250005 0.821875 0.6890625 0.821875
23 0.63125 0.81875 0.63125 0.76980846875 0.389314515625 0.76980846875 0.389314515625 0.81875 0.63125 0.81875
23 0.484375 0.6711693546874999 0.435030240625 0.6711693546874999 0.435030240625 0.9171370968750001 0.484375 0.9171370968750001 0.484375 0.6711693546874999
23 0.4328125 0.6711693546874999 0.383366934375 0.6711693546874999 0.383366934375 0.9171370968750001 0.4328125 0.9171370968750001 0.4328125 0.6711693546874999
23 0.478125 0.81875 0.478125 0.7682711703125 0.238911290625 0.7682711703125 0.238911290625 0.81875 0.478125 0.81875
23 1 0.4435735875 0.8401461687499999 0.4435735875 0.8401461687499999 0.49375 1 0.49375 1 0.4435735875
23 0.9578125 0.6015625 0.9578125 0.33162802343750003 0.8984879031249999 0.33162802343750003 0.8984879031249999 0.6015625 0.9578125 0.6015625
23 1 0.4384828625 0.7339969765625 0.4384828625 0.7339969765625 0.5015625 1 0.5015625 1 0.4384828625
23 0.9421875 0.503125 0.9421875 0.4390625 0.6775201625 0.4390625 0.6775201625 0.503125 0.9421875 0.503125
23 0.78125 0.603125 0.78125 0.3382056453125 0.7197580640625 0.3382056453125 0.7197580640625 0.603125 0.78125 0.603125
23 0.775 0.9125 0.775 0.6580141125 0.7131048390625 0.6580141125 0.7131048390625 0.9125 0.775 0.9125
23 0.6984375 0.503125 0.6984375 0.4445060484375 0.44110383124999997 0.4445060484375 0.44110383124999997 0.503125 0.6984375 0.503125
23 0.64375 0.5 0.64375 0.44921875 0.383442540625 0.44921875 0.383442540625 0.5 0.64375 0.5
23 0.4859375 0.6046875 0.4859375 0.344783265625 0.43545866875000006 0.344783265625 0.43545866875000006 0.6046875 0.4859375 0.6046875
23 0.4359375 0.6078125 0.4359375 0.3453125 0.385509071875 0.3453125 0.385509071875 0.6078125 0.4359375 0.6078125
23 0.384375 0.603125 0.384375 0.34198588750000003 0.3359375 0.34198588750000003 0.3359375 0.603125 0.384375 0.603125
23 0.9763608874999999 0.284375 0.9763608874999999 0.012928428124999999 0.9142641125000001 0.012928428124999999 0.9142641125000001 0.284375 0.9763608874999999 0.284375
23 0.9171875 0.014541331250000001 0.8515372984375 0.014541331250000001 0.8515372984375 0.287121975 0.9171875 0.287121975 0.9171875 0.014541331250000001