23 0.85 0.034765625 0.7828125 0.034765625 0.7828125 0.2953125 0.85 0.2953125 0.85 0.034765625
23 0.728125 0.0375 0.728125 0.296875 0.790625 0.296875 0.790625 0.0375 0.728125 0.0375
23 0.760546875 0.2 0.760546875 0.140234375 0.508203125 0.140234375 0.508203125 0.2 0.760546875 0.2
23 0.4875 0.0421875 0.4875 0.296875 0.540625 0.296875 0.540625 0.0421875 0.4875 0.0421875
23 0.4359375 0.04375 0.4359375 0.2984375 0.4890625 0.2984375 0.4890625 0.04375 0.4359375 0.04375
23 0.5375 0.19375 0.5375 0.14140625 0.28359375 0.14140625 0.28359375 0.19375 0.5375 0.19375
23 0.384375 0.041015625 0.33125 0.041015625 0.33125 0.296875 0.384375 0.296875 0.384375 0.041015625
23 0.6609375 0.351953125 0.603125 0.351953125 0.603125 0.603125 0.6609375 0.603125 0.6609375 0.351953125
23 1 0.748046875 0.840625 0.748046875 0.840625 0.809375 1 0.809375 1 0.748046875
23 0.878125 0.65625 0.878125 0.90625 0.9453125 0.90625 0.9453125 0.65625 0.878125 0.65625
23 0.98125 0.803125 0.98125 0.751171875 0.7296875 0.751171875 0.7296875 0.803125 0.98125 0.803125
23 0.7734375 0.6546875 0.7734375 0.9046875 0.83125 0.9046875 0.83125 0.6546875 0.7734375 0.6546875
23 0.6984375 0.2015625 0.6984375 0.137109375 0.447265625 0.137109375 0.447265625 0.2015625 0.6984375 0.2015625
23 0.6609375 0.90625 0.6609375 0.664453125 0.601171875 0.664453125 0.601171875 0.90625 0.6609375 0.90625
23 0.690625 0.815625 0.690625 0.755859375 0.453515625 0.755859375 0.453515625 0.815625 0.690625 0.815625
23 0.4 0.7640625 0.4 0.8125 0.6359375 0.8125 0.6359375 0.7640625 0.4 0.7640625
23 0.5875 0.8109375 0.5875 0.763671875 0.35 0.763671875 0.35 0.8109375 0.5875 0.8109375
23 0.5375 0.8109375 0.5375 0.763671875 0.30078125 0.763671875 0.30078125 0.8109375 0.5375 0.8109375
23 0.345703125 0.671875 0.345703125 0.9046875 0.3953125 0.9046875 0.3953125 0.671875 0.345703125 0.671875
23 1 0.34375 0.9421875 0.34375 0.9421875 0.603125 1 0.603125 1 0.34375
23 0.9515625 0.341015625 0.89375 0.341015625 0.89375 0.6015625 0.9515625 0.6015625 0.9515625 0.341015625
23 0.734375 0.44375 0.734375 0.50625 0.99375 0.50625 0.99375 0.44375 0.734375 0.44375
23 0.9359375 0.50625 0.9359375 0.444140625 0.6796875 0.444140625 0.6796875 0.50625 0.9359375 0.50625
23 0.621875 0.5046875 0.878125 0.5046875 0.878125 0.444921875 0.621875 0.444921875 0.621875 0.5046875
23 0.8671875 0.809375 0.8671875 0.750390625 0.620703125 0.750390625 0.620703125 0.809375 0.8671875 0.809375
23 0.7 0.50625 0.7 0.44921875 0.45078125 0.44921875 0.45078125 0.50625 0.7 0.50625
23 0.646875 0.453515625 0.394921875 0.453515625 0.394921875 0.504296875 0.646875 0.504296875 0.646875 0.453515625
23 0.596484375 0.5046875 0.596484375 0.454296875 0.344140625 0.454296875 0.344140625 0.5046875 0.596484375 0.5046875
23 0.397265625 0.353125 0.397265625 0.6078125 0.446875 0.6078125 0.446875 0.353125 0.397265625 0.353125
23 0.3484375 0.35 0.3484375 0.6046875 0.396875 0.6046875 0.396875 0.35 0.3484375 0.35
23 0.909375 0.03125 0.909375 0.2953125 0.96875 0.2953125 0.96875 0.03125 0.909375 0.03125
23 0.8484375 0.0328125 0.8484375 0.296875 0.9125 0.296875 0.9125 0.0328125 0.8484375 0.0328125