23 0.946875 0.1984375 0.946875 0.131640625 0.6859375 0.131640625 0.6859375 0.1984375 0.946875 0.1984375
23 0.6296875 0.1359375 0.6296875 0.1984375 0.8890625 0.1984375 0.8890625 0.1359375 0.6296875 0.1359375
23 0.7609375 0.139453125 0.508984375 0.139453125 0.508984375 0.199609375 0.7609375 0.199609375 0.7609375 0.139453125
23 0.640625 0.1953125 0.640625 0.14296875 0.38671875 0.14296875 0.38671875 0.1953125 0.640625 0.1953125
23 0.4359375 0.04375 0.4359375 0.2984375 0.4890625 0.2984375 0.4890625 0.04375 0.4359375 0.04375
23 0.5375 0.19375 0.5375 0.14140625 0.28359375 0.14140625 0.28359375 0.19375 0.5375 0.19375
23 0.33125 0.040625 0.33125 0.296875 0.384375 0.296875 0.384375 0.040625 0.33125 0.040625
23 0.7578125 0.50625 0.7578125 0.448828125 0.50625 0.448828125 0.50625 0.50625 0.7578125 0.50625
23 0.9984375 0.653515625 0.9359375 0.653515625 0.9359375 0.9046875 0.9984375 0.9046875 0.9984375 0.653515625
23 1 0.74765625 0.78671875 0.74765625 0.78671875 0.8140625 1 0.8140625 1 0.74765625
23 0.8828125 0.651953125 0.8296875 0.651953125 0.8296875 0.903125 0.8828125 0.903125 0.8828125 0.651953125
23 0.9265625 0.8078125 0.9265625 0.75078125 0.67734375 0.75078125 0.67734375 0.8078125 0.9265625 0.8078125
23 0.6984375 0.2015625 0.6984375 0.137890625 0.446484375 0.137890625 0.446484375 0.2015625 0.6984375 0.2015625
23 0.6609375 0.90625 0.6609375 0.6640625 0.601953125 0.6640625 0.601953125 0.90625 0.6609375 0.90625
23 0.690625 0.815625 0.690625 0.756640625 0.452734375 0.756640625 0.452734375 0.815625 0.690625 0.815625
23 0.49375 0.6703125 0.49375 0.90625 0.5421875 0.90625 0.5421875 0.6703125 0.49375 0.6703125
23 0.49375 0.669140625 0.4453125 0.669140625 0.4453125 0.90625 0.49375 0.90625 0.49375 0.669140625
23 0.3953125 0.66875 0.3953125 0.90625 0.44375 0.90625 0.44375 0.66875 0.3953125 0.66875
23 0.254296875 0.7625 0.254296875 0.81328125 0.4859375 0.81328125 0.4859375 0.7625 0.254296875 0.7625
23 1 0.44453125 0.84140625 0.44453125 0.84140625 0.5015625 1 0.5015625 1 0.44453125
23 1 0.442578125 0.79140625 0.442578125 0.79140625 0.5 1 0.5 1 0.442578125
23 0.734375 0.44375 0.734375 0.50625 0.99375 0.50625 0.99375 0.44375 0.734375 0.44375
23 0.7765625 0.346875 0.7765625 0.603125 0.8390625 0.603125 0.8390625 0.346875 0.7765625 0.346875
23 0.7796875 0.603125 0.7796875 0.347265625 0.719921875 0.347265625 0.719921875 0.603125 0.7796875 0.603125
23 0.8671875 0.809375 0.8671875 0.750390625 0.620703125 0.750390625 0.620703125 0.809375 0.8671875 0.809375
23 0.546875 0.353125 0.546875 0.603125 0.6046875 0.603125 0.6046875 0.353125 0.546875 0.353125
23 0.5453125 0.6046875 0.5453125 0.353515625 0.495703125 0.353515625 0.495703125 0.6046875 0.5453125 0.6046875
23 0.4953125 0.6046875 0.4953125 0.353515625 0.445703125 0.353515625 0.445703125 0.6046875 0.4953125 0.6046875
23 0.397265625 0.353125 0.397265625 0.6078125 0.446875 0.6078125 0.446875 0.353125 0.397265625 0.353125
23 0.3484375 0.35 0.3484375 0.6046875 0.396875 0.6046875 0.396875 0.35 0.3484375 0.35
23 0.909375 0.03125 0.909375 0.2953125 0.96875 0.2953125 0.96875 0.03125 0.909375 0.03125
23 0.848828125 0.0328125 0.848828125 0.296875 0.9125 0.296875 0.9125 0.0328125 0.848828125 0.0328125