23 0.953125 0.184375 0.953125 0.1167338703125 0.6838961703125 0.1167338703125 0.6838961703125 0.184375 0.953125 0.184375
23 0.790625 0.0194556453125 0.7269405250000001 0.0194556453125 0.7269405250000001 0.28719757968750004 0.790625 0.28719757968750004 0.790625 0.0194556453125
23 0.6609375 0.284375 0.6609375 0.026008065625 0.6002016125 0.026008065625 0.6002016125 0.284375 0.6609375 0.284375
23 0.6375 0.1828125 0.6375 0.12880544375 0.3751764109375 0.12880544375 0.3751764109375 0.1828125 0.6375 0.1828125
23 0.4796875 0.2875 0.4796875 0.025252017187499996 0.4251260078125 0.025252017187499996 0.4251260078125 0.2875 0.4796875 0.2875
23 0.3725806453125 0.2853578625 0.4274193546875 0.2853578625 0.4274193546875 0.0224546375 0.3725806453125 0.0224546375 0.3725806453125 0.2853578625
23 0.371875 0.022026209375 0.3171875 0.022026209375 0.3171875 0.28734879062499996 0.371875 0.28734879062499996 0.371875 0.022026209375
23 0.6578125 0.603125 0.6578125 0.343119959375 0.598487903125 0.343119959375 0.598487903125 0.603125 0.6578125 0.603125
23 1 0.7559223796875 0.8408014109374999 0.7559223796875 0.8408014109374999 0.8125 1 0.8125 1 0.7559223796875
23 1 0.752671371875 0.78828125 0.752671371875 0.78828125 0.8203125 1 0.8203125 1 0.752671371875
23 0.8859375 0.9125 0.8859375 0.6533518140625 0.8327368953125 0.6533518140625 0.8327368953125 0.9125 0.8859375 0.9125
23 0.833996975 0.9140625 0.833996975 0.6567792328125 0.77431955625 0.6567792328125 0.77431955625 0.9140625 0.833996975 0.9140625
23 0.4375 0.1890625 0.696875 0.1890625 0.696875 0.1232106859375 0.4375 0.1232106859375 0.4375 0.1890625
23 0.6578125 0.666003025 0.5970766125 0.666003025 0.5970766125 0.9168094765625 0.6578125 0.9168094765625 0.6578125 0.666003025
23 0.596875 0.6695060500000001 0.5359375 0.6695060500000001 0.5359375 0.9154737921875 0.596875 0.9154737921875 0.596875 0.6695060500000001
23 0.534375 0.915625 0.534375 0.673185484375 0.485030240625 0.673185484375 0.485030240625 0.915625 0.534375 0.915625
23 0.484375 0.6711693546874999 0.435030240625 0.6711693546874999 0.435030240625 0.9171370968750001 0.484375 0.9171370968750001 0.484375 0.6711693546874999
23 0.53125 0.81875 0.53125 0.769455646875 0.286088709375 0.769455646875 0.286088709375 0.81875 0.53125 0.81875
23 0.3828125 0.9140625 0.3828125 0.6747983875 0.3321320546875 0.6747983875 0.3321320546875 0.9140625 0.3828125 0.9140625
23 1 0.44352318593750006 0.8404989921875 0.44352318593750006 0.8404989921875 0.49375 1 0.49375 1 0.44352318593750006
23 0.9578125 0.6015625 0.9578125 0.33162802343750003 0.8984879031249999 0.33162802343750003 0.8984879031249999 0.6015625 0.9578125 0.6015625
23 0.8984375 0.603125 0.8984375 0.3372227828125 0.8357106859375 0.3372227828125 0.8357106859375 0.603125 0.8984375 0.603125
23 0.9421875 0.503125 0.9421875 0.4390625 0.6775201625 0.4390625 0.6775201625 0.503125 0.9421875 0.503125
23 0.7810483875 0.603125 0.7810483875 0.339213709375 0.7189516125 0.339213709375 0.7189516125 0.603125 0.7810483875 0.603125
23 0.775 0.9125 0.775 0.6580141125 0.7131048390625 0.6580141125 0.7131048390625 0.9125 0.775 0.9125
23 0.6984375 0.503125 0.6984375 0.4445060484375 0.44110383124999997 0.4445060484375 0.44110383124999997 0.503125 0.6984375 0.503125
23 0.3828125 0.5 0.6431703625 0.5 0.6431703625 0.4491683453125 0.3828125 0.4491683453125 0.3828125 0.5
23 0.590625 0.5 0.590625 0.44921875 0.3310735890625 0.44921875 0.3310735890625 0.5 0.590625 0.5
23 0.4359375 0.6078125 0.4359375 0.3453125 0.385509071875 0.3453125 0.385509071875 0.6078125 0.4359375 0.6078125
23 0.384375 0.603125 0.384375 0.34198588750000003 0.3359375 0.34198588750000003 0.3359375 0.603125 0.384375 0.603125
23 0.9763608874999999 0.284375 0.9763608874999999 0.012928428124999999 0.9142641125000001 0.012928428124999999 0.9142641125000001 0.284375 0.9763608874999999 0.284375
23 1 0.11726310468750001 0.748765121875 0.11726310468750001 0.748765121875 0.1841985890625 1 0.1841985890625 1 0.11726310468750001