23 0.391739240625 0.7796875 0.391739240625 0.6856429296875 0.3441982578125 0.6856429296875 0.3441982578125 0.7796875 0.391739240625 0.7796875
23 1 0.0897925203125 0.8607453890625001 0.0897925203125 0.8607453890625001 0.1375 1 0.1375 1 0.0897925203125
23 1 0.0858094265625 0.8068775609375001 0.0858094265625 0.8068775609375001 0.14375 1 0.14375 1 0.0858094265625
23 0.8921875 0.2265625 0.8921875 0.0001280734375 0.8357453890625001 0.0001280734375 0.8357453890625001 0.2265625 0.8921875 0.2265625
23 0.8341188515625 0.225 0.8341188531249999 0.0001664953125 0.7783811468749999 0.0001664953125 0.7783811468749999 0.225 0.8341188515625 0.225
23 0.7234375 0.225 0.778125 0.225 0.778125 0.0001664953125 0.7234375 0.0001664953125 0.7234375 0.225
23 0.8078125 0.1390625 0.8078125 0.08457991875000001 0.5842213109375 0.08457991718749999 0.5842213109375 0.1390625 0.8078125 0.1390625
23 0.7484375 0.1390625 0.7484375 0.083811475 0.526472846875 0.083811475 0.526472846875 0.1390625 0.7484375 0.1390625
23 0.6921875 0.1390625 0.6921875 0.08125 0.47143955000000004 0.08125 0.47143955000000004 0.1390625 0.6921875 0.1390625
23 0.5515625 0.2203125 0.5515625 0.0034451859375 0.4963114734375 0.0034451859375 0.4963114734375 0.2203125 0.5515625 0.2203125
23 0.578125 0.1390625 0.578125 0.08125 0.35724897499999997 0.08125 0.35724897499999997 0.1390625 0.578125 0.1390625
23 0.520210040625 0.1375 0.520210040625 0.08232581875 0.298898565625 0.08232581875 0.298898565625 0.1375 0.520210040625 0.1375
23 0.325 0.2203125 0.3796875 0.2203125 0.3796875 0.00028176249999999997 0.325 0.00028176249999999997 0.325 0.2203125
23 0.4078125 0.1375 0.4078125 0.0823002046875 0.188025103125 0.0823002046875 0.188025103125 0.1375 0.4078125 0.1375
23 0.259375 0.1359375 0.259375 0.08125 0.042161884375 0.08125 0.042161884375 0.1359375 0.259375 0.1359375
23 0.1244108609375 0.2171875 0.1244108609375 0.00035860625 0.0662141390625 0.00035860625 0.0662141390625 0.2171875 0.1244108609375 0.2171875
23 0.9984375 0.5546875 0.9984375 0.3030993859375 0.9004482578124999 0.3030993859375 0.9004482578124999 0.5546875 0.9984375 0.5546875
23 0.9671875 0.484375 0.9671875 0.3725665984375 0.7157530750000001 0.3725665984375 0.7157530750000001 0.484375 0.9671875 0.484375
23 0.7828125 0.553125 0.7828125 0.3018954921875 0.67357838125 0.3018954921875 0.67357838125 0.553125 0.7828125 0.553125
23 0.671875 0.5546875 0.671875 0.3030993859375 0.5618724375 0.3030993859375 0.5618724375 0.5546875 0.671875 0.5546875
23 0.5574154703125 0.5515625 0.5574154703125 0.294633709375 0.4443007171875 0.294633709375 0.4443007171875 0.5515625 0.5574154703125 0.5515625
23 0.3234375 0.5546875 0.4421875 0.5546875 0.4421875 0.2953125 0.3234375 0.2953125 0.3234375 0.5546875
23 0.3953125 0.478125 0.3953125 0.37018442500000004 0.14143186562500001 0.37018442500000004 0.14143186562500001 0.478125 0.3953125 0.478125
23 1 0.6172771515625 0.9402535859375 0.6172771515625 0.9402535859375 0.653125 1 0.653125 1 0.6172771515625
23 0.95625 0.7140625 0.95625 0.5889728484375001 0.845786375 0.5889728484375001 0.845786375 0.7140625 0.95625 0.7140625
23 0.6953125 0.71875 0.6953125 0.586898053125 0.5858478500000001 0.586898053125 0.5858478500000001 0.71875 0.6953125 0.71875
23 0.83046875 0.8124615765625001 0.9591572749999999 0.8124615765625001 0.9591572749999999 0.7116419046875 0.83046875 0.7116419046875 0.83046875 0.8124615765625001
23 0.940625 0.925 0.940625 0.7967853484375 0.84495389375 0.7967853484375 0.84495389375 0.925 0.940625 0.925
23 0.8140625 0.6972976421875 0.71328125 0.6972976421875 0.71328125 0.8259861671875001 0.8140625 0.8259861671875001 0.8140625 0.6972976421875
23 0.828125 0.8097464140625 0.7012807375000001 0.8097464140625 0.7012807375000001 0.9105660859375 0.828125 0.9105660859375 0.828125 0.8097464140625
23 0.7 0.9125 0.7 0.8166752031250001 0.5689036890625 0.8166752031250001 0.5689036890625 0.9125 0.7 0.9125
23 0.684375 0.825 0.684375 0.6978995890624999 0.583773053125 0.6978995890624999 0.583773053125 0.825 0.684375 0.825
23 0.525115265625 0.6015625 0.525115265625 0.709375 0.5701972328125 0.709375 0.5701972328125 0.6015625 0.525115265625 0.6015625
23 0.55625 0.678125 0.55625 0.633414446875 0.4498591171875 0.633414446875 0.4498591171875 0.678125 0.55625 0.678125
23 0.4375 0.709375 0.48125 0.709375 0.48125 0.6015625 0.4375 0.6015625 0.4375 0.709375
23 0.3609375 0.678125 0.46875 0.678125 0.46875 0.63351690625 0.3609375 0.63351690625 0.3609375 0.678125
23 0.4921875 0.784375 0.599833503125 0.784375 0.599833503125 0.739971825 0.4921875 0.739971825 0.4921875 0.784375
23 0.5546875 0.7859375 0.5546875 0.7420978468749999 0.449462090625 0.7420978468749999 0.449462090625 0.7859375 0.5546875 0.7859375
23 0.48125 0.709631146875 0.4375 0.709631146875 0.4375 0.815368853125 0.48125 0.815368853125 0.48125 0.709631146875
23 0.4671875 0.7828125 0.4671875 0.7388447765625 0.3621670078125 0.7388447765625 0.3621670078125 0.7828125 0.4671875 0.7828125
23 0.5953125 0.884375 0.5953125 0.8395363734375 0.49770748125 0.839536371875 0.49770748125 0.884375 0.5953125 0.884375
23 0.521875 0.81611168125 0.4782402671875 0.81611168125 0.4782402671875 0.91201331875 0.521875 0.91201331875 0.521875 0.81611168125
23 0.5046875 0.8828125 0.5046875 0.8398565578125 0.40754354687500005 0.83985655625 0.40754354687500005 0.8828125 0.5046875 0.8828125
23 0.4609375 0.8828125 0.4609375 0.8382812515625 0.3657018453125 0.83828125 0.3657018453125 0.8828125 0.4609375 0.8828125
23 0.3859375 0.6859375 0.3859375 0.5939036890625 0.3471055328125 0.5939036890625 0.3471055328125 0.6859375 0.3859375 0.6859375
23 0.371875 0.659375 0.371875 0.6203125 0.2795594265625 0.6203125 0.2795594265625 0.659375 0.371875 0.659375
23 0.3296875 0.659375 0.3296875 0.62095286875 0.23939549218749998 0.62095286875 0.23939549218749998 0.659375 0.3296875 0.659375
23 0.265625 0.684375 0.265625 0.5962986671875 0.2255891390625 0.5962986671875 0.2255891390625 0.684375 0.265625 0.684375
23 0.278125 0.753125 0.3734375 0.753125 0.3734375 0.7114369859375 0.278125 0.7114369859375 0.278125 0.753125
23 0.2640625 0.7765625 0.30625 0.7765625 0.30625 0.6851818640625 0.2640625 0.6851818640625 0.2640625 0.7765625
23 0.2890625 0.75 0.2890625 0.7101434421875 0.19699026718749998 0.7101434421875 0.19699026718749998 0.75 0.2890625 0.75
23 0.428125 0.8546875 0.428125 0.8154969265625001 0.3175333 0.8154969265625001 0.3175333 0.8546875 0.428125 0.8546875
23 0.353125 0.7787781765624999 0.3135758203125 0.7787781765624999 0.3135758203125 0.8918929296875 0.353125 0.8918929296875 0.353125 0.7787781765624999
23 0.3125 0.7785988734375 0.2703125 0.7785988734375 0.2703125 0.8917136265625001 0.3125 0.8917136265625001 0.3125 0.7785988734375
23 0.2655097328125 0.776959528125 0.220427765625 0.776959528125 0.220427765625 0.893352971875 0.2655097328125 0.893352971875 0.2655097328125 0.776959528125
23 0.2234375 0.6859375 0.2234375 0.58429815625 0.1846055328125 0.58429815625 0.1846055328125 0.6859375 0.2234375 0.6859375
23 0.1484375 0.7625 0.2515625 0.7625 0.2515625 0.7179943640625 0.1484375 0.7179943640625 0.1484375 0.7625
23 0.8328125 0.7078125 0.8328125 0.6031762296875 0.7066982578125 0.6031762296875 0.7066982578125 0.7078125 0.8328125 0.7078125
23 0.2484375 0.865625 0.2484375 0.821759734375 0.14846311406249998 0.821759734375 0.14846311406249998 0.865625 0.2484375 0.865625
23 0.11875 0.6546875 0.209375 0.6546875 0.209375 0.6210297140625001 0.11875 0.6210297140625001 0.11875 0.6546875
23 0.175 0.7921875 0.175 0.6847464140625 0.1368212078125 0.6847464140625 0.1368212078125 0.7921875 0.175 0.7921875
23 0.2046875 0.8609375 0.2046875 0.8222720296875 0.10494364687499999 0.8222720296875 0.10494364687499999 0.8609375 0.2046875 0.8609375
23 0.171875 0.8189421109374999 0.0565829921875 0.8189421109374999 0.0565829921875 0.864024078125 0.171875 0.864024078125 0.171875 0.8189421109374999
23 0.1390625 0.784375 0.1390625 0.6855276640625 0.1010117828125 0.6855276640625 0.1010117828125 0.784375 0.1390625 0.784375
23 0.103125 0.6875 0.1453125 0.6875 0.1453125 0.5934554296875 0.103125 0.5934554296875 0.103125 0.6875
23 0.128125 0.6546875 0.128125 0.620363728125 0.0415983609375 0.620363728125 0.0415983609375 0.6546875 0.128125 0.6546875
23 0.13125 0.7640625 0.13125 0.7201972328124999 0.02370645625 0.7201972328124999 0.02370645625 0.7640625 0.13125 0.7640625
23 0.121875 0.8253329921875 0.0227715171875 0.8253329921875 0.0227715171875 0.8654969265625001 0.121875 0.8654969265625001 0.121875 0.8253329921875