23 0.3203125 0.75625 0.41558657656250003 0.75625 0.41558657656250003 0.7093621921875 0.3203125 0.7093621921875 0.3203125 0.75625
23 1 0.0897925203125 0.8607453890625001 0.0897925203125 0.8607453890625001 0.1375 1 0.1375 1 0.0897925203125
23 0.8924692625 0 0.8924692625 0.228125 0.95 0.228125 0.95 0 0.8924692625 0
23 0.8921875 0.2265625 0.8921875 0.0001280734375 0.8357453890625001 0.0001280734375 0.8357453890625001 0.2265625 0.8921875 0.2265625
23 0.7789959015625 0 0.7789959015625 0.225 0.834375 0.225 0.834375 0 0.7789959015625 0
23 0.86376793125 0.1390625 0.86376793125 0.0852074796875 0.6375384234375 0.085207478125 0.6375384234375 0.1390625 0.86376793125 0.1390625
23 0.8078125 0.1390625 0.8078125 0.08457991875000001 0.5842213109375 0.08457991718749999 0.5842213109375 0.1390625 0.8078125 0.1390625
23 0.6100409828125 0 0.6100409828125 0.221875 0.665625 0.221875 0.665625 0 0.6100409828125 0
23 0.553125 0.2203125 0.6109375 0.2203125 0.6109375 0.00028176249999999997 0.553125 0.00028176249999999997 0.553125 0.2203125
23 0.5515625 0.2203125 0.5515625 0.003125 0.497131146875 0.003125 0.497131146875 0.2203125 0.5515625 0.2203125
23 0.578125 0.1390625 0.578125 0.08125 0.35724897499999997 0.08125 0.35724897499999997 0.1390625 0.578125 0.1390625
23 0.382428278125 0 0.382428278125 0.2203125 0.4375 0.2203125 0.4375 0 0.382428278125 0
23 0.4625 0.1375 0.4625 0.0828125 0.24152151718749998 0.0828125 0.24152151718749998 0.1375 0.4625 0.1375
23 0.2705686484375 0 0.2705686484375 0.2203125 0.325 0.2203125 0.325 0 0.2705686484375 0
23 0.1234375 0 0.1234375 0.2171875 0.178125 0.2171875 0.178125 0 0.1234375 0
23 0 0.1375 0.2046875 0.1375 0.2046875 0.0800973359375 0 0.0800973359375 0 0.1375
23 0.9984375 0.5546875 0.9984375 0.3030993859375 0.9004482578124999 0.3030993859375 0.9004482578124999 0.5546875 0.9984375 0.5546875
23 0.9671875 0.484375 0.9671875 0.373335040625 0.71539446875 0.373335040625 0.71539446875 0.484375 0.9671875 0.484375
23 0.85425205 0.4828125 0.85425205 0.3731685453125 0.6017930328125 0.3731685453125 0.6017930328125 0.4828125 0.85425205 0.4828125
23 0.671875 0.5546875 0.671875 0.3030993859375 0.5618724375 0.3030993859375 0.5618724375 0.5546875 0.671875 0.5546875
23 0.371875 0.4796875 0.6290599375 0.4796875 0.6290599375 0.36717469375 0.371875 0.36717469375 0.371875 0.4796875
23 0.3234375 0.5546875 0.4421875 0.5546875 0.4421875 0.2953125 0.3234375 0.2953125 0.3234375 0.5546875
23 0.3953125 0.478125 0.3953125 0.37018442500000004 0.14143186562500001 0.37018442500000004 0.14143186562500001 0.478125 0.3953125 0.478125
23 0.9984375 0.6765625 0.9984375 0.59375 0.9638703890625001 0.59375 0.9638703890625001 0.6765625 0.9984375 0.6765625
23 0.8453125 0.7140625 0.955852971875 0.7140625 0.955852971875 0.588896003125 0.8453125 0.588896003125 0.8453125 0.7140625
23 0.70625 0.7078125 0.70625 0.5985783812500001 0.574602971875 0.5985783812500001 0.574602971875 0.7078125 0.70625 0.7078125
23 0.8440958000000001 0.6976818640625 0.8440958000000001 0.8263703890625 0.944915471875 0.8263703890625 0.944915471875 0.6976818640625 0.8440958000000001 0.6976818640625
23 0.940625 0.925 0.940625 0.7966572765625 0.8452100421875001 0.7966572765625 0.8452100421875001 0.925 0.940625 0.925
23 0.712948259375 0.6977843234375001 0.712948259375 0.8264728484375 0.8137679312499999 0.8264728484375 0.8137679312499999 0.6977843234375001 0.712948259375 0.6977843234375001
23 0.828125 0.8099257171875 0.70035860625 0.8099257171875 0.70035860625 0.9107453890625001 0.828125 0.9107453890625001 0.828125 0.8099257171875
23 0.6999487703125 0.81611168125 0.5688012296875 0.81611168125 0.5688012296875 0.91201331875 0.6999487703125 0.91201331875 0.6999487703125 0.81611168125
23 0.684375 0.825 0.684375 0.6978995890624999 0.583773053125 0.6978995890624999 0.583773053125 0.825 0.684375 0.825
23 0.6015625 0.6329021515625 0.4941214125 0.6329021515625 0.4941214125 0.67798411875 0.6015625 0.67798411875 0.6015625 0.6329021515625
23 0.525 0.709375 0.525 0.6019082984375 0.48092981406249996 0.6019082984375 0.48092981406249996 0.709375 0.525 0.709375
23 0.4375 0.709375 0.48125 0.709375 0.48125 0.6015625 0.4375 0.6015625 0.4375 0.709375
23 0.3923027671875 0.6015625 0.3923027671875 0.709375 0.43738473281249995 0.709375 0.437384734375 0.6015625 0.3923027671875 0.6015625
23 0.56875 0.815625 0.56875 0.7087730546875 0.52398821875 0.7087730546875 0.52398821875 0.815625 0.56875 0.815625
23 0.554636271875 0.7859375 0.554636271875 0.7415087078125 0.4488985671875 0.7415087078125 0.4488985671875 0.7859375 0.554636271875 0.7859375
23 0.4067622953125 0.740625 0.4067622953125 0.784375 0.5125 0.784375 0.5125 0.740625 0.4067622953125 0.740625
23 0.4375 0.8140625 0.4375 0.708324796875 0.3929431375 0.708324796875 0.3929431375 0.8140625 0.4375 0.8140625
23 0.496875 0.884375 0.5949154703125 0.884375 0.5949154703125 0.8399718249999999 0.496875 0.8399718249999999 0.496875 0.884375
23 0.5484375 0.8859375 0.5484375 0.842174690625 0.4527407796875 0.842174690625 0.4527407796875 0.8859375 0.5484375 0.8859375
23 0.4765625 0.8125384234374999 0.433709015625 0.8125384234374999 0.433709015625 0.9108990765625 0.4765625 0.9108990765625 0.4765625 0.8125384234374999
23 0.4609375 0.8828125 0.4609375 0.8387679312499999 0.3654456953125 0.8387679312499999 0.3654456953125 0.8828125 0.4609375 0.8828125
23 0.3859375 0.6859375 0.3859375 0.5939036890625 0.3471055328125 0.5939036890625 0.3471055328125 0.6859375 0.3859375 0.6859375
23 0.371875 0.659375 0.371875 0.6203125 0.2786372953125 0.6203125 0.2786372953125 0.659375 0.371875 0.659375
23 0.3296875 0.659375 0.3296875 0.62095286875 0.23939549218749998 0.62095286875 0.23939549218749998 0.659375 0.3296875 0.659375
23 0.2890625 0.6207223359375 0.20080686406249998 0.6207223359375 0.20080686406249998 0.6608862703125 0.2890625 0.6608862703125 0.2890625 0.6207223359375
23 0.346875 0.7796875 0.346875 0.684848871875 0.305366290625 0.684848871875 0.305366290625 0.7796875 0.346875 0.7796875
23 0.2390625 0.7515625 0.33125 0.7515625 0.33125 0.7107453890625 0.2390625 0.7107453890625 0.2390625 0.7515625
23 0.2890625 0.75 0.2890625 0.7103483609375 0.1972720296875 0.7103483609375 0.1972720296875 0.75 0.2890625 0.75
23 0.3921875 0.77982838125 0.3533555328125 0.77982838125 0.3533555328125 0.8904841187500001 0.3921875 0.8904841187500001 0.3921875 0.77982838125
23 0.390625 0.8546875 0.390625 0.8155225406250001 0.27754866875 0.8155225406250001 0.27754866875 0.8546875 0.390625 0.8546875
23 0.3125 0.7787781765624999 0.2708888328125 0.7787781765624999 0.2708888328125 0.8918929296875 0.3125 0.8918929296875 0.3125 0.7787781765624999
23 0.2655097328125 0.776959528125 0.220427765625 0.776959528125 0.220427765625 0.893352971875 0.2655097328125 0.893352971875 0.2655097328125 0.776959528125
23 0.2546875 0.6546875 0.2546875 0.6153432375000001 0.1521772546875 0.6153432375000001 0.1521772546875 0.6546875 0.2546875 0.6546875
23 0.221875 0.790625 0.221875 0.688063525 0.17749743906249998 0.688063525 0.17749743906249998 0.790625 0.221875 0.790625
23 0.821875 0.71875 0.821875 0.5928919046875001 0.7167008203125 0.5928919046875001 0.7167008203125 0.71875 0.821875 0.71875
23 0.2484375 0.865625 0.2484375 0.821759734375 0.14846311406249998 0.821759734375 0.14846311406249998 0.865625 0.2484375 0.865625
23 0.146875 0.6828125 0.18125 0.6828125 0.18125 0.593570696875 0.146875 0.593570696875 0.146875 0.6828125
23 0.209375 0.7578125 0.209375 0.7193263328125 0.1023693640625 0.7193263328125 0.1023693640625 0.7578125 0.209375 0.7578125
23 0.1734375 0.8921875 0.1734375 0.7921875 0.1353867828125 0.7921875 0.1353867828125 0.8921875 0.1734375 0.8921875
23 0.1375 0.8984375 0.1375 0.7832223375 0.0929431359375 0.7832223375 0.0929431359375 0.8984375 0.1375 0.8984375
23 0.1390625 0.784375 0.1390625 0.6849641390625 0.1006275609375 0.6849641390625 0.1006275609375 0.784375 0.1390625 0.784375
23 0.171875 0.6609375 0.171875 0.62045338125 0.0766521515625 0.62045338125 0.0766521515625 0.6609375 0.171875 0.6609375
23 0.128125 0.6546875 0.128125 0.620363728125 0.0415983609375 0.620363728125 0.0415983609375 0.6546875 0.128125 0.6546875
23 0.1 0.7953125 0.1 0.688178790625 0.0550332984375 0.688178790625 0.0550332984375 0.7953125 0.1 0.7953125
23 0.121875 0.865625 0.121875 0.8254866796875 0.0231301234375 0.8254866796875 0.0231301234375 0.865625 0.121875 0.865625