23 0.391803278125 0.6852459015625 0.34426229531249997 0.6852459015625 0.34426229531249997 0.7811475406249999 0.391803278125 0.7811475406249999 0.391803278125 0.6852459015625
23 0.9508196718749999 0 0.9508196718749999 0.229508196875 1 0.229508196875 1 0 0.9508196718749999 0
23 0.8926229515624999 0 0.8926229515624999 0.229508196875 0.9508196718749999 0.229508196875 0.9508196718749999 0 0.8926229515624999 0
23 0.8352459015625 0 0.8352459015625 0.227868853125 0.8934426234374999 0.227868853125 0.8934426234374999 0 0.8352459015625 0
23 0.778688525 0 0.778688525 0.2262295078125 0.8344262296875 0.2262295078125 0.8344262296875 0 0.778688525 0
23 0.7229508203125 0 0.7229508203125 0.2262295078125 0.778688525 0.2262295078125 0.778688525 0 0.7229508203125 0
23 0.668852459375 0 0.668852459375 0.22459016406250001 0.7245901640625 0.22459016406250001 0.7245901640625 0 0.668852459375 0
23 0.6098360656249999 0 0.6098360656249999 0.2229508203125 0.6655737703125 0.2229508203125 0.6655737703125 0 0.6098360656249999 0
23 0.5532786890625 0 0.5532786890625 0.22131147499999998 0.611475409375 0.22131147499999998 0.611475409375 0 0.5532786890625 0
23 0.552459015625 0.0032786890625000004 0.4967213109375 0.0032786890625000004 0.4967213109375 0.220491803125 0.552459015625 0.220491803125 0.552459015625 0.0032786890625000004
23 0.438524590625 0 0.438524590625 0.22131147499999998 0.4967213109375 0.22131147499999998 0.4967213109375 0 0.438524590625 0
23 0.3819672125 0 0.3819672125 0.22131147499999998 0.43770491875 0.22131147499999998 0.43770491875 0 0.3819672125 0
23 0.3245901640625 0 0.3245901640625 0.22131147499999998 0.38032786875 0.22131147499999998 0.38032786875 0 0.3245901640625 0
23 0.270491803125 0 0.270491803125 0.220491803125 0.32622950781250004 0.220491803125 0.32622950781250004 0 0.270491803125 0
23 0.1229508203125 0 0.1229508203125 0.21803278750000002 0.17868852500000001 0.21803278750000002 0.17868852500000001 0 0.1229508203125 0
23 0.0663934421875 0 0.0663934421875 0.21803278750000002 0.12459016406250001 0.21803278750000002 0.12459016406250001 0 0.0663934421875 0
23 1 0.3032786890625 0.900819671875 0.3032786890625 0.900819671875 0.5557377046875 1 0.5557377046875 1 0.3032786890625
23 0.8983606562500001 0.3032786890625 0.7852459015625 0.3032786890625 0.7852459015625 0.5557377046875 0.8983606562500001 0.5557377046875 0.8983606562500001 0.3032786890625
23 0.7836065578125 0.30163934375 0.6729508203125001 0.30163934375 0.6729508203125001 0.5540983609375 0.7836065578125 0.5540983609375 0.7836065578125 0.30163934375
23 0.672131146875 0.3032786890625 0.5614754093750001 0.3032786890625 0.5614754093750001 0.5557377046875 0.672131146875 0.5557377046875 0.672131146875 0.3032786890625
23 0.5573770484375 0.2950819671875 0.44426229531250006 0.2950819671875 0.44426229531250006 0.552459015625 0.5573770484375 0.552459015625 0.5573770484375 0.2950819671875
23 0.4426229515625 0.2950819671875 0.3237704921875 0.2950819671875 0.3237704921875 0.5549180328125 0.4426229515625 0.5549180328125 0.4426229515625 0.2950819671875
23 0.3229508203125 0.2967213109375 0.21475409843749999 0.2967213109375 0.21475409843749999 0.55163934375 0.3229508203125 0.55163934375 0.3229508203125 0.2967213109375
23 1 0.5934426234375 0.9639344265625001 0.5934426234375 0.9639344265625001 0.6770491796875 1 0.6770491796875 1 0.5934426234375
23 0.9639344265625001 0.5967213109375 0.8377049187500001 0.5967213109375 0.8377049187500001 0.7073770484375 0.9639344265625001 0.7073770484375 0.9639344265625001 0.5967213109375
23 0.708196721875 0.59836065625 0.5745901640625 0.59836065625 0.5745901640625 0.70901639375 0.708196721875 0.70901639375 0.708196721875 0.59836065625
23 0.95901639375 0.711475409375 0.8303278687500001 0.711475409375 0.8303278687500001 0.8122950812499999 0.95901639375 0.8122950812499999 0.95901639375 0.711475409375
23 0.9573770484375 0.8131147546875 0.8286885249999999 0.8131147546875 0.8286885249999999 0.90901639375 0.9573770484375 0.90901639375 0.9573770484375 0.8131147546875
23 0.8278688531249999 0.711475409375 0.699180328125 0.711475409375 0.699180328125 0.8122950812499999 0.8278688531249999 0.8122950812499999 0.8278688531249999 0.711475409375
23 0.8295081968750001 0.809836065625 0.7008196718749999 0.809836065625 0.7008196718749999 0.9106557375 0.8295081968750001 0.9106557375 0.8295081968750001 0.809836065625
23 0.7 0.8163934421875 0.5688524593750001 0.8163934421875 0.5688524593750001 0.9122950812499999 0.7 0.9122950812499999 0.7 0.8163934421875
23 0.69836065625 0.711475409375 0.56967213125 0.711475409375 0.56967213125 0.8122950812499999 0.69836065625 0.8122950812499999 0.69836065625 0.711475409375
23 0.570491803125 0.6016393437499999 0.5254098359375 0.6016393437499999 0.5254098359375 0.709836065625 0.570491803125 0.709836065625 0.570491803125 0.6016393437499999
23 0.5262295078125 0.6016393437499999 0.481147540625 0.6016393437499999 0.481147540625 0.709836065625 0.5262295078125 0.709836065625 0.5262295078125 0.6016393437499999
23 0.4819672125 0.6016393437499999 0.4368852453125 0.6016393437499999 0.4368852453125 0.709836065625 0.4819672125 0.709836065625 0.4819672125 0.6016393437499999
23 0.43770491875 0.6016393437499999 0.39262295156250004 0.6016393437499999 0.39262295156250004 0.709836065625 0.43770491875 0.709836065625 0.43770491875 0.6016393437499999
23 0.5688524593750001 0.708196721875 0.5237704921875 0.708196721875 0.5237704921875 0.8163934421875 0.5688524593750001 0.8163934421875 0.5688524593750001 0.708196721875
23 0.5245901640625 0.711475409375 0.479508196875 0.711475409375 0.479508196875 0.8172131140625 0.5245901640625 0.8172131140625 0.5245901640625 0.711475409375
23 0.4819672125 0.709836065625 0.4368852453125 0.709836065625 0.4368852453125 0.8155737703125 0.4819672125 0.8155737703125 0.4819672125 0.709836065625
23 0.43770491875 0.708196721875 0.39262295156250004 0.708196721875 0.39262295156250004 0.8139344265625 0.43770491875 0.8139344265625 0.43770491875 0.708196721875
23 0.5688524593750001 0.8131147546875 0.5237704921875 0.8131147546875 0.5237704921875 0.9114754093749999 0.5688524593750001 0.9114754093749999 0.5688524593750001 0.8131147546875
23 0.5229508203125001 0.8163934421875 0.47786885312500005 0.8163934421875 0.47786885312500005 0.9122950812499999 0.5229508203125001 0.9122950812499999 0.5229508203125001 0.8163934421875
23 0.47868852500000003 0.8131147546875 0.4336065578125 0.8131147546875 0.4336065578125 0.9114754093749999 0.47868852500000003 0.9114754093749999 0.47868852500000003 0.8131147546875
23 0.4360655734375 0.8131147546875 0.39098360625 0.8131147546875 0.39098360625 0.90901639375 0.4360655734375 0.90901639375 0.4360655734375 0.8131147546875
23 0.3868852453125 0.5934426234375 0.34672131093749997 0.5934426234375 0.34672131093749997 0.6868852453125001 0.3868852453125 0.6868852453125001 0.3868852453125 0.5934426234375
23 0.3459016390625 0.5934426234375 0.3057377046875 0.5934426234375 0.3057377046875 0.6868852453125001 0.3459016390625 0.6868852453125001 0.3459016390625 0.5934426234375
23 0.30491803281249996 0.5950819671875001 0.2647540984375 0.5950819671875001 0.2647540984375 0.6860655734375001 0.30491803281249996 0.6860655734375001 0.30491803281249996 0.5950819671875001
23 0.26557377031249996 0.5967213109375 0.2254098359375 0.5967213109375 0.2254098359375 0.6852459015625 0.26557377031249996 0.6852459015625 0.26557377031249996 0.5967213109375
23 0.34754098437500003 0.6852459015625 0.30491803281249996 0.6852459015625 0.30491803281249996 0.7811475406249999 0.34754098437500003 0.7811475406249999 0.34754098437500003 0.6852459015625
23 0.3065573765625 0.6852459015625 0.2639344265625 0.6852459015625 0.2639344265625 0.778688525 0.3065573765625 0.778688525 0.3065573765625 0.6852459015625
23 0.2639344265625 0.6836065578125 0.22377049218749998 0.6836065578125 0.22377049218749998 0.7770491796875 0.2639344265625 0.7770491796875 0.2639344265625 0.6836065578125
23 0.3934426234375 0.7803278687499999 0.35327868906250004 0.7803278687499999 0.35327868906250004 0.8909836062500001 0.3934426234375 0.8909836062500001 0.3934426234375 0.7803278687499999
23 0.3540983609375 0.778688525 0.31393442656250004 0.778688525 0.31393442656250004 0.891803278125 0.3540983609375 0.891803278125 0.3540983609375 0.778688525
23 0.3131147546875 0.778688525 0.270491803125 0.778688525 0.270491803125 0.891803278125 0.3131147546875 0.891803278125 0.3131147546875 0.778688525
23 0.26557377031249996 0.7770491796875 0.220491803125 0.7770491796875 0.220491803125 0.8934426234374999 0.26557377031249996 0.8934426234374999 0.26557377031249996 0.7770491796875
23 0.22459016406250001 0.5836065578125 0.1844262296875 0.5836065578125 0.1844262296875 0.6868852453125001 0.22459016406250001 0.6868852453125001 0.22459016406250001 0.5836065578125
23 0.2229508203125 0.6885245906249999 0.177868853125 0.6885245906249999 0.177868853125 0.791803278125 0.2229508203125 0.791803278125 0.2229508203125 0.6885245906249999
23 0.8327868859375 0.6032786890625 0.7065573765625001 0.6032786890625 0.7065573765625001 0.70901639375 0.8327868859375 0.70901639375 0.8327868859375 0.6032786890625
23 0.22131147499999998 0.7934426234374999 0.1762295078125 0.7934426234374999 0.1762295078125 0.8942622953124999 0.22131147499999998 0.8942622953124999 0.22131147499999998 0.7934426234374999
23 0.1819672125 0.5934426234375 0.14672131093750002 0.5934426234375 0.14672131093750002 0.6844262296875 0.1819672125 0.6844262296875 0.1819672125 0.5934426234375
23 0.1770491796875 0.6852459015625 0.1368852453125 0.6852459015625 0.1368852453125 0.7934426234374999 0.1770491796875 0.7934426234374999 0.1770491796875 0.6852459015625
23 0.17540983593749998 0.791803278125 0.1352459015625 0.791803278125 0.1352459015625 0.8926229515624999 0.17540983593749998 0.8926229515624999 0.17540983593749998 0.791803278125
23 0.13770491875 0.7836065578125 0.0926229515625 0.7836065578125 0.0926229515625 0.9 0.13770491875 0.9 0.13770491875 0.7836065578125
23 0.14098360625 0.6852459015625 0.100819671875 0.6852459015625 0.100819671875 0.7860655734375 0.14098360625 0.7860655734375 0.14098360625 0.6852459015625
23 0.1459016390625 0.5934426234375 0.1032786890625 0.5934426234375 0.1032786890625 0.6893442624999999 0.1459016390625 0.6893442624999999 0.1459016390625 0.5934426234375
23 0.1032786890625 0.5934426234375 0.0680327875 0.5934426234375 0.0680327875 0.6819672125 0.1032786890625 0.6819672125 0.1032786890625 0.5934426234375
23 0.1 0.6885245906249999 0.054918032812499996 0.6885245906249999 0.054918032812499996 0.7967213109375 0.1 0.7967213109375 0.1 0.6885245906249999
23 0.09344262343750001 0.7950819671875 0.053278689062499995 0.7950819671875 0.053278689062499995 0.8959016390625001 0.09344262343750001 0.8959016390625001 0.09344262343750001 0.7950819671875