23 0.33125 0.261328125 0.1828125 0.261328125 0.1828125 0.328125 0.33125 0.328125 0.33125 0.261328125
23 0.290625 0.228125 0.290625 0.3796875 0.3625 0.3796875 0.3625 0.228125 0.290625 0.228125
23 0.365625 0.2328125 0.365625 0.384375 0.41875 0.384375 0.41875 0.2328125 0.365625 0.2328125
23 0.1109375 0.2109375 0.1109375 0.353125 0.1640625 0.353125 0.1640625 0.2109375 0.1109375 0.2109375
23 0.0625 0.209375 0.0625 0.340625 0.1109375 0.340625 0.1109375 0.209375 0.0625 0.209375
23 0.008203125 0.2078125 0.008203125 0.3328125 0.0625 0.3328125 0.0625 0.2078125 0.008203125 0.2078125
23 0.4734375 0.123828125 0.3109375 0.123828125 0.3109375 0.1765625 0.4734375 0.1765625 0.4734375 0.123828125
23 0.2484375 0.1109375 0.2484375 0.1828125 0.4046875 0.1828125 0.4046875 0.1109375 0.2484375 0.1109375
23 0.225 0.071875 0.225 0.2234375 0.2921875 0.2234375 0.2921875 0.071875 0.225 0.071875
23 0.2671875 0.1734375 0.2671875 0.1140625 0.120703125 0.1140625 0.120703125 0.1734375 0.2671875 0.1734375
23 0.1140625 0.0703125 0.1140625 0.2125 0.1625 0.2125 0.1625 0.0703125 0.1140625 0.0703125
23 0.15625 0.116015625 0.0203125 0.116015625 0.0203125 0.1609375 0.15625 0.1609375 0.15625 0.116015625
23 0 0.1625 0.1 0.1625 0.1 0.105859375 0 0.105859375 0 0.1625
23 0.265625 0.3171875 0.265625 0.258203125 0.122265625 0.258203125 0.122265625 0.3171875 0.265625 0.3171875
23 0.30625 0.2078125 0.30625 0.25625 0.6328125 0.25625 0.6328125 0.2078125 0.30625 0.2078125
23 0.6875 0.2625 0.6875 0.21015625 0.34921875 0.21015625 0.34921875 0.2625 0.6875 0.2625
23 0.542578125 0.0625 0.542578125 0.4109375 0.596875 0.4109375 0.596875 0.0625 0.542578125 0.0625
23 0.8015625 0.2703125 0.8015625 0.216015625 0.446484375 0.216015625 0.446484375 0.2703125 0.8015625 0.2703125
23 0.653515625 0.06875 0.653515625 0.434375 0.7078125 0.434375 0.7078125 0.06875 0.653515625 0.06875
23 0.93203125 0.284375 0.93203125 0.223046875 0.5546875 0.223046875 0.5546875 0.284375 0.93203125 0.284375
23 0.8421875 0.4515625 0.8421875 0.066015625 0.773828125 0.066015625 0.773828125 0.4515625 0.8421875 0.4515625
23 0.9125 0.062109375 0.8328125 0.062109375 0.8328125 0.4609375 0.9125 0.4609375 0.9125 0.062109375
23 0.909375 0.0578125 0.909375 0.475 0.9984375 0.475 0.9984375 0.0578125 0.909375 0.0578125
23 0.0296875 0.3640625 0.0296875 0.61875 0.096875 0.61875 0.096875 0.3640625 0.0296875 0.3640625
23 0 0.5453125 0.2609375 0.5453125 0.2609375 0.476171875 0 0.476171875 0 0.5453125
23 0.159375 0.6671875 0.228125 0.6671875 0.228125 0.389453125 0.159375 0.389453125 0.159375 0.6671875
23 0.4109375 0.5828125 0.4109375 0.504296875 0.1234375 0.504296875 0.1234375 0.5828125 0.4109375 0.5828125
23 0.499609375 0.6078125 0.499609375 0.521484375 0.198828125 0.521484375 0.198828125 0.6078125 0.499609375 0.6078125
23 0.459375 0.496875 0.459375 0.47578125 0.34921875 0.47578125 0.34921875 0.496875 0.459375 0.496875
23 0.39375 0.54375 0.39375 0.6515625 0.415625 0.6515625 0.415625 0.54375 0.39375 0.54375
23 0.39375 0.6390625 0.39375 0.728125 0.415625 0.728125 0.415625 0.6390625 0.39375 0.6390625
23 0.524609375 0.5171875 0.524609375 0.484765625 0.411328125 0.484765625 0.411328125 0.5171875 0.524609375 0.5171875
23 0.453125 0.553125 0.453125 0.653125 0.484375 0.653125 0.484375 0.553125 0.453125 0.553125
23 0.4828125 0.7484375 0.4828125 0.648828125 0.450390625 0.648828125 0.450390625 0.7484375 0.4828125 0.7484375
23 0.44375 0.5234375 0.5609375 0.5234375 0.5609375 0.491015625 0.44375 0.491015625 0.44375 0.5234375
23 0.5515625 0.59609375 0.449609375 0.59609375 0.449609375 0.6296875 0.5515625 0.6296875 0.5515625 0.59609375
23 0.55 0.728125 0.55 0.69609375 0.448046875 0.69609375 0.448046875 0.728125 0.55 0.728125
23 0.519140625 0.45625 0.519140625 0.571875 0.5515625 0.571875 0.5515625 0.45625 0.519140625 0.45625
23 0.55 0.6703125 0.55 0.565234375 0.517578125 0.565234375 0.517578125 0.6703125 0.55 0.6703125
23 0.5828125 0.7359375 0.5828125 0.705078125 0.4828125 0.705078125 0.4828125 0.7359375 0.5828125 0.7359375
23 0.6296875 0.5375 0.6296875 0.50703125 0.51015625 0.50703125 0.51015625 0.5375 0.6296875 0.5375
23 0.6171875 0.6453125 0.6171875 0.6125 0.512890625 0.6125 0.512890625 0.6453125 0.6171875 0.6453125
23 0.5125 0.7453125 0.6171875 0.7453125 0.6171875 0.712890625 0.5125 0.712890625 0.5125 0.7453125
23 0.5859375 0.590625 0.61875 0.590625 0.61875 0.46875 0.5859375 0.46875 0.5859375 0.590625
23 0.6140625 0.690625 0.6140625 0.586328125 0.580859375 0.586328125 0.580859375 0.690625 0.6140625 0.690625
23 0.5453125 0.7578125 0.65 0.7578125 0.65 0.724609375 0.5453125 0.724609375 0.5453125 0.7578125
23 0.69765625 0.5546875 0.69765625 0.519921875 0.575 0.519921875 0.575 0.5546875 0.69765625 0.5546875
23 0.613671875 0.5953125 0.613671875 0.703125 0.6515625 0.703125 0.6515625 0.5953125 0.613671875 0.5953125
23 0.6859375 0.73359375 0.579296875 0.73359375 0.579296875 0.771875 0.6859375 0.771875 0.6859375 0.73359375
23 0.746875 0.524609375 0.61953125 0.524609375 0.61953125 0.5640625 0.746875 0.5640625 0.746875 0.524609375
23 0.659375 0.6078125 0.659375 0.7125 0.7 0.7125 0.7 0.6078125 0.659375 0.6078125
23 0.65625 0.7125 0.65625 0.8203125 0.696875 0.8203125 0.696875 0.7125 0.65625 0.7125
23 0.7859375 0.575 0.7859375 0.53828125 0.657421875 0.53828125 0.657421875 0.575 0.7859375 0.575
23 0.7 0.6125 0.7 0.728125 0.7375 0.728125 0.7375 0.6125 0.7 0.6125
23 0.694921875 0.71875 0.694921875 0.834375 0.7328125 0.834375 0.7328125 0.71875 0.694921875 0.71875
23 0.74375 0.5 0.74375 0.634375 0.784375 0.634375 0.784375 0.5 0.74375 0.5
23 0.81875 0.7015625 0.81875 0.66171875 0.69921875 0.66171875 0.69921875 0.7015625 0.81875 0.7015625
23 0.734375 0.8484375 0.771875 0.8484375 0.771875 0.731640625 0.734375 0.731640625 0.734375 0.8484375
23 0.8765625 0.6 0.8765625 0.5578125 0.734765625 0.5578125 0.734765625 0.6 0.8765625 0.6
23 0.860546875 0.715625 0.860546875 0.673046875 0.737890625 0.673046875 0.737890625 0.715625 0.860546875 0.715625
23 0.8515625 0.825 0.8515625 0.78515625 0.73203125 0.78515625 0.73203125 0.825 0.8515625 0.825
23 0.7796875 0.5609375 0.7796875 0.609375 0.921875 0.609375 0.921875 0.5609375 0.7796875 0.5609375
23 0.821875 0.6453125 0.821875 0.7703125 0.8703125 0.7703125 0.8703125 0.6453125 0.821875 0.6453125
23 0.8640625 0.8796875 0.8640625 0.757421875 0.813671875 0.757421875 0.813671875 0.8796875 0.8640625 0.8796875
23 0.9234375 0.519921875 0.875 0.519921875 0.875 0.6640625 0.9234375 0.6640625 0.9234375 0.519921875
23 0.95625 0.695703125 0.8296875 0.695703125 0.8296875 0.740625 0.95625 0.740625 0.95625 0.695703125
23 0.865625 0.771875 0.865625 0.896875 0.9109375 0.896875 0.9109375 0.771875 0.865625 0.771875
23 0.91875 0.5296875 0.91875 0.6765625 0.971875 0.6765625 0.971875 0.5296875 0.91875 0.5296875
23 0.915625 0.665625 0.915625 0.7953125 0.9640625 0.7953125 0.9640625 0.665625 0.915625 0.665625
23 0.996875 0.825390625 0.86953125 0.825390625 0.86953125 0.8703125 0.996875 0.8703125 0.996875 0.825390625
23 1 0.587109375 0.914453125 0.587109375 0.914453125 0.61875 1 0.61875 1 0.587109375
23 1 0.720703125 0.913671875 0.720703125 0.913671875 0.7578125 1 0.7578125 1 0.720703125
23 0.9984375 0.797265625 0.953125 0.797265625 0.953125 0.928125 0.9984375 0.928125 0.9984375 0.797265625