23 0.290625 0.2203125 0.2234375 0.2203125 0.2234375 0.36953125 0.290625 0.36953125 0.290625 0.2203125
23 0.3625 0.228125 0.290625 0.228125 0.290625 0.3796875 0.3625 0.3796875 0.3625 0.228125
23 0.41875 0.2328125 0.365625 0.2328125 0.365625 0.384375 0.41875 0.384375 0.41875 0.2328125
23 0.1640625 0.2109375 0.1109375 0.2109375 0.1109375 0.353125 0.1640625 0.353125 0.1640625 0.2109375
23 0.1109375 0.209375 0.0625 0.209375 0.0625 0.34140625 0.1109375 0.34140625 0.1109375 0.209375
23 0.06328125 0.2078125 0.0078125 0.2078125 0.0078125 0.3328125 0.06328125 0.3328125 0.06328125 0.2078125
23 0.41875 0.06875 0.365625 0.06875 0.365625 0.23203125 0.41875 0.23203125 0.41875 0.06875
23 0.3625 0.06875 0.290625 0.06875 0.290625 0.225 0.3625 0.225 0.3625 0.06875
23 0.2921875 0.071875 0.225 0.071875 0.225 0.2234375 0.2921875 0.2234375 0.2921875 0.071875
23 0.22421875 0.0703125 0.1640625 0.0703125 0.1640625 0.2171875 0.22421875 0.2171875 0.22421875 0.0703125
23 0.1625 0.0703125 0.1140625 0.0703125 0.1140625 0.2125 0.1625 0.2125 0.1625 0.0703125
23 0.1109375 0.0703125 0.065625 0.0703125 0.065625 0.20703125 0.1109375 0.20703125 0.1109375 0.0703125
23 0.0640625 0.06875 0.00625 0.06875 0.00625 0.20078125 0.0640625 0.20078125 0.0640625 0.06875
23 0.22421875 0.215625 0.1640625 0.215625 0.1640625 0.36015625 0.22421875 0.36015625 0.22421875 0.215625
23 0.49375 0.06875 0.4453125 0.06875 0.4453125 0.3953125 0.49375 0.3953125 0.49375 0.06875
23 0.5453125 0.0671875 0.4921875 0.0671875 0.4921875 0.40625 0.5453125 0.40625 0.5453125 0.0671875
23 0.59765625 0.0625 0.5421875 0.0625 0.5421875 0.4109375 0.59765625 0.4109375 0.59765625 0.0625
23 0.65234375 0.065625 0.596875 0.065625 0.596875 0.42109375 0.65234375 0.42109375 0.65234375 0.065625
23 0.70859375 0.06875 0.653125 0.06875 0.653125 0.434375 0.70859375 0.434375 0.70859375 0.06875
23 0.775 0.065625 0.7125 0.065625 0.7125 0.44296875 0.775 0.44296875 0.775 0.065625
23 0.84296875 0.065625 0.7734375 0.065625 0.7734375 0.45234375 0.84296875 0.45234375 0.84296875 0.065625
23 0.9125 0.0625 0.8328125 0.0625 0.8328125 0.46171875 0.9125 0.46171875 0.9125 0.0625
23 0.9984375 0.0578125 0.909375 0.0578125 0.909375 0.47578125 0.9984375 0.47578125 0.9984375 0.0578125
23 0.096875 0.3640625 0.0296875 0.3640625 0.0296875 0.61875 0.096875 0.61875 0.096875 0.3640625
23 0.16171875 0.3765625 0.0921875 0.3765625 0.0921875 0.64609375 0.16171875 0.64609375 0.16171875 0.3765625
23 0.22890625 0.3890625 0.159375 0.3890625 0.159375 0.66796875 0.22890625 0.66796875 0.22890625 0.3890625
23 0.3078125 0.4 0.228125 0.4 0.228125 0.68828125 0.3078125 0.68828125 0.3078125 0.4
23 0.39296875 0.4140625 0.30625 0.4140625 0.30625 0.71484375 0.39296875 0.71484375 0.39296875 0.4140625
23 0.415625 0.43125 0.39375 0.43125 0.39375 0.5421875 0.415625 0.5421875 0.415625 0.43125
23 0.415625 0.54375 0.39375 0.54375 0.39375 0.6515625 0.415625 0.6515625 0.415625 0.54375
23 0.415625 0.6390625 0.39375 0.6390625 0.39375 0.728125 0.415625 0.728125 0.415625 0.6390625
23 0.48515625 0.4453125 0.4515625 0.4453125 0.4515625 0.55859375 0.48515625 0.55859375 0.48515625 0.4453125
23 0.484375 0.553125 0.453125 0.553125 0.453125 0.65390625 0.484375 0.65390625 0.484375 0.553125
23 0.48359375 0.6484375 0.45 0.6484375 0.45 0.74921875 0.48359375 0.74921875 0.48359375 0.6484375
23 0.51953125 0.4484375 0.4859375 0.4484375 0.4859375 0.56640625 0.51953125 0.56640625 0.51953125 0.4484375
23 0.51796875 0.5609375 0.484375 0.5609375 0.484375 0.6640625 0.51796875 0.6640625 0.51796875 0.5609375
23 0.51640625 0.6609375 0.4828125 0.6609375 0.4828125 0.7640625 0.51640625 0.7640625 0.51640625 0.6609375
23 0.55234375 0.45625 0.51875 0.45625 0.51875 0.571875 0.55234375 0.571875 0.55234375 0.45625
23 0.55078125 0.565625 0.5171875 0.565625 0.5171875 0.67109375 0.55078125 0.67109375 0.55078125 0.565625
23 0.5484375 0.6703125 0.5171875 0.6703125 0.5171875 0.77109375 0.5484375 0.77109375 0.5484375 0.6703125
23 0.5859375 0.4625 0.5546875 0.4625 0.5546875 0.5828125 0.5859375 0.5828125 0.5859375 0.4625
23 0.58203125 0.5765625 0.5484375 0.5765625 0.5484375 0.68203125 0.58203125 0.68203125 0.58203125 0.5765625
23 0.58203125 0.6765625 0.5484375 0.6765625 0.5484375 0.78203125 0.58203125 0.78203125 0.58203125 0.6765625
23 0.61953125 0.46875 0.5859375 0.46875 0.5859375 0.59140625 0.61953125 0.59140625 0.61953125 0.46875
23 0.61484375 0.5859375 0.58125 0.5859375 0.58125 0.69140625 0.61484375 0.69140625 0.61484375 0.5859375
23 0.61484375 0.6890625 0.58125 0.6890625 0.58125 0.79453125 0.61484375 0.79453125 0.61484375 0.6890625
23 0.6546875 0.4765625 0.61875 0.4765625 0.61875 0.59921875 0.6546875 0.59921875 0.6546875 0.4765625
23 0.65234375 0.5953125 0.6140625 0.5953125 0.6140625 0.703125 0.65234375 0.703125 0.65234375 0.5953125
23 0.65234375 0.6984375 0.6140625 0.6984375 0.6140625 0.80625 0.65234375 0.80625 0.65234375 0.6984375
23 0.703125 0.48125 0.6625 0.48125 0.6625 0.60859375 0.703125 0.60859375 0.703125 0.48125
23 0.7 0.6078125 0.659375 0.6078125 0.659375 0.71328125 0.7 0.71328125 0.7 0.6078125
23 0.696875 0.7125 0.65625 0.7125 0.65625 0.8203125 0.696875 0.8203125 0.696875 0.7125
23 0.74140625 0.4921875 0.703125 0.4921875 0.703125 0.621875 0.74140625 0.621875 0.74140625 0.4921875
23 0.73828125 0.6125 0.7 0.6125 0.7 0.728125 0.73828125 0.728125 0.73828125 0.6125
23 0.73359375 0.71875 0.6953125 0.71875 0.6953125 0.834375 0.73359375 0.834375 0.73359375 0.71875
23 0.784375 0.5 0.74375 0.5 0.74375 0.634375 0.784375 0.634375 0.784375 0.5
23 0.7796875 0.621875 0.7390625 0.621875 0.7390625 0.7421875 0.7796875 0.7421875 0.7796875 0.621875
23 0.77265625 0.73125 0.734375 0.73125 0.734375 0.84921875 0.77265625 0.84921875 0.77265625 0.73125
23 0.82734375 0.5078125 0.784375 0.5078125 0.784375 0.65 0.82734375 0.65 0.82734375 0.5078125
23 0.82109375 0.6328125 0.778125 0.6328125 0.778125 0.75546875 0.82109375 0.75546875 0.82109375 0.6328125
23 0.8125 0.7453125 0.771875 0.7453125 0.771875 0.865625 0.8125 0.865625 0.8125 0.7453125
23 0.875 0.5140625 0.8265625 0.5140625 0.8265625 0.65625 0.875 0.65625 0.875 0.5140625
23 0.8703125 0.6453125 0.821875 0.6453125 0.821875 0.7703125 0.8703125 0.7703125 0.8703125 0.6453125
23 0.86484375 0.7578125 0.8140625 0.7578125 0.8140625 0.88046875 0.86484375 0.88046875 0.86484375 0.7578125
23 0.9234375 0.5203125 0.875 0.5203125 0.875 0.66484375 0.9234375 0.66484375 0.9234375 0.5203125
23 0.915625 0.6546875 0.8703125 0.6546875 0.8703125 0.78203125 0.915625 0.78203125 0.915625 0.6546875
23 0.9109375 0.771875 0.865625 0.771875 0.865625 0.896875 0.9109375 0.896875 0.9109375 0.771875
23 0.971875 0.5296875 0.91875 0.5296875 0.91875 0.6765625 0.971875 0.6765625 0.971875 0.5296875
23 0.9640625 0.665625 0.915625 0.665625 0.915625 0.7953125 0.9640625 0.7953125 0.9640625 0.665625
23 0.95625 0.784375 0.9109375 0.784375 0.9109375 0.91171875 0.95625 0.91171875 0.95625 0.784375
23 0.99765625 0.5375 0.9640625 0.5375 0.9640625 0.66953125 0.99765625 0.66953125 0.99765625 0.5375
23 0.99921875 0.6734375 0.9609375 0.6734375 0.9609375 0.80546875 0.99921875 0.80546875 0.99921875 0.6734375
23 0.9984375 0.796875 0.953125 0.796875 0.953125 0.92890625 0.9984375 0.92890625 0.9984375 0.796875