23 0.290625 0.220703125 0.2234375 0.220703125 0.2234375 0.36875 0.290625 0.36875 0.290625 0.220703125
23 0.290625 0.228125 0.290625 0.3796875 0.3625 0.3796875 0.3625 0.228125 0.290625 0.228125
23 0.365625 0.2328125 0.365625 0.384375 0.41875 0.384375 0.41875 0.2328125 0.365625 0.2328125
23 0.1109375 0.2109375 0.1109375 0.353125 0.1640625 0.353125 0.1640625 0.2109375 0.1109375 0.2109375
23 0.1109375 0.209765625 0.0625 0.209765625 0.0625 0.340625 0.1109375 0.340625 0.1109375 0.209765625
23 0 0.296875 0.096875 0.296875 0.096875 0.24296875 0 0.24296875 0 0.296875
23 0.4734375 0.1765625 0.4734375 0.123828125 0.3109375 0.123828125 0.3109375 0.1765625 0.4734375 0.1765625
23 0.290625 0.06875 0.290625 0.225 0.3625 0.225 0.3625 0.06875 0.290625 0.06875
23 0.225 0.071875 0.225 0.2234375 0.2921875 0.2234375 0.2921875 0.071875 0.225 0.071875
23 0.2671875 0.11328125 0.120703125 0.11328125 0.120703125 0.1734375 0.2671875 0.1734375 0.2671875 0.11328125
23 0.0671875 0.1171875 0.0671875 0.165625 0.209375 0.165625 0.209375 0.1171875 0.0671875 0.1171875
23 0.065625 0.0703125 0.065625 0.20625 0.1109375 0.20625 0.1109375 0.0703125 0.065625 0.0703125
23 0.0640625 0.069140625 0.00625 0.069140625 0.00625 0.2 0.0640625 0.2 0.0640625 0.069140625
23 0.2234375 0.359375 0.2234375 0.215625 0.164453125 0.215625 0.164453125 0.359375 0.2234375 0.359375
23 0.4453125 0.06875 0.4453125 0.3953125 0.49375 0.3953125 0.49375 0.06875 0.4453125 0.06875
23 0.6875 0.2625 0.6875 0.21015625 0.34921875 0.21015625 0.34921875 0.2625 0.6875 0.2625
23 0.5421875 0.0625 0.5421875 0.4109375 0.596875 0.4109375 0.596875 0.0625 0.5421875 0.0625
23 0.8015625 0.2703125 0.8015625 0.216015625 0.446484375 0.216015625 0.446484375 0.2703125 0.8015625 0.2703125
23 0.8625 0.22421875 0.498046875 0.22421875 0.498046875 0.2796875 0.8625 0.2796875 0.8625 0.22421875
23 0.775 0.065234375 0.7125 0.065234375 0.7125 0.4421875 0.775 0.4421875 0.775 0.065234375
23 0.8421875 0.4515625 0.8421875 0.065234375 0.773046875 0.065234375 0.773046875 0.4515625 0.8421875 0.4515625
23 1 0.222265625 0.67265625 0.222265625 0.67265625 0.3015625 1 0.3015625 1 0.222265625
23 0.9984375 0.058203125 0.909375 0.058203125 0.909375 0.475 0.9984375 0.475 0.9984375 0.058203125
23 0.0296875 0.3640625 0.0296875 0.61875 0.096875 0.61875 0.096875 0.3640625 0.0296875 0.3640625
23 0 0.5453125 0.2609375 0.5453125 0.2609375 0.476953125 0 0.476953125 0 0.5453125
23 0.228125 0.6671875 0.228125 0.388671875 0.159765625 0.388671875 0.159765625 0.6671875 0.228125 0.6671875
23 0.228125 0.4 0.228125 0.6875 0.3078125 0.6875 0.3078125 0.4 0.228125 0.4
23 0.499609375 0.6078125 0.499609375 0.521484375 0.198828125 0.521484375 0.198828125 0.6078125 0.499609375 0.6078125
23 0.39375 0.43125 0.39375 0.5421875 0.415625 0.5421875 0.415625 0.43125 0.39375 0.43125
23 0.39375 0.54375 0.39375 0.6515625 0.415625 0.6515625 0.415625 0.54375 0.39375 0.54375
23 0.39375 0.6390625 0.39375 0.728125 0.415625 0.728125 0.415625 0.6390625 0.39375 0.6390625
23 0.484375 0.5578125 0.484375 0.444921875 0.451953125 0.444921875 0.451953125 0.5578125 0.484375 0.5578125
23 0.453125 0.553125 0.453125 0.653125 0.484375 0.653125 0.484375 0.553125 0.453125 0.553125
23 0.516796875 0.715625 0.516796875 0.682421875 0.416015625 0.682421875 0.416015625 0.715625 0.516796875 0.715625
23 0.44375 0.5234375 0.5609375 0.5234375 0.5609375 0.491015625 0.44375 0.491015625 0.44375 0.5234375
23 0.5515625 0.59609375 0.449609375 0.59609375 0.449609375 0.6296875 0.5515625 0.6296875 0.5515625 0.59609375
23 0.448046875 0.6953125 0.448046875 0.728125 0.55 0.728125 0.55 0.6953125 0.448046875 0.6953125
23 0.518359375 0.45625 0.518359375 0.571875 0.5515625 0.571875 0.5515625 0.45625 0.518359375 0.45625
23 0.5171875 0.6703125 0.55 0.6703125 0.55 0.566015625 0.5171875 0.566015625 0.5171875 0.6703125
23 0.5484375 0.669921875 0.5171875 0.669921875 0.5171875 0.7703125 0.5484375 0.7703125 0.5484375 0.669921875
23 0.5546875 0.4625 0.5546875 0.5828125 0.5859375 0.5828125 0.5859375 0.4625 0.5546875 0.4625
23 0.6171875 0.6453125 0.6171875 0.6125 0.512890625 0.6125 0.512890625 0.6453125 0.6171875 0.6453125
23 0.58125 0.78125 0.58125 0.676953125 0.548828125 0.676953125 0.548828125 0.78125 0.58125 0.78125
23 0.5859375 0.590625 0.61875 0.590625 0.61875 0.46875 0.5859375 0.46875 0.5859375 0.590625
23 0.5453125 0.6546875 0.65 0.6546875 0.65 0.621484375 0.5453125 0.621484375 0.5453125 0.6546875
23 0.5453125 0.7578125 0.65 0.7578125 0.65 0.724609375 0.5453125 0.724609375 0.5453125 0.7578125
23 0.6546875 0.476171875 0.61875 0.476171875 0.61875 0.5984375 0.6546875 0.5984375 0.6546875 0.476171875
23 0.613671875 0.5953125 0.613671875 0.703125 0.6515625 0.703125 0.6515625 0.5953125 0.613671875 0.5953125
23 0.579296875 0.7328125 0.579296875 0.77109375 0.6859375 0.77109375 0.6859375 0.7328125 0.579296875 0.7328125
23 0.703125 0.480859375 0.6625 0.480859375 0.6625 0.6078125 0.703125 0.6078125 0.703125 0.480859375
23 0.659375 0.6078125 0.659375 0.7125 0.7 0.7125 0.7 0.6078125 0.659375 0.6078125
23 0.7296875 0.7859375 0.7296875 0.74609375 0.62265625 0.74609375 0.62265625 0.7859375 0.7296875 0.7859375
23 0.703125 0.4921875 0.703125 0.621875 0.740625 0.621875 0.740625 0.4921875 0.703125 0.4921875
23 0.7 0.6125 0.7 0.728125 0.7375 0.728125 0.7375 0.6125 0.7 0.6125
23 0.694921875 0.71875 0.694921875 0.834375 0.7328125 0.834375 0.7328125 0.71875 0.694921875 0.71875
23 0.696875 0.546875 0.696875 0.5875 0.83125 0.5875 0.83125 0.546875 0.696875 0.546875
23 0.7390625 0.621875 0.7390625 0.7421875 0.7796875 0.7421875 0.7796875 0.621875 0.7390625 0.621875
23 0.734375 0.8484375 0.771875 0.8484375 0.771875 0.731640625 0.734375 0.731640625 0.734375 0.8484375
23 0.784765625 0.5078125 0.784765625 0.65 0.8265625 0.65 0.8265625 0.5078125 0.784765625 0.5078125
23 0.8203125 0.7546875 0.8203125 0.632421875 0.777734375 0.632421875 0.777734375 0.7546875 0.8203125 0.7546875
23 0.771875 0.7453125 0.771875 0.865625 0.8125 0.865625 0.8125 0.7453125 0.771875 0.7453125
23 0.7796875 0.5609375 0.7796875 0.609375 0.921875 0.609375 0.921875 0.5609375 0.7796875 0.5609375
23 0.9078125 0.73125 0.9078125 0.68359375 0.78359375 0.68359375 0.78359375 0.73125 0.9078125 0.73125
23 0.9 0.84375 0.9 0.794140625 0.777734375 0.794140625 0.777734375 0.84375 0.9 0.84375
23 0.9234375 0.520703125 0.875 0.520703125 0.875 0.6640625 0.9234375 0.6640625 0.9234375 0.520703125
23 0.915625 0.655078125 0.8703125 0.655078125 0.8703125 0.78125 0.915625 0.78125 0.915625 0.655078125
23 0.865625 0.771875 0.865625 0.896875 0.9109375 0.896875 0.9109375 0.771875 0.865625 0.771875
23 0.91875 0.5296875 0.91875 0.6765625 0.971875 0.6765625 0.971875 0.5296875 0.91875 0.5296875
23 1 0.70625 0.875 0.70625 0.875 0.7546875 1 0.7546875 1 0.70625
23 0.996875 0.8703125 0.996875 0.825390625 0.8703125 0.825390625 0.8703125 0.8703125 0.996875 0.8703125
23 1 0.586328125 0.915234375 0.586328125 0.915234375 0.61875 1 0.61875 1 0.586328125
23 0.9984375 0.8046875 0.9984375 0.673828125 0.961328125 0.673828125 0.961328125 0.8046875 0.9984375 0.8046875
23 0.9984375 0.797265625 0.953125 0.797265625 0.953125 0.928125 0.9984375 0.928125 0.9984375 0.797265625