19 0.109375 0.2703125 0.109375 0.34375 0.196875 0.34375 0.196875 0.2703125 0.109375 0.2703125
19 0.017578125 0.2703125 0.017578125 0.34375 0.10625 0.34375 0.10625 0.2703125 0.017578125 0.2703125
19 0.2 0.3453125 0.28125 0.3453125 0.28125 0.270703125 0.2 0.270703125 0.2 0.3453125
19 0.909375 0.271875 0.909375 0.340625 0.9984375 0.340625 0.9984375 0.271875 0.909375 0.271875
19 0.45 0.2671875 0.378515625 0.2671875 0.378515625 0.3515625 0.45 0.3515625 0.45 0.2671875
19 0.553125 0.2765625 0.553125 0.3453125 0.6375 0.3453125 0.6375 0.2765625 0.553125 0.2765625
19 0.726953125 0.2734375 0.726953125 0.3453125 0.8125 0.3453125 0.8125 0.2734375 0.726953125 0.2734375
19 0.894921875 0.346875 0.894921875 0.267578125 0.825390625 0.267578125 0.825390625 0.346875 0.894921875 0.346875
19 0.284375 0.3453125 0.36875 0.3453125 0.36875 0.272265625 0.284375 0.272265625 0.284375 0.3453125
19 0.644140625 0.2671875 0.644140625 0.3515625 0.715625 0.3515625 0.715625 0.2671875 0.644140625 0.2671875
19 0.5453125 0.275390625 0.4625 0.275390625 0.4625 0.34375 0.5453125 0.34375 0.5453125 0.275390625
19 0.219140625 0.3796875 0.219140625 0.453125 0.2890625 0.453125 0.2890625 0.3796875 0.219140625 0.3796875
19 0.384375 0.3796875 0.384375 0.45625 0.45625 0.45625 0.45625 0.3796875 0.384375 0.3796875
19 0.3734375 0.4515625 0.3734375 0.38125 0.300390625 0.38125 0.300390625 0.4515625 0.3734375 0.4515625
19 0.85625 0.45 0.85625 0.3921875 0.795703125 0.3921875 0.795703125 0.45 0.85625 0.45
19 0.7875 0.391015625 0.730078125 0.391015625 0.730078125 0.451171875 0.7875 0.451171875 0.7875 0.391015625
19 0.596875 0.39375 0.596875 0.453125 0.659375 0.453125 0.659375 0.39375 0.596875 0.39375
19 0.7203125 0.4515625 0.7203125 0.393359375 0.662890625 0.393359375 0.662890625 0.4515625 0.7203125 0.4515625
19 0.5875 0.45625 0.5875 0.3921875 0.530078125 0.3921875 0.530078125 0.45625 0.5875 0.45625
19 0.521875 0.453125 0.521875 0.395703125 0.462890625 0.395703125 0.462890625 0.453125 0.521875 0.453125
19 0.228125 0.490625 0.228125 0.5515625 0.3046875 0.5515625 0.3046875 0.490625 0.228125 0.490625
19 0.154296875 0.4921875 0.154296875 0.55 0.23125 0.55 0.23125 0.4921875 0.154296875 0.4921875
19 0.428125 0.483203125 0.3703125 0.483203125 0.3703125 0.5578125 0.428125 0.5578125 0.428125 0.483203125
19 0.3046875 0.48125 0.3046875 0.559375 0.3671875 0.559375 0.3671875 0.48125 0.3046875 0.48125
19 0.1625 0.553125 0.1625 0.49140625 0.08671875 0.49140625 0.08671875 0.553125 0.1625 0.553125
19 0.0125 0.4921875 0.0125 0.5546875 0.090625 0.5546875 0.090625 0.4921875 0.0125 0.4921875
19 0.8640625 0.4984375 0.800390625 0.4984375 0.800390625 0.546875 0.8640625 0.546875 0.8640625 0.4984375
19 0.5421875 0.49375 0.5421875 0.5546875 0.590625 0.5546875 0.590625 0.49375 0.5421875 0.49375
19 0.703125 0.49375 0.703125 0.5546875 0.7515625 0.5546875 0.7515625 0.49375 0.703125 0.49375
19 0.75625 0.49375 0.75625 0.55625 0.803125 0.55625 0.803125 0.49375 0.75625 0.49375
19 0.7046875 0.5484375 0.7046875 0.50078125 0.64296875 0.50078125 0.64296875 0.5484375 0.7046875 0.5484375
19 0.43125 0.5015625 0.43125 0.55 0.4953125 0.55 0.4953125 0.5015625 0.43125 0.5015625
19 0.54375 0.5484375 0.54375 0.49921875 0.480859375 0.49921875 0.480859375 0.5484375 0.54375 0.5484375
19 0.593359375 0.49375 0.593359375 0.5578125 0.6421875 0.5578125 0.6421875 0.49375 0.593359375 0.49375
19 0.321875 0.595703125 0.2953125 0.595703125 0.2953125 0.640625 0.321875 0.640625 0.321875 0.595703125
19 0.3359375 0.63125 0.375 0.63125 0.375 0.6046875 0.3359375 0.6046875 0.3359375 0.63125
19 0.2484375 0.5984375 0.2484375 0.640625 0.275 0.640625 0.275 0.5984375 0.2484375 0.5984375
19 0.5546875 0.6453125 0.5546875 0.60859375 0.49140625 0.60859375 0.49140625 0.6453125 0.5546875 0.6453125
19 0.5484375 0.5953125 0.5484375 0.659375 0.58125 0.659375 0.58125 0.5953125 0.5484375 0.5953125
19 0.471875 0.64375 0.471875 0.61171875 0.41015625 0.61171875 0.41015625 0.64375 0.471875 0.64375
19 0.515625 0.612890625 0.4515625 0.612890625 0.4515625 0.6421875 0.515625 0.6421875 0.515625 0.612890625
19 0.3828125 0.5953125 0.3828125 0.659375 0.4125 0.659375 0.4125 0.5953125 0.3828125 0.5953125
19 0.084375 0.61875 0.084375 0.6640625 0.121875 0.6640625 0.121875 0.61875 0.084375 0.61875
19 0.0390625 0.6203125 0.0390625 0.6671875 0.08125 0.6671875 0.08125 0.6203125 0.0390625 0.6203125
19 0.133203125 0.61875 0.133203125 0.665625 0.18125 0.665625 0.18125 0.61875 0.133203125 0.61875
19 0.1890625 0.61875 0.1890625 0.6671875 0.234375 0.6671875 0.234375 0.61875 0.1890625 0.61875
19 0.321875 0.6703125 0.321875 0.62890625 0.29765625 0.62890625 0.29765625 0.6703125 0.321875 0.6703125
19 0.2734375 0.628125 0.247265625 0.628125 0.247265625 0.6703125 0.2734375 0.6703125 0.2734375 0.628125
19 0.3734375 0.637890625 0.3375 0.637890625 0.3375 0.6609375 0.3734375 0.6609375 0.3734375 0.637890625
19 0.80625 0.7875 0.80625 0.7078125 0.758203125 0.7078125 0.758203125 0.7875 0.80625 0.7875
19 0.5859375 0.721875 0.5859375 0.775 0.659375 0.775 0.659375 0.721875 0.5859375 0.721875
19 0.7390625 0.726953125 0.6625 0.726953125 0.6625 0.775 0.7390625 0.775 0.7390625 0.726953125
19 0.5109375 0.7765625 0.5109375 0.723828125 0.445703125 0.723828125 0.445703125 0.7765625 0.5109375 0.7765625
19 0.440625 0.725390625 0.371875 0.725390625 0.371875 0.778125 0.440625 0.778125 0.440625 0.725390625
19 0.5765625 0.719140625 0.523828125 0.719140625 0.523828125 0.783984375 0.5765625 0.783984375 0.5765625 0.719140625
19 0.3234375 0.778125 0.371875 0.778125 0.371875 0.734375 0.3234375 0.734375 0.3234375 0.778125
19 0.2671875 0.736328125 0.215625 0.736328125 0.215625 0.7796875 0.2671875 0.7796875 0.2671875 0.736328125
19 0.315625 0.7828125 0.315625 0.730859375 0.2734375 0.730859375 0.2734375 0.7828125 0.315625 0.7828125
19 0.020703125 0.7390625 0.020703125 0.784375 0.0625 0.784375 0.0625 0.7390625 0.020703125 0.7390625
19 0.06875 0.7375 0.06875 0.7828125 0.1140625 0.7828125 0.1140625 0.7375 0.06875 0.7375
19 0.117578125 0.7375 0.117578125 0.7828125 0.1609375 0.7828125 0.1609375 0.7375 0.117578125 0.7375
19 0.2125 0.737109375 0.16796875 0.737109375 0.16796875 0.778125 0.2125 0.778125 0.2125 0.737109375