19 0.030927834375 0.34364261093750004 0.12714776562500002 0.34364261093750004 0.12714776562500002 0.2628865984375 0.030927834375 0.2628865984375 0.030927834375 0.34364261093750004
19 0 0.34364261093750004 0.028350515625 0.34364261093750004 0.028350515625 0.2628865984375 0 0.2628865984375 0 0.34364261093750004
19 0.1305841921875 0.34621993125 0.22079037812500002 0.34621993125 0.22079037812500002 0.2628865984375 0.1305841921875 0.2628865984375 0.1305841921875 0.34621993125
19 1 0.2646048109375 0.9106529203125 0.2646048109375 0.9106529203125 0.34020618593749996 1 0.34020618593749996 1 0.2646048109375
19 0.31958762812499997 0.345360825 0.413230240625 0.345360825 0.413230240625 0.2663230234375 0.31958762812499997 0.2663230234375 0.31958762812499997 0.345360825
19 0.51890034375 0.345360825 0.6116838484375 0.345360825 0.6116838484375 0.26975945 0.51890034375 0.26975945 0.51890034375 0.345360825
19 0.70962199375 0.345360825 0.8049828171875 0.345360825 0.8049828171875 0.2663230234375 0.70962199375 0.2663230234375 0.70962199375 0.345360825
19 0.8127147765625 0.34278350468749996 0.9012027484375 0.34278350468749996 0.9012027484375 0.2663230234375 0.8127147765625 0.2663230234375 0.8127147765625 0.34278350468749996
19 0.22336769687500002 0.34621993125 0.31701030937499997 0.34621993125 0.31701030937499997 0.2646048109375 0.22336769687500002 0.2646048109375 0.22336769687500002 0.34621993125
19 0.6116838484375 0.345360825 0.7053264609375 0.345360825 0.7053264609375 0.2663230234375 0.6116838484375 0.2663230234375 0.6116838484375 0.345360825
19 0.4192439859375 0.34450171875 0.510309278125 0.34450171875 0.510309278125 0.2680412375 0.4192439859375 0.2680412375 0.4192439859375 0.34450171875
19 0.15120274843749998 0.463917525 0.22938144375 0.463917525 0.22938144375 0.38316151249999997 0.15120274843749998 0.38316151249999997 0.15120274843749998 0.463917525
19 0.3333333328125 0.46735395156250004 0.412371134375 0.46735395156250004 0.412371134375 0.38316151249999997 0.3333333328125 0.38316151249999997 0.3333333328125 0.46735395156250004
19 0.24226804062500001 0.4647766328125 0.3204467359375 0.4647766328125 0.3204467359375 0.38316151249999997 0.24226804062500001 0.38316151249999997 0.24226804062500001 0.4647766328125
19 0.78694158125 0.4621993125 0.8513745703125 0.4621993125 0.8513745703125 0.395189003125 0.78694158125 0.395189003125 0.78694158125 0.4621993125
19 0.71305841875 0.46134020624999994 0.779209621875 0.46134020624999994 0.779209621875 0.3969072171875 0.71305841875 0.3969072171875 0.71305841875 0.46134020624999994
19 0.567010309375 0.4647766328125 0.6357388312500001 0.4647766328125 0.6357388312500001 0.3986254296875 0.567010309375 0.3986254296875 0.567010309375 0.4647766328125
19 0.6391752578125 0.46305841875000003 0.703608246875 0.46305841875000003 0.703608246875 0.3986254296875 0.6391752578125 0.3986254296875 0.6391752578125 0.46305841875000003
19 0.489690721875 0.4647766328125 0.5609965640625 0.4647766328125 0.5609965640625 0.40034364218749996 0.489690721875 0.40034364218749996 0.489690721875 0.4647766328125
19 0.4192439859375 0.4647766328125 0.4853951890625 0.4647766328125 0.4853951890625 0.40034364218749996 0.4192439859375 0.40034364218749996 0.4192439859375 0.4647766328125
19 0.1701030921875 0.5807560140625 0.2371134015625 0.5807560140625 0.2371134015625 0.49656357343749996 0.1701030921875 0.49656357343749996 0.1701030921875 0.5807560140625
19 0.09106529218750001 0.5824742265625 0.15549828125 0.5824742265625 0.15549828125 0.49656357343749996 0.09106529218750001 0.49656357343749996 0.09106529218750001 0.5824742265625
19 0.31786941562500004 0.5798969078125 0.38144329843749997 0.5798969078125 0.38144329843749997 0.49656357343749996 0.31786941562500004 0.49656357343749996 0.31786941562500004 0.5798969078125
19 0.2457044671875 0.5807560140625 0.3144329890625 0.5807560140625 0.3144329890625 0.4948453609375 0.2457044671875 0.4948453609375 0.2457044671875 0.5807560140625
19 0.013745704687499999 0.5824742265625 0.0824742265625 0.5824742265625 0.0824742265625 0.4982817875 0.013745704687499999 0.4982817875 0.013745704687499999 0.5824742265625
19 0.798969071875 0.575601375 0.8530927828125 0.575601375 0.8530927828125 0.5051546390625 0.798969071875 0.5051546390625 0.798969071875 0.575601375
19 0.5068728515625 0.575601375 0.5601374578125 0.575601375 0.5601374578125 0.508591065625 0.5068728515625 0.508591065625 0.5068728515625 0.575601375
19 0.683848796875 0.575601375 0.7371134015624999 0.575601375 0.7371134015624999 0.508591065625 0.683848796875 0.508591065625 0.683848796875 0.575601375
19 0.742268040625 0.5773195875 0.7938144328125001 0.5773195875 0.7938144328125001 0.508591065625 0.742268040625 0.508591065625 0.742268040625 0.5773195875
19 0.625429553125 0.5773195875 0.6786941578125 0.5773195875 0.6786941578125 0.508591065625 0.625429553125 0.508591065625 0.625429553125 0.5773195875
19 0.393470790625 0.5790377999999999 0.44673539531250006 0.5790377999999999 0.44673539531250006 0.508591065625 0.393470790625 0.508591065625 0.393470790625 0.5790377999999999
19 0.44673539531250006 0.5773195875 0.5025773203125 0.5773195875 0.5025773203125 0.5068728515625 0.44673539531250006 0.5068728515625 0.44673539531250006 0.5773195875
19 0.5635738828125 0.5790377999999999 0.61769759375 0.5790377999999999 0.61769759375 0.508591065625 0.5635738828125 0.508591065625 0.5635738828125 0.5790377999999999
19 0.2250859109375 0.6606529203125 0.27491408906250003 0.6606529203125 0.27491408906250003 0.6305841921875001 0.2250859109375 0.6305841921875001 0.2250859109375 0.6606529203125
19 0.280068728125 0.6606529203125 0.3238831609375 0.6606529203125 0.3238831609375 0.6305841921875001 0.280068728125 0.6305841921875001 0.280068728125 0.6606529203125
19 0.17525773125 0.661512028125 0.221649484375 0.661512028125 0.221649484375 0.63230240625 0.17525773125 0.63230240625 0.17525773125 0.661512028125
19 0.4656357390625 0.69072165 0.5068728515625 0.69072165 0.5068728515625 0.6202749140625 0.4656357390625 0.6202749140625 0.4656357390625 0.69072165
19 0.5137457046875 0.69158075625 0.5498281781250001 0.69158075625 0.5498281781250001 0.6202749140625 0.5137457046875 0.6202749140625 0.5137457046875 0.69158075625
19 0.3780068734375 0.69072165 0.414089346875 0.69072165 0.414089346875 0.6219931265625 0.3780068734375 0.6219931265625 0.3780068734375 0.69072165
19 0.42611683906250003 0.69158075625 0.45876288593750003 0.69158075625 0.45876288593750003 0.6202749140625 0.42611683906250003 0.6202749140625 0.42611683906250003 0.69158075625
19 0.3316151203125 0.69072165 0.36426116875000003 0.69072165 0.36426116875000003 0.6202749140625 0.3316151203125 0.6202749140625 0.3316151203125 0.69072165
19 0.0034364265625 0.6958762890625 0.045532645312499995 0.6958762890625 0.045532645312499995 0.646048109375 0.0034364265625 0.646048109375 0.0034364265625 0.6958762890625
19 0.05670103125 0.6975945015625 0.1108247421875 0.6975945015625 0.1108247421875 0.646048109375 0.05670103125 0.646048109375 0.05670103125 0.6975945015625
19 0.1168384875 0.6975945015625 0.1701030921875 0.6975945015625 0.1701030921875 0.6477663234375 0.1168384875 0.6477663234375 0.1168384875 0.6975945015625
19 0.2285223375 0.694158075 0.27491408906250003 0.694158075 0.27491408906250003 0.6666666671875 0.2285223375 0.6666666671875 0.2285223375 0.694158075
19 0.17353951875 0.694158075 0.22079037812500002 0.694158075 0.22079037812500002 0.664948453125 0.17353951875 0.664948453125 0.17353951875 0.694158075
19 0.2817869421875 0.69329896875 0.3213058421875 0.69329896875 0.3213058421875 0.6666666671875 0.2817869421875 0.6666666671875 0.2817869421875 0.69329896875
19 0.7268041234375 0.8152920968749999 0.8152920968749999 0.8152920968749999 0.8152920968749999 0.761168384375 0.7268041234375 0.761168384375 0.7268041234375 0.8152920968749999
19 0.5549828171875 0.8178694156249999 0.6365979375 0.8178694156249999 0.6365979375 0.759450171875 0.5549828171875 0.759450171875 0.5549828171875 0.8178694156249999
19 0.6391752578125 0.818728521875 0.723367696875 0.818728521875 0.723367696875 0.7646048109375 0.6391752578125 0.7646048109375 0.6391752578125 0.818728521875
19 0.40034364218749996 0.8204467359375001 0.473367696875 0.8204467359375001 0.473367696875 0.761168384375 0.40034364218749996 0.761168384375 0.40034364218749996 0.8204467359375001
19 0.31958762812499997 0.8221649484375 0.395189003125 0.8221649484375 0.395189003125 0.7628865984375001 0.31958762812499997 0.7628865984375001 0.31958762812499997 0.8221649484375
19 0.48109965624999995 0.8221649484375 0.5524054984375 0.8221649484375 0.5524054984375 0.7628865984375001 0.48109965624999995 0.7628865984375001 0.48109965624999995 0.8221649484375
19 0.2663230234375 0.8221649484375 0.3204467359375 0.8221649484375 0.3204467359375 0.7731958765625 0.2663230234375 0.7731958765625 0.2663230234375 0.8221649484375
19 0.1477663234375 0.8238831609374999 0.2044673546875 0.8238831609374999 0.2044673546875 0.7749140890625 0.1477663234375 0.7749140890625 0.1477663234375 0.8238831609374999
19 0.2061855671875 0.8221649484375 0.2646048109375 0.8221649484375 0.2646048109375 0.7749140890625 0.2061855671875 0.7749140890625 0.2061855671875 0.8221649484375
19 0 0.82646048125 0.036082475 0.82646048125 0.036082475 0.776632303125 0 0.776632303125 0 0.82646048125
19 0.0395189 0.82646048125 0.088487971875 0.82646048125 0.088487971875 0.776632303125 0.0395189 0.776632303125 0.0395189 0.82646048125
19 0.09621993125 0.8238831609374999 0.142611684375 0.8238831609374999 0.142611684375 0.7749140890625 0.09621993125 0.7749140890625 0.09621993125 0.8238831609374999