19 0.11875 0.35 0.11875 0.2552861890625 0.0385201890625 0.2552861890625 0.0385201890625 0.35 0.11875 0.35
19 0 0.34350300625 0.028125 0.34350300625 0.028125 0.26274699375 0 0.26274699375 0 0.34350300625
19 0.21875 0.3453125 0.21875 0.2630208328125 0.13067815625 0.2630208328125 0.13067815625 0.3453125 0.21875 0.3453125
19 0.9984375 0.2645430625 0.910795209375 0.2645430625 0.910795209375 0.3401444375 0.9984375 0.3401444375 0.9984375 0.2645430625
19 0.3265625 0.259375 0.3265625 0.3515625 0.4055546609375 0.3515625 0.4055546609375 0.259375 0.3265625 0.259375
19 0.51875 0.34375 0.6109375 0.34375 0.6109375 0.2700118125 0.51875 0.2700118125 0.51875 0.34375
19 0.796875 0.353125 0.796875 0.25789035781249997 0.718156678125 0.25789035781249997 0.718156678125 0.353125 0.796875 0.353125
19 0.9 0.3421875 0.9 0.26697003750000003 0.8126422890624999 0.26697003750000003 0.8126422890624999 0.3421875 0.9 0.3421875
19 0.315625 0.3453125 0.315625 0.26454843281249996 0.22324419999999998 0.26454843281249996 0.22324419999999998 0.3453125 0.315625 0.3453125
19 0.7046875 0.3453125 0.7046875 0.266696196875 0.6123765031249999 0.266696196875 0.6123765031249999 0.3453125 0.7046875 0.3453125
19 0.509375 0.34375 0.509375 0.26875 0.41917686718749997 0.26875 0.41917686718749997 0.34375 0.509375 0.34375
19 0.2296875 0.384375 0.1498120703125 0.384375 0.1498120703125 0.4622959625 0.2296875 0.4622959625 0.2296875 0.384375
19 0.3331373484375 0.4670962203125 0.41217515000000005 0.4670962203125 0.41217515000000005 0.38290378125 0.3331373484375 0.38290378125 0.3331373484375 0.4670962203125
19 0.321875 0.4625 0.321875 0.3847723375 0.24108140156250002 0.3847723375 0.24108140156250002 0.4625 0.321875 0.4625
19 0.85 0.4609375 0.85 0.3954010953125 0.7873147546875 0.3954010953125 0.7873147546875 0.4609375 0.85 0.4609375
19 0.7792498921875 0.4609375 0.7792498921875 0.397124678125 0.7130986890625 0.397124678125 0.7130986890625 0.4609375 0.7792498921875 0.4609375
19 0.634375 0.4640625 0.634375 0.39907646093750004 0.5668223796875 0.39907646093750004 0.5668223796875 0.4640625 0.634375 0.4640625
19 0.6390625 0.4625 0.703125 0.4625 0.703125 0.39892343124999996 0.6390625 0.39892343124999996 0.6390625 0.4625
19 0.55625 0.4671875 0.55625 0.39725085937500004 0.4925982609375 0.39725085937500004 0.4925982609375 0.4671875 0.55625 0.4671875
19 0.484375 0.4640625 0.484375 0.40087252968750003 0.41921982343749997 0.40087252968750003 0.41921982343749997 0.4640625 0.484375 0.4640625
19 0.2359375 0.5796875 0.2359375 0.4969662796875 0.1704010953125 0.4969662796875 0.1704010953125 0.5796875 0.2359375 0.5796875
19 0.1546875 0.58125 0.1546875 0.49688842343750006 0.09122100625 0.49688842343750006 0.09122100625 0.58125 0.1546875 0.58125
19 0.390625 0.56875 0.390625 0.5060056921875 0.3079386796875 0.5060056921875 0.3079386796875 0.56875 0.390625 0.56875
19 0.321875 0.503125 0.23663283906250002 0.503125 0.23663283906250002 0.5717837203125 0.321875 0.5717837203125 0.321875 0.503125
19 0.08125 0.58125 0.08125 0.49803479531250006 0.0134181703125 0.49803479531250006 0.0134181703125 0.58125 0.08125 0.58125
19 0.8609375 0.5671875 0.8609375 0.513066475 0.791341815625 0.513066475 0.791341815625 0.5671875 0.8609375 0.5671875
19 0.565625 0.5671875 0.565625 0.5161565718750001 0.49931002968750005 0.5161565718750001 0.49931002968750005 0.5671875 0.565625 0.5671875
19 0.74375 0.5671875 0.74375 0.51592031875 0.677665915625 0.51592031875 0.677665915625 0.5671875 0.74375 0.5671875
19 0.8015625 0.5671875 0.8015625 0.5172546171875 0.73290915 0.5172546171875 0.73290915 0.5671875 0.8015625 0.5671875
19 0.678125 0.5765625 0.678125 0.5093588921875 0.625928909375 0.5093588921875 0.625928909375 0.5765625 0.678125 0.5765625
19 0.4546875 0.5171875 0.38481529375 0.5171875 0.38481529375 0.5702373281249999 0.4546875 0.5702373281249999 0.4546875 0.5171875
19 0.5015625 0.5765625 0.5015625 0.50625 0.4470790375 0.50625 0.4470790375 0.5765625 0.5015625 0.5765625
19 0.6171875 0.5085266328125 0.5640625 0.5085266328125 0.5640625 0.5789733671875 0.6171875 0.5789733671875 0.6171875 0.5085266328125
19 0.2640625 0.6703125 0.2640625 0.6207044671874999 0.2354408296875 0.6207044671874999 0.2354408296875 0.6703125 0.2640625 0.6703125
19 0.315625 0.6234375 0.28646638750000003 0.6234375 0.28646638750000003 0.667112328125 0.315625 0.667112328125 0.315625 0.6234375
19 0.2125 0.6236952328125 0.184375 0.6236952328125 0.184375 0.6700869859374999 0.2125 0.6700869859374999 0.2125 0.6236952328125
19 0.5203125 0.675 0.5203125 0.6351965203125001 0.4510013953125 0.6351965203125001 0.4510013953125 0.675 0.5203125 0.675
19 0.5671176984375 0.6734375 0.5671176984375 0.6381309078124999 0.49581185625 0.6381309078124999 0.49581185625 0.6734375 0.5671176984375 0.6734375
19 0.4296875 0.6734375 0.4296875 0.6383617921875 0.3617912359375 0.6383617921875 0.3617912359375 0.6734375 0.4296875 0.6734375
19 0.478125 0.639075925 0.40710910624999996 0.639075925 0.40710910624999996 0.671721971875 0.478125 0.671721971875 0.478125 0.639075925
19 0.3828125 0.6390625 0.31274430937500003 0.6390625 0.31274430937500003 0.6715394109374999 0.3828125 0.6715394109374999 0.3828125 0.6390625
19 0.003170640625 0.695226590625 0.045266859375 0.695226590625 0.045266859375 0.6453984109375 0.003170640625 0.6453984109375 0.003170640625 0.695226590625
19 0.1109375 0.696875 0.1109375 0.646775665625 0.056870168750000005 0.646775665625 0.056870168750000005 0.696875 0.1109375 0.696875
19 0.11875 0.6984375 0.1671875 0.6984375 0.1671875 0.6457689 0.11875 0.6457689 0.11875 0.6984375
19 0.275 0.6921875 0.275 0.6666102875 0.22867805156249998 0.6666102875 0.22867805156249998 0.6921875 0.275 0.6921875
19 0.2203125 0.6921875 0.2203125 0.6648142171875 0.1738294671875 0.6648142171875 0.1738294671875 0.6921875 0.2203125 0.6921875
19 0.3140625 0.6602394765625 0.287744309375 0.6602394765625 0.287744309375 0.6997583765625001 0.3140625 0.6997583765625001 0.3140625 0.6602394765625
19 0.796875 0.83125 0.796875 0.7439406140625 0.7440372640625 0.7439406140625 0.7440372640625 0.83125 0.796875 0.83125
19 0.6359375 0.8171875 0.6359375 0.759828715625 0.5554606953125 0.759828715625 0.5554606953125 0.8171875 0.6359375 0.8171875
19 0.7078125 0.8328125 0.7078125 0.7495489703125 0.6544700390625 0.7495489703125 0.6544700390625 0.8328125 0.7078125 0.8328125
19 0.465625 0.8265625 0.465625 0.7544324515625 0.4070339328125 0.7544324515625 0.4070339328125 0.8265625 0.465625 0.8265625
19 0.3859375 0.8296875 0.3859375 0.7551492703125 0.32808741406249997 0.7551492703125 0.32808741406249997 0.8296875 0.3859375 0.8296875
19 0.5453125 0.828125 0.5453125 0.757307775 0.4874516765625 0.757307775 0.4874516765625 0.828125 0.5453125 0.828125
19 0.3171875 0.825 0.3171875 0.7710346859375 0.26887618125 0.7710346859375 0.26887618125 0.825 0.3171875 0.825
19 0.203125 0.8234375 0.203125 0.7750939640625 0.1473206625 0.7750939640625 0.1473206625 0.8234375 0.203125 0.8234375
19 0.2578125 0.8265625 0.2578125 0.7695688359374999 0.211667740625 0.7695688359374999 0.211667740625 0.8265625 0.2578125 0.8265625
19 0 0.81875 0.0421875 0.81875 0.0421875 0.7835776421875 0 0.7835776421875 0 0.81875
19 0.0875 0.825 0.0875 0.7770027921875 0.0391054546875 0.7770027921875 0.0391054546875 0.825 0.0875 0.825
19 0.1421875 0.821875 0.1421875 0.7765625 0.095111146875 0.7765625 0.095111146875 0.821875 0.1421875 0.821875