19 0.1890625 0.35 0.1890625 0.26328125 0.11640625 0.26328125 0.11640625 0.35 0.1890625 0.35
19 0.0984375 0.2625 0.025390625 0.2625 0.025390625 0.3515625 0.0984375 0.3515625 0.0984375 0.2625
19 0.28125 0.3453125 0.28125 0.269921875 0.200390625 0.269921875 0.200390625 0.3453125 0.28125 0.3453125
19 0.9875 0.35 0.9875 0.26171875 0.91953125 0.26171875 0.91953125 0.35 0.9875 0.35
19 0.371875 0.2734375 0.371875 0.3453125 0.45625 0.3453125 0.45625 0.2734375 0.371875 0.2734375
19 0.5609375 0.26875 0.5609375 0.353125 0.6296875 0.353125 0.6296875 0.26875 0.5609375 0.26875
19 0.8046875 0.3515625 0.8046875 0.26640625 0.733984375 0.26640625 0.733984375 0.3515625 0.8046875 0.3515625
19 0.894921875 0.346875 0.894921875 0.267578125 0.825390625 0.267578125 0.825390625 0.346875 0.894921875 0.346875
19 0.363671875 0.35 0.363671875 0.266015625 0.289453125 0.266015625 0.289453125 0.35 0.363671875 0.35
19 0.6375 0.2734375 0.6375 0.3453125 0.721875 0.3453125 0.721875 0.2734375 0.6375 0.2734375
19 0.5453125 0.275390625 0.4625 0.275390625 0.4625 0.34375 0.5453125 0.34375 0.5453125 0.275390625
19 0.290625 0.4515625 0.290625 0.38125 0.217578125 0.38125 0.217578125 0.4515625 0.290625 0.4515625
19 0.384375 0.3796875 0.384375 0.45625 0.45625 0.45625 0.45625 0.3796875 0.384375 0.3796875
19 0.3015625 0.453125 0.371875 0.453125 0.371875 0.3796875 0.3015625 0.3796875 0.3015625 0.453125
19 0.85625 0.45 0.85625 0.3921875 0.795703125 0.3921875 0.795703125 0.45 0.85625 0.45
19 0.7875 0.391015625 0.730078125 0.391015625 0.730078125 0.451171875 0.7875 0.451171875 0.7875 0.391015625
19 0.6578125 0.4546875 0.6578125 0.392578125 0.5984375 0.392578125 0.5984375 0.4546875 0.6578125 0.4546875
19 0.7203125 0.4515625 0.7203125 0.394140625 0.662890625 0.394140625 0.662890625 0.4515625 0.7203125 0.4515625
19 0.5265625 0.453125 0.590625 0.453125 0.590625 0.3953125 0.5265625 0.3953125 0.5265625 0.453125
19 0.4625 0.453125 0.521875 0.453125 0.521875 0.3953125 0.4625 0.3953125 0.4625 0.453125
19 0.2359375 0.4828125 0.2359375 0.559375 0.296875 0.559375 0.296875 0.4828125 0.2359375 0.4828125
19 0.1640625 0.4828125 0.1640625 0.5609375 0.221875 0.5609375 0.221875 0.4828125 0.1640625 0.4828125
19 0.428125 0.483203125 0.3703125 0.483203125 0.3703125 0.5578125 0.428125 0.5578125 0.428125 0.483203125
19 0.3046875 0.48125 0.3046875 0.559375 0.3671875 0.559375 0.3671875 0.48125 0.3046875 0.48125
19 0.1625 0.553125 0.1625 0.49140625 0.08671875 0.49140625 0.08671875 0.553125 0.1625 0.553125
19 0.0125 0.4921875 0.0125 0.5546875 0.090625 0.5546875 0.090625 0.4921875 0.0125 0.4921875
19 0.8640625 0.4984375 0.800390625 0.4984375 0.800390625 0.546875 0.8640625 0.546875 0.8640625 0.4984375
19 0.5359375 0.5 0.5359375 0.5484375 0.596875 0.5484375 0.596875 0.5 0.5359375 0.5
19 0.696875 0.5 0.696875 0.5484375 0.7578125 0.5484375 0.7578125 0.5 0.696875 0.5
19 0.7484375 0.5015625 0.7484375 0.5484375 0.8109375 0.5484375 0.8109375 0.5015625 0.7484375 0.5015625
19 0.7046875 0.5484375 0.7046875 0.50078125 0.64296875 0.50078125 0.64296875 0.5484375 0.7046875 0.5484375
19 0.4390625 0.49375 0.4390625 0.5578125 0.4875 0.5578125 0.4875 0.49375 0.4390625 0.49375
19 0.4875 0.4921875 0.4875 0.55625 0.5375 0.55625 0.5375 0.4921875 0.4875 0.4921875
19 0.65 0.55 0.65 0.5015625 0.586328125 0.5015625 0.586328125 0.55 0.65 0.55
19 0.321875 0.595703125 0.2953125 0.595703125 0.2953125 0.640625 0.321875 0.640625 0.321875 0.595703125
19 0.3421875 0.6375 0.36875 0.6375 0.36875 0.598828125 0.3421875 0.598828125 0.3421875 0.6375
19 0.2484375 0.5984375 0.2484375 0.640625 0.275 0.640625 0.275 0.5984375 0.2484375 0.5984375
19 0.5546875 0.6453125 0.5546875 0.60859375 0.49140625 0.60859375 0.49140625 0.6453125 0.5546875 0.6453125
19 0.596875 0.611328125 0.5328125 0.611328125 0.5328125 0.64375 0.596875 0.64375 0.596875 0.611328125
19 0.425 0.596875 0.425 0.659375 0.4578125 0.659375 0.4578125 0.596875 0.425 0.596875
19 0.515625 0.612890625 0.4515625 0.612890625 0.4515625 0.6421875 0.515625 0.6421875 0.515625 0.612890625
19 0.365625 0.6125 0.365625 0.6421875 0.4296875 0.6421875 0.4296875 0.6125 0.365625 0.6125
19 0.084375 0.61875 0.084375 0.6640625 0.121875 0.6640625 0.121875 0.61875 0.084375 0.61875
19 0.0828125 0.6640625 0.0828125 0.62265625 0.037109375 0.62265625 0.037109375 0.6640625 0.0828125 0.6640625
19 0.133203125 0.61875 0.133203125 0.665625 0.18125 0.665625 0.18125 0.61875 0.133203125 0.61875
19 0.1875 0.6203125 0.1875 0.665625 0.2359375 0.665625 0.2359375 0.6203125 0.1875 0.6203125
19 0.2890625 0.6375 0.2890625 0.6625 0.33125 0.6625 0.33125 0.6375 0.2890625 0.6375
19 0.247265625 0.628125 0.247265625 0.6703125 0.2734375 0.6703125 0.2734375 0.628125 0.247265625 0.628125
19 0.3734375 0.637109375 0.3375 0.637109375 0.3375 0.6609375 0.3734375 0.6609375 0.3734375 0.637109375
19 0.7421875 0.771875 0.821875 0.771875 0.821875 0.7234375 0.7421875 0.7234375 0.7421875 0.771875
19 0.5859375 0.721875 0.5859375 0.775 0.659375 0.775 0.659375 0.721875 0.5859375 0.721875
19 0.6625 0.7265625 0.6625 0.775 0.7390625 0.775 0.7390625 0.7265625 0.6625 0.7265625
19 0.5046875 0.7828125 0.5046875 0.717578125 0.451171875 0.717578125 0.451171875 0.7828125 0.5046875 0.7828125
19 0.4328125 0.7859375 0.4328125 0.717578125 0.3796875 0.717578125 0.3796875 0.7859375 0.4328125 0.7859375
19 0.5828125 0.778125 0.5828125 0.725390625 0.518359375 0.725390625 0.518359375 0.778125 0.5828125 0.778125
19 0.36875 0.7796875 0.36875 0.732421875 0.325390625 0.732421875 0.325390625 0.7796875 0.36875 0.7796875
19 0.26328125 0.7828125 0.26328125 0.732421875 0.21875 0.732421875 0.21875 0.7828125 0.26328125 0.7828125
19 0.315625 0.7828125 0.315625 0.730859375 0.27421875 0.730859375 0.27421875 0.7828125 0.315625 0.7828125
19 0.0640625 0.740625 0.019140625 0.740625 0.019140625 0.7828125 0.0640625 0.7828125 0.0640625 0.740625
19 0.06875 0.7375 0.06875 0.7828125 0.1140625 0.7828125 0.1140625 0.7375 0.06875 0.7375
19 0.117578125 0.7375 0.117578125 0.7828125 0.1609375 0.7828125 0.1609375 0.7375 0.117578125 0.7375
19 0.21171875 0.778125 0.21171875 0.737109375 0.1671875 0.737109375 0.1671875 0.778125 0.21171875 0.778125