19 0.196875 0.2703125 0.109375 0.2703125 0.109375 0.34375 0.196875 0.34375 0.196875 0.2703125
19 0.10703125 0.2703125 0.0171875 0.2703125 0.0171875 0.34375 0.10703125 0.34375 0.10703125 0.2703125
19 0.28203125 0.2703125 0.2 0.2703125 0.2 0.34609375 0.28203125 0.34609375 0.28203125 0.2703125
19 0.9984375 0.271875 0.909375 0.271875 0.909375 0.340625 0.9984375 0.340625 0.9984375 0.271875
19 0.45703125 0.2734375 0.371875 0.2734375 0.371875 0.3453125 0.45703125 0.3453125 0.45703125 0.2734375
19 0.6375 0.2765625 0.553125 0.2765625 0.553125 0.3453125 0.6375 0.3453125 0.6375 0.2765625
19 0.81328125 0.2734375 0.7265625 0.2734375 0.7265625 0.3453125 0.81328125 0.3453125 0.81328125 0.2734375
19 0.90078125 0.2734375 0.8203125 0.2734375 0.8203125 0.34296875 0.90078125 0.34296875 0.90078125 0.2734375
19 0.36953125 0.271875 0.284375 0.271875 0.284375 0.34609375 0.36953125 0.34609375 0.36953125 0.271875
19 0.72265625 0.2734375 0.6375 0.2734375 0.6375 0.3453125 0.72265625 0.3453125 0.72265625 0.2734375
19 0.5453125 0.275 0.4625 0.275 0.4625 0.34453125 0.5453125 0.34453125 0.5453125 0.275
19 0.28984375 0.3796875 0.21875 0.3796875 0.21875 0.453125 0.28984375 0.453125 0.28984375 0.3796875
19 0.45625 0.3796875 0.384375 0.3796875 0.384375 0.45625 0.45625 0.45625 0.45625 0.3796875
19 0.37265625 0.3796875 0.3015625 0.3796875 0.3015625 0.45390625 0.37265625 0.45390625 0.37265625 0.3796875
19 0.85546875 0.390625 0.796875 0.390625 0.796875 0.4515625 0.85546875 0.4515625 0.85546875 0.390625
19 0.78984375 0.3921875 0.7296875 0.3921875 0.7296875 0.45078125 0.78984375 0.45078125 0.78984375 0.3921875
19 0.659375 0.39375 0.596875 0.39375 0.596875 0.45390625 0.659375 0.45390625 0.659375 0.39375
19 0.72109375 0.39375 0.6625 0.39375 0.6625 0.45234375 0.72109375 0.45234375 0.72109375 0.39375
19 0.59140625 0.3953125 0.5265625 0.3953125 0.5265625 0.45390625 0.59140625 0.45390625 0.59140625 0.3953125
19 0.52265625 0.3953125 0.4625 0.3953125 0.4625 0.45390625 0.52265625 0.45390625 0.52265625 0.3953125
19 0.296875 0.4828125 0.2359375 0.4828125 0.2359375 0.559375 0.296875 0.559375 0.296875 0.4828125
19 0.22265625 0.4828125 0.1640625 0.4828125 0.1640625 0.5609375 0.22265625 0.5609375 0.22265625 0.4828125
19 0.428125 0.4828125 0.3703125 0.4828125 0.3703125 0.55859375 0.428125 0.55859375 0.428125 0.4828125
19 0.3671875 0.48125 0.3046875 0.48125 0.3046875 0.559375 0.3671875 0.559375 0.3671875 0.48125
19 0.15625 0.484375 0.09375 0.484375 0.09375 0.5609375 0.15625 0.5609375 0.15625 0.484375
19 0.0828125 0.484375 0.0203125 0.484375 0.0203125 0.5625 0.0828125 0.5625 0.0828125 0.484375
19 0.85703125 0.490625 0.8078125 0.490625 0.8078125 0.5546875 0.85703125 0.5546875 0.85703125 0.490625
19 0.590625 0.49375 0.5421875 0.49375 0.5421875 0.5546875 0.590625 0.5546875 0.590625 0.49375
19 0.7515625 0.49375 0.703125 0.49375 0.703125 0.5546875 0.7515625 0.5546875 0.7515625 0.49375
19 0.803125 0.49375 0.75625 0.49375 0.75625 0.55625 0.803125 0.55625 0.803125 0.49375
19 0.6984375 0.49375 0.65 0.49375 0.65 0.55625 0.6984375 0.55625 0.6984375 0.49375
19 0.4875 0.49375 0.4390625 0.49375 0.4390625 0.5578125 0.4875 0.5578125 0.4875 0.49375
19 0.53828125 0.4921875 0.4875 0.4921875 0.4875 0.55625 0.53828125 0.55625 0.53828125 0.4921875
19 0.64296875 0.49375 0.59375 0.49375 0.59375 0.5578125 0.64296875 0.5578125 0.64296875 0.49375
19 0.33125 0.6046875 0.2859375 0.6046875 0.2859375 0.63203125 0.33125 0.63203125 0.33125 0.6046875
19 0.37578125 0.6046875 0.3359375 0.6046875 0.3359375 0.63203125 0.37578125 0.63203125 0.37578125 0.6046875
19 0.2828125 0.60625 0.240625 0.60625 0.240625 0.6328125 0.2828125 0.6328125 0.2828125 0.60625
19 0.5421875 0.5953125 0.5046875 0.5953125 0.5046875 0.659375 0.5421875 0.659375 0.5421875 0.5953125
19 0.58125 0.5953125 0.5484375 0.5953125 0.5484375 0.66015625 0.58125 0.66015625 0.58125 0.5953125
19 0.4578125 0.596875 0.425 0.596875 0.425 0.659375 0.4578125 0.659375 0.4578125 0.596875
19 0.4984375 0.5953125 0.46875 0.5953125 0.46875 0.66015625 0.4984375 0.66015625 0.4984375 0.5953125
19 0.4125 0.5953125 0.3828125 0.5953125 0.3828125 0.659375 0.4125 0.659375 0.4125 0.5953125
19 0.12265625 0.61875 0.084375 0.61875 0.084375 0.6640625 0.12265625 0.6640625 0.12265625 0.61875
19 0.08203125 0.6203125 0.0390625 0.6203125 0.0390625 0.6671875 0.08203125 0.6671875 0.08203125 0.6203125
19 0.18203125 0.61875 0.1328125 0.61875 0.1328125 0.665625 0.18203125 0.665625 0.18203125 0.61875
19 0.2359375 0.6203125 0.1875 0.6203125 0.1875 0.665625 0.2359375 0.665625 0.2359375 0.6203125
19 0.33125 0.6375 0.2890625 0.6375 0.2890625 0.6625 0.33125 0.6625 0.33125 0.6375
19 0.28203125 0.6359375 0.2390625 0.6359375 0.2390625 0.6625 0.28203125 0.6625 0.28203125 0.6359375
19 0.3734375 0.6375 0.3375 0.6375 0.3375 0.66171875 0.3734375 0.66171875 0.3734375 0.6375
19 0.82265625 0.7234375 0.7421875 0.7234375 0.7421875 0.77265625 0.82265625 0.77265625 0.82265625 0.7234375
19 0.66015625 0.721875 0.5859375 0.721875 0.5859375 0.775 0.66015625 0.775 0.66015625 0.721875
19 0.7390625 0.7265625 0.6625 0.7265625 0.6625 0.77578125 0.7390625 0.77578125 0.7390625 0.7265625
19 0.51171875 0.7234375 0.4453125 0.7234375 0.4453125 0.77734375 0.51171875 0.77734375 0.51171875 0.7234375
19 0.440625 0.725 0.371875 0.725 0.371875 0.77890625 0.440625 0.77890625 0.440625 0.725
19 0.58359375 0.725 0.51875 0.725 0.51875 0.77890625 0.58359375 0.77890625 0.58359375 0.725
19 0.37265625 0.734375 0.3234375 0.734375 0.3234375 0.77890625 0.37265625 0.77890625 0.37265625 0.734375
19 0.2671875 0.7359375 0.215625 0.7359375 0.215625 0.78046875 0.2671875 0.78046875 0.2671875 0.7359375
19 0.321875 0.7359375 0.26875 0.7359375 0.26875 0.77890625 0.321875 0.77890625 0.321875 0.7359375
19 0.06328125 0.7390625 0.0203125 0.7390625 0.0203125 0.784375 0.06328125 0.784375 0.06328125 0.7390625
19 0.1140625 0.7375 0.06875 0.7375 0.06875 0.7828125 0.1140625 0.7828125 0.1140625 0.7375
19 0.16171875 0.7375 0.1171875 0.7375 0.1171875 0.7828125 0.16171875 0.7828125 0.16171875 0.7375
19 0.2109375 0.7359375 0.16875 0.7359375 0.16875 0.78046875 0.2109375 0.78046875 0.2109375 0.7359375