19 0.03125 0.34375 0.1265625 0.34375 0.1265625 0.263026203125 0.03125 0.263026203125 0.03125 0.34375
19 0 0.3171875 0.0546875 0.3171875 0.0546875 0.2890625 0 0.2890625 0 0.3171875
19 0.21875 0.3453125 0.21875 0.2630208328125 0.13067815625 0.2630208328125 0.13067815625 0.3453125 0.21875 0.3453125
19 0.9921875 0.346875 0.9921875 0.2578125 0.9174640249999999 0.2578125 0.9174640249999999 0.346875 0.9921875 0.346875
19 0.4125 0.26594985000000004 0.3203125 0.26594985000000004 0.3203125 0.3449876515625 0.4125 0.3449876515625 0.4125 0.26594985000000004
19 0.6015625 0.353125 0.6015625 0.26161673125 0.5277437703125 0.26161673125 0.527743771875 0.353125 0.6015625 0.353125
19 0.79644813125 0.353125 0.79644813125 0.2584326671875 0.7174103296875 0.2584326671875 0.7174103296875 0.353125 0.79644813125 0.353125
19 0.9 0.3421875 0.9 0.26697003750000003 0.8126422890624999 0.26697003750000003 0.8126422890624999 0.3421875 0.9 0.3421875
19 0.3109375 0.3515625 0.3109375 0.25846756875 0.229437821875 0.25846756875 0.229437821875 0.3515625 0.3109375 0.3515625
19 0.61099119375 0.3449876515625 0.70463380625 0.3449876515625 0.70463380625 0.26594985000000004 0.61099119375 0.26594985000000004 0.61099119375 0.3449876515625
19 0.509375 0.34375 0.509375 0.26875 0.41917686718749997 0.26875 0.41917686718749997 0.34375 0.509375 0.34375
19 0.228125 0.38326353125 0.15086984375 0.38326353125 0.15086984375 0.46401954375 0.228125 0.46401954375 0.228125 0.38326353125
19 0.4140625 0.4640625 0.4140625 0.3855428484375 0.3310137453125 0.3855428484375 0.3310137453125 0.4640625 0.4140625 0.4640625
19 0.3203125 0.4640625 0.3203125 0.38369308593749996 0.24237542968749998 0.38369308593749996 0.24237542968749998 0.4640625 0.3203125 0.4640625
19 0.8515625 0.459375 0.8515625 0.3968508375 0.7854408281249999 0.3968508375 0.7854408281249999 0.459375 0.8515625 0.459375
19 0.778125 0.39600783906250003 0.7141349875 0.39600783906250003 0.7141349875 0.46215904218750004 0.778125 0.46215904218750004 0.778125 0.39600783906250003
19 0.634375 0.4640625 0.634375 0.3984375 0.5671982390625 0.3984375 0.5671982390625 0.4640625 0.634375 0.4640625
19 0.703125 0.4625 0.703125 0.398998603125 0.639473259375 0.398998603125 0.639473259375 0.4625 0.703125 0.4625
19 0.5609375 0.4640625 0.5609375 0.40087252968750003 0.49003436562499997 0.40087252968750003 0.49003436562499997 0.4640625 0.5609375 0.4640625
19 0.4828125 0.3994603734375 0.4195742046875 0.3994603734375 0.4195742046875 0.46561157656249996 0.4828125 0.46561157656249996 0.4828125 0.3994603734375
19 0.2359375 0.5796875 0.2359375 0.4969662796875 0.1704010953125 0.4969662796875 0.1704010953125 0.5796875 0.2359375 0.5796875
19 0.165625 0.5071466921875001 0.0806513109375 0.5071466921875001 0.0806513109375 0.57157968125 0.165625 0.57157968125 0.165625 0.5071466921875001
19 0.381005690625 0.578125 0.381005690625 0.4966145828125 0.31743180937500004 0.4966145828125 0.31743180937500004 0.578125 0.381005690625 0.578125
19 0.321875 0.571875 0.321875 0.5038176546875001 0.2375939640625 0.5038176546875001 0.2375939640625 0.571875 0.321875 0.571875
19 0.08125 0.58125 0.08125 0.49803479531250006 0.0134181703125 0.49803479531250006 0.0134181703125 0.58125 0.08125 0.58125
19 0.79871939375 0.5046875 0.79871939375 0.575 0.8528431046874999 0.575 0.8528431046874999 0.5046875 0.79871939375 0.5046875
19 0.559375 0.575 0.559375 0.5092810359375 0.50756550625 0.5092810359375 0.50756550625 0.575 0.559375 0.575
19 0.6765625 0.5671875 0.7432962828125 0.5671875 0.7432962828125 0.5150075171874999 0.6765625 0.5150075171874999 0.6765625 0.5671875
19 0.7421955546875 0.5765517609375 0.793741946875 0.5765517609375 0.793741946875 0.5078232390624999 0.7421955546875 0.5078232390624999 0.7421955546875 0.5765517609375
19 0.678125 0.5765625 0.678125 0.5093588921875 0.625928909375 0.5093588921875 0.625928909375 0.5765625 0.678125 0.5765625
19 0.4546875 0.5171875 0.38481529375 0.5171875 0.38481529375 0.5702373281249999 0.4546875 0.5702373281249999 0.4546875 0.5171875
19 0.5015625 0.5765625 0.5015625 0.50625 0.4470790375 0.50625 0.4470790375 0.5765625 0.5015625 0.5765625
19 0.6171875 0.5085266328125 0.5640625 0.5085266328125 0.5640625 0.5789733671875 0.6171875 0.5789733671875 0.6171875 0.5085266328125
19 0.2640625 0.6703125 0.2640625 0.6207044671874999 0.23449044218749998 0.6207044671874999 0.23449044218749998 0.6703125 0.2640625 0.6703125
19 0.315625 0.6234375 0.28646638750000003 0.6234375 0.28646638750000003 0.667112328125 0.315625 0.667112328125 0.315625 0.6234375
19 0.1752416234375 0.6328125 0.1752416234375 0.6609375 0.22163337656249998 0.6609375 0.22163337656249998 0.6328125 0.1752416234375 0.6328125
19 0.50625 0.690625 0.50625 0.6203125 0.46595253437500006 0.6203125 0.46595253437500006 0.690625 0.50625 0.690625
19 0.5484375 0.690625 0.5484375 0.61995275 0.513501396875 0.61995275 0.513501396875 0.690625 0.5484375 0.690625
19 0.4125 0.690625 0.4125 0.622100515625 0.3779612328125 0.622100515625 0.3779612328125 0.690625 0.4125 0.690625
19 0.47777061875 0.671875 0.47777061875 0.6401337 0.40646477656249996 0.6401337 0.40646477656249996 0.671875 0.47777061875 0.671875
19 0.3640625 0.690625 0.3640625 0.6203125 0.3318970140625 0.6203125 0.3318970140625 0.690625 0.3640625 0.690625
19 0 0.690625 0.0484375 0.690625 0.0484375 0.6501798765625 0 0.6501798765625 0 0.690625
19 0.0578125 0.6984375 0.1088085265625 0.6984375 0.1088085265625 0.6449285875 0.0578125 0.6449285875 0.0578125 0.6984375
19 0.11875 0.6984375 0.1671875 0.6984375 0.1671875 0.6463273203125001 0.11875 0.6463273203125001 0.11875 0.6984375
19 0.275 0.6921875 0.275 0.6666102875 0.22867805156249998 0.6666102875 0.22867805156249998 0.6921875 0.275 0.6921875
19 0.1828125 0.7015625 0.2109375 0.7015625 0.2109375 0.6562177828125 0.1828125 0.6562177828125 0.1828125 0.7015625
19 0.3203125 0.6921875 0.3203125 0.6661807359374999 0.281770834375 0.6661807359374999 0.281770834375 0.6921875 0.3203125 0.6921875
19 0.796875 0.83125 0.796875 0.74403189375 0.74393524375 0.74403189375 0.74393524375 0.83125 0.796875 0.83125
19 0.6234375 0.828125 0.6234375 0.7483301109375 0.5662022125 0.7483301109375 0.5662022125 0.828125 0.6234375 0.828125
19 0.723389175 0.81875 0.723389175 0.764865228125 0.6391967359375 0.764865228125 0.6391967359375 0.81875 0.723389175 0.81875
19 0.40020672187499995 0.8202641765625 0.47323077812500003 0.8202641765625 0.47323077812500003 0.7609858234375 0.40020672187499995 0.7609858234375 0.40020672187499995 0.8202641765625
19 0.3859375 0.8296875 0.3859375 0.7546875 0.3274108671875 0.7546875 0.3274108671875 0.8296875 0.3859375 0.8296875
19 0.5515625 0.762548325 0.4815345796875 0.762548325 0.4815345796875 0.821826675 0.5515625 0.821826675 0.5515625 0.762548325
19 0.3171875 0.825 0.3171875 0.7710346859375 0.26887618125 0.7710346859375 0.26887618125 0.825 0.3171875 0.825
19 0.2 0.8265625 0.2 0.7714937703125 0.151812178125 0.7714937703125 0.151812178125 0.8265625 0.2 0.8265625
19 0.2578125 0.8265625 0.2578125 0.7690909578125 0.211871778125 0.7690909578125 0.211871778125 0.8265625 0.2578125 0.8265625
19 0 0.81875 0.0421875 0.81875 0.0421875 0.7834326671875 0 0.7834326671875 0 0.81875
19 0.0875 0.825 0.0875 0.7770027921875 0.0391054546875 0.7770027921875 0.0391054546875 0.825 0.0875 0.825
19 0.1421875 0.821875 0.1421875 0.7765625 0.094751396875 0.7765625 0.094751396875 0.821875 0.1421875 0.821875