24 0.00037802500000000004 0 0.00037802500000000004 0.24375 0.8234375 0.24375 0.8234375 0 0.00037802500000000004 0
24 0.76086189375 0.3890625 0.76086189375 0.2033266125 0.09070060468749999 0.2033266125 0.09070060468749999 0.3890625 0.76086189375 0.3890625
24 0.3453125 0.7484375 0.5171875 0.7484375 0.5171875 0.1147177421875 0.3453125 0.1147177421875 0.3453125 0.7484375
24 0.646875 0.5984375 0.646875 0.4796875 0.1499747984375 0.4796875 0.1499747984375 0.5984375 0.646875 0.5984375
24 0.6686743953125001 0.6765625 0.6686743953125001 0.5598790328125001 0.1985131046875 0.5598790328125001 0.1985131046875 0.6765625 0.6686743953125001 0.6765625
24 0.9515625 0.4703125 0.9515625 0.3163054453125 0.708669353125 0.3163054453125 0.708669353125 0.4703125 0.9515625 0.4703125
24 0.953125 0.3296875 0.953125 0.20824092656249998 0.7169858875 0.20824092656249998 0.7169858875 0.3296875 0.953125 0.3296875
24 0.940272178125 0.2234375 0.940272178125 0.09206149218750001 0.712852821875 0.09206149218750001 0.712852821875 0.2234375 0.940272178125 0.2234375
24 1 0.3900705640625 0.8128276203125001 0.3900705640625 0.8128276203125001 0.5140625 1 0.5140625 1 0.3900705640625
24 1 0.4224546375 0.8772177421875 0.4224546375 0.8772177421875 0.4640625 1 0.4640625 1 0.4224546375
24 0.8828125 0.5515625 0.8828125 0.44281753906250004 0.7600050406250001 0.44281753906250004 0.7600050406250001 0.5515625 0.8828125 0.5515625
24 0.784375 0.565625 0.784375 0.4424899203125 0.6537802421875 0.4424899203125 0.6537802421875 0.565625 0.784375 0.565625