24 0.46953125 0 0.46953125 0.528125 0.70625 0.528125 0.70625 0 0.46953125 0
24 0.239453125 0.196875 0.239453125 0.378125 0.8875 0.378125 0.8875 0.196875 0.239453125 0.196875
24 0.475 0.1109375 0.475 0.725 0.6421875 0.725 0.6421875 0.1109375 0.475 0.1109375
24 0.64765625 0.7625 0.64765625 0.280859375 0.53125 0.280859375 0.53125 0.7625 0.64765625 0.7625
24 0.6125 0.8265625 0.6125 0.371875 0.498828125 0.371875 0.498828125 0.8265625 0.6125 0.8265625
24 0.2453125 0.4984375 0.2453125 0.262890625 0.096484375 0.262890625 0.096484375 0.4984375 0.2453125 0.4984375
24 0.225 0.375 0.225 0.14609375 0.107421875 0.14609375 0.107421875 0.375 0.225 0.375
24 0.23984375 0.2625 0.23984375 0.043359375 0.1109375 0.043359375 0.1109375 0.2625 0.23984375 0.2625
24 0.028125 0.3375 0.028125 0.5390625 0.1484375 0.5390625 0.1484375 0.3375 0.028125 0.3375
24 0 0.528125 0.0484375 0.528125 0.0484375 0.33125 0 0.33125 0 0.528125
24 0.2390625 0.42890625 0.119921875 0.42890625 0.119921875 0.5359375 0.2390625 0.5359375 0.2390625 0.42890625
24 0.3390625 0.5515625 0.3390625 0.425390625 0.219140625 0.425390625 0.219140625 0.5515625 0.3390625 0.5515625