24 0 0 0 0.24516129062499997 0.8241935484375 0.24516129062499997 0.8241935484375 0 0 0
24 0.761290321875 0.20322580625 0.0911290328125 0.20322580625 0.0911290328125 0.39032258125 0.761290321875 0.39032258125 0.761290321875 0.20322580625
24 0.7483870968749999 0.345161290625 0.1145161296875 0.345161290625 0.1145161296875 0.5177419359375001 0.7483870968749999 0.5177419359375001 0.7483870968749999 0.345161290625
24 0.648387096875 0.47903225781250003 0.15 0.47903225781250003 0.15 0.5991935484375001 0.648387096875 0.5991935484375001 0.648387096875 0.47903225781250003
24 0.6693548390624999 0.55967741875 0.19919354843749998 0.55967741875 0.19919354843749998 0.6774193546875 0.6693548390624999 0.6774193546875 0.6693548390624999 0.55967741875
24 0.9532258062500001 0.31612903281250004 0.7088709671875 0.31612903281250004 0.7088709671875 0.470161290625 0.9532258062500001 0.470161290625 0.9532258062500001 0.31612903281250004
24 0.9548387093749999 0.208064515625 0.716935484375 0.208064515625 0.716935484375 0.33064516093749996 0.9548387093749999 0.33064516093749996 0.9548387093749999 0.208064515625
24 0.94032258125 0.091935484375 0.7129032265624999 0.091935484375 0.7129032265624999 0.225 0.94032258125 0.225 0.94032258125 0.091935484375
24 0.9790322578125 0.34838709687499997 0.854838709375 0.34838709687499997 0.854838709375 0.5564516125 0.9790322578125 0.5564516125 0.9790322578125 0.34838709687499997
24 1 0.341935484375 0.9580645156250001 0.341935484375 0.9580645156250001 0.5451612906250001 1 0.5451612906250001 1 0.341935484375
24 0.8774193546875001 0.4354838703125 0.766935484375 0.4354838703125 0.766935484375 0.55967741875 0.8774193546875001 0.55967741875 0.8774193546875001 0.4354838703125
24 0.7822580640625 0.43870967812500006 0.6572580640625 0.43870967812500006 0.6572580640625 0.570161290625 0.7822580640625 0.570161290625 0.7822580640625 0.43870967812500006