24 0.2895917328125 0 0.2895917328125 0.5328125 0.534375 0.5328125 0.534375 0 0.2895917328125 0
24 0.76086189375 0.3890625 0.76086189375 0.2033266125 0.09070060468749999 0.2033266125 0.09070060468749999 0.3890625 0.76086189375 0.3890625
24 0.7484375 0.5171875 0.7484375 0.345362903125 0.1147177421875 0.345362903125 0.1147177421875 0.5171875 0.7484375 0.5171875
24 0.4578125 0.7875 0.4578125 0.28994455625 0.33916330625 0.28994455625 0.33916330625 0.7875 0.4578125 0.7875
24 0.4921875 0.853125 0.4921875 0.384148184375 0.37560483906250003 0.384148184375 0.37560483906250003 0.853125 0.4921875 0.853125
24 0.9515625 0.4703125 0.9515625 0.3163054453125 0.708669353125 0.3163054453125 0.708669353125 0.4703125 0.9515625 0.4703125
24 0.953125 0.3296875 0.953125 0.207888103125 0.71688508125 0.207888103125 0.71688508125 0.3296875 0.953125 0.3296875
24 0.8921875 0.271875 0.8921875 0.0447076609375 0.7599546390625 0.0447076609375 0.7599546390625 0.271875 0.8921875 0.271875
24 0.978125 0.55625 0.978125 0.3484375 0.8550907265625 0.3484375 0.8550907265625 0.55625 0.978125 0.55625
24 0.9998739921875 0.54375 0.9998739921875 0.342137096875 0.9579385078125 0.342137096875 0.9579385078125 0.54375 0.9998739921875 0.54375
24 0.8765625 0.5578125 0.8765625 0.435408265625 0.7664566546875 0.435408265625 0.7664566546875 0.5578125 0.8765625 0.5578125
24 0.784375 0.565625 0.784375 0.4424899203125 0.6537802421875 0.4424899203125 0.6537802421875 0.565625 0.784375 0.565625