24 0.178125 0 0.178125 0.2375 0.9984375 0.2375 0.9984375 0 0.178125 0
24 0.88828125 0.196875 0.2390625 0.196875 0.2390625 0.378125 0.88828125 0.378125 0.88828125 0.196875
24 0.865625 0.334375 0.2515625 0.334375 0.2515625 0.5015625 0.865625 0.5015625 0.865625 0.334375
24 0.83125 0.4640625 0.3484375 0.4640625 0.3484375 0.58046875 0.83125 0.58046875 0.83125 0.4640625
24 0.78359375 0.5421875 0.328125 0.5421875 0.328125 0.65625 0.78359375 0.65625 0.78359375 0.5421875
24 0.28984375 0.30625 0.053125 0.30625 0.053125 0.45546875 0.28984375 0.45546875 0.28984375 0.30625
24 0.28203125 0.2015625 0.0515625 0.2015625 0.0515625 0.3203125 0.28203125 0.3203125 0.28203125 0.2015625
24 0.2859375 0.0890625 0.065625 0.0890625 0.065625 0.21796875 0.2859375 0.21796875 0.2859375 0.0890625
24 0.1484375 0.3375 0.028125 0.3375 0.028125 0.5390625 0.1484375 0.5390625 0.1484375 0.3375
24 0 0.528125 0.0484375 0.528125 0.0484375 0.33125 0 0.33125 0 0.528125
24 0.23359375 0.421875 0.1265625 0.421875 0.1265625 0.5421875 0.23359375 0.5421875 0.23359375 0.421875
24 0.33984375 0.425 0.21875 0.425 0.21875 0.55234375 0.33984375 0.55234375 0.33984375 0.425