24 0.46953125 0 0.46953125 0.528125 0.70625 0.528125 0.70625 0 0.46953125 0
24 0.2390625 0.196875 0.2390625 0.378125 0.8875 0.378125 0.8875 0.196875 0.2390625 0.196875
24 0.2515625 0.334375 0.2515625 0.5015625 0.865625 0.5015625 0.865625 0.334375 0.2515625 0.334375
24 0.6484375 0.280859375 0.53203125 0.280859375 0.53203125 0.7625 0.6484375 0.7625 0.6484375 0.280859375
24 0.6125 0.8265625 0.6125 0.371875 0.498828125 0.371875 0.498828125 0.8265625 0.6125 0.8265625
24 0.2890625 0.4546875 0.2890625 0.306640625 0.053515625 0.306640625 0.053515625 0.4546875 0.2890625 0.4546875
24 0.0515625 0.2015625 0.0515625 0.3203125 0.28125 0.3203125 0.28125 0.2015625 0.0515625 0.2015625
24 0.23984375 0.2625 0.23984375 0.043359375 0.1109375 0.043359375 0.1109375 0.2625 0.23984375 0.2625
24 0 0.4984375 0.1890625 0.4984375 0.1890625 0.378125 0 0.378125 0 0.4984375
24 0 0.453125 0.121875 0.453125 0.121875 0.40546875 0 0.40546875 0 0.453125
24 0.126171875 0.421875 0.126171875 0.5421875 0.2328125 0.5421875 0.2328125 0.421875 0.126171875 0.421875
24 0.3421875 0.5484375 0.3421875 0.427734375 0.216015625 0.427734375 0.216015625 0.5484375 0.3421875 0.5484375