23 0.540625 0.690625 0.58125 0.690625 0.58125 0.5135416671875 0.540625 0.5135416671875 0.540625 0.690625
23 0.621875 0.7046875 0.621875 0.5234375 0.582708334375 0.5234375 0.582708334375 0.7046875 0.621875 0.7046875
23 0.734375 0.6390625 0.734375 0.5986979171875 0.55 0.5986979171875 0.55 0.6390625 0.734375 0.6390625
23 0.10625 0.409375 0.10625 0.2873437515625 0.0838020828125 0.2873437515625 0.0838020828125 0.409375 0.10625 0.409375
23 0.6625 0.5359375 0.6625 0.7234375 0.7078125 0.7234375 0.7078125 0.5359375 0.6625 0.5359375
23 0.759375 0.746875 0.759375 0.5453125 0.7089062484374999 0.5453125 0.7089062484374999 0.746875 0.759375 0.746875
23 0.8859375 0.6828125 0.8859375 0.6301041656249999 0.6791145828125 0.6301041656249999 0.6791145828125 0.6828125 0.8859375 0.6828125
23 0.940625 0.69375 0.940625 0.6321875 0.73 0.6321875 0.73 0.69375 0.940625 0.69375
23 0.0875 0.28442708437499997 0.065677084375 0.28442708437499997 0.0656770828125 0.407760415625 0.0875 0.407760415625 0.0875 0.28442708437499997
23 0.0875 0.8171875 0.0875 0.7053125 0.064322915625 0.7053125 0.064322915625 0.8171875 0.0875 0.8171875
23 0.1 0.825 0.1 0.712604165625 0.0806770828125 0.712604165625 0.0806770828125 0.825 0.1 0.825
23 0.124635415625 0.8390625 0.124635415625 0.7220833328125 0.098802084375 0.7220833328125 0.0988020828125 0.8390625 0.124635415625 0.8390625
23 0.1453125 0.846875 0.1453125 0.735625 0.12317708281249999 0.735625 0.12317708281249999 0.846875 0.1453125 0.846875
23 0.1640625 0.85625 0.1640625 0.7399479171875 0.14109375 0.7399479171875 0.14109375 0.85625 0.1640625 0.85625
23 0.23125 0.8171875 0.23125 0.80015625 0.113125 0.80015625 0.113125 0.8171875 0.23125 0.8171875
23 0.25625 0.8328125 0.25625 0.80953125 0.13390625 0.80953125 0.13390625 0.8328125 0.25625 0.8328125
23 0.3828125 0.559375 0.3828125 0.5321875 0.2380729171875 0.5321875 0.2380729171875 0.559375 0.3828125 0.559375
23 0.2765625 0.6109375 0.3046875 0.6109375 0.3046875 0.46875 0.2765625 0.46875 0.2765625 0.6109375
23 0.2796875 0.6046875 0.2796875 0.4644791671875 0.2506770828125 0.4644791671875 0.2506770828125 0.6046875 0.2796875 0.6046875
23 0.309375 0.5421875 0.309375 0.515729165625 0.17390624999999998 0.515729165625 0.17390624999999998 0.5421875 0.309375 0.5421875
23 0.2859375 0.5359375 0.2859375 0.511666665625 0.15046874999999998 0.511666665625 0.15046874999999998 0.5359375 0.2859375 0.5359375
23 0.2140625 0.4533333328125 0.1894270828125 0.4533333328125 0.1894270828125 0.5841666671875 0.2140625 0.5841666671875 0.2140625 0.4533333328125
23 0.2453125 0.5265625 0.2453125 0.50078125 0.1153124984375 0.50078125 0.1153124984375 0.5265625 0.2453125 0.5265625
23 0.225 0.5203125 0.225 0.497552084375 0.0972916671875 0.497552084375 0.0972916671875 0.5203125 0.225 0.5203125
23 0.13125 0.565625 0.15625 0.565625 0.15625 0.44156250156250004 0.13125 0.44156250156250004 0.13125 0.565625
23 0.1140625 0.559375 0.1359375 0.559375 0.1359375 0.440364584375 0.1140625 0.440364584375 0.1140625 0.559375
23 0.1671875 0.48411458281249997 0.046354165625 0.48411458281249997 0.046354165625 0.50625 0.1671875 0.50625 0.1671875 0.48411458281249997
23 0.098072915625 0.4330208328125 0.072239584375 0.4330208328125 0.07223958281250001 0.5513541671875 0.098072915625 0.5513541671875 0.098072915625 0.4330208328125
23 0.0796875 0.42833333281249997 0.05703125 0.42833333281249997 0.05703125 0.5466666671875 0.0796875 0.5466666671875 0.0796875 0.42833333281249997
23 0.8765625 0.8424479171874999 0.7441145828125 0.8424479171874999 0.7441145828125 0.8966145828125001 0.8765625 0.8966145828125001 0.8765625 0.8424479171874999
23 0.6890625 0.8859375 0.8359375 0.8859375 0.8359375 0.8390625 0.6890625 0.8390625 0.6890625 0.8859375
23 0.69375 0.93125 0.7359375 0.93125 0.7359375 0.773541665625 0.69375 0.773541665625 0.69375 0.93125
23 0.75625 0.8671875 0.75625 0.8265625 0.5847916671875 0.8265625 0.5847916671875 0.8671875 0.75625 0.8671875
23 0.546875 0.859375 0.7203125 0.859375 0.7203125 0.8143229171874999 0.546875 0.8143229171874999 0.546875 0.859375
23 0.6734375 0.8421875 0.6734375 0.8016666671875001 0.5027083328125 0.8016666671875001 0.5027083328125 0.8421875 0.6734375 0.8421875
23 0.571875 0.8921875 0.571875 0.7219791671875 0.532708334375 0.7219791671875 0.532708334375 0.8921875 0.571875 0.8921875
23 0.6030208328125 0.8109375 0.6030208328125 0.7736458328125 0.43135416718749997 0.7736458328125 0.43135416718749997 0.8109375 0.6030208328125 0.8109375
23 0.5 0.8609375 0.5 0.698385415625 0.46364583281250005 0.698385415625 0.46364583281250005 0.8609375 0.5 0.8609375
23 0.3743229171875 0.75 0.3743229171875 0.780833334375 0.525 0.780833334375 0.525 0.75 0.3743229171875 0.75
23 0.4078125 0.8265625 0.4328125 0.8265625 0.4328125 0.6817708328125 0.4078125 0.6817708328125 0.4078125 0.8265625
23 0.407760415625 0.815625 0.40776041718749995 0.6688020828125001 0.371927084375 0.6688020828125001 0.371927084375 0.815625 0.407760415625 0.815625
23 0.4296875 0.71875 0.2844791671875 0.71875 0.2844791671875 0.746770834375 0.4296875 0.746770834375 0.4296875 0.71875
23 0.3984375 0.709375 0.2584375 0.709375 0.2584375 0.7373958328125 0.3984375 0.7373958328125 0.3984375 0.709375
23 0.315625 0.78125 0.315625 0.6412500015625 0.28770833281249997 0.6412500015625 0.28770833281249997 0.78125 0.315625 0.78125
23 0.2875 0.7734375 0.2875 0.635260415625 0.262135415625 0.635260415625 0.262135415625 0.7734375 0.2875 0.7734375
23 0.2640625 0.7609375 0.2640625 0.6288020828125 0.23890625000000001 0.6288020828125 0.23890625000000001 0.7609375 0.2640625 0.7609375
23 0.2453125 0.75 0.2453125 0.6205208328125 0.2186458328125 0.6205208328125 0.2186458328125 0.75 0.2453125 0.75
23 0.2734375 0.6875 0.2734375 0.6643229171875 0.1458854171875 0.6643229171875 0.1458854171875 0.6875 0.2734375 0.6875
23 0.2015625 0.7328125 0.2015625 0.6046875 0.177708334375 0.6046875 0.177708334375 0.7328125 0.2015625 0.7328125
23 0.1828125 0.7203125 0.1828125 0.6002604171875 0.16276041562500002 0.6002604171875 0.16276041562500002 0.7203125 0.1828125 0.7203125
23 0.2140625 0.6640625 0.2140625 0.6434375 0.0940104171875 0.6434375 0.0940104171875 0.6640625 0.2140625 0.6640625
23 0.075 0.65625 0.1921875 0.65625 0.1921875 0.6385416671875 0.075 0.6385416671875 0.075 0.65625
23 0.12494791718750001 0.5814583328125 0.10161458281249999 0.5814583328125 0.10161458281249999 0.6997916671875 0.12494791718750001 0.6997916671875 0.12494791718750001 0.5814583328125
23 0.1515625 0.6453125 0.1515625 0.62296875 0.0377083328125 0.62296875 0.0377083328125 0.6453125 0.1515625 0.6453125
23 0.134375 0.6390625 0.134375 0.6174999984375 0.016354167187499997 0.6174999999999999 0.016354167187499997 0.6390625 0.134375 0.6390625
23 0.415625 0.9015625 0.415625 0.8725520843749999 0.323697915625 0.8725520843749999 0.323697915625 0.9015625 0.415625 0.9015625
23 0.353125 0.9328125 0.353125 0.8266145843749999 0.325104165625 0.8266145843749999 0.325104165625 0.9328125 0.353125 0.9328125
23 0.3703125 0.8875 0.3703125 0.8632291656250001 0.2563020828125 0.8632291656250001 0.2563020828125 0.8875 0.3703125 0.8875
23 0.3515625 0.8796875 0.3515625 0.8575520828125001 0.22374999999999998 0.8575520843750001 0.22374999999999998 0.8796875 0.3515625 0.8796875
23 0.2516145828125 0.79375 0.2516145828125 0.9234375 0.2749479171875 0.9234375 0.2749479171875 0.79375 0.2516145828125 0.79375
23 0.3046875 0.8578125 0.3046875 0.8355729171874999 0.17812499843750002 0.8355729171874999 0.17812499843750002 0.8578125 0.3046875 0.8578125
23 0.2796354171875 0.8421875 0.2796354171875 0.8196354171875001 0.15630208437499998 0.8196354156250001 0.15630208437499998 0.8421875 0.2796354171875 0.8421875
23 0.9578125 0.05828124999999999 0.90625 0.05828124999999999 0.90625 0.26828124999999997 0.9578125 0.26828124999999997 0.9578125 0.05828124999999999
23 0.9078125 0.253125 0.9078125 0.071875 0.8571354171875001 0.071875 0.8571354171875001 0.253125 0.9078125 0.253125
23 0.8198958328125 0.253125 0.819895834375 0.028489582812499997 0.7582291671875 0.028489582812499997 0.7582291671875 0.253125 0.8198958328125 0.253125
23 0.8421875 0.11916666718749999 0.6328125 0.11916666718749999 0.6328125 0.1703125 0.8421875 0.1703125 0.8421875 0.11916666718749999
23 0.7133333328125 0.253125 0.7133333328125 0.046302084375000004 0.6616666671875 0.046302084375000004 0.6616666671875 0.253125 0.7133333328125 0.253125
23 0.6671875 0.2515625 0.6671875 0.05515625 0.6203645843750001 0.05515625 0.6203645843750001 0.2515625 0.6671875 0.2515625
23 0.6953125 0.18125 0.6953125 0.13338541718750002 0.502135415625 0.13338541718750002 0.502135415625 0.18125 0.6953125 0.18125
23 0.578125 0.25625 0.578125 0.06453125 0.537604165625 0.06453125 0.537604165625 0.25625 0.578125 0.25625
23 0.5416666671875 0.25625 0.5416666671875 0.06546874999999999 0.49583333281249997 0.06546874999999999 0.49583333281249997 0.25625 0.5416666671875 0.25625
23 0.390625 0.1890625 0.571875 0.1890625 0.571875 0.14625 0.390625 0.14625 0.390625 0.1890625
23 0.435104165625 0.2558333328125 0.4684375 0.2558333328125 0.4684375 0.0816666671875 0.435104165625 0.0816666671875 0.435104165625 0.2558333328125
23 0.4359375 0.253125 0.4359375 0.0881249984375 0.4038020828125 0.0881249984375 0.4038020828125 0.253125 0.4359375 0.253125
23 0.46875 0.190625 0.46875 0.15526041562499998 0.301354165625 0.15526041562499998 0.301354165625 0.190625 0.46875 0.190625
23 0.4375 0.190625 0.4375 0.16072916718750002 0.2703125 0.16072916718750002 0.2703125 0.190625 0.4375 0.190625
23 0.2453125 0.1921875 0.40427083281250004 0.1921875 0.40427083281250004 0.15958333281249998 0.2453125 0.15958333281249998 0.2453125 0.1921875
23 0.375 0.1921875 0.375 0.16453125 0.22223958437500002 0.16453125 0.22223958437500002 0.1921875 0.375 0.1921875
23 0.3515625 0.16328125 0.20015624999999998 0.16328125 0.20015624999999998 0.1916145828125 0.3515625 0.1916145828125 0.3515625 0.16328125
23 0.26875 0.1063020828125 0.2392708328125 0.1063020828125 0.2392708328125 0.25463541562500003 0.26875 0.25463541562500003 0.26875 0.1063020828125
23 0.2421875 0.2546875 0.2421875 0.1121875 0.2122916671875 0.1121875 0.2122916671875 0.2546875 0.2421875 0.2546875
23 0.220052084375 0.253125 0.220052084375 0.1165625015625 0.19421875 0.1165625015625 0.19421875 0.253125 0.220052084375 0.253125
23 0.198072915625 0.2546875 0.198072915625 0.1203645828125 0.172239584375 0.1203645828125 0.172239584375 0.2546875 0.198072915625 0.2546875
23 0.1547395828125 0.121875 0.1547395828125 0.2546875 0.178072915625 0.2546875 0.178072915625 0.121875 0.1547395828125 0.121875
23 0.1297395828125 0.121875 0.1297395828125 0.2546875 0.153072915625 0.2546875 0.153072915625 0.121875 0.1297395828125 0.121875
23 0.1140625 0.25625 0.1359375 0.25625 0.1359375 0.1286458328125 0.1140625 0.1286458328125 0.1140625 0.25625
23 0.1215104171875 0.253125 0.1215104171875 0.1284895828125 0.09567708281250001 0.1284895828125 0.09567708281250001 0.253125 0.1215104171875 0.253125
23 0.1030729171875 0.1313020828125 0.079739584375 0.1313020828125 0.0797395828125 0.25463541562500003 0.10307291562500001 0.25463541562500003 0.1030729171875 0.1313020828125
23 0.13125 0.18125 0.0086979171875 0.18125 0.0086979171875 0.20453125 0.13125 0.20453125 0.13125 0.18125
23 0 0.2046875 0.11541666718750002 0.2046875 0.11541666718750002 0.1825520828125 0 0.1825520828125 0 0.2046875
23 0.88125 0.5 0.934375 0.5 0.934375 0.30843750000000003 0.88125 0.30843750000000003 0.88125 0.5
23 0.878125 0.5 0.878125 0.30822916562499997 0.8256249999999999 0.30822916562499997 0.8256249999999999 0.5 0.878125 0.5
23 0.8901562500000001 0.4375 0.8901562500000001 0.37927083281249996 0.68015625 0.37927083281249996 0.68015625 0.4375 0.8901562500000001 0.4375
23 0.7546875 0.5 0.7546875 0.29791666562499997 0.7023958343750001 0.29791666562499997 0.7023958343750001 0.5 0.7546875 0.5
23 0.7828125 0.3734375 0.5808333328125 0.3734375 0.5808333328125 0.42494791562499995 0.7828125 0.42494791562499995 0.7828125 0.3734375
23 0.6140625 0.490625 0.6609375 0.490625 0.6609375 0.301875 0.6140625 0.301875 0.6140625 0.490625
23 0.6875 0.4140625 0.6875 0.3710416671875 0.5044791671875 0.3710416671875 0.5044791671875 0.4140625 0.6875 0.4140625
23 0.5359375 0.48125 0.5765625 0.48125 0.5765625 0.3 0.5359375 0.3 0.5359375 0.48125
23 0.5390625 0.4734375 0.5390625 0.2983854171875 0.5019270828125 0.2983854171875 0.5019270828125 0.4734375 0.5390625 0.4734375
23 0.56875 0.4015625 0.56875 0.36640625 0.4010416671875 0.36640625 0.4010416671875 0.4015625 0.56875 0.4015625
23 0.5328125 0.3984375 0.5328125 0.36791666562500003 0.3651041671875 0.36791666562500003 0.3651041671875 0.3984375 0.5328125 0.3984375
23 0.4921875 0.3859375 0.4921875 0.35703125 0.3422395828125 0.35703125 0.3422395828125 0.3859375 0.4921875 0.3859375
23 0.4609375 0.3859375 0.4609375 0.3557291671875 0.3106770828125 0.3557291671875 0.3106770828125 0.3859375 0.4609375 0.3859375
23 0.4296875 0.38125 0.4296875 0.3540624984375 0.28453125 0.3540624984375 0.28453125 0.38125 0.4296875 0.38125
23 0.34375 0.4453125 0.34375 0.294739584375 0.3140625 0.294739584375 0.3140625 0.4453125 0.34375 0.4453125
23 0.375 0.3796875 0.375 0.358177084375 0.22713541718750002 0.358177084375 0.22713541718750002 0.3796875 0.375 0.3796875
23 0.3515625 0.378125 0.3515625 0.3530729171875 0.2040104171875 0.3530729171875 0.2040104171875 0.378125 0.3515625 0.378125
23 0.2442187515625 0.2921875 0.2442187515625 0.434375 0.270052084375 0.434375 0.270052084375 0.2921875 0.2442187515625 0.2921875
23 0.246875 0.43125 0.246875 0.29375 0.220208334375 0.29375 0.220208334375 0.43125 0.246875 0.43125
23 0.2249479171875 0.4265625 0.2249479171875 0.2922395828125 0.2016145828125 0.2922395828125 0.2016145828125 0.4265625 0.2249479171875 0.4265625
23 0.2046875 0.421875 0.2046875 0.289635415625 0.176875 0.289635415625 0.176875 0.421875 0.2046875 0.421875
23 0.2375 0.3640625 0.2375 0.3427604171875 0.1080729171875 0.3427604171875 0.1080729171875 0.3640625 0.2375 0.3640625
23 0.1625 0.4171875 0.1625 0.28718750000000004 0.13932291562500002 0.28718750000000004 0.13932291562500002 0.4171875 0.1625 0.4171875
23 0.1453125 0.286614584375 0.1234895828125 0.286614584375 0.1234895828125 0.414947915625 0.1453125 0.414947915625 0.1453125 0.286614584375
23 0.125 0.4125 0.125 0.2870312515625 0.10171875 0.2870312515625 0.10171875 0.4125 0.125 0.4125
23 0.4109375 0.565625 0.4109375 0.5413541656249999 0.2659375 0.5413541671875 0.2659375 0.565625 0.4109375 0.565625
23 0.3796875 0.6359375 0.3796875 0.49375 0.3509895828125 0.49375 0.3509895828125 0.6359375 0.3796875 0.6359375
23 0.38125 0.64375 0.4109375 0.64375 0.4109375 0.49369791718749995 0.38125 0.49369791718749995 0.38125 0.64375
23 0.440625 0.6515625 0.440625 0.4918229171875 0.4111458328125 0.4918229171875 0.4111458328125 0.6515625 0.440625 0.6515625
23 0.47494791718749996 0.6609375 0.47494791718749996 0.49838541562499994 0.43911458437500006 0.49838541562499994 0.43911458437500006 0.6609375 0.47494791718749996 0.6609375
23 0.5734375 0.6046875 0.5734375 0.569427084375 0.4062499984375 0.569427084375 0.4062499984375 0.6046875 0.5734375 0.6046875
23 0.540625 0.5066666671875 0.5063020828125 0.5066666671875 0.5063020828125 0.6808333328125 0.540625 0.6808333328125 0.540625 0.5066666671875