23 0.4515625 0.6890625 0.4515625 0.521484375 0.413671875 0.521484375 0.413671875 0.6890625 0.4515625 0.6890625
23 0.375 0.53125 0.375 0.7015625 0.4125 0.7015625 0.4125 0.53125 0.375 0.53125
23 0.3375 0.534375 0.3375 0.7078125 0.375 0.7078125 0.375 0.534375 0.3375 0.534375
23 0.8125 0.35625 0.8125 0.378125 0.928125 0.378125 0.928125 0.35625 0.8125 0.35625
23 0.2953125 0.71875 0.3375 0.71875 0.3375 0.54375 0.2953125 0.54375 0.2953125 0.71875
23 0.2953125 0.551953125 0.246875 0.551953125 0.246875 0.740625 0.2953125 0.740625 0.2953125 0.551953125
23 0.321875 0.68125 0.321875 0.63125 0.128515625 0.63125 0.128515625 0.68125 0.321875 0.68125
23 0.275 0.690625 0.275 0.633203125 0.0765625 0.633203125 0.0765625 0.690625 0.275 0.690625
23 0.8296875 0.3546875 0.8296875 0.3765625 0.9453125 0.3765625 0.9453125 0.3546875 0.8296875 0.3546875
23 0.9390625 0.7640625 0.9390625 0.743359375 0.83515625 0.743359375 0.83515625 0.7640625 0.9390625 0.7640625
23 0.9265625 0.751953125 0.821484375 0.751953125 0.821484375 0.771484375 0.9265625 0.771484375 0.9265625 0.751953125
23 0.798828125 0.7609375 0.798828125 0.784375 0.909375 0.784375 0.909375 0.7609375 0.798828125 0.7609375
23 0.84375 0.730078125 0.821875 0.730078125 0.821875 0.834375 0.84375 0.834375 0.84375 0.730078125
23 0.8703125 0.8 0.8703125 0.77890625 0.76015625 0.77890625 0.76015625 0.8 0.8703125 0.8
23 0.7421875 0.790625 0.7421875 0.8078125 0.853125 0.8078125 0.853125 0.790625 0.7421875 0.790625
23 0.765625 0.753125 0.765625 0.86875 0.7875 0.86875 0.7875 0.753125 0.765625 0.753125
23 0.68125 0.484765625 0.6546875 0.484765625 0.6546875 0.6203125 0.68125 0.6203125 0.68125 0.484765625
23 0.6734375 0.4796875 0.6734375 0.6140625 0.7 0.6140625 0.7 0.4796875 0.6734375 0.4796875
23 0.775 0.55625 0.775 0.527734375 0.644140625 0.527734375 0.644140625 0.55625 0.775 0.55625
23 0.7953125 0.523828125 0.66875 0.523828125 0.66875 0.55 0.7953125 0.55 0.7953125 0.523828125
23 0.7421875 0.5953125 0.765625 0.5953125 0.765625 0.469140625 0.7421875 0.469140625 0.7421875 0.5953125
23 0.78125 0.5875 0.78125 0.466015625 0.758203125 0.466015625 0.758203125 0.5875 0.78125 0.5875
23 0.8515625 0.509765625 0.729296875 0.509765625 0.729296875 0.533984375 0.8515625 0.533984375 0.8515625 0.509765625
23 0.796875 0.4578125 0.796875 0.578125 0.81875 0.578125 0.81875 0.4578125 0.796875 0.4578125
23 0.8828125 0.525 0.8828125 0.501953125 0.766015625 0.501953125 0.766015625 0.525 0.8828125 0.525
23 0.853125 0.453515625 0.83125 0.453515625 0.83125 0.565625 0.853125 0.565625 0.853125 0.453515625
23 0.915625 0.494140625 0.80234375 0.494140625 0.80234375 0.515625 0.915625 0.515625 0.915625 0.494140625
23 0.867578125 0.446875 0.867578125 0.5578125 0.890625 0.5578125 0.890625 0.446875 0.867578125 0.446875
23 0.95 0.5078125 0.95 0.48671875 0.83984375 0.48671875 0.83984375 0.5078125 0.95 0.5078125
23 0.2609375 0.83046875 0.136328125 0.83046875 0.136328125 0.88125 0.2609375 0.88125 0.2609375 0.83046875
23 0.175 0.8265625 0.175 0.871875 0.3140625 0.871875 0.3140625 0.8265625 0.175 0.8265625
23 0.309375 0.765234375 0.26875 0.765234375 0.26875 0.9140625 0.309375 0.9140625 0.309375 0.765234375
23 0.310546875 0.7546875 0.310546875 0.915625 0.3484375 0.915625 0.3484375 0.7546875 0.310546875 0.7546875
23 0.4453125 0.846875 0.4453125 0.804296875 0.283984375 0.804296875 0.283984375 0.846875 0.4453125 0.846875
23 0.389453125 0.73125 0.389453125 0.8921875 0.4265625 0.8921875 0.4265625 0.73125 0.389453125 0.73125
23 0.421875 0.7171875 0.421875 0.878125 0.459375 0.878125 0.459375 0.7171875 0.421875 0.7171875
23 0.45625 0.703125 0.45625 0.8640625 0.4921875 0.8640625 0.4921875 0.703125 0.45625 0.703125
23 0.584375 0.754296875 0.43046875 0.754296875 0.43046875 0.7890625 0.584375 0.7890625 0.584375 0.754296875
23 0.523046875 0.6875 0.523046875 0.8296875 0.5515625 0.8296875 0.5515625 0.6875 0.523046875 0.6875
23 0.496875 0.759375 0.6328125 0.759375 0.6328125 0.735546875 0.496875 0.735546875 0.496875 0.759375
23 0.6625 0.7203125 0.523828125 0.7203125 0.523828125 0.753125 0.6625 0.753125 0.6625 0.7203125
23 0.6375 0.658984375 0.6109375 0.658984375 0.6109375 0.7953125 0.6375 0.7953125 0.6375 0.658984375
23 0.6640625 0.653515625 0.6375 0.653515625 0.6375 0.784375 0.6640625 0.784375 0.6640625 0.653515625
23 0.74140625 0.7203125 0.74140625 0.694921875 0.609375 0.694921875 0.609375 0.7203125 0.74140625 0.7203125
23 0.765625 0.6890625 0.636328125 0.6890625 0.636328125 0.7125 0.765625 0.7125 0.765625 0.6890625
23 0.7109375 0.6296875 0.7109375 0.7546875 0.734375 0.7546875 0.734375 0.6296875 0.7109375 0.6296875
23 0.728125 0.621875 0.728125 0.74375 0.7546875 0.74375 0.7546875 0.621875 0.728125 0.621875
23 0.7515625 0.6140625 0.7515625 0.734375 0.7734375 0.734375 0.7734375 0.6140625 0.7515625 0.6140625
23 0.840625 0.65546875 0.720703125 0.65546875 0.720703125 0.6796875 0.840625 0.6796875 0.840625 0.65546875
23 0.80625 0.715625 0.80625 0.603515625 0.787890625 0.603515625 0.787890625 0.715625 0.80625 0.715625
23 0.8703125 0.6625 0.8703125 0.644140625 0.758203125 0.644140625 0.758203125 0.6625 0.8703125 0.6625
23 0.778125 0.6390625 0.778125 0.65625 0.8890625 0.65625 0.8890625 0.6390625 0.778125 0.6390625
23 0.9078125 0.6515625 0.9078125 0.63046875 0.79765625 0.63046875 0.79765625 0.6515625 0.9078125 0.6515625
23 0.859375 0.58125 0.859375 0.6890625 0.88125 0.6890625 0.88125 0.58125 0.859375 0.58125
23 0.94375 0.640625 0.94375 0.61953125 0.83359375 0.61953125 0.83359375 0.640625 0.94375 0.640625
23 0.6265625 0.915625 0.6265625 0.830078125 0.598046875 0.830078125 0.598046875 0.915625 0.6265625 0.915625
23 0.690625 0.878125 0.690625 0.852734375 0.59140625 0.852734375 0.59140625 0.878125 0.690625 0.878125
23 0.71875 0.84921875 0.611328125 0.84921875 0.611328125 0.8734375 0.71875 0.8734375 0.71875 0.84921875
23 0.7484375 0.865625 0.7484375 0.84453125 0.62890625 0.84453125 0.62890625 0.865625 0.7484375 0.865625
23 0.7734375 0.834765625 0.6515625 0.834765625 0.6515625 0.85625 0.7734375 0.85625 0.7734375 0.834765625
23 0.7921875 0.8453125 0.7921875 0.82421875 0.67265625 0.82421875 0.67265625 0.8453125 0.7921875 0.8453125
23 0.74375 0.7625 0.74375 0.878125 0.765625 0.878125 0.765625 0.7625 0.74375 0.7625
23 0 0.2171875 0.1828125 0.2171875 0.1828125 0.16953125 0 0.16953125 0 0.2171875
23 0.1078125 0.1078125 0.1078125 0.278125 0.15625 0.278125 0.15625 0.1078125 0.1078125 0.1078125
23 0.2484375 0.067578125 0.190625 0.067578125 0.190625 0.278125 0.2484375 0.278125 0.2484375 0.067578125
23 0.24375 0.078125 0.24375 0.275 0.2921875 0.275 0.2921875 0.078125 0.24375 0.078125
23 0.4109375 0.2046875 0.4109375 0.157421875 0.21796875 0.157421875 0.21796875 0.2046875 0.4109375 0.2046875
23 0.378125 0.092578125 0.3328125 0.092578125 0.3328125 0.2765625 0.378125 0.2765625 0.378125 0.092578125
23 0.30625 0.165625 0.30625 0.2109375 0.4890625 0.2109375 0.4890625 0.165625 0.30625 0.165625
23 0.4546875 0.28125 0.4546875 0.1015625 0.417578125 0.1015625 0.417578125 0.28125 0.4546875 0.28125
23 0.5625 0.2125 0.5625 0.1703125 0.383203125 0.1703125 0.383203125 0.2125 0.5625 0.2125
23 0.4875 0.1125 0.4875 0.2828125 0.528125 0.2828125 0.528125 0.1125 0.4875 0.1125
23 0.6171875 0.2140625 0.6171875 0.183203125 0.4546875 0.183203125 0.4546875 0.2140625 0.6171875 0.2140625
23 0.55 0.1234375 0.55 0.2796875 0.58125 0.2796875 0.58125 0.1234375 0.55 0.1234375
23 0.51875 0.21875 0.6765625 0.21875 0.6765625 0.185546875 0.51875 0.185546875 0.51875 0.21875
23 0.7046875 0.21875 0.7046875 0.191796875 0.547265625 0.191796875 0.547265625 0.21875 0.7046875 0.21875
23 0.6703125 0.130859375 0.6390625 0.130859375 0.6390625 0.2796875 0.6703125 0.2796875 0.6703125 0.130859375
23 0.6921875 0.136328125 0.665625 0.136328125 0.665625 0.2796875 0.6921875 0.2796875 0.6921875 0.136328125
23 0.6875 0.1359375 0.6875 0.278125 0.7140625 0.278125 0.7140625 0.1359375 0.6875 0.1359375
23 0.651171875 0.1953125 0.651171875 0.2234375 0.7890625 0.2234375 0.7890625 0.1953125 0.651171875 0.1953125
23 0.8125 0.1984375 0.678515625 0.1984375 0.678515625 0.2265625 0.8125 0.2265625 0.8125 0.1984375
23 0.8296875 0.20234375 0.700390625 0.20234375 0.700390625 0.2265625 0.8296875 0.2265625 0.8296875 0.20234375
23 0.7734375 0.2796875 0.796875 0.2796875 0.796875 0.153515625 0.7734375 0.153515625 0.7734375 0.2796875
23 0.7921875 0.1546875 0.7921875 0.2796875 0.8140625 0.2796875 0.8140625 0.1546875 0.7921875 0.1546875
23 0.815625 0.1546875 0.815625 0.2796875 0.8375 0.2796875 0.8375 0.1546875 0.815625 0.1546875
23 0.9015625 0.23125 0.9015625 0.21015625 0.78203125 0.21015625 0.78203125 0.23125 0.9015625 0.23125
23 0.7984375 0.23125 0.915625 0.23125 0.915625 0.208203125 0.7984375 0.208203125 0.7984375 0.23125
23 0.815625 0.2109375 0.815625 0.2328125 0.93125 0.2328125 0.93125 0.2109375 0.815625 0.2109375
23 0.8828125 0.1640625 0.8828125 0.2796875 0.9046875 0.2796875 0.9046875 0.1640625 0.8828125 0.1640625
23 0.896875 0.165625 0.896875 0.278125 0.91875 0.278125 0.91875 0.165625 0.896875 0.165625
23 0.1328125 0.509375 0.1328125 0.330078125 0.082421875 0.330078125 0.082421875 0.509375 0.1328125 0.509375
23 0.2484375 0.44375 0.2484375 0.394921875 0.069140625 0.394921875 0.069140625 0.44375 0.2484375 0.44375
23 0.1953125 0.325 0.1953125 0.521875 0.25 0.521875 0.25 0.325 0.1953125 0.325
23 0.36875 0.4390625 0.36875 0.389453125 0.180859375 0.389453125 0.180859375 0.4390625 0.36875 0.4390625
23 0.34375 0.320703125 0.2953125 0.320703125 0.2953125 0.509375 0.34375 0.509375 0.34375 0.320703125
23 0.45 0.434375 0.45 0.38984375 0.27265625 0.38984375 0.27265625 0.434375 0.45 0.434375
23 0.3796875 0.321875 0.3796875 0.4953125 0.4203125 0.4953125 0.4203125 0.321875 0.3796875 0.321875
23 0.419140625 0.321875 0.419140625 0.4921875 0.45625 0.4921875 0.45625 0.321875 0.419140625 0.321875
23 0.453125 0.3203125 0.453125 0.4859375 0.4890625 0.4859375 0.4890625 0.3203125 0.453125 0.3203125
23 0.5828125 0.4171875 0.5828125 0.383984375 0.425390625 0.383984375 0.425390625 0.4171875 0.5828125 0.4171875
23 0.615625 0.384765625 0.458203125 0.384765625 0.458203125 0.413671875 0.615625 0.413671875 0.615625 0.384765625
23 0.496484375 0.375 0.496484375 0.403125 0.6375 0.403125 0.6375 0.375 0.496484375 0.375
23 0.526171875 0.3734375 0.526171875 0.40234375 0.6671875 0.40234375 0.6671875 0.3734375 0.526171875 0.3734375
23 0.6109375 0.3171875 0.6109375 0.453125 0.6375 0.453125 0.6375 0.3171875 0.6109375 0.3171875
23 0.579296875 0.3734375 0.579296875 0.40234375 0.7203125 0.40234375 0.7203125 0.3734375 0.579296875 0.3734375
23 0.7453125 0.396875 0.7453125 0.37578125 0.60703125 0.37578125 0.60703125 0.396875 0.7453125 0.396875
23 0.6859375 0.3140625 0.6859375 0.453125 0.709375 0.453125 0.709375 0.3140625 0.6859375 0.3140625
23 0.706640625 0.3140625 0.706640625 0.4484375 0.7296875 0.4484375 0.7296875 0.3140625 0.706640625 0.3140625
23 0.675 0.3671875 0.675 0.39375 0.8046875 0.39375 0.8046875 0.3671875 0.675 0.3671875
23 0.821875 0.3875 0.821875 0.366796875 0.69609375 0.366796875 0.69609375 0.3875 0.821875 0.3875
23 0.7671875 0.3125 0.7671875 0.4375 0.79375 0.4375 0.79375 0.3125 0.7671875 0.3125
23 0.8078125 0.310546875 0.7859375 0.310546875 0.7859375 0.4328125 0.8078125 0.4328125 0.8078125 0.310546875
23 0.828125 0.309765625 0.80625 0.309765625 0.80625 0.43125 0.828125 0.43125 0.828125 0.309765625
23 0.821875 0.309375 0.821875 0.4296875 0.84375 0.4296875 0.84375 0.309375 0.821875 0.309375
23 0.91171875 0.378125 0.91171875 0.357421875 0.79375 0.357421875 0.79375 0.378125 0.91171875 0.378125
23 0.653125 0.628125 0.653125 0.492578125 0.630078125 0.492578125 0.630078125 0.628125 0.653125 0.628125
23 0.601953125 0.503125 0.601953125 0.6375 0.6296875 0.6375 0.6296875 0.503125 0.601953125 0.503125
23 0.6578125 0.56015625 0.516796875 0.56015625 0.516796875 0.5890625 0.6578125 0.5890625 0.6578125 0.56015625
23 0.545703125 0.5015625 0.545703125 0.653125 0.5734375 0.653125 0.5734375 0.5015625 0.545703125 0.5015625
23 0.546875 0.6609375 0.546875 0.507421875 0.514453125 0.507421875 0.514453125 0.6609375 0.546875 0.6609375
23 0.578125 0.6078125 0.578125 0.575390625 0.420703125 0.575390625 0.420703125 0.6078125 0.578125 0.6078125
23 0.484375 0.678125 0.484375 0.516015625 0.451953125 0.516015625 0.451953125 0.678125 0.484375 0.678125