23 0.45234375 0.521875 0.4140625 0.521875 0.4140625 0.68984375 0.45234375 0.68984375 0.45234375 0.521875
23 0.41328125 0.53125 0.375 0.53125 0.375 0.7015625 0.41328125 0.7015625 0.41328125 0.53125
23 0.37578125 0.534375 0.3375 0.534375 0.3375 0.7078125 0.37578125 0.7078125 0.37578125 0.534375
23 0.88125 0.309375 0.859375 0.309375 0.859375 0.425 0.88125 0.425 0.88125 0.309375
23 0.33828125 0.54375 0.2953125 0.54375 0.2953125 0.71953125 0.33828125 0.71953125 0.33828125 0.54375
23 0.2953125 0.5515625 0.246875 0.5515625 0.246875 0.74140625 0.2953125 0.74140625 0.2953125 0.5515625
23 0.25078125 0.559375 0.2 0.559375 0.2 0.75390625 0.25078125 0.75390625 0.25078125 0.559375
23 0.2046875 0.5625 0.146875 0.5625 0.146875 0.76171875 0.2046875 0.76171875 0.2046875 0.5625
23 0.8984375 0.3078125 0.8765625 0.3078125 0.8765625 0.4234375 0.8984375 0.4234375 0.8984375 0.3078125
23 0.8984375 0.7015625 0.8765625 0.7015625 0.8765625 0.80703125 0.8984375 0.80703125 0.8984375 0.7015625
23 0.88359375 0.709375 0.8640625 0.709375 0.8640625 0.81484375 0.88359375 0.81484375 0.88359375 0.709375
23 0.86640625 0.7171875 0.8421875 0.7171875 0.8421875 0.828125 0.86640625 0.828125 0.86640625 0.7171875
23 0.84375 0.7296875 0.821875 0.7296875 0.821875 0.83515625 0.84375 0.83515625 0.84375 0.7296875
23 0.8265625 0.734375 0.8046875 0.734375 0.8046875 0.8453125 0.8265625 0.8453125 0.8265625 0.734375
23 0.80625 0.74375 0.7890625 0.74375 0.7890625 0.8546875 0.80625 0.8546875 0.80625 0.74375
23 0.7875 0.753125 0.765625 0.753125 0.765625 0.86875 0.7875 0.86875 0.7875 0.753125
23 0.68125 0.484375 0.6546875 0.484375 0.6546875 0.62109375 0.68125 0.62109375 0.68125 0.484375
23 0.7 0.4796875 0.6734375 0.4796875 0.6734375 0.6140625 0.7 0.6140625 0.7 0.4796875
23 0.72421875 0.4765625 0.6953125 0.4765625 0.6953125 0.60859375 0.72421875 0.60859375 0.72421875 0.4765625
23 0.7453125 0.4734375 0.71875 0.4734375 0.71875 0.60078125 0.7453125 0.60078125 0.7453125 0.4734375
23 0.76640625 0.46875 0.7421875 0.46875 0.7421875 0.59609375 0.76640625 0.59609375 0.76640625 0.46875
23 0.78203125 0.465625 0.7578125 0.465625 0.7578125 0.58828125 0.78203125 0.58828125 0.78203125 0.465625
23 0.80234375 0.4609375 0.778125 0.4609375 0.778125 0.58359375 0.80234375 0.58359375 0.80234375 0.4609375
23 0.81875 0.4578125 0.796875 0.4578125 0.796875 0.578125 0.81875 0.578125 0.81875 0.4578125
23 0.83671875 0.4546875 0.8125 0.4546875 0.8125 0.57265625 0.83671875 0.57265625 0.83671875 0.4546875
23 0.853125 0.453125 0.83125 0.453125 0.83125 0.56640625 0.853125 0.56640625 0.853125 0.453125
23 0.8703125 0.4484375 0.8484375 0.4484375 0.8484375 0.56171875 0.8703125 0.56171875 0.8703125 0.4484375
23 0.89140625 0.446875 0.8671875 0.446875 0.8671875 0.5578125 0.89140625 0.5578125 0.89140625 0.446875
23 0.90625 0.4421875 0.884375 0.4421875 0.884375 0.553125 0.90625 0.553125 0.90625 0.4421875
23 0.22421875 0.79375 0.1734375 0.79375 0.1734375 0.91875 0.22421875 0.91875 0.22421875 0.79375
23 0.2671875 0.7796875 0.221875 0.7796875 0.221875 0.91875 0.2671875 0.91875 0.2671875 0.7796875
23 0.309375 0.765625 0.26875 0.765625 0.26875 0.91484375 0.309375 0.91484375 0.309375 0.765625
23 0.34921875 0.7546875 0.3109375 0.7546875 0.3109375 0.915625 0.34921875 0.915625 0.34921875 0.7546875
23 0.38671875 0.74375 0.34375 0.74375 0.34375 0.90703125 0.38671875 0.90703125 0.38671875 0.74375
23 0.42734375 0.73125 0.3890625 0.73125 0.3890625 0.8921875 0.42734375 0.8921875 0.42734375 0.73125
23 0.46015625 0.7171875 0.421875 0.7171875 0.421875 0.878125 0.46015625 0.878125 0.46015625 0.7171875
23 0.4921875 0.703125 0.45625 0.703125 0.45625 0.8640625 0.4921875 0.8640625 0.4921875 0.703125
23 0.525 0.6953125 0.4890625 0.6953125 0.4890625 0.84921875 0.525 0.84921875 0.525 0.6953125
23 0.55234375 0.6875 0.5234375 0.6875 0.5234375 0.8296875 0.55234375 0.8296875 0.55234375 0.6875
23 0.57734375 0.6796875 0.553125 0.6796875 0.553125 0.81640625 0.57734375 0.81640625 0.57734375 0.6796875
23 0.61015625 0.6671875 0.5765625 0.6671875 0.5765625 0.80625 0.61015625 0.80625 0.61015625 0.6671875
23 0.6375 0.659375 0.6109375 0.659375 0.6109375 0.79609375 0.6375 0.79609375 0.6375 0.659375
23 0.6640625 0.653125 0.6375 0.653125 0.6375 0.78515625 0.6640625 0.78515625 0.6640625 0.653125
23 0.6890625 0.6421875 0.6625 0.6421875 0.6625 0.77421875 0.6890625 0.77421875 0.6890625 0.6421875
23 0.71328125 0.6359375 0.6890625 0.6359375 0.6890625 0.765625 0.71328125 0.765625 0.71328125 0.6359375
23 0.73515625 0.6296875 0.7109375 0.6296875 0.7109375 0.7546875 0.73515625 0.7546875 0.73515625 0.6296875
23 0.7546875 0.621875 0.728125 0.621875 0.728125 0.74453125 0.7546875 0.74453125 0.7546875 0.621875
23 0.7734375 0.6140625 0.7515625 0.6140625 0.7515625 0.734375 0.7734375 0.734375 0.7734375 0.6140625
23 0.79296875 0.6078125 0.76875 0.6078125 0.76875 0.728125 0.79296875 0.728125 0.79296875 0.6078125
23 0.80703125 0.603125 0.7875 0.603125 0.7875 0.71640625 0.80703125 0.71640625 0.80703125 0.603125
23 0.82421875 0.596875 0.8046875 0.596875 0.8046875 0.71015625 0.82421875 0.71015625 0.82421875 0.596875
23 0.8421875 0.5921875 0.825 0.5921875 0.825 0.703125 0.8421875 0.703125 0.8421875 0.5921875
23 0.8640625 0.5859375 0.8421875 0.5859375 0.8421875 0.696875 0.8640625 0.696875 0.8640625 0.5859375
23 0.88125 0.58125 0.859375 0.58125 0.859375 0.6890625 0.88125 0.6890625 0.88125 0.58125
23 0.9 0.575 0.878125 0.575 0.878125 0.6859375 0.9 0.6859375 0.9 0.575
23 0.62734375 0.8296875 0.5984375 0.8296875 0.5984375 0.91640625 0.62734375 0.91640625 0.62734375 0.8296875
23 0.6546875 0.815625 0.628125 0.815625 0.628125 0.91640625 0.6546875 0.91640625 0.6546875 0.815625
23 0.67734375 0.8078125 0.653125 0.8078125 0.653125 0.915625 0.67734375 0.915625 0.67734375 0.8078125
23 0.7 0.7953125 0.678125 0.7953125 0.678125 0.915625 0.7 0.915625 0.7 0.7953125
23 0.7234375 0.784375 0.7015625 0.784375 0.7015625 0.90703125 0.7234375 0.90703125 0.7234375 0.784375
23 0.74375 0.775 0.721875 0.775 0.721875 0.8953125 0.74375 0.8953125 0.74375 0.775
23 0.765625 0.7625 0.74375 0.7625 0.74375 0.878125 0.765625 0.878125 0.765625 0.7625
23 0.109375 0.0953125 0.0609375 0.0953125 0.0609375 0.2921875 0.109375 0.2921875 0.109375 0.0953125
23 0.15625 0.1078125 0.1078125 0.1078125 0.1078125 0.278125 0.15625 0.278125 0.15625 0.1078125
23 0.2484375 0.0671875 0.190625 0.0671875 0.190625 0.27890625 0.2484375 0.27890625 0.2484375 0.0671875
23 0.2921875 0.078125 0.24375 0.078125 0.24375 0.275 0.2921875 0.275 0.2921875 0.078125
23 0.3390625 0.084375 0.290625 0.084375 0.290625 0.27890625 0.3390625 0.27890625 0.3390625 0.084375
23 0.378125 0.0921875 0.3328125 0.0921875 0.3328125 0.27734375 0.378125 0.27734375 0.378125 0.0921875
23 0.4203125 0.096875 0.375 0.096875 0.375 0.2796875 0.4203125 0.2796875 0.4203125 0.096875
23 0.45546875 0.1015625 0.4171875 0.1015625 0.4171875 0.28203125 0.45546875 0.28203125 0.45546875 0.1015625
23 0.49453125 0.1015625 0.4515625 0.1015625 0.4515625 0.28203125 0.49453125 0.28203125 0.49453125 0.1015625
23 0.528125 0.1125 0.4875 0.1125 0.4875 0.2828125 0.528125 0.2828125 0.528125 0.1125
23 0.5515625 0.1171875 0.5203125 0.1171875 0.5203125 0.28046875 0.5515625 0.28046875 0.5515625 0.1171875
23 0.58125 0.1234375 0.55 0.1234375 0.55 0.2796875 0.58125 0.2796875 0.58125 0.1234375
23 0.61484375 0.1234375 0.58125 0.1234375 0.58125 0.28203125 0.61484375 0.28203125 0.61484375 0.1234375
23 0.64140625 0.1265625 0.6125 0.1265625 0.6125 0.28515625 0.64140625 0.28515625 0.64140625 0.1265625
23 0.6703125 0.13125 0.6390625 0.13125 0.6390625 0.28046875 0.6703125 0.28046875 0.6703125 0.13125
23 0.6921875 0.1359375 0.665625 0.1359375 0.665625 0.28046875 0.6921875 0.28046875 0.6921875 0.1359375
23 0.7140625 0.1359375 0.6875 0.1359375 0.6875 0.278125 0.7140625 0.278125 0.7140625 0.1359375
23 0.73515625 0.140625 0.70625 0.140625 0.70625 0.2796875 0.73515625 0.2796875 0.73515625 0.140625
23 0.76015625 0.1453125 0.73125 0.1453125 0.73125 0.2796875 0.76015625 0.2796875 0.76015625 0.1453125
23 0.77734375 0.15 0.753125 0.15 0.753125 0.2796875 0.77734375 0.2796875 0.77734375 0.15
23 0.79765625 0.153125 0.7734375 0.153125 0.7734375 0.28046875 0.79765625 0.28046875 0.79765625 0.153125
23 0.8140625 0.1546875 0.7921875 0.1546875 0.7921875 0.2796875 0.8140625 0.2796875 0.8140625 0.1546875
23 0.8375 0.1546875 0.815625 0.1546875 0.815625 0.2796875 0.8375 0.2796875 0.8375 0.1546875
23 0.853125 0.1609375 0.83125 0.1609375 0.83125 0.28125 0.853125 0.28125 0.853125 0.1609375
23 0.86953125 0.1609375 0.8453125 0.1609375 0.8453125 0.27890625 0.86953125 0.27890625 0.86953125 0.1609375
23 0.884375 0.1640625 0.8625 0.1640625 0.8625 0.2796875 0.884375 0.2796875 0.884375 0.1640625
23 0.9046875 0.1640625 0.8828125 0.1640625 0.8828125 0.2796875 0.9046875 0.2796875 0.9046875 0.1640625
23 0.91875 0.165625 0.896875 0.165625 0.896875 0.27890625 0.91875 0.27890625 0.91875 0.165625
23 0.13359375 0.3296875 0.0828125 0.3296875 0.0828125 0.51015625 0.13359375 0.51015625 0.13359375 0.3296875
23 0.18515625 0.3296875 0.134375 0.3296875 0.134375 0.51015625 0.18515625 0.51015625 0.18515625 0.3296875
23 0.25078125 0.325 0.1953125 0.325 0.1953125 0.521875 0.25078125 0.521875 0.25078125 0.325
23 0.30078125 0.3203125 0.25 0.3203125 0.25 0.51015625 0.30078125 0.51015625 0.30078125 0.3203125
23 0.34375 0.3203125 0.2953125 0.3203125 0.2953125 0.51015625 0.34375 0.51015625 0.34375 0.3203125
23 0.384375 0.3234375 0.3390625 0.3234375 0.3390625 0.5015625 0.384375 0.5015625 0.384375 0.3234375
23 0.4203125 0.321875 0.3796875 0.321875 0.3796875 0.4953125 0.4203125 0.4953125 0.4203125 0.321875
23 0.45703125 0.321875 0.41875 0.321875 0.41875 0.4921875 0.45703125 0.4921875 0.45703125 0.321875
23 0.4890625 0.3203125 0.453125 0.3203125 0.453125 0.4859375 0.4890625 0.4859375 0.4890625 0.3203125
23 0.52109375 0.321875 0.4875 0.321875 0.4875 0.48046875 0.52109375 0.48046875 0.52109375 0.321875
23 0.55234375 0.3203125 0.5234375 0.3203125 0.5234375 0.47890625 0.55234375 0.47890625 0.55234375 0.3203125
23 0.58203125 0.31875 0.553125 0.31875 0.553125 0.4609375 0.58203125 0.4609375 0.58203125 0.31875
23 0.61171875 0.3171875 0.5828125 0.3171875 0.5828125 0.459375 0.61171875 0.459375 0.61171875 0.3171875
23 0.6375 0.3171875 0.6109375 0.3171875 0.6109375 0.45390625 0.6375 0.45390625 0.6375 0.3171875
23 0.66484375 0.3171875 0.6359375 0.3171875 0.6359375 0.459375 0.66484375 0.459375 0.66484375 0.3171875
23 0.6875 0.3171875 0.665625 0.3171875 0.665625 0.45625 0.6875 0.45625 0.6875 0.3171875
23 0.71015625 0.3140625 0.6859375 0.3140625 0.6859375 0.453125 0.71015625 0.453125 0.71015625 0.3140625
23 0.73046875 0.3140625 0.70625 0.3140625 0.70625 0.4484375 0.73046875 0.4484375 0.73046875 0.3140625
23 0.753125 0.315625 0.7265625 0.315625 0.7265625 0.4453125 0.753125 0.4453125 0.753125 0.315625
23 0.7703125 0.3140625 0.7484375 0.3140625 0.7484375 0.44140625 0.7703125 0.44140625 0.7703125 0.3140625
23 0.79375 0.3125 0.7671875 0.3125 0.7671875 0.4375 0.79375 0.4375 0.79375 0.3125
23 0.8078125 0.3109375 0.7859375 0.3109375 0.7859375 0.43359375 0.8078125 0.43359375 0.8078125 0.3109375
23 0.828125 0.309375 0.80625 0.309375 0.80625 0.43203125 0.828125 0.43203125 0.828125 0.309375
23 0.84375 0.309375 0.821875 0.309375 0.821875 0.4296875 0.84375 0.4296875 0.84375 0.309375
23 0.8640625 0.309375 0.8421875 0.309375 0.8421875 0.42734375 0.8640625 0.42734375 0.8640625 0.309375
23 0.65390625 0.4921875 0.6296875 0.4921875 0.6296875 0.62890625 0.65390625 0.62890625 0.65390625 0.4921875
23 0.63046875 0.503125 0.6015625 0.503125 0.6015625 0.6375 0.63046875 0.6375 0.63046875 0.503125
23 0.60234375 0.503125 0.5734375 0.503125 0.5734375 0.6453125 0.60234375 0.6453125 0.60234375 0.503125
23 0.57421875 0.5015625 0.5453125 0.5015625 0.5453125 0.653125 0.57421875 0.653125 0.57421875 0.5015625
23 0.54765625 0.5078125 0.5140625 0.5078125 0.5140625 0.66171875 0.54765625 0.66171875 0.54765625 0.5078125
23 0.51640625 0.5125 0.4828125 0.5125 0.4828125 0.67109375 0.51640625 0.67109375 0.51640625 0.5125
23 0.48515625 0.515625 0.4515625 0.515625 0.4515625 0.67890625 0.48515625 0.67890625 0.48515625 0.515625