23 0.471875 0.621875 0.65 0.621875 0.65 0.5821875000000001 0.471875 0.5821875000000001 0.471875 0.621875
23 0.621875 0.7046875 0.621875 0.5234375 0.582708334375 0.5234375 0.582708334375 0.7046875 0.621875 0.7046875
23 0.6625 0.7109375 0.6625 0.527083334375 0.622447915625 0.527083334375 0.622447915625 0.7109375 0.6625 0.7109375
23 0.1061979171875 0.285989584375 0.0828645828125 0.285989584375 0.0828645828125 0.40932291562499995 0.1061979171875 0.40932291562499995 0.1061979171875 0.285989584375
23 0.778125 0.6515625 0.778125 0.607239584375 0.5923958328125 0.607239584375 0.5923958328125 0.6515625 0.778125 0.6515625
23 0.6328125 0.671875 0.834375 0.671875 0.834375 0.6209895828125 0.6328125 0.6209895828125 0.6328125 0.671875
23 0.8859375 0.6828125 0.8859375 0.6301041656249999 0.6791145828125 0.6301041656249999 0.6791145828125 0.6828125 0.8859375 0.6828125
23 0.865625 0.76875 0.865625 0.557083334375 0.804895834375 0.557083334375 0.804895834375 0.76875 0.865625 0.76875
23 0.0875 0.28442708437499997 0.065677084375 0.28442708437499997 0.0656770828125 0.407760415625 0.0875 0.407760415625 0.0875 0.28442708437499997
23 0.0203125 0.771875 0.1326041671875 0.771875 0.1326041671875 0.74890625 0.0203125 0.74890625 0.0203125 0.771875
23 0.1 0.825 0.1 0.712604165625 0.0806770828125 0.712604165625 0.0806770828125 0.825 0.1 0.825
23 0.125 0.8390625 0.125 0.7212500015625001 0.0995312515625 0.7212500015625001 0.0995312515625 0.8390625 0.125 0.8390625
23 0.1234895828125 0.734375 0.1234895828125 0.846875 0.1453125 0.846875 0.1453125 0.734375 0.1234895828125 0.734375
23 0.1640625 0.85625 0.1640625 0.7400520828125 0.1422395828125 0.7400520828125 0.1422395828125 0.85625 0.1640625 0.85625
23 0.1796875 0.8671875 0.1796875 0.750208334375 0.16348958281249998 0.750208334375 0.16348958281249998 0.8671875 0.1796875 0.8671875
23 0.25625 0.8328125 0.25625 0.80953125 0.13390625 0.80953125 0.13390625 0.8328125 0.25625 0.8328125
23 0.3828125 0.559375 0.3828125 0.5319791671874999 0.2377604171875 0.5319791671874999 0.2377604171875 0.559375 0.3828125 0.559375
23 0.3046875 0.6109375 0.3046875 0.46875 0.276875 0.46875 0.276875 0.6109375 0.3046875 0.6109375
23 0.2796875 0.6046875 0.2796875 0.465520834375 0.2509895828125 0.465520834375 0.2509895828125 0.6046875 0.2796875 0.6046875
23 0.25625 0.596875 0.25625 0.46234374999999994 0.2286458328125 0.46234374999999994 0.2286458328125 0.596875 0.25625 0.596875
23 0.23125 0.45630208281250006 0.20625 0.45630208281250006 0.20625 0.5921354156249999 0.23125 0.5921354156249999 0.23125 0.45630208281250006
23 0.2140625 0.4533333328125 0.1894270828125 0.4533333328125 0.1894270828125 0.5841666671875 0.2140625 0.5841666671875 0.2140625 0.4533333328125
23 0.2453125 0.5265625 0.2453125 0.50078125 0.1153124984375 0.50078125 0.1153124984375 0.5265625 0.2453125 0.5265625
23 0.171875 0.571875 0.171875 0.445208334375 0.1500520828125 0.445208334375 0.1500520828125 0.571875 0.171875 0.571875
23 0.08125 0.515625 0.20625 0.515625 0.20625 0.4916666671875 0.08125 0.4916666671875 0.08125 0.515625
23 0.1140625 0.559375 0.1359375 0.559375 0.1359375 0.4396354171875 0.1140625 0.4396354171875 0.1140625 0.559375
23 0.1171875 0.435104165625 0.094635415625 0.435104165625 0.094635415625 0.5559375 0.1171875 0.5559375 0.1171875 0.435104165625
23 0.0984375 0.5515625 0.0984375 0.4336458328125 0.07276041562499999 0.4336458328125 0.07276041562499999 0.5515625 0.0984375 0.5515625
23 0.0796875 0.42833333281249997 0.05703125 0.42833333281249997 0.05703125 0.5466666671875 0.0796875 0.5466666671875 0.0796875 0.42833333281249997
23 0.8765625 0.896875 0.8765625 0.8433854171874999 0.7450520828125 0.8433854171874999 0.7450520828125 0.896875 0.8765625 0.896875
23 0.6890625 0.8859375 0.8359375 0.8859375 0.8359375 0.8390625 0.6890625 0.8390625 0.6890625 0.8859375
23 0.79375 0.8734375 0.79375 0.83125 0.6352083328125 0.83125 0.6352083328125 0.8734375 0.79375 0.8734375
23 0.75625 0.8671875 0.75625 0.8265625 0.5847916671875 0.8265625 0.5847916671875 0.8671875 0.75625 0.8671875
23 0.65625 0.9234375 0.65625 0.750364584375 0.6109895828125 0.750364584375 0.6109895828125 0.9234375 0.65625 0.9234375
23 0.6078125 0.7360416671875 0.5671875 0.7360416671875 0.5671875 0.9077083328125 0.6078125 0.9077083328125 0.6078125 0.7360416671875
23 0.571875 0.8921875 0.571875 0.7219791671875 0.532708334375 0.7219791671875 0.532708334375 0.8921875 0.571875 0.8921875
23 0.6030208328125 0.8109375 0.6030208328125 0.7736458328125 0.43135416718749997 0.7736458328125 0.43135416718749997 0.8109375 0.6030208328125 0.8109375
23 0.5640625 0.7984375 0.5640625 0.7615624984375 0.40036458281250004 0.7615624984375 0.40036458281250004 0.7984375 0.5640625 0.7984375
23 0.3734375 0.78125 0.5248437499999999 0.78125 0.5248437499999999 0.7508333328125001 0.3734375 0.7508333328125001 0.3734375 0.78125
23 0.4078125 0.8265625 0.4328125 0.8265625 0.4328125 0.6817708328125 0.4078125 0.6817708328125 0.4078125 0.8265625
23 0.4640625 0.759375 0.4640625 0.7251562500000001 0.31671875 0.7251562500000001 0.31671875 0.759375 0.4640625 0.759375
23 0.4296875 0.746875 0.4296875 0.7190624984375 0.2846875 0.7190624984375 0.2846875 0.746875 0.4296875 0.746875
23 0.3421875 0.79375 0.3421875 0.6536458328125 0.314479165625 0.6536458328125 0.314479165625 0.79375 0.3421875 0.79375
23 0.315625 0.78125 0.315625 0.642083334375 0.2889583328125 0.642083334375 0.2889583328125 0.78125 0.315625 0.78125
23 0.2875 0.7734375 0.2875 0.635260415625 0.262135415625 0.635260415625 0.262135415625 0.7734375 0.2875 0.7734375
23 0.3171875 0.7078125 0.3171875 0.68234375 0.185885415625 0.68234375 0.185885415625 0.7078125 0.3171875 0.7078125
23 0.296875 0.6984375 0.296875 0.6709374984375 0.16760416718749999 0.6709375 0.16760416718749999 0.6984375 0.296875 0.6984375
23 0.2734375 0.6640625 0.14578125 0.6640625 0.14578125 0.6873437515624999 0.2734375 0.6873437515624999 0.2734375 0.6640625
23 0.2015625 0.7328125 0.2015625 0.6046875 0.177708334375 0.6046875 0.177708334375 0.7328125 0.2015625 0.7328125
23 0.1625 0.7203125 0.1828125 0.7203125 0.1828125 0.6 0.1625 0.6 0.1625 0.7203125
23 0.2140625 0.6640625 0.2140625 0.6434375 0.0940104171875 0.6434375 0.0940104171875 0.6640625 0.2140625 0.6640625
23 0.1421875 0.7046875 0.1421875 0.5881770828125 0.12479166718750001 0.5881770828125 0.12479166718750001 0.7046875 0.1421875 0.7046875
23 0.12494791718750001 0.5814583328125 0.10161458281249999 0.5814583328125 0.10161458281249999 0.6997916671875 0.12494791718750001 0.6997916671875 0.12494791718750001 0.5814583328125
23 0.1515625 0.6453125 0.1515625 0.62296875 0.0377083328125 0.62296875 0.0377083328125 0.6453125 0.1515625 0.6453125
23 0.134375 0.6390625 0.134375 0.6174999984375 0.016354167187499997 0.6174999999999999 0.016354167187499997 0.6390625 0.134375 0.6390625
23 0.3234375 0.9015625 0.41546875156249996 0.9015625 0.41546875156249996 0.8724479171875 0.3234375 0.8724479171875 0.3234375 0.9015625
23 0.353125 0.9328125 0.353125 0.8266145843749999 0.325104165625 0.8266145843749999 0.325104165625 0.9328125 0.353125 0.9328125
23 0.325 0.9328125 0.325 0.81875 0.30114583281249996 0.81875 0.30114583281249996 0.9328125 0.325 0.9328125
23 0.3515625 0.8796875 0.3515625 0.8575520828125001 0.22374999999999998 0.8575520843750001 0.22374999999999998 0.8796875 0.3515625 0.8796875
23 0.1984375 0.8703125 0.328125 0.8703125 0.328125 0.8471354171875 0.1984375 0.8471354171875 0.1984375 0.8703125
23 0.3046875 0.8578125 0.3046875 0.8360937500000001 0.17687499843750001 0.8360937500000001 0.17687499843750001 0.8578125 0.3046875 0.8578125
23 0.2296875 0.8921875 0.2296875 0.7696354171875 0.2070312515625 0.7696354171875 0.2070312515625 0.8921875 0.2296875 0.8921875
23 1 0.13796875 0.8274479171875001 0.13796875 0.8274479171875001 0.1890625 1 0.1890625 1 0.13796875
23 0.85625 0.253125 0.9078125 0.253125 0.9078125 0.071875 0.85625 0.071875 0.85625 0.253125
23 0.820104165625 0.253125 0.820104165625 0.028177082812499997 0.7584374984375 0.028177082812499997 0.7584374984375 0.253125 0.820104165625 0.253125
23 0.8421875 0.11916666718749999 0.6328125 0.11916666718749999 0.6328125 0.1703125 0.8421875 0.1703125 0.8421875 0.11916666718749999
23 0.7133333328125 0.253125 0.7133333328125 0.047031250000000004 0.6616666671875 0.047031250000000004 0.6616666671875 0.253125 0.7133333328125 0.253125
23 0.7421875 0.1765625 0.7421875 0.12921875 0.5455729171875 0.12921875 0.5455729171875 0.1765625 0.7421875 0.1765625
23 0.621875 0.2546875 0.621875 0.06046875 0.5749479156249999 0.06046875 0.5749479156249999 0.2546875 0.621875 0.2546875
23 0.653125 0.18125 0.653125 0.1409375 0.462135415625 0.1409375 0.462135415625 0.18125 0.653125 0.18125
23 0.6140625 0.1383333328125 0.42203125 0.1383333328125 0.42203125 0.18416666718750002 0.6140625 0.18416666718750002 0.6140625 0.1383333328125
23 0.503125 0.2578125 0.503125 0.0769791671875 0.46041666562500005 0.0769791671875 0.46041666562500005 0.2578125 0.503125 0.2578125
23 0.4682291671875 0.0816666671875 0.4348958328125 0.0816666671875 0.4348958328125 0.2558333328125 0.4682291671875 0.2558333328125 0.4682291671875 0.0816666671875
23 0.403125 0.253125 0.4359375 0.253125 0.4359375 0.08854166718749999 0.403125 0.08854166718749999 0.403125 0.253125
23 0.403072915625 0.25625 0.40307291718749994 0.08885416562500001 0.3672395828125 0.08885416562500001 0.3672395828125 0.25625 0.403072915625 0.25625
23 0.4375 0.190625 0.4375 0.16072916718750002 0.2703125 0.16072916718750002 0.2703125 0.190625 0.4375 0.190625
23 0.2453125 0.1921875 0.40427083281250004 0.1921875 0.40427083281250004 0.15958333281249998 0.2453125 0.15958333281249998 0.2453125 0.1921875
23 0.3125 0.2546875 0.3125 0.10151041718750001 0.2849479171875 0.10151041718750001 0.2849479171875 0.2546875 0.3125 0.2546875
23 0.3515625 0.16328125 0.20015624999999998 0.16328125 0.20015624999999998 0.1916145828125 0.3515625 0.1916145828125 0.3515625 0.16328125
23 0.26875 0.1063020828125 0.2392708328125 0.1063020828125 0.2392708328125 0.25463541562500003 0.26875 0.25463541562500003 0.26875 0.1063020828125
23 0.2421875 0.111145834375 0.21270833437499997 0.111145834375 0.21270833437499997 0.2544791671875 0.2421875 0.2544791671875 0.2421875 0.111145834375
23 0.275 0.1984375 0.275 0.1728645828125 0.1378125015625 0.1728645828125 0.1378125015625 0.1984375 0.275 0.1984375
23 0.253125 0.2 0.253125 0.175260415625 0.117864584375 0.175260415625 0.117864584375 0.2 0.253125 0.2
23 0.178125 0.2546875 0.178125 0.121875 0.15526041562499998 0.121875 0.15526041562499998 0.2546875 0.178125 0.2546875
23 0.2078125 0.1765625 0.0750520828125 0.1765625 0.0750520828125 0.19973958281249998 0.2078125 0.19973958281249998 0.2078125 0.1765625
23 0.0609375 0.18125 0.0609375 0.203125 0.1888541671875 0.203125 0.1888541671875 0.18125 0.0609375 0.18125
23 0.1218229171875 0.253125 0.1218229171875 0.1281770828125 0.0959895828125 0.1281770828125 0.0959895828125 0.253125 0.1218229171875 0.253125
23 0.153125 0.2046875 0.153125 0.18140625 0.030364582812500002 0.18140625 0.030364582812500002 0.2046875 0.153125 0.2046875
23 0.13125 0.2046875 0.13125 0.182135415625 0.00796875 0.182135415625 0.00796875 0.2046875 0.13125 0.2046875
23 0 0.2046875 0.11541666718750002 0.2046875 0.11541666718750002 0.1816145828125 0 0.1816145828125 0 0.2046875
23 1 0.377604165625 0.811770834375 0.377604165625 0.811770834375 0.4296875 1 0.4296875 1 0.377604165625
23 0.9484375 0.4296875 0.9484375 0.377291665625 0.7567708343749999 0.377291665625 0.7567708343749999 0.4296875 0.9484375 0.4296875
23 0.8901562500000001 0.4375 0.8901562500000001 0.37927083281249996 0.68015625 0.37927083281249996 0.68015625 0.4375 0.8901562500000001 0.4375
23 0.7546875 0.5 0.7546875 0.29791666562499997 0.7023958343750001 0.29791666562499997 0.7023958343750001 0.5 0.7546875 0.5
23 0.65625 0.5 0.7078125 0.5 0.7078125 0.29874999999999996 0.65625 0.29874999999999996 0.65625 0.5
23 0.6140625 0.490625 0.6609375 0.490625 0.6609375 0.301875 0.6140625 0.301875 0.6140625 0.490625
23 0.6875 0.370625 0.5038541671875 0.370625 0.5038541671875 0.4139583328125 0.6875 0.4139583328125 0.6875 0.370625
23 0.5359375 0.48125 0.5765625 0.48125 0.5765625 0.3 0.5359375 0.3 0.5359375 0.48125
23 0.6078125 0.4046875 0.6078125 0.367760415625 0.43244791562499996 0.367760415625 0.43244791562499996 0.4046875 0.6078125 0.4046875
23 0.503125 0.46875 0.503125 0.3002083328125 0.4677604171875 0.3002083328125 0.4677604171875 0.46875 0.503125 0.46875
23 0.4640625 0.4671875 0.4640625 0.2984375 0.4345833328125 0.2984375 0.4345833328125 0.4671875 0.4640625 0.4671875
23 0.43125 0.446875 0.43125 0.2968229171875 0.4025520828125 0.2968229171875 0.4025520828125 0.446875 0.43125 0.446875
23 0.4609375 0.35510416718750004 0.31015625 0.35510416718750004 0.31015625 0.3859375 0.4609375 0.3859375 0.4609375 0.35510416718750004
23 0.3703125 0.4390625 0.3703125 0.2949479171875 0.3430208328125 0.2949479171875 0.3430208328125 0.4390625 0.3703125 0.4390625
23 0.4046875 0.3859375 0.4046875 0.3553125015625 0.254010415625 0.3553125015625 0.254010415625 0.3859375 0.4046875 0.3859375
23 0.3125 0.4421875 0.3125 0.2953645828125 0.2906770828125 0.2953645828125 0.2906770828125 0.4421875 0.3125 0.4421875
23 0.290625 0.4390625 0.290625 0.2922395828125 0.26598958281249996 0.2922395828125 0.26598958281249996 0.4390625 0.290625 0.4390625
23 0.2442187515625 0.2921875 0.2442187515625 0.434375 0.270052084375 0.434375 0.270052084375 0.2921875 0.2442187515625 0.2921875
23 0.246875 0.43125 0.246875 0.29375 0.220208334375 0.29375 0.220208334375 0.43125 0.246875 0.43125
23 0.2249479171875 0.4265625 0.2249479171875 0.2922395828125 0.2016145828125 0.2922395828125 0.2016145828125 0.4265625 0.2249479171875 0.4265625
23 0.1765625 0.421875 0.2046875 0.421875 0.2046875 0.2903645828125 0.1765625 0.2903645828125 0.1765625 0.421875
23 0.1843229171875 0.4171875 0.1843229171875 0.2884895828125 0.1609895828125 0.2884895828125 0.1609895828125 0.4171875 0.1843229171875 0.4171875
23 0.1625 0.4171875 0.1625 0.28718750000000004 0.13932291562500002 0.28718750000000004 0.13932291562500002 0.4171875 0.1625 0.4171875
23 0.1984375 0.3390625 0.07078124999999999 0.3390625 0.07078124999999999 0.3623437515625 0.1984375 0.3623437515625 0.1984375 0.3390625
23 0.17588541562499999 0.3609375 0.17588541562499999 0.3379687515625 0.050052082812499996 0.3379687515625 0.050052082812499996 0.3609375 0.17588541562499999 0.3609375
23 0.4109375 0.565625 0.4109375 0.5419791671875 0.2657291671875 0.5419791671875 0.2657291671875 0.565625 0.4109375 0.565625
23 0.3796875 0.6359375 0.3796875 0.49375 0.3506770828125 0.49375 0.3506770828125 0.6359375 0.3796875 0.6359375
23 0.38125 0.64375 0.4109375 0.64375 0.4109375 0.49369791718749995 0.38125 0.49369791718749995 0.38125 0.64375
23 0.3453125 0.5875 0.50625 0.5875 0.50625 0.5573958328125 0.3453125 0.5573958328125 0.3453125 0.5875
23 0.375 0.596875 0.5390625 0.596875 0.5390625 0.562447915625 0.375 0.562447915625 0.375 0.596875
23 0.5734375 0.6046875 0.5734375 0.569427084375 0.4062499984375 0.569427084375 0.4062499984375 0.6046875 0.5734375 0.6046875
23 0.540625 0.5066666671875 0.5053645828125 0.5066666671875 0.5053645828125 0.6808333328125 0.540625 0.6808333328125 0.540625 0.5066666671875