23 0.5816666671874999 0.5133333328125 0.5408333328125 0.5133333328125 0.5408333328125 0.6925 0.5816666671874999 0.6925 0.5816666671874999 0.5133333328125
23 0.6233333328125 0.5233333328125 0.5825 0.5233333328125 0.5825 0.705 0.6233333328125 0.705 0.6233333328125 0.5233333328125
23 0.6633333328125001 0.5266666671875 0.6224999999999999 0.5266666671875 0.6224999999999999 0.7116666671874999 0.6633333328125001 0.7116666671874999 0.6633333328125001 0.5266666671875
23 0.1066666671875 0.2866666671875 0.08333333281250001 0.2866666671875 0.08333333281250001 0.41 0.1066666671875 0.41 0.1066666671875 0.2866666671875
23 0.7083333328125 0.5366666671875 0.6625 0.5366666671875 0.6625 0.7241666671875 0.7083333328125 0.7241666671875 0.7083333328125 0.5366666671875
23 0.76 0.545 0.7083333328125 0.545 0.7083333328125 0.7474999999999999 0.76 0.7474999999999999 0.76 0.545
23 0.8099999999999999 0.5533333328125 0.7558333328125 0.5533333328125 0.7558333328125 0.7608333328125 0.8099999999999999 0.7608333328125 0.8099999999999999 0.5533333328125
23 0.8666666671875 0.5566666671875 0.805 0.5566666671875 0.805 0.7691666671874999 0.8666666671875 0.7691666671874999 0.8666666671875 0.5566666671875
23 0.0883333328125 0.28500000000000003 0.065 0.28500000000000003 0.065 0.40833333281249995 0.0883333328125 0.40833333281249995 0.0883333328125 0.28500000000000003
23 0.0883333328125 0.705 0.065 0.705 0.065 0.8175000000000001 0.0883333328125 0.8175000000000001 0.0883333328125 0.705
23 0.10166666718749999 0.7133333328125 0.0808333328125 0.7133333328125 0.0808333328125 0.8258333328124999 0.10166666718749999 0.8258333328124999 0.10166666718749999 0.7133333328125
23 0.125 0.7216666671875 0.0991666671875 0.7216666671875 0.0991666671875 0.8400000000000001 0.125 0.8400000000000001 0.125 0.7216666671875
23 0.14666666718750002 0.735 0.1233333328125 0.735 0.1233333328125 0.8474999999999999 0.14666666718750002 0.8474999999999999 0.14666666718750002 0.735
23 0.16499999999999998 0.74 0.1416666671875 0.74 0.1416666671875 0.8583333328125 0.16499999999999998 0.8583333328125 0.16499999999999998 0.74
23 0.1816666671875 0.75 0.1633333328125 0.75 0.1633333328125 0.8683333328125 0.1816666671875 0.8683333328125 0.1816666671875 0.75
23 0.2066666671875 0.76 0.1833333328125 0.76 0.1833333328125 0.8833333328125 0.2066666671875 0.8833333328125 0.2066666671875 0.76
23 0.325 0.4733333328125 0.2966666671875 0.4733333328125 0.2966666671875 0.6191666671875 0.325 0.6191666671875 0.325 0.4733333328125
23 0.305 0.4683333328125 0.2766666671875 0.4683333328125 0.2766666671875 0.6116666671875 0.305 0.6116666671875 0.305 0.4683333328125
23 0.2816666671875 0.465 0.2508333328125 0.465 0.2508333328125 0.6058333328125001 0.2816666671875 0.6058333328125001 0.2816666671875 0.465
23 0.25666666718750003 0.46166666718749994 0.22833333281249998 0.46166666718749994 0.22833333281249998 0.5974999999999999 0.25666666718750003 0.5974999999999999 0.25666666718750003 0.46166666718749994
23 0.2316666671875 0.4566666671875 0.2058333328125 0.4566666671875 0.2058333328125 0.5925 0.2316666671875 0.5925 0.2316666671875 0.4566666671875
23 0.215 0.4533333328125 0.1891666671875 0.4533333328125 0.1891666671875 0.5841666671875 0.215 0.5841666671875 0.215 0.4533333328125
23 0.1933333328125 0.4483333328125 0.1675 0.4483333328125 0.1675 0.5791666671875 0.1933333328125 0.5791666671875 0.1933333328125 0.4483333328125
23 0.17333333281250002 0.445 0.15 0.445 0.15 0.5733333328125 0.17333333281250002 0.5733333328125 0.17333333281250002 0.445
23 0.1566666671875 0.44166666718750003 0.1308333328125 0.44166666718750003 0.1308333328125 0.5675 0.1566666671875 0.5675 0.1566666671875 0.44166666718750003
23 0.1366666671875 0.44000000000000006 0.11333333281249999 0.44000000000000006 0.11333333281249999 0.5608333328125 0.1366666671875 0.5608333328125 0.1366666671875 0.44000000000000006
23 0.1183333328125 0.43499999999999994 0.095 0.43499999999999994 0.095 0.5558333328125 0.1183333328125 0.5558333328125 0.1183333328125 0.43499999999999994
23 0.0983333328125 0.43333333281249997 0.0725 0.43333333281249997 0.0725 0.5516666671875 0.0983333328125 0.5516666671875 0.0983333328125 0.43333333281249997
23 0.08 0.42833333281249997 0.0566666671875 0.42833333281249997 0.0566666671875 0.5466666671875 0.08 0.5466666671875 0.08 0.42833333281249997
23 0.8383333328125 0.8033333328125 0.7841666671875 0.8033333328125 0.7841666671875 0.9366666671875 0.8383333328125 0.9366666671875 0.8383333328125 0.8033333328125
23 0.7866666671875 0.7883333328125001 0.7383333328125 0.7883333328125001 0.7383333328125 0.9366666671875 0.7866666671875 0.9366666671875 0.7866666671875 0.7883333328125001
23 0.7366666671875 0.7733333328125 0.6933333328125 0.7733333328125 0.6933333328125 0.9324999999999999 0.7366666671875 0.9324999999999999 0.7366666671875 0.7733333328125
23 0.6916666671875 0.7616666671875 0.6508333328125 0.7616666671875 0.6508333328125 0.9333333328125001 0.6916666671875 0.9333333328125001 0.6916666671875 0.7616666671875
23 0.6566666671875 0.75 0.6108333328125 0.75 0.6108333328125 0.9241666671875001 0.6566666671875 0.9241666671875001 0.6566666671875 0.75
23 0.6083333328125 0.7366666671875 0.5675 0.7366666671875 0.5675 0.9083333328125001 0.6083333328125 0.9083333328125001 0.6083333328125 0.7366666671875
23 0.5733333328125 0.7216666671875 0.5325 0.7216666671875 0.5325 0.8933333328125 0.5733333328125 0.8933333328125 0.5733333328125 0.7216666671875
23 0.5366666671875 0.7066666671874999 0.49833333281250003 0.7066666671874999 0.49833333281250003 0.8783333328125 0.5366666671875 0.8783333328125 0.5366666671875 0.7066666671874999
23 0.5016666671875 0.6983333328125 0.46333333281250005 0.6983333328125 0.46333333281250005 0.8625 0.5016666671875 0.8625 0.5016666671875 0.6983333328125
23 0.465 0.6900000000000001 0.4341666671875 0.6900000000000001 0.4341666671875 0.8416666671874999 0.465 0.8416666671874999 0.465 0.6900000000000001
23 0.43333333281249997 0.6816666671875 0.40750000000000003 0.6816666671875 0.40750000000000003 0.8275 0.43333333281249997 0.8275 0.43333333281249997 0.6816666671875
23 0.40833333281249995 0.6683333328125001 0.3725 0.6683333328125001 0.3725 0.8166666671874999 0.40833333281249995 0.8166666671874999 0.40833333281249995 0.6683333328125001
23 0.3716666671875 0.6599999999999999 0.3433333328125 0.6599999999999999 0.3433333328125 0.8058333328125 0.3716666671875 0.8058333328125 0.3716666671875 0.6599999999999999
23 0.3433333328125 0.6533333328125 0.315 0.6533333328125 0.315 0.7941666671875 0.3433333328125 0.7941666671875 0.3433333328125 0.6533333328125
23 0.3166666671875 0.6416666671875 0.2883333328125 0.6416666671875 0.2883333328125 0.7825 0.3166666671875 0.7825 0.3166666671875 0.6416666671875
23 0.2883333328125 0.635 0.2625 0.635 0.2625 0.7733333328125 0.2883333328125 0.7733333328125 0.2883333328125 0.635
23 0.265 0.6283333328125 0.2391666671875 0.6283333328125 0.2391666671875 0.7616666671875 0.265 0.7616666671875 0.265 0.6283333328125
23 0.24666666718750002 0.62 0.21833333281249998 0.62 0.21833333281249998 0.7508333328125001 0.24666666718750002 0.7508333328125001 0.24666666718750002 0.62
23 0.2216666671875 0.6116666671875 0.1983333328125 0.6116666671875 0.1983333328125 0.74 0.2216666671875 0.74 0.2216666671875 0.6116666671875
23 0.2033333328125 0.605 0.1775 0.605 0.1775 0.7333333328125 0.2033333328125 0.7333333328125 0.2033333328125 0.605
23 0.1833333328125 0.6 0.1625 0.6 0.1625 0.7208333328125 0.1833333328125 0.7208333328125 0.1833333328125 0.6
23 0.16499999999999998 0.5933333328125 0.14416666718749999 0.5933333328125 0.14416666718749999 0.7141666671875 0.16499999999999998 0.7141666671875 0.16499999999999998 0.5933333328125
23 0.1433333328125 0.5883333328125 0.125 0.5883333328125 0.125 0.7066666671874999 0.1433333328125 0.7066666671874999 0.1433333328125 0.5883333328125
23 0.125 0.5816666671874999 0.10166666718749999 0.5816666671874999 0.10166666718749999 0.7 0.125 0.7 0.125 0.5816666671874999
23 0.1066666671875 0.5766666671875 0.08333333281250001 0.5766666671875 0.08333333281250001 0.6916666671875 0.1066666671875 0.6916666671875 0.1066666671875 0.5766666671875
23 0.0866666671875 0.5700000000000001 0.0633333328125 0.5700000000000001 0.0633333328125 0.6883333328125001 0.0866666671875 0.6883333328125001 0.0866666671875 0.5700000000000001
23 0.385 0.8416666671874999 0.3541666671875 0.8416666671874999 0.3541666671875 0.9341666671875 0.385 0.9341666671875 0.385 0.8416666671874999
23 0.3533333328125 0.8266666671875 0.325 0.8266666671875 0.325 0.9341666671875 0.3533333328125 0.9341666671875 0.3533333328125 0.8266666671875
23 0.3266666671875 0.8183333328125 0.3008333328125 0.8183333328125 0.3008333328125 0.9333333328125001 0.3266666671875 0.9333333328125001 0.3266666671875 0.8183333328125
23 0.3 0.805 0.2766666671875 0.805 0.2766666671875 0.9333333328125001 0.3 0.9333333328125001 0.3 0.805
23 0.275 0.7933333328125001 0.25166666718749997 0.7933333328125001 0.25166666718749997 0.9241666671875001 0.275 0.9241666671875001 0.275 0.7933333328125001
23 0.2533333328125 0.7833333328125 0.22999999999999998 0.7833333328125 0.22999999999999998 0.9116666671875 0.2533333328125 0.9116666671875 0.2533333328125 0.7833333328125
23 0.22999999999999998 0.77 0.2066666671875 0.77 0.2066666671875 0.8933333328125 0.22999999999999998 0.8933333328125 0.22999999999999998 0.77
23 0.9583333328125001 0.058333332812500006 0.9066666671875 0.058333332812500006 0.9066666671875 0.2683333328125 0.9583333328125001 0.2683333328125 0.9583333328125001 0.058333332812500006
23 0.9083333328125001 0.0716666671875 0.8566666671875 0.0716666671875 0.8566666671875 0.2533333328125 0.9083333328125001 0.2533333328125 0.9083333328125001 0.0716666671875
23 0.82 0.0283333328125 0.7583333328124999 0.0283333328125 0.7583333328124999 0.2541666671875 0.82 0.2541666671875 0.82 0.0283333328125
23 0.7633333328125 0.04 0.7116666671874999 0.04 0.7116666671874999 0.25 0.7633333328125 0.25 0.7633333328125 0.04
23 0.7133333328125 0.0466666671875 0.6616666671875 0.0466666671875 0.6616666671875 0.2541666671875 0.7133333328125 0.2541666671875 0.7133333328125 0.0466666671875
23 0.6683333328125001 0.05500000000000001 0.62 0.05500000000000001 0.62 0.2525 0.6683333328125001 0.2525 0.6683333328125001 0.05500000000000001
23 0.6233333328125 0.06 0.575 0.06 0.575 0.255 0.6233333328125 0.255 0.6233333328125 0.06
23 0.5783333328125 0.065 0.5375 0.065 0.5375 0.2575 0.5783333328125 0.2575 0.5783333328125 0.065
23 0.5416666671875 0.065 0.49583333281249997 0.065 0.49583333281249997 0.2575 0.5416666671875 0.2575 0.5416666671875 0.065
23 0.5033333328125 0.07666666718750001 0.45999999999999996 0.07666666718750001 0.45999999999999996 0.25833333281250004 0.5033333328125 0.25833333281250004 0.5033333328125 0.07666666718750001
23 0.4683333328125 0.0816666671875 0.43499999999999994 0.0816666671875 0.43499999999999994 0.2558333328125 0.4683333328125 0.2558333328125 0.4683333328125 0.0816666671875
23 0.43666666718749997 0.0883333328125 0.4033333328125 0.0883333328125 0.4033333328125 0.255 0.43666666718749997 0.255 0.43666666718749997 0.0883333328125
23 0.4033333328125 0.0883333328125 0.3675 0.0883333328125 0.3675 0.2575 0.4033333328125 0.2575 0.4033333328125 0.0883333328125
23 0.37 0.0916666671875 0.3391666671875 0.0916666671875 0.3391666671875 0.2608333328125 0.37 0.2608333328125 0.37 0.0916666671875
23 0.3416666671875 0.0966666671875 0.3083333328125 0.0966666671875 0.3083333328125 0.2558333328125 0.3416666671875 0.2558333328125 0.3416666671875 0.0966666671875
23 0.3133333328125 0.10166666718749999 0.28500000000000003 0.10166666718749999 0.28500000000000003 0.2558333328125 0.3133333328125 0.2558333328125 0.3133333328125 0.10166666718749999
23 0.29 0.10166666718749999 0.2616666671875 0.10166666718749999 0.2616666671875 0.2533333328125 0.29 0.2533333328125 0.29 0.10166666718749999
23 0.27 0.1066666671875 0.2391666671875 0.1066666671875 0.2391666671875 0.255 0.27 0.255 0.27 0.1066666671875
23 0.24333333281249997 0.1116666671875 0.2125 0.1116666671875 0.2125 0.255 0.24333333281249997 0.255 0.24333333281249997 0.1116666671875
23 0.22000000000000003 0.1166666671875 0.1941666671875 0.1166666671875 0.1941666671875 0.255 0.22000000000000003 0.255 0.22000000000000003 0.1166666671875
23 0.1983333328125 0.12 0.17250000000000001 0.12 0.17250000000000001 0.2558333328125 0.1983333328125 0.2558333328125 0.1983333328125 0.12
23 0.1783333328125 0.12166666718750001 0.155 0.12166666718750001 0.155 0.255 0.1783333328125 0.255 0.1783333328125 0.12166666718750001
23 0.1533333328125 0.12166666718750001 0.13 0.12166666718750001 0.13 0.255 0.1533333328125 0.255 0.1533333328125 0.12166666718750001
23 0.1366666671875 0.12833333281249998 0.11333333281249999 0.12833333281249998 0.11333333281249999 0.25666666718750003 0.1366666671875 0.25666666718750003 0.1366666671875 0.12833333281249998
23 0.12166666718750001 0.12833333281249998 0.0958333328125 0.12833333281249998 0.0958333328125 0.2541666671875 0.12166666718750001 0.2541666671875 0.12166666718750001 0.12833333281249998
23 0.10333333281249998 0.1316666671875 0.08 0.1316666671875 0.08 0.255 0.10333333281249998 0.255 0.10333333281249998 0.1316666671875
23 0.0816666671875 0.1316666671875 0.058333332812500006 0.1316666671875 0.058333332812500006 0.255 0.0816666671875 0.255 0.0816666671875 0.1316666671875
23 0.0666666671875 0.13333333281249998 0.0433333328125 0.13333333281249998 0.0433333328125 0.2541666671875 0.0666666671875 0.2541666671875 0.0666666671875 0.13333333281249998
23 0.9349999999999999 0.3083333328125 0.8808333328125 0.3083333328125 0.8808333328125 0.5008333328125001 0.9349999999999999 0.5008333328125001 0.9349999999999999 0.3083333328125
23 0.8800000000000001 0.3083333328125 0.8258333328124999 0.3083333328125 0.8258333328124999 0.5008333328125001 0.8800000000000001 0.5008333328125001 0.8800000000000001 0.3083333328125
23 0.8150000000000001 0.30333333281249997 0.7558333328125 0.30333333281249997 0.7558333328125 0.5133333328125 0.8150000000000001 0.5133333328125 0.8150000000000001 0.30333333281249997
23 0.7566666671875 0.2983333328125 0.7025 0.2983333328125 0.7025 0.5008333328125001 0.7566666671875 0.5008333328125001 0.7566666671875 0.2983333328125
23 0.7083333328125 0.2983333328125 0.6566666671875 0.2983333328125 0.6566666671875 0.5008333328125001 0.7083333328125 0.5008333328125001 0.7083333328125 0.2983333328125
23 0.6616666671875 0.3016666671875 0.6133333328125 0.3016666671875 0.6133333328125 0.4916666671875 0.6616666671875 0.4916666671875 0.6616666671875 0.3016666671875
23 0.6183333328125 0.3 0.575 0.3 0.575 0.485 0.6183333328125 0.485 0.6183333328125 0.3
23 0.5766666671875 0.3 0.5358333328125 0.3 0.5358333328125 0.48166666718749995 0.5766666671875 0.48166666718749995 0.5766666671875 0.3
23 0.54 0.2983333328125 0.5016666671875 0.2983333328125 0.5016666671875 0.475 0.54 0.475 0.54 0.2983333328125
23 0.5033333328125 0.3 0.46749999999999997 0.3 0.46749999999999997 0.4691666671875 0.5033333328125 0.4691666671875 0.5033333328125 0.3
23 0.465 0.2983333328125 0.4341666671875 0.2983333328125 0.4341666671875 0.46749999999999997 0.465 0.46749999999999997 0.465 0.2983333328125
23 0.43333333281249997 0.2966666671875 0.4025 0.2966666671875 0.4025 0.4483333328125 0.43333333281249997 0.4483333328125 0.43333333281249997 0.2966666671875
23 0.4016666671875 0.29500000000000004 0.3708333328125 0.29500000000000004 0.3708333328125 0.44666666718750003 0.4016666671875 0.44666666718750003 0.4016666671875 0.29500000000000004
23 0.3716666671875 0.29500000000000004 0.3433333328125 0.29500000000000004 0.3433333328125 0.4408333328125 0.3716666671875 0.4408333328125 0.3716666671875 0.29500000000000004
23 0.34500000000000003 0.29500000000000004 0.31416666718749997 0.29500000000000004 0.31416666718749997 0.44666666718750003 0.34500000000000003 0.44666666718750003 0.34500000000000003 0.29500000000000004
23 0.3133333328125 0.29500000000000004 0.29 0.29500000000000004 0.29 0.44333333281250004 0.3133333328125 0.44333333281250004 0.3133333328125 0.29500000000000004
23 0.2916666671875 0.2916666671875 0.2658333328125 0.2916666671875 0.2658333328125 0.44000000000000006 0.2916666671875 0.44000000000000006 0.2916666671875 0.2916666671875
23 0.27 0.2916666671875 0.24416666718750002 0.2916666671875 0.24416666718750002 0.43499999999999994 0.27 0.43499999999999994 0.27 0.2916666671875
23 0.2483333328125 0.29333333281249996 0.22000000000000003 0.29333333281249996 0.22000000000000003 0.43166666718749996 0.2483333328125 0.43166666718749996 0.2483333328125 0.29333333281249996
23 0.225 0.2916666671875 0.20166666718749998 0.2916666671875 0.20166666718749998 0.42750000000000005 0.225 0.42750000000000005 0.225 0.2916666671875
23 0.205 0.29 0.1766666671875 0.29 0.1766666671875 0.4233333328125 0.205 0.4233333328125 0.205 0.29
23 0.185 0.2883333328125 0.1616666671875 0.2883333328125 0.1616666671875 0.41916666718749995 0.185 0.41916666718749995 0.185 0.2883333328125
23 0.1633333328125 0.2866666671875 0.13999999999999999 0.2866666671875 0.13999999999999999 0.4175 0.1633333328125 0.4175 0.1633333328125 0.2866666671875
23 0.14666666718750002 0.2866666671875 0.1233333328125 0.2866666671875 0.1233333328125 0.41500000000000004 0.14666666718750002 0.41500000000000004 0.14666666718750002 0.2866666671875
23 0.125 0.2866666671875 0.10166666718749999 0.2866666671875 0.10166666718749999 0.4125 0.125 0.4125 0.125 0.2866666671875
23 0.3516666671875 0.48166666718749995 0.3258333328125 0.48166666718749995 0.3258333328125 0.6275000000000001 0.3516666671875 0.6275000000000001 0.3516666671875 0.48166666718749995
23 0.38166666718750003 0.4933333328125 0.3508333328125 0.4933333328125 0.3508333328125 0.6366666671875 0.38166666718750003 0.6366666671875 0.38166666718750003 0.4933333328125
23 0.41166666718749995 0.4933333328125 0.3808333328125 0.4933333328125 0.3808333328125 0.645 0.41166666718749995 0.645 0.41166666718749995 0.4933333328125
23 0.44166666718750003 0.4916666671875 0.4108333328125 0.4916666671875 0.4108333328125 0.6533333328125 0.44166666718750003 0.6533333328125 0.44166666718750003 0.4916666671875
23 0.475 0.49833333281250003 0.43916666718749997 0.49833333281250003 0.43916666718749997 0.6625 0.475 0.6625 0.475 0.49833333281250003
23 0.5083333328124999 0.5033333328125 0.4725 0.5033333328125 0.4725 0.6725 0.5083333328124999 0.6725 0.5083333328124999 0.5033333328125
23 0.5416666671875 0.5066666671875 0.5058333328125 0.5066666671875 0.5058333328125 0.6808333328125 0.5416666671875 0.6808333328125 0.5416666671875 0.5066666671875