23 0.4515625 0.6890625 0.4515625 0.521484375 0.413671875 0.521484375 0.413671875 0.6890625 0.4515625 0.6890625
23 0.308984375 0.596875 0.308984375 0.634375 0.478125 0.634375 0.478125 0.596875 0.308984375 0.596875
23 0.269921875 0.6015625 0.269921875 0.6390625 0.4421875 0.6390625 0.4421875 0.6015625 0.269921875 0.6015625
23 0.859375 0.309375 0.859375 0.425 0.88125 0.425 0.88125 0.309375 0.859375 0.309375
23 0.3375 0.71875 0.3375 0.544140625 0.295703125 0.544140625 0.295703125 0.71875 0.3375 0.71875
23 0.2953125 0.551953125 0.246875 0.551953125 0.246875 0.740625 0.2953125 0.740625 0.2953125 0.551953125
23 0.2 0.753125 0.25 0.753125 0.25 0.559375 0.2 0.559375 0.2 0.753125
23 0.275 0.633203125 0.07578125 0.633203125 0.07578125 0.690625 0.275 0.690625 0.275 0.633203125
23 0.8765625 0.3078125 0.8765625 0.4234375 0.8984375 0.4234375 0.8984375 0.3078125 0.8765625 0.3078125
23 0.9390625 0.7640625 0.9390625 0.743359375 0.83515625 0.743359375 0.83515625 0.7640625 0.9390625 0.7640625
23 0.9265625 0.751953125 0.821484375 0.751953125 0.821484375 0.771484375 0.9265625 0.771484375 0.9265625 0.751953125
23 0.909375 0.7609375 0.798828125 0.7609375 0.798828125 0.784375 0.909375 0.784375 0.909375 0.7609375
23 0.84375 0.730078125 0.821875 0.730078125 0.821875 0.834375 0.84375 0.834375 0.84375 0.730078125
23 0.8703125 0.8 0.8703125 0.77890625 0.76015625 0.77890625 0.76015625 0.8 0.8703125 0.8
23 0.7421875 0.790625 0.7421875 0.8078125 0.853125 0.8078125 0.853125 0.790625 0.7421875 0.790625
23 0.765625 0.753125 0.765625 0.86875 0.7875 0.86875 0.7875 0.753125 0.765625 0.753125
23 0.7359375 0.539453125 0.59921875 0.539453125 0.59921875 0.565625 0.7359375 0.565625 0.7359375 0.539453125
23 0.6734375 0.4796875 0.6734375 0.6140625 0.7 0.6140625 0.7 0.4796875 0.6734375 0.4796875
23 0.7234375 0.6078125 0.7234375 0.476171875 0.694921875 0.476171875 0.694921875 0.6078125 0.7234375 0.6078125
23 0.7953125 0.523828125 0.66875 0.523828125 0.66875 0.55 0.7953125 0.55 0.7953125 0.523828125
23 0.8171875 0.54375 0.8171875 0.5203125 0.690234375 0.5203125 0.690234375 0.54375 0.8171875 0.54375
23 0.8296875 0.5375 0.8296875 0.514453125 0.708984375 0.514453125 0.708984375 0.5375 0.8296875 0.5375
23 0.8015625 0.5828125 0.8015625 0.461328125 0.778515625 0.461328125 0.778515625 0.5828125 0.8015625 0.5828125
23 0.8671875 0.528125 0.8671875 0.50703125 0.74765625 0.50703125 0.74765625 0.528125 0.8671875 0.528125
23 0.8828125 0.525 0.8828125 0.501953125 0.766015625 0.501953125 0.766015625 0.525 0.8828125 0.525
23 0.8984375 0.5203125 0.8984375 0.498828125 0.7859375 0.498828125 0.7859375 0.5203125 0.8984375 0.5203125
23 0.915625 0.515625 0.915625 0.494140625 0.803125 0.494140625 0.803125 0.515625 0.915625 0.515625
23 0.934375 0.490625 0.823828125 0.490625 0.823828125 0.5140625 0.934375 0.5140625 0.934375 0.490625
23 0.95 0.5078125 0.95 0.48671875 0.83984375 0.48671875 0.83984375 0.5078125 0.95 0.5078125
23 0.2609375 0.83046875 0.136328125 0.83046875 0.136328125 0.88125 0.2609375 0.88125 0.2609375 0.83046875
23 0.175 0.8265625 0.175 0.871875 0.3140625 0.871875 0.3140625 0.8265625 0.175 0.8265625
23 0.309375 0.766015625 0.26875 0.766015625 0.26875 0.9140625 0.309375 0.9140625 0.309375 0.766015625
23 0.409375 0.81640625 0.249609375 0.81640625 0.249609375 0.8546875 0.409375 0.8546875 0.409375 0.81640625
23 0.3859375 0.90625 0.3859375 0.74375 0.344140625 0.74375 0.344140625 0.90625 0.3859375 0.90625
23 0.389453125 0.73125 0.389453125 0.8921875 0.4265625 0.8921875 0.4265625 0.73125 0.389453125 0.73125
23 0.422265625 0.7171875 0.422265625 0.878125 0.459375 0.878125 0.459375 0.7171875 0.422265625 0.7171875
23 0.45625 0.703125 0.45625 0.8640625 0.4921875 0.8640625 0.4921875 0.703125 0.45625 0.703125
23 0.584375 0.754296875 0.43046875 0.754296875 0.43046875 0.7890625 0.584375 0.7890625 0.584375 0.754296875
23 0.466796875 0.74375 0.466796875 0.77265625 0.6078125 0.77265625 0.6078125 0.74375 0.466796875 0.74375
23 0.5765625 0.815625 0.5765625 0.680078125 0.552734375 0.680078125 0.552734375 0.815625 0.5765625 0.815625
23 0.6625 0.7203125 0.523828125 0.7203125 0.523828125 0.753125 0.6625 0.753125 0.6625 0.7203125
23 0.6921875 0.740625 0.6921875 0.714453125 0.55625 0.714453125 0.55625 0.740625 0.6921875 0.740625
23 0.715625 0.73125 0.715625 0.705859375 0.58515625 0.705859375 0.58515625 0.73125 0.715625 0.73125
23 0.7421875 0.694921875 0.61015625 0.694921875 0.61015625 0.7203125 0.7421875 0.7203125 0.7421875 0.694921875
23 0.765625 0.6890625 0.636328125 0.6890625 0.636328125 0.7125 0.765625 0.7125 0.765625 0.6890625
23 0.660546875 0.6796875 0.660546875 0.703125 0.784375 0.703125 0.784375 0.6796875 0.660546875 0.6796875
23 0.728125 0.621875 0.728125 0.74375 0.7546875 0.74375 0.7546875 0.621875 0.728125 0.621875
23 0.7515625 0.6140625 0.7515625 0.734375 0.7734375 0.734375 0.7734375 0.6140625 0.7515625 0.6140625
23 0.769140625 0.6078125 0.769140625 0.728125 0.7921875 0.728125 0.7921875 0.6078125 0.769140625 0.6078125
23 0.80625 0.715625 0.80625 0.603515625 0.787890625 0.603515625 0.787890625 0.715625 0.80625 0.715625
23 0.8703125 0.6625 0.8703125 0.644140625 0.758203125 0.644140625 0.758203125 0.6625 0.8703125 0.6625
23 0.825 0.5921875 0.825 0.703125 0.8421875 0.703125 0.8421875 0.5921875 0.825 0.5921875
23 0.8421875 0.5859375 0.8421875 0.696875 0.8640625 0.696875 0.8640625 0.5859375 0.8421875 0.5859375
23 0.9234375 0.6453125 0.9234375 0.62421875 0.81640625 0.62421875 0.81640625 0.6453125 0.9234375 0.6453125
23 0.878125 0.575 0.878125 0.6859375 0.9 0.6859375 0.9 0.575 0.878125 0.575
23 0.6546875 0.858203125 0.569140625 0.858203125 0.569140625 0.887109375 0.6546875 0.887109375 0.6546875 0.858203125
23 0.690625 0.878125 0.690625 0.852734375 0.59140625 0.852734375 0.59140625 0.878125 0.690625 0.878125
23 0.71875 0.84921875 0.611328125 0.84921875 0.611328125 0.8734375 0.71875 0.8734375 0.71875 0.84921875
23 0.7484375 0.865625 0.7484375 0.84453125 0.62890625 0.84453125 0.62890625 0.865625 0.7484375 0.865625
23 0.7015625 0.784375 0.7015625 0.90625 0.7234375 0.90625 0.7234375 0.784375 0.7015625 0.784375
23 0.721875 0.775 0.721875 0.8953125 0.74375 0.8953125 0.74375 0.775 0.721875 0.775
23 0.74375 0.7625 0.74375 0.878125 0.765625 0.878125 0.765625 0.7625 0.74375 0.7625
23 0 0.2171875 0.1828125 0.2171875 0.1828125 0.16953125 0 0.16953125 0 0.2171875
23 0.1078125 0.1078125 0.1078125 0.278125 0.15625 0.278125 0.15625 0.1078125 0.1078125 0.1078125
23 0.325 0.2015625 0.325 0.144140625 0.1140625 0.144140625 0.1140625 0.2015625 0.325 0.2015625
23 0.24375 0.078125 0.24375 0.275 0.2921875 0.275 0.2921875 0.078125 0.24375 0.078125
23 0.4109375 0.2046875 0.4109375 0.157421875 0.2171875 0.157421875 0.2171875 0.2046875 0.4109375 0.2046875
23 0.44765625 0.20625 0.44765625 0.162109375 0.2625 0.162109375 0.2625 0.20625 0.44765625 0.20625
23 0.375 0.096875 0.375 0.2796875 0.4203125 0.2796875 0.4203125 0.096875 0.375 0.096875
23 0.525 0.2109375 0.525 0.173046875 0.346484375 0.173046875 0.346484375 0.2109375 0.525 0.2109375
23 0.5625 0.2125 0.5625 0.1703125 0.383203125 0.1703125 0.383203125 0.2125 0.5625 0.2125
23 0.4875 0.1125 0.4875 0.2828125 0.528125 0.2828125 0.528125 0.1125 0.4875 0.1125
23 0.5515625 0.116796875 0.5203125 0.116796875 0.5203125 0.2796875 0.5515625 0.2796875 0.5515625 0.116796875
23 0.55 0.1234375 0.55 0.2796875 0.58125 0.2796875 0.58125 0.1234375 0.55 0.1234375
23 0.6140625 0.28125 0.6140625 0.1234375 0.581640625 0.1234375 0.581640625 0.28125 0.6140625 0.28125
23 0.640625 0.284375 0.640625 0.126953125 0.612890625 0.126953125 0.612890625 0.284375 0.640625 0.284375
23 0.6703125 0.131640625 0.6390625 0.131640625 0.6390625 0.2796875 0.6703125 0.2796875 0.6703125 0.131640625
23 0.75078125 0.2203125 0.75078125 0.194921875 0.60625 0.194921875 0.60625 0.2203125 0.75078125 0.2203125
23 0.6875 0.1359375 0.6875 0.278125 0.7140625 0.278125 0.7140625 0.1359375 0.6875 0.1359375
23 0.7890625 0.2234375 0.7890625 0.19609375 0.651171875 0.19609375 0.651171875 0.2234375 0.7890625 0.2234375
23 0.731640625 0.1453125 0.731640625 0.2796875 0.759375 0.2796875 0.759375 0.1453125 0.731640625 0.1453125
23 0.8296875 0.2265625 0.8296875 0.203125 0.700390625 0.203125 0.700390625 0.2265625 0.8296875 0.2265625
23 0.8484375 0.228125 0.8484375 0.205078125 0.722265625 0.205078125 0.722265625 0.228125 0.8484375 0.228125
23 0.7921875 0.1546875 0.7921875 0.2796875 0.8140625 0.2796875 0.8140625 0.1546875 0.7921875 0.1546875
23 0.815625 0.1546875 0.815625 0.2796875 0.8375 0.2796875 0.8375 0.1546875 0.815625 0.1546875
23 0.83125 0.1609375 0.83125 0.28125 0.853125 0.28125 0.853125 0.1609375 0.83125 0.1609375
23 0.8453125 0.278125 0.86875 0.278125 0.86875 0.1609375 0.8453125 0.1609375 0.8453125 0.278125
23 0.8625 0.1640625 0.8625 0.2796875 0.884375 0.2796875 0.884375 0.1640625 0.8625 0.1640625
23 0.8359375 0.2109375 0.8359375 0.2328125 0.9515625 0.2328125 0.9515625 0.2109375 0.8359375 0.2109375
23 0.91875 0.166015625 0.896875 0.166015625 0.896875 0.278125 0.91875 0.278125 0.91875 0.166015625
23 0.1328125 0.509375 0.1328125 0.330078125 0.082421875 0.330078125 0.082421875 0.509375 0.1328125 0.509375
23 0.2484375 0.44375 0.2484375 0.394921875 0.069140625 0.394921875 0.069140625 0.44375 0.2484375 0.44375
23 0.1953125 0.325 0.1953125 0.521875 0.25 0.521875 0.25 0.325 0.1953125 0.325
23 0.25 0.509375 0.3 0.509375 0.3 0.3203125 0.25 0.3203125 0.25 0.509375
23 0.34375 0.320703125 0.2953125 0.320703125 0.2953125 0.509375 0.34375 0.509375 0.34375 0.320703125
23 0.3390625 0.3234375 0.3390625 0.5015625 0.384375 0.5015625 0.384375 0.3234375 0.3390625 0.3234375
23 0.3796875 0.321875 0.3796875 0.4953125 0.4203125 0.4953125 0.4203125 0.321875 0.3796875 0.321875
23 0.41875 0.321875 0.41875 0.4921875 0.45625 0.4921875 0.45625 0.321875 0.41875 0.321875
23 0.553125 0.4203125 0.553125 0.38515625 0.38828125 0.38515625 0.38828125 0.4203125 0.553125 0.4203125
23 0.5828125 0.4171875 0.5828125 0.383984375 0.425390625 0.383984375 0.425390625 0.4171875 0.5828125 0.4171875
23 0.615625 0.4140625 0.615625 0.385546875 0.458984375 0.385546875 0.458984375 0.4140625 0.615625 0.4140625
23 0.6375 0.403125 0.6375 0.37578125 0.496484375 0.37578125 0.496484375 0.403125 0.6375 0.403125
23 0.6671875 0.37421875 0.526171875 0.37421875 0.526171875 0.403125 0.6671875 0.403125 0.6671875 0.37421875
23 0.6375 0.317578125 0.6109375 0.317578125 0.6109375 0.453125 0.6375 0.453125 0.6375 0.317578125
23 0.636328125 0.3171875 0.636328125 0.459375 0.6640625 0.459375 0.6640625 0.3171875 0.636328125 0.3171875
23 0.665625 0.3171875 0.665625 0.45625 0.6875 0.45625 0.6875 0.3171875 0.665625 0.3171875
23 0.686328125 0.3140625 0.686328125 0.453125 0.709375 0.453125 0.709375 0.3140625 0.686328125 0.3140625
23 0.706640625 0.3140625 0.706640625 0.4484375 0.7296875 0.4484375 0.7296875 0.3140625 0.706640625 0.3140625
23 0.675 0.3671875 0.675 0.39375 0.8046875 0.39375 0.8046875 0.3671875 0.675 0.3671875
23 0.821875 0.3875 0.821875 0.366796875 0.6953125 0.366796875 0.6953125 0.3875 0.821875 0.3875
23 0.7671875 0.3125 0.7671875 0.4375 0.79375 0.4375 0.79375 0.3125 0.7671875 0.3125
23 0.8578125 0.361328125 0.73515625 0.361328125 0.73515625 0.3828125 0.8578125 0.3828125 0.8578125 0.361328125
23 0.80625 0.309375 0.80625 0.43125 0.828125 0.43125 0.828125 0.309375 0.80625 0.309375
23 0.821875 0.309375 0.821875 0.4296875 0.84375 0.4296875 0.84375 0.309375 0.821875 0.309375
23 0.8640625 0.309765625 0.8421875 0.309765625 0.8421875 0.4265625 0.8640625 0.4265625 0.8640625 0.309765625
23 0.709375 0.571875 0.709375 0.5484375 0.573828125 0.5484375 0.573828125 0.571875 0.709375 0.571875
23 0.6828125 0.55546875 0.548828125 0.55546875 0.548828125 0.584375 0.6828125 0.584375 0.6828125 0.55546875
23 0.516796875 0.559375 0.516796875 0.58828125 0.6578125 0.58828125 0.6578125 0.559375 0.516796875 0.559375
23 0.544921875 0.5015625 0.544921875 0.653125 0.5734375 0.653125 0.5734375 0.5015625 0.544921875 0.5015625
23 0.5140625 0.6609375 0.546875 0.6609375 0.546875 0.508203125 0.5140625 0.508203125 0.5140625 0.6609375
23 0.578125 0.6078125 0.578125 0.575 0.419921875 0.575 0.419921875 0.6078125 0.578125 0.6078125
23 0.4515625 0.678125 0.484375 0.678125 0.484375 0.515625 0.4515625 0.515625 0.4515625 0.678125