24 0.3328125 0 0.3328125 0.0890625 0.61875 0.0890625 0.61875 0 0.3328125 0
24 0.6078125 0.034375 0.6078125 0.134375 0.8875 0.134375 0.8875 0.034375 0.6078125 0.034375
24 0.6828125 0.0875 0.6828125 0.196875 0.99375 0.196875 0.99375 0.0875 0.6828125 0.0875
24 0.1859375 0 0.1859375 0.1796875 0.265625 0.1796875 0.265625 0 0.1859375 0
24 0.221875 0 0.221875 0.134375 0.28125 0.134375 0.28125 0 0.221875 0
24 0.250390625 0 0.250390625 0.134375 0.2765625 0.134375 0.2765625 0 0.250390625 0
24 0.9546875 0.7890625 0.9546875 0.672265625 0.808203125 0.672265625 0.808203125 0.7890625 0.9546875 0.7890625
24 0.8078125 0.6109375 0.8078125 0.7109375 0.9234375 0.7109375 0.9234375 0.6109375 0.8078125 0.6109375
24 0.929296875 0.46875 0.929296875 0.5828125 0.9984375 0.5828125 0.9984375 0.46875 0.929296875 0.46875
24 0.9453125 0.25078125 0.851953125 0.25078125 0.851953125 0.4515625 0.9453125 0.4515625 0.9453125 0.25078125
24 0.7296875 0.623828125 0.627734375 0.623828125 0.627734375 0.746484375 0.7296875 0.746484375 0.7296875 0.623828125
24 0.80625 0.7578125 0.80625 0.640625 0.701171875 0.640625 0.701171875 0.7578125 0.80625 0.7578125
24 0.651171875 0.753125 0.651171875 0.657421875 0.550390625 0.657421875 0.550390625 0.753125 0.651171875 0.753125
24 0.6859375 0.1796875 0.6859375 0.06640625 0.63046875 0.06640625 0.63046875 0.1796875 0.6859375 0.1796875
24 0.7734375 0.815625 0.7734375 0.717578125 0.71875 0.717578125 0.71875 0.815625 0.7734375 0.815625
24 0.70625 0.726953125 0.628125 0.726953125 0.628125 0.76875 0.70625 0.76875 0.70625 0.726953125