24 0.583203125 0.9109375 0.583203125 0.9953125 0.88125 0.9953125 0.88125 0.9109375 0.583203125 0.9109375
24 0.4671875 1 0.4671875 0.816015625 0.396875 0.816015625 0.396875 1 0.4671875 1
24 0.1515625 0.8890625 0.1515625 0.978125 0.478125 0.978125 0.478125 0.8890625 0.1515625 0.8890625
24 1 0.8421875 0.853125 0.8421875 0.853125 0.903125 1 0.903125 1 0.8421875
24 0.8984375 0.84375 0.8984375 0.990625 0.9546875 0.990625 0.9546875 0.84375 0.8984375 0.84375
24 1 0.928125 0.8421875 0.928125 0.8421875 0.9796875 1 0.9796875 1 0.928125
24 0.000390625 0.284375 0.000390625 0.4 0.0953125 0.4 0.0953125 0.284375 0.000390625 0.284375
24 0.021875 0.3546875 0.021875 0.465625 0.1203125 0.465625 0.1203125 0.3546875 0.021875 0.3546875
24 0 0.6 0.0859375 0.6 0.0859375 0.546875 0 0.546875 0 0.6
24 0.03125 0.6984375 0.03125 0.778125 0.2703125 0.778125 0.2703125 0.6984375 0.03125 0.6984375
24 0.1328125 1 0.1328125 0.906640625 0.067578125 0.906640625 0.067578125 1 0.1328125 1
24 0.302734375 0.3984375 0.302734375 0.280859375 0.201953125 0.280859375 0.201953125 0.3984375 0.302734375 0.3984375
24 0.2203125 0.3984375 0.2203125 0.287109375 0.116015625 0.287109375 0.116015625 0.3984375 0.2203125 0.3984375
24 0.375 0.346875 0.375 0.25859375 0.27265625 0.25859375 0.27265625 0.346875 0.375 0.346875
24 0.482421875 0.853125 0.482421875 0.96875 0.5328125 0.96875 0.5328125 0.853125 0.482421875 0.853125
24 0.175 0.321875 0.175 0.22265625 0.12421875 0.22265625 0.12421875 0.321875 0.175 0.321875
24 0.25625 0.3140625 0.25625 0.234765625 0.2171875 0.234765625 0.2171875 0.3140625 0.25625 0.3140625