24 0.3328125 0 0.3328125 0.0890625 0.61875 0.0890625 0.61875 0 0.3328125 0
24 0.69765625 0 0.69765625 0.2234375 0.796875 0.2234375 0.796875 0 0.69765625 0
24 0.78359375 0 0.78359375 0.296875 0.8921875 0.296875 0.8921875 0 0.78359375 0
24 0.1859375 0 0.1859375 0.1796875 0.265625 0.1796875 0.265625 0 0.1859375 0
24 0.221875 0 0.221875 0.134375 0.28125 0.134375 0.28125 0 0.221875 0
24 0.250390625 0 0.250390625 0.134375 0.2765625 0.134375 0.2765625 0 0.250390625 0
24 0.940234375 0.8046875 0.940234375 0.657421875 0.822265625 0.657421875 0.822265625 0.8046875 0.940234375 0.8046875
24 0.8078125 0.6109375 0.8078125 0.7109375 0.9234375 0.7109375 0.9234375 0.6109375 0.8078125 0.6109375
24 1 0.49140625 0.907421875 0.49140625 0.907421875 0.5609375 1 0.5609375 1 0.49140625
24 0.798828125 0.3046875 0.798828125 0.3984375 0.9984375 0.3984375 0.9984375 0.3046875 0.798828125 0.3046875
24 0.729296875 0.746875 0.729296875 0.624609375 0.626953125 0.624609375 0.626953125 0.746875 0.729296875 0.746875
24 0.80625 0.7578125 0.80625 0.641015625 0.701953125 0.641015625 0.701953125 0.7578125 0.80625 0.7578125
24 0.6484375 0.7546875 0.6484375 0.654296875 0.552734375 0.654296875 0.552734375 0.7546875 0.6484375 0.7546875
24 0.6859375 0.1796875 0.6859375 0.06640625 0.63046875 0.06640625 0.63046875 0.1796875 0.6859375 0.1796875
24 0.7734375 0.815625 0.7734375 0.717578125 0.71875 0.717578125 0.71875 0.815625 0.7734375 0.815625
24 0.6875 0.7859375 0.6875 0.708984375 0.6453125 0.708984375 0.6453125 0.7859375 0.6875 0.7859375