24 0.5828125 0.9109375 0.5828125 0.9953125 0.88125 0.9953125 0.88125 0.9109375 0.5828125 0.9109375
24 0.4671875 1 0.4671875 0.816015625 0.39609375 0.816015625 0.39609375 1 0.4671875 1
24 0.359375 1 0.359375 0.7703125 0.2703125 0.7703125 0.2703125 1 0.359375 1
24 1 0.8421875 0.853125 0.8421875 0.853125 0.903125 1 0.903125 1 0.8421875
24 1 0.8890625 0.853125 0.8890625 0.853125 0.9453125 1 0.9453125 1 0.8890625
24 1 0.928125 0.8421875 0.928125 0.8421875 0.9796875 1 0.9796875 1 0.928125
24 0 0.38984375 0.1046875 0.38984375 0.1046875 0.29375 0 0.29375 0 0.38984375
24 0.015625 0.3609375 0.015625 0.459375 0.1265625 0.459375 0.1265625 0.3609375 0.015625 0.3609375
24 0 0.6 0.0859375 0.6 0.0859375 0.546875 0 0.546875 0 0.6
24 0.03125 0.6984375 0.03125 0.778125 0.2703125 0.778125 0.2703125 0.6984375 0.03125 0.6984375
24 0.1328125 1 0.1328125 0.90625 0.066796875 0.90625 0.066796875 1 0.1328125 1
24 0.3109375 0.3890625 0.3109375 0.289453125 0.194140625 0.289453125 0.194140625 0.3890625 0.3109375 0.3890625
24 0.2234375 0.3953125 0.2234375 0.290234375 0.112109375 0.290234375 0.112109375 0.3953125 0.2234375 0.3953125
24 0.2796875 0.2515625 0.2796875 0.3546875 0.36875 0.3546875 0.36875 0.2515625 0.2796875 0.2515625
24 0.450390625 0.8859375 0.450390625 0.9375 0.565625 0.9375 0.565625 0.8859375 0.450390625 0.8859375
24 0.175 0.321875 0.175 0.22265625 0.12421875 0.22265625 0.12421875 0.321875 0.175 0.321875
24 0.25625 0.234765625 0.2171875 0.234765625 0.2171875 0.3140625 0.25625 0.3140625 0.25625 0.234765625