24 0.88203125 0.9109375 0.5828125 0.9109375 0.5828125 0.9953125 0.88203125 0.9953125 0.88203125 0.9109375
24 0.5796875 0.928125 0.284375 0.928125 0.284375 0.99921875 0.5796875 0.99921875 0.5796875 0.928125
24 0.478125 0.8890625 0.1515625 0.8890625 0.1515625 0.978125 0.478125 0.978125 0.478125 0.8890625
24 1 0.8421875 0.853125 0.8421875 0.853125 0.903125 1 0.903125 1 0.8421875
24 1 0.8890625 0.853125 0.8890625 0.853125 0.9453125 1 0.9453125 1 0.8890625
24 1 0.928125 0.8421875 0.928125 0.8421875 0.9796875 1 0.9796875 1 0.928125
24 0 0.4 0.09609375 0.4 0.09609375 0.284375 0 0.284375 0 0.4
24 0.1265625 0.3609375 0.015625 0.3609375 0.015625 0.459375 0.1265625 0.459375 0.1265625 0.3609375
24 0.0546875 0.515625 0.0015625 0.515625 0.0015625 0.63125 0.0546875 0.63125 0.0546875 0.515625
24 0.2703125 0.6984375 0.03125 0.6984375 0.03125 0.778125 0.2703125 0.778125 0.2703125 0.6984375
24 0.15078125 0.9234375 0.05 0.9234375 0.05 0.98984375 0.15078125 0.98984375 0.15078125 0.9234375
24 0.31171875 0.2890625 0.19375 0.2890625 0.19375 0.38984375 0.31171875 0.38984375 0.31171875 0.2890625
24 0.22421875 0.290625 0.1125 0.290625 0.1125 0.39609375 0.22421875 0.39609375 0.22421875 0.290625
24 0.36875 0.2515625 0.2796875 0.2515625 0.2796875 0.3546875 0.36875 0.3546875 0.36875 0.2515625
24 0.56640625 0.8859375 0.45 0.8859375 0.45 0.9375 0.56640625 0.9375 0.56640625 0.8859375
24 0.2 0.246875 0.1 0.246875 0.1 0.2984375 0.2 0.2984375 0.2 0.246875
24 0.2765625 0.2546875 0.196875 0.2546875 0.196875 0.29453125 0.2765625 0.29453125 0.2765625 0.2546875