24 0.3328125 0 0.3328125 0.0890625 0.61875 0.0890625 0.61875 0 0.3328125 0
24 0.8875 0.034375 0.6078125 0.034375 0.6078125 0.13515625 0.8875 0.13515625 0.8875 0.034375
24 0.99375 0.0875 0.6828125 0.0875 0.6828125 0.196875 0.99375 0.196875 0.99375 0.0875
24 0.340625 0.025 0.1109375 0.025 0.1109375 0.1046875 0.340625 0.1046875 0.340625 0.025
24 0.146875 0 0.146875 0.059375 0.35625 0.059375 0.35625 0 0.146875 0
24 0.1421875 0 0.1421875 0.0265625 0.38515625 0.0265625 0.38515625 0 0.1421875 0
24 0.95546875 0.671875 0.8078125 0.671875 0.8078125 0.78984375 0.95546875 0.78984375 0.95546875 0.671875
24 0.9234375 0.6109375 0.8078125 0.6109375 0.8078125 0.7109375 0.9234375 0.7109375 0.9234375 0.6109375
24 0.99921875 0.46875 0.9296875 0.46875 0.9296875 0.5828125 0.99921875 0.5828125 0.99921875 0.46875
24 0.99921875 0.3046875 0.7984375 0.3046875 0.7984375 0.3984375 0.99921875 0.3984375 0.99921875 0.3046875
24 0.73984375 0.634375 0.6171875 0.634375 0.6171875 0.73671875 0.73984375 0.73671875 0.73984375 0.634375
24 0.81328125 0.646875 0.6953125 0.646875 0.6953125 0.75234375 0.81328125 0.75234375 0.81328125 0.646875
24 0.64921875 0.6546875 0.553125 0.6546875 0.553125 0.75546875 0.64921875 0.75546875 0.64921875 0.6546875
24 0.715625 0.0953125 0.6015625 0.0953125 0.6015625 0.1515625 0.715625 0.1515625 0.715625 0.0953125
24 0.7953125 0.7390625 0.696875 0.7390625 0.696875 0.79453125 0.7953125 0.79453125 0.7953125 0.7390625
24 0.70625 0.7265625 0.628125 0.7265625 0.628125 0.76953125 0.70625 0.76953125 0.70625 0.7265625