24 0.2890625 0.1109375 0.021875 0.1109375 0.021875 0.3296875 0.2890625 0.3296875 0.2890625 0.1109375
24 0.0328125 0 0.0328125 0.21875 0.30703125 0.21875 0.30703125 0 0.0328125 0
24 0.071875 0 0.071875 0.071875 0.31484375 0.071875 0.31484375 0 0.071875 0
24 0.8484375 0.434375 0.6390625 0.434375 0.6390625 0.615625 0.8484375 0.615625 0.8484375 0.434375
24 0 0.59921875 0.321875 0.59921875 0.321875 0.2796875 0 0.2796875 0 0.59921875
24 0.5546875 0.328125 0.2984375 0.328125 0.2984375 0.584375 0.5546875 0.584375 0.5546875 0.328125
24 0.63515625 0.7765625 0.428125 0.7765625 0.428125 0.99921875 0.63515625 0.99921875 0.63515625 0.7765625
24 0.80546875 0.7015625 0.615625 0.7015625 0.615625 0.86875 0.80546875 0.86875 0.80546875 0.7015625
24 0.79765625 0.78125 0.6078125 0.78125 0.6078125 0.9484375 0.79765625 0.9484375 0.79765625 0.78125
24 0.61171875 0.6796875 0.421875 0.6796875 0.421875 0.846875 0.61171875 0.846875 0.61171875 0.6796875
24 0.42265625 0.73125 0.20625 0.73125 0.20625 0.975 0.42265625 0.975 0.42265625 0.73125
24 0.428125 0.65625 0.3484375 0.65625 0.3484375 0.7453125 0.428125 0.7453125 0.428125 0.65625
24 0.4203125 0.721875 0.340625 0.721875 0.340625 0.8109375 0.4203125 0.8109375 0.4203125 0.721875