24 0.2640625 0.353125 0.2640625 0.08671875 0.04609375 0.08671875 0.04609375 0.353125 0.2640625 0.353125
24 0.060546875 0 0.060546875 0.2453125 0.278125 0.2453125 0.278125 0 0.060546875 0
24 0.072265625 0 0.072265625 0.071875 0.3140625 0.071875 0.3140625 0 0.072265625 0
24 0.653125 0.4203125 0.653125 0.6296875 0.834375 0.6296875 0.834375 0.4203125 0.653125 0.4203125
24 0 0.5984375 0.321875 0.5984375 0.321875 0.280078125 0 0.280078125 0 0.5984375
24 0.2984375 0.328125 0.2984375 0.584375 0.5546875 0.584375 0.5546875 0.328125 0.2984375 0.328125
24 0.6421875 0.990625 0.6421875 0.784765625 0.420703125 0.784765625 0.420703125 0.990625 0.6421875 0.990625
24 0.615234375 0.7015625 0.615234375 0.86875 0.8046875 0.86875 0.8046875 0.7015625 0.615234375 0.7015625
24 0.6078125 0.78125 0.6078125 0.9484375 0.796875 0.9484375 0.796875 0.78125 0.6078125 0.78125
24 0.421484375 0.6796875 0.421484375 0.846875 0.6109375 0.846875 0.6109375 0.6796875 0.421484375 0.6796875
24 0.192578125 0.7453125 0.192578125 0.9609375 0.4359375 0.9609375 0.4359375 0.7453125 0.192578125 0.7453125
24 0.34375 0.6609375 0.34375 0.740625 0.4328125 0.740625 0.4328125 0.6609375 0.34375 0.6609375
24 0.340625 0.721875 0.340625 0.8109375 0.4203125 0.8109375 0.4203125 0.721875 0.340625 0.721875