24 0.2640625 0.353125 0.2640625 0.08671875 0.04609375 0.08671875 0.04609375 0.353125 0.2640625 0.353125
24 0.060546875 0 0.060546875 0.2453125 0.278125 0.2453125 0.278125 0 0.060546875 0
24 0.072265625 0 0.072265625 0.071875 0.3140625 0.071875 0.3140625 0 0.072265625 0
24 0.653125 0.4203125 0.653125 0.6296875 0.834375 0.6296875 0.834375 0.4203125 0.653125 0.4203125
24 0 0.5984375 0.321875 0.5984375 0.321875 0.280078125 0 0.280078125 0 0.5984375
24 0.2984375 0.328125 0.2984375 0.584375 0.5546875 0.584375 0.5546875 0.328125 0.2984375 0.328125
24 0.634375 0.9984375 0.634375 0.776171875 0.428515625 0.776171875 0.428515625 0.9984375 0.634375 0.9984375
24 0.79375 0.68984375 0.626953125 0.68984375 0.626953125 0.8796875 0.79375 0.8796875 0.79375 0.68984375
24 0.619140625 0.7703125 0.619140625 0.959375 0.7859375 0.959375 0.7859375 0.7703125 0.619140625 0.7703125
24 0.6 0.66796875 0.433203125 0.66796875 0.433203125 0.8578125 0.6 0.8578125 0.6 0.66796875
24 0.192578125 0.7453125 0.192578125 0.9609375 0.4359375 0.9609375 0.4359375 0.7453125 0.192578125 0.7453125
24 0.3484375 0.65625 0.3484375 0.7453125 0.428125 0.7453125 0.428125 0.65625 0.3484375 0.65625
24 0.340625 0.721875 0.340625 0.8109375 0.4203125 0.8109375 0.4203125 0.721875 0.340625 0.721875