23 0.728125 0.1609375 0.728125 0.1113204671875 0.49537888125 0.1113204671875 0.49537888125 0.1609375 0.728125 0.1609375
23 0.271875 0.1640625 0.271875 0.1109783515625 0.0361468546875 0.1109783515625 0.0361468546875 0.1640625 0.271875 0.1640625
23 0 0.1625 0.2203125 0.1625 0.2203125 0.11011029375 0 0.11011029531250001 0 0.1625
23 0.2859375 0.253125 0.3328125 0.253125 0.3328125 0.023457924999999998 0.2859375 0.023457924999999998 0.2859375 0.253125
23 0.375 0.1609375 0.375 0.11510416718750001 0.14443423125 0.11510416718750001 0.14443423125 0.1609375 0.375 0.1609375
23 0.8328125 0.1609375 0.8328125 0.103125 0.594858046875 0.103125 0.594858046875 0.1609375 0.8328125 0.1609375
23 0.54291258125 0.109375 0.54291258125 0.159375 0.7790236921875 0.159375 0.7790236921875 0.109375 0.54291258125 0.109375
23 0.234375 0.2546875 0.234375 0.023013684375 0.18282271249999998 0.023013684375 0.18282271249999998 0.2546875 0.234375 0.2546875
23 0.5890625 0.0163602921875 0.533905228125 0.0163602921875 0.533905228125 0.252471403125 0.5890625 0.252471403125 0.5890625 0.0163602921875
23 0.625 0.1640625 0.625 0.11106005000000001 0.3903237328125 0.11106005000000001 0.3903237328125 0.1640625 0.625 0.1640625
23 0.43125 0.2515625 0.48125 0.2515625 0.48125 0.021895425 0.43125 0.021895425 0.43125 0.2515625
23 0.43125 0.253125 0.43125 0.023457924999999998 0.3824857015625 0.023457924999999998 0.3824857015625 0.253125 0.43125 0.253125
23 0.38125 0.253125 0.38125 0.026245914062499997 0.331704453125 0.026245914062499997 0.331704453125 0.253125 0.38125 0.253125