23 0.63746425625 0.2515625 0.63746425625 0.0193270015625 0.5868106625 0.0193270015625 0.5868106625 0.2515625 0.63746425625 0.2515625
23 0.271875 0.1640625 0.271875 0.1112438734375 0.03738255625 0.1112438734375 0.03738255625 0.1640625 0.271875 0.1640625
23 0 0.1625 0.2203125 0.1625 0.2203125 0.11011029375 0 0.11011029531250001 0 0.1625
23 0.19375 0.1609375 0.424662990625 0.1609375 0.424662990625 0.114522059375 0.19375 0.114522059375 0.19375 0.1609375
23 0.2828125 0.253125 0.2828125 0.023457924999999998 0.237244690625 0.023457924999999998 0.237244690625 0.253125 0.2828125 0.253125
23 0.8328125 0.1609375 0.8328125 0.1037326390625 0.5955014296875001 0.1037326390625 0.5955014296875001 0.1609375 0.8328125 0.1609375
23 0.5428717328125 0.109375 0.5428717328125 0.159375 0.7789828437499999 0.159375 0.7789828437499999 0.109375 0.5428717328125 0.109375
23 0.0921875 0.165625 0.325 0.165625 0.325 0.11378676562500001 0.0921875 0.11378676562500001 0.0921875 0.165625
23 0.5890625 0.0163602921875 0.533905228125 0.0163602921875 0.533905228125 0.252471403125 0.5890625 0.252471403125 0.5890625 0.0163602921875
23 0.5328125 0.2546875 0.5328125 0.0202256953125 0.48126021249999995 0.0202256953125 0.48126021249999995 0.2546875 0.5328125 0.2546875
23 0.43125 0.2515625 0.48125 0.2515625 0.48125 0.021895425 0.43125 0.021895425 0.43125 0.2515625
23 0.521875 0.1625 0.521875 0.1130208328125 0.2926572703125 0.1130208328125 0.2926572703125 0.1625 0.521875 0.1625
23 0.4703125 0.165625 0.4703125 0.115190971875 0.2427491828125 0.115190971875 0.2427491828125 0.165625 0.4703125 0.165625