23 0.40625 0.0375 0.3578125 0.0375 0.3578125 0.2609375 0.40625 0.2609375 0.40625 0.0375
23 0.84453125 0.0375 0.79375 0.0375 0.79375 0.26328125 0.84453125 0.26328125 0.84453125 0.0375
23 0.89453125 0.0359375 0.84375 0.0359375 0.84375 0.2640625 0.89453125 0.2640625 0.89453125 0.0359375
23 0.69375 0.040625 0.6484375 0.040625 0.6484375 0.26171875 0.69375 0.26171875 0.69375 0.040625
23 0.740625 0.040625 0.6953125 0.040625 0.6953125 0.26171875 0.740625 0.26171875 0.740625 0.040625
23 0.31171875 0.03125 0.25625 0.03125 0.25625 0.259375 0.31171875 0.259375 0.31171875 0.03125
23 0.359375 0.034375 0.3109375 0.034375 0.3109375 0.26015625 0.359375 0.26015625 0.359375 0.034375
23 0.79296875 0.040625 0.7421875 0.040625 0.7421875 0.2640625 0.79296875 0.2640625 0.79296875 0.040625
23 0.45625 0.034375 0.403125 0.034375 0.403125 0.26015625 0.45625 0.26015625 0.45625 0.034375
23 0.50703125 0.0375 0.45625 0.0375 0.45625 0.26328125 0.50703125 0.26328125 0.50703125 0.0375
23 0.5546875 0.0390625 0.50625 0.0390625 0.50625 0.26015625 0.5546875 0.26015625 0.5546875 0.0390625
23 0.6015625 0.040625 0.553125 0.040625 0.553125 0.26171875 0.6015625 0.26171875 0.6015625 0.040625
23 0.65 0.04375 0.6015625 0.04375 0.6015625 0.2625 0.65 0.2625 0.65 0.04375