23 0.6372549015625 0.01960784375 0.5866013078125001 0.01960784375 0.5866013078125001 0.25326797343749996 0.6372549015625 0.25326797343749996 0.6372549015625 0.01960784375
23 0.1813725484375 0.01960784375 0.12826797343750002 0.01960784375 0.12826797343750002 0.2557189546875 0.1813725484375 0.2557189546875 0.1813725484375 0.01960784375
23 0.1290849671875 0.01797385625 0.0759803921875 0.01797385625 0.0759803921875 0.2565359484375 0.1290849671875 0.2565359484375 0.1290849671875 0.01797385625
23 0.3333333328125 0.0228758171875 0.2859477125 0.0228758171875 0.2859477125 0.2540849671875 0.3333333328125 0.2540849671875 0.3333333328125 0.0228758171875
23 0.28431372499999996 0.0228758171875 0.23692810468749997 0.0228758171875 0.23692810468749997 0.2540849671875 0.28431372499999996 0.2540849671875 0.28431372499999996 0.0228758171875
23 0.7434640515625001 0.013071895312500002 0.685457515625 0.013071895312500002 0.685457515625 0.2516339875 0.7434640515625001 0.2516339875 0.7434640515625001 0.013071895312500002
23 0.686274509375 0.01633986875 0.635620915625 0.01633986875 0.635620915625 0.25245097968749997 0.686274509375 0.25245097968749997 0.686274509375 0.01633986875
23 0.23529411718749998 0.0228758171875 0.1821895421875 0.0228758171875 0.1821895421875 0.2565359484375 0.23529411718749998 0.2565359484375 0.23529411718749998 0.0228758171875
23 0.58986928125 0.01633986875 0.534313725 0.01633986875 0.534313725 0.25245097968749997 0.58986928125 0.25245097968749997 0.58986928125 0.01633986875
23 0.534313725 0.01960784375 0.48120915000000003 0.01960784375 0.48120915000000003 0.2557189546875 0.534313725 0.2557189546875 0.534313725 0.01960784375
23 0.48202614375 0.021241829687499998 0.43137254843750006 0.021241829687499998 0.43137254843750006 0.25245097968749997 0.48202614375 0.25245097968749997 0.48202614375 0.021241829687499998
23 0.43300653593750005 0.0228758171875 0.382352940625 0.0228758171875 0.382352940625 0.2540849671875 0.43300653593750005 0.2540849671875 0.43300653593750005 0.0228758171875
23 0.382352940625 0.026143790625000003 0.33169934687499997 0.026143790625000003 0.33169934687499997 0.2549019609375 0.382352940625 0.2549019609375 0.382352940625 0.026143790625000003