23 0.3578125 0.0375 0.3578125 0.2609375 0.40625 0.2609375 0.40625 0.0375 0.3578125 0.0375
23 0.79375 0.2625 0.84375 0.2625 0.84375 0.0375 0.79375 0.0375 0.79375 0.2625
23 0.844140625 0.0359375 0.844140625 0.2640625 0.89375 0.2640625 0.89375 0.0359375 0.844140625 0.0359375
23 0.78125 0.128515625 0.56015625 0.128515625 0.56015625 0.1734375 0.78125 0.1734375 0.78125 0.128515625
23 0.740625 0.040234375 0.6953125 0.040234375 0.6953125 0.2609375 0.740625 0.2609375 0.740625 0.040234375
23 0.396875 0.11796875 0.169921875 0.11796875 0.169921875 0.1734375 0.396875 0.1734375 0.396875 0.11796875
23 0.446875 0.1703125 0.446875 0.123046875 0.221875 0.123046875 0.221875 0.1703125 0.446875 0.1703125
23 0.655859375 0.1265625 0.655859375 0.17734375 0.878125 0.17734375 0.878125 0.1265625 0.655859375 0.1265625
23 0.5421875 0.120703125 0.3171875 0.120703125 0.3171875 0.1734375 0.5421875 0.1734375 0.5421875 0.120703125
23 0.50625 0.2625 0.50625 0.037890625 0.456640625 0.037890625 0.456640625 0.2625 0.50625 0.2625
23 0.50625 0.0390625 0.50625 0.259375 0.5546875 0.259375 0.5546875 0.0390625 0.50625 0.0390625
23 0.6875 0.175 0.6875 0.126953125 0.4671875 0.126953125 0.4671875 0.175 0.6875 0.175
23 0.734375 0.1765625 0.734375 0.12890625 0.51640625 0.12890625 0.51640625 0.1765625 0.734375 0.1765625