23 0.2703125 0.125 0.2703125 0.1734375 0.49375 0.1734375 0.49375 0.125 0.2703125 0.125
23 0.79375 0.2625 0.84375 0.2625 0.84375 0.0375 0.79375 0.0375 0.79375 0.2625
23 0.844140625 0.0359375 0.844140625 0.2640625 0.89375 0.2640625 0.89375 0.0359375 0.844140625 0.0359375
23 0.69375 0.041015625 0.6484375 0.041015625 0.6484375 0.2609375 0.69375 0.2609375 0.69375 0.041015625
23 0.828125 0.1734375 0.828125 0.128515625 0.6078125 0.128515625 0.6078125 0.1734375 0.828125 0.1734375
23 0.169921875 0.1171875 0.169921875 0.17265625 0.396875 0.17265625 0.396875 0.1171875 0.169921875 0.1171875
23 0.359375 0.034765625 0.3109375 0.034765625 0.3109375 0.259375 0.359375 0.259375 0.359375 0.034765625
23 0.878125 0.12734375 0.655859375 0.12734375 0.655859375 0.178125 0.878125 0.178125 0.878125 0.12734375
23 0.45625 0.034765625 0.403125 0.034765625 0.403125 0.259375 0.45625 0.259375 0.45625 0.034765625
23 0.45625 0.2625 0.50625 0.2625 0.50625 0.0375 0.45625 0.0375 0.45625 0.2625
23 0.50625 0.0390625 0.50625 0.259375 0.5546875 0.259375 0.5546875 0.0390625 0.50625 0.0390625
23 0.6875 0.175 0.6875 0.126953125 0.4671875 0.126953125 0.4671875 0.175 0.6875 0.175
23 0.734375 0.1765625 0.734375 0.12890625 0.51640625 0.12890625 0.51640625 0.1765625 0.734375 0.1765625