23 0 0.4485530546875 0.035369775 0.4485530546875 0.035369775 0.3745980703125 0 0.3745980703125 0 0.4485530546875
23 0 0.3754019296875 0.0329582 0.3754019296875 0.0329582 0.3038585203125 0 0.3038585203125 0 0.3754019296875
23 0.4163987140625 0.8247588421875 0.4831189703125 0.8247588421875 0.4831189703125 0.755627009375 0.4163987140625 0.755627009375 0.4163987140625 0.8247588421875
23 0.4163987140625 0.7652733125 0.4807073953125 0.7652733125 0.4807073953125 0.7009646296875001 0.4163987140625 0.7009646296875001 0.4163987140625 0.7652733125
23 0.414790996875 0.7106109328125 0.479099678125 0.7106109328125 0.479099678125 0.6463022515625 0.414790996875 0.6463022515625 0.414790996875 0.7106109328125
23 0.485530546875 0.8062700968750001 0.5426045015625001 0.8062700968750001 0.5426045015625001 0.7395498390624999 0.485530546875 0.7395498390624999 0.485530546875 0.8062700968750001
23 0.4823151125 0.7491961421875 0.5393890671875 0.7491961421875 0.5393890671875 0.684887459375 0.4823151125 0.684887459375 0.4823151125 0.7491961421875
23 0.479099678125 0.6985530546875001 0.5361736328125 0.6985530546875001 0.5361736328125 0.6366559484375001 0.479099678125 0.6366559484375001 0.479099678125 0.6985530546875001
23 0.538585209375 0.788585209375 0.5956591640625 0.788585209375 0.5956591640625 0.726688103125 0.538585209375 0.726688103125 0.538585209375 0.788585209375
23 0.538585209375 0.7363344046875 0.5956591640625 0.7363344046875 0.5956591640625 0.676848875 0.538585209375 0.676848875 0.538585209375 0.7363344046875
23 0.535369775 0.68569131875 0.5924437296875 0.68569131875 0.5924437296875 0.6286173640625 0.535369775 0.6286173640625 0.535369775 0.68569131875
23 0.596463021875 0.7749196140625 0.6487138265625 0.7749196140625 0.6487138265625 0.715434084375 0.596463021875 0.715434084375 0.596463021875 0.7749196140625
23 0.5948553046875 0.7250803859375 0.647106109375 0.7250803859375 0.647106109375 0.6655948546875 0.5948553046875 0.6655948546875 0.5948553046875 0.7250803859375
23 0.649517684375 0.7636655953125 0.6961414796875001 0.7636655953125 0.6961414796875001 0.7041800640625 0.649517684375 0.7041800640625 0.649517684375 0.7636655953125
23 0.644694534375 0.711414790625 0.6945337625 0.711414790625 0.6945337625 0.6543408359375 0.644694534375 0.6543408359375 0.644694534375 0.711414790625
23 0.6430868171874999 0.6615755625 0.6929260453125 0.6615755625 0.6929260453125 0.609324759375 0.6430868171874999 0.609324759375 0.6430868171874999 0.6615755625
23 0.6961414796875001 0.75 0.7459807078125 0.75 0.7459807078125 0.6929260453125 0.6961414796875001 0.6929260453125 0.6961414796875001 0.75
23 0.6945337625 0.700160771875 0.744372990625 0.700160771875 0.744372990625 0.6479099671874999 0.6945337625 0.6479099671874999 0.6945337625 0.700160771875
23 0 0.676848875 0.0450160765625 0.676848875 0.0450160765625 0.48392282968749994 0 0.48392282968749994 0 0.676848875
23 0.0450160765625 0.6720257234375 0.0948553046875 0.6720257234375 0.0948553046875 0.48392282968749994 0.0450160765625 0.48392282968749994 0.0450160765625 0.6720257234375
23 0.2926045015625 0.6334405140625 0.3368167203125 0.6334405140625 0.3368167203125 0.467845659375 0.2926045015625 0.467845659375 0.2926045015625 0.6334405140625
23 0.337620578125 0.627009646875 0.3745980703125 0.627009646875 0.3745980703125 0.46623794218750003 0.337620578125 0.46623794218750003 0.337620578125 0.627009646875
23 0.3713826359375 0.618167203125 0.4107717046875 0.618167203125 0.4107717046875 0.4598070734375 0.3713826359375 0.4598070734375 0.3713826359375 0.618167203125
23 0.40675241093750003 0.614147909375 0.44372990312500005 0.614147909375 0.44372990312500005 0.45819935625 0.40675241093750003 0.45819935625 0.40675241093750003 0.614147909375
23 0.43890675312500005 0.6101286171875 0.47588424375000005 0.6101286171875 0.47588424375000005 0.456591640625 0.43890675312500005 0.456591640625 0.43890675312500005 0.6101286171875
23 0.4726688109375 0.6085209 0.5096463015625 0.6085209 0.5096463015625 0.4549839234375 0.4726688109375 0.4549839234375 0.4726688109375 0.6085209
23 0.6125401921875 0.5836012859374999 0.6422829578125 0.5836012859374999 0.6422829578125 0.450160771875 0.6125401921875 0.450160771875 0.6125401921875 0.5836012859374999
23 0.6366559484375001 0.582797428125 0.6663987140625001 0.582797428125 0.6663987140625001 0.4469453375 0.6366559484375001 0.4469453375 0.6366559484375001 0.582797428125
23 0.6639871375 0.5779742765625 0.693729903125 0.5779742765625 0.693729903125 0.4469453375 0.6639871375 0.4469453375 0.6639871375 0.5779742765625
23 0.6864951765625 0.576366559375 0.7162379421875 0.576366559375 0.7162379421875 0.4453376203125 0.6864951765625 0.4453376203125 0.6864951765625 0.576366559375
23 0.7106109328125 0.573151125 0.7427652734375 0.573151125 0.7427652734375 0.4469453375 0.7106109328125 0.4469453375 0.7106109328125 0.573151125
23 0.7781350484375 0.561093246875 0.8030546624999999 0.561093246875 0.8030546624999999 0.43729903593749997 0.7781350484375 0.43729903593749997 0.7781350484375 0.561093246875
23 0.8006430874999999 0.558681671875 0.8231511250000001 0.558681671875 0.8231511250000001 0.43729903593749997 0.8006430874999999 0.43729903593749997 0.8006430874999999 0.558681671875
23 0.8183279750000001 0.556270096875 0.8408360125 0.556270096875 0.8408360125 0.43729903593749997 0.8183279750000001 0.43729903593749997 0.8183279750000001 0.556270096875
23 0.8392282953124999 0.5546623796875 0.864147909375 0.5546623796875 0.864147909375 0.43569131875 0.8392282953124999 0.43569131875 0.8392282953124999 0.5546623796875
23 0.8569131828125001 0.5506430875 0.8794212218749999 0.5506430875 0.8794212218749999 0.43408360156250003 0.8569131828125001 0.43408360156250003 0.8569131828125001 0.5506430875
23 0.8745980703124999 0.5490353703124999 0.897106109375 0.5490353703124999 0.897106109375 0.43247588437499995 0.8745980703124999 0.43247588437499995 0.8745980703124999 0.5490353703124999
23 0.8922829578125 0.54662379375 0.914790996875 0.54662379375 0.914790996875 0.43247588437499995 0.8922829578125 0.43247588437499995 0.8922829578125 0.54662379375
23 0.9099678453125 0.5450160765625001 0.9324758843750001 0.5450160765625001 0.9324758843750001 0.4308681671875 0.9099678453125 0.4308681671875 0.9099678453125 0.5450160765625001
23 0.9276527328125 0.54180064375 0.950160771875 0.54180064375 0.950160771875 0.4308681671875 0.9276527328125 0.4308681671875 0.9276527328125 0.54180064375
23 0.9421221859375001 0.535369775 0.964630225 0.535369775 0.964630225 0.42926045 0.9421221859375001 0.42926045 0.9421221859375001 0.535369775
23 0.9598070734374999 0.5337620578125 0.9823151125 0.5337620578125 0.9823151125 0.4276527328125 0.9598070734374999 0.4276527328125 0.9598070734374999 0.5337620578125
23 0.6945337625 0.649517684375 0.744372990625 0.649517684375 0.744372990625 0.602893890625 0.6945337625 0.602893890625 0.6945337625 0.649517684375
23 0.1302250796875 0.658360128125 0.180064309375 0.658360128125 0.180064309375 0.4774919609375 0.1302250796875 0.4774919609375 0.1302250796875 0.658360128125
23 0.1832797421875 0.649517684375 0.220257234375 0.649517684375 0.220257234375 0.47427652656249997 0.1832797421875 0.47427652656249997 0.1832797421875 0.649517684375
23 0.23472668749999998 0.6374598078125 0.27411575625 0.6374598078125 0.27411575625 0.46945337656249997 0.23472668749999998 0.46945337656249997 0.23472668749999998 0.6374598078125
23 0.9163987140625001 0.6840836015625 0.9509646296875 0.6840836015625 0.9509646296875 0.644694534375 0.9163987140625001 0.644694534375 0.9163987140625001 0.6840836015625
23 0.9163987140625001 0.6479099671874999 0.9509646296875 0.6479099671874999 0.9509646296875 0.606109325 0.9163987140625001 0.606109325 0.9163987140625001 0.6479099671874999
23 0.9163987140625001 0.6101286171875 0.9509646296875 0.6101286171875 0.9509646296875 0.57073955 0.9163987140625001 0.57073955 0.9163987140625001 0.6101286171875
23 0.95337620625 0.6744372984375 0.985530546875 0.6744372984375 0.985530546875 0.6398713828125 0.95337620625 0.6398713828125 0.95337620625 0.6744372984375
23 0.9517684890625 0.638263665625 0.9863344046875 0.638263665625 0.9863344046875 0.6012861734375 0.9517684890625 0.6012861734375 0.9517684890625 0.638263665625
23 0.9517684890625 0.59967845625 0.9839228296875 0.59967845625 0.9839228296875 0.5627009640625 0.9517684890625 0.5627009640625 0.9517684890625 0.59967845625
23 0.035369775 0.4453376203125 0.131832796875 0.4453376203125 0.131832796875 0.3762057875 0.035369775 0.3762057875 0.035369775 0.4453376203125
23 0.032154340625 0.3762057875 0.1286173640625 0.3762057875 0.1286173640625 0.3070739546875 0.032154340625 0.3070739546875 0.032154340625 0.3762057875
23 0.131832796875 0.44051446875 0.21864951718749998 0.44051446875 0.21864951718749998 0.3762057875 0.131832796875 0.3762057875 0.131832796875 0.44051446875
23 0.1302250796875 0.377009646875 0.2170418 0.377009646875 0.2170418 0.3102893890625 0.1302250796875 0.3102893890625 0.1302250796875 0.377009646875
23 0.2170418 0.43890675312500005 0.2990353703125 0.43890675312500005 0.2990353703125 0.3745980703125 0.2170418 0.3745980703125 0.2170418 0.43890675312500005
23 0.215434084375 0.3737942125 0.297427653125 0.3737942125 0.297427653125 0.31189710625 0.215434084375 0.31189710625 0.215434084375 0.3737942125
23 0.297427653125 0.43569131875 0.3713826359375 0.43569131875 0.3713826359375 0.3762057875 0.297427653125 0.3762057875 0.297427653125 0.43569131875
23 0.2958199359375 0.3737942125 0.3721864953125 0.3737942125 0.3721864953125 0.31189710625 0.2958199359375 0.31189710625 0.2958199359375 0.3737942125
23 0 0.2451768484375 0.014469453125 0.2451768484375 0.014469453125 0.0546623796875 0 0.0546623796875 0 0.2451768484375
23 0.014469453125 0.24598070781249998 0.06430868125 0.24598070781249998 0.06430868125 0.0627009640625 0.014469453125 0.0627009640625 0.014469453125 0.24598070781249998
23 0.0627009640625 0.24919614218750002 0.1125401921875 0.24919614218750002 0.1125401921875 0.0659163984375 0.0627009640625 0.0659163984375 0.0627009640625 0.24919614218750002
23 0.1157556265625 0.2516077171875 0.20257234687499998 0.2516077171875 0.20257234687499998 0.1993569125 0.1157556265625 0.1993569125 0.1157556265625 0.2516077171875
23 0.1125401921875 0.2041800640625 0.1993569125 0.2041800640625 0.1993569125 0.13504823125 0.1125401921875 0.13504823125 0.1125401921875 0.2041800640625
23 0.1125401921875 0.1414791 0.1993569125 0.1414791 0.1993569125 0.067524115625 0.1125401921875 0.067524115625 0.1125401921875 0.1414791
23 0.1993569125 0.2548231515625 0.24115755625 0.2548231515625 0.24115755625 0.0868167203125 0.1993569125 0.0868167203125 0.1993569125 0.2548231515625
23 0.24115755625 0.25884244375 0.2829582 0.25884244375 0.2829582 0.0932475890625 0.24115755625 0.0932475890625 0.24115755625 0.25884244375