23 0 0.428125 0.053125 0.428125 0.053125 0.39360681249999996 0 0.39360681249999996 0 0.428125
23 0 0.3546875 0.0515625 0.3546875 0.0515625 0.323223975 0 0.323223975 0 0.3546875
23 0.4828125 0.7562927046875 0.41476085156250003 0.7562927046875 0.41476085156250003 0.8230129609375 0.4828125 0.8230129609375 0.4828125 0.7562927046875
23 0.4796875 0.700849075 0.415923934375 0.700849075 0.415923934375 0.76515775625 0.4796875 0.76515775625 0.4796875 0.700849075
23 0.478125 0.6463725890625 0.41524065468750004 0.6463725890625 0.41524065468750004 0.7106812703125 0.478125 0.7106812703125 0.478125 0.6463725890625
23 0.546875 0.8 0.546875 0.744378015625 0.48045367656250004 0.744378015625 0.48045367656250004 0.8 0.546875 0.8
23 0.5421875 0.74375 0.5421875 0.6885902328125 0.47933329843749994 0.6885902328125 0.47933329843749994 0.74375 0.5421875 0.74375
23 0.534375 0.6984375 0.534375 0.6370729500000001 0.4789238328125 0.6370729500000001 0.4789238328125 0.6984375 0.534375 0.6984375
23 0.59375 0.7875 0.59375 0.726512259375 0.5385198953125 0.726512259375 0.5385198953125 0.7875 0.59375 0.7875
23 0.5953125 0.734375 0.5953125 0.678125 0.5377210625 0.678125 0.5377210625 0.734375 0.5953125 0.734375
23 0.5921875 0.684375 0.5921875 0.6284616171875 0.535246684375 0.6284616171875 0.535246684375 0.684375 0.5921875 0.684375
23 0.646875 0.7734375 0.646875 0.715298434375 0.596395196875 0.715298434375 0.596395196875 0.7734375 0.646875 0.7734375
23 0.6453125 0.725 0.6453125 0.665625 0.594968346875 0.665625 0.594968346875 0.725 0.6453125 0.725
23 0.7015625 0.75625 0.7015625 0.7100030140625 0.6435389875 0.7100030140625 0.6435389875 0.75625 0.7015625 0.75625
23 0.696875 0.6578125 0.6410118578125 0.6578125 0.6410118578125 0.707099075 0.696875 0.707099075 0.696875 0.6578125
23 0.6421875 0.659375 0.69375 0.659375 0.69375 0.6109375 0.6421875 0.6109375 0.6421875 0.659375
23 0.74375 0.75 0.74375 0.6932953171875 0.6961088234374999 0.6932953171875 0.6961088234374999 0.75 0.74375 0.75
23 0.74375 0.696875 0.74375 0.6490378812500001 0.6935113546875 0.6490378812500001 0.6935113546875 0.696875 0.74375 0.696875
23 0.04375 0.675 0.04375 0.4840057265625 0.0001482125 0.4840057265625 0.0001482109375 0.675 0.04375 0.675
23 0 0.6015625 0.1625 0.6015625 0.1625 0.552677853125 0 0.552677853125 0 0.6015625
23 0.3968649515625 0.571875 0.3968649515625 0.5284038390625 0.23127009687500003 0.5284038390625 0.23127009687500003 0.571875 0.3968649515625 0.571875
23 0.3734375 0.6265625 0.3734375 0.46676798750000004 0.33747990156249996 0.46676798750000004 0.33747990156249996 0.6265625 0.3734375 0.6265625
23 0.409375 0.6171875 0.409375 0.459882434375 0.371711715625 0.459882434375 0.371711715625 0.6171875 0.409375 0.6171875
23 0.5029793 0.5546875 0.5029793 0.51792604375 0.347030746875 0.51792604375 0.347030746875 0.5546875 0.5029793 0.5546875
23 0.475 0.609375 0.475 0.4571392703125 0.43848975156250003 0.4571392703125 0.43848975156250003 0.609375 0.475 0.609375
23 0.5078125 0.6078125 0.5078125 0.4546875 0.47291750468749993 0.4546875 0.47291750468749993 0.6078125 0.5078125 0.6078125
23 0.6125 0.5828125 0.6421875 0.5828125 0.6421875 0.45046724375 0.6125 0.45046724375 0.6125 0.5828125
23 0.71875 0.5 0.58362891875 0.5 0.58362891875 0.528996684375 0.71875 0.528996684375 0.71875 0.5
23 0.6921875 0.5765625 0.6921875 0.44690514375 0.6639394078125 0.44690514375 0.6639394078125 0.5765625 0.6921875 0.5765625
23 0.715625 0.575 0.715625 0.445252209375 0.6870804859375 0.445252209375 0.6870804859375 0.575 0.715625 0.575
23 0.7890625 0.525 0.7890625 0.49409666406249997 0.663693228125 0.49409666406249997 0.663693228125 0.525 0.7890625 0.525
23 0.8515625 0.5109375 0.8515625 0.486706190625 0.728720359375 0.486706190625 0.728720359375 0.5109375 0.8515625 0.5109375
23 0.871875 0.509375 0.871875 0.48691469062500004 0.751652934375 0.48691469062500004 0.751652934375 0.509375 0.871875 0.509375
23 0.8875 0.50625 0.8875 0.48542504218750004 0.7701868968750001 0.48542504218750004 0.7701868968750001 0.50625 0.8875 0.50625
23 0.7921875 0.50625 0.9109375 0.50625 0.9109375 0.4825914390625 0.7921875 0.4825914390625 0.7921875 0.50625
23 0.85671473125 0.434375 0.85671473125 0.55 0.87922276875 0.55 0.87922276875 0.434375 0.85671473125 0.434375
23 0.9421875 0.5015625 0.9421875 0.4796875 0.8274417203125 0.4796875 0.8274417203125 0.5015625 0.9421875 0.5015625
23 0.959375 0.5 0.959375 0.47870779687500004 0.846756934375 0.47870779687500004 0.846756934375 0.5 0.959375 0.5
23 0.978125 0.4984375 0.978125 0.4768162171875 0.8644870375 0.4768162171875 0.8644870375 0.4984375 0.978125 0.4984375
23 0.99375 0.496875 0.99375 0.47523613437499995 0.8830561703124999 0.47523613437499995 0.8830561703124999 0.496875 0.99375 0.496875
23 0.9421875 0.534375 0.9640625 0.534375 0.9640625 0.42975783749999996 0.9421875 0.42975783749999996 0.9421875 0.534375
23 0.98125 0.5328125 0.98125 0.42819533749999994 0.95983973125 0.42819533749999994 0.95983973125 0.5328125 0.98125 0.5328125
23 0.7421875 0.6484375 0.7421875 0.603250603125 0.6946116359375 0.603250603125 0.6946116359375 0.6484375 0.7421875 0.6484375
23 0.24375 0.5921875 0.24375 0.5434636234375 0.064753315625 0.5434636234375 0.064753315625 0.5921875 0.24375 0.5921875
23 0.2200512453125 0.6484375 0.2200512453125 0.47487942031249997 0.1830737546875 0.47487942031249997 0.1830737546875 0.6484375 0.2200512453125 0.6484375
23 0.2734375 0.46912178437499996 0.234375 0.46912178437499996 0.234375 0.637128215625 0.2734375 0.637128215625 0.2734375 0.46912178437499996
23 0.9510525515625 0.6828125 0.9510525515625 0.644239853125 0.9164866359375001 0.644239853125 0.9164866359375001 0.6828125 0.9510525515625 0.6828125
23 0.9125 0.64375 0.9542478890625 0.64375 0.9542478890625 0.6096387671875 0.9125 0.6096387671875 0.9125 0.64375
23 0.9163107921875 0.5703125 0.9163107921875 0.609375 0.9508767078125 0.609375 0.9508767078125 0.5703125 0.9163107921875 0.5703125
23 0.984375 0.6734375 0.984375 0.6405295421874999 0.9534540796875 0.6405295421874999 0.9534540796875 0.6734375 0.984375 0.6734375
23 0.9515625 0.6375 0.9859375 0.6375 0.9859375 0.6015625 0.9515625 0.6015625 0.9515625 0.6375
23 0.9828125 0.5984375 0.9828125 0.5627612546874999 0.9518915796874999 0.5627612546874999 0.9518915796874999 0.5984375 0.9828125 0.5984375
23 0.1171875 0.4578125 0.1171875 0.3625326578125 0.0488695734375 0.36253265625000003 0.0488695734375 0.4578125 0.1171875 0.4578125
23 0.0453125 0.3890625 0.1140625 0.3890625 0.1140625 0.29375 0.0453125 0.29375 0.0453125 0.3890625
23 0.218408359375 0.4390625 0.218408359375 0.376439409375 0.1315916390625 0.376439409375 0.1315916390625 0.4390625 0.218408359375 0.4390625
23 0.140625 0.3859375 0.20625 0.3859375 0.20625 0.3000452171875 0.140625 0.3000452171875 0.140625 0.3859375
23 0.2890625 0.446875 0.2890625 0.365625 0.22560540625 0.365625 0.22560540625 0.446875 0.2890625 0.446875
23 0.2859375 0.3828125 0.2859375 0.30202974375 0.22560540625 0.30202974375 0.22560540625 0.3828125 0.2859375 0.3828125
23 0.3046875 0.4421875 0.3638464640625 0.4421875 0.3638464640625 0.3689409171875 0.3046875 0.3689409171875 0.3046875 0.4421875
23 0.3640625 0.3796875 0.3640625 0.3050718453125 0.303177753125 0.3050718453125 0.303177753125 0.3796875 0.3640625 0.3796875
23 0 0.15625 0.1015625 0.15625 0.1015625 0.1424814109375 0 0.1424814109375 0 0.15625
23 0 0.178125 0.1296875 0.178125 0.1296875 0.1297477890625 0 0.1297477890625 0 0.178125
23 0.1125 0.2484375 0.1125 0.06644141875000001 0.0628215421875 0.06644141875000001 0.0628215421875 0.2484375 0.1125 0.2484375
23 0.1328125 0.26875 0.184375 0.26875 0.184375 0.18228496875 0.1328125 0.18228496875 0.1328125 0.26875
23 0.1984375 0.13513112968750002 0.1122387453125 0.13513112968750002 0.1122387453125 0.2042629625 0.1984375 0.2042629625 0.1984375 0.13513112968750002
23 0.1984375 0.140625 0.1984375 0.0677100078125 0.1128416390625 0.0677100078125 0.1128416390625 0.140625 0.1984375 0.140625
23 0.303125 0.190625 0.303125 0.15 0.1359802046875 0.15 0.1359802046875 0.190625 0.303125 0.190625
23 0.34375 0.1548055671875 0.1787429671875 0.1548055671875 0.1787429671875 0.1966062109375 0.34375 0.1966062109375 0.34375 0.1548055671875