23 0 0.428125 0.053125 0.428125 0.053125 0.39360681249999996 0 0.39360681249999996 0 0.428125
23 0 0.3546875 0.0515625 0.3546875 0.0515625 0.32307827499999997 0 0.32307827499999997 0 0.3546875
23 0.482578878125 0.8234375 0.482578878125 0.756059084375 0.415858621875 0.756059084375 0.415858621875 0.8234375 0.482578878125 0.8234375
23 0.48082295 0.7640625 0.48082295 0.7004898515625 0.41651426875 0.7004898515625 0.41651426875 0.7640625 0.48082295 0.7640625
23 0.479170015625 0.709375 0.479170015625 0.64585259375 0.414861334375 0.64585259375 0.414861334375 0.709375 0.479170015625 0.709375
23 0.546875 0.8 0.546875 0.7443679671875 0.4809611125 0.7443679671875 0.4809611125 0.8 0.546875 0.8
23 0.5421875 0.74375 0.5421875 0.6885902328125 0.47933329843749994 0.6885902328125 0.47933329843749994 0.74375 0.5421875 0.74375
23 0.5375 0.6953125 0.5375 0.6390625 0.47627110000000006 0.6390625 0.47627110000000006 0.6953125 0.5375 0.6953125
23 0.59375 0.7875 0.59375 0.726512259375 0.5385198953125 0.726512259375 0.5385198953125 0.7875 0.59375 0.7875
23 0.5953125 0.734375 0.5953125 0.678125 0.5377210625 0.678125 0.5377210625 0.734375 0.5953125 0.734375
23 0.5921875 0.684375 0.5921875 0.6287731109375 0.5354928671875 0.6287731109375 0.5354928671875 0.684375 0.5921875 0.684375
23 0.6515625 0.7703125 0.6515625 0.719119271875 0.592710009375 0.719119271875 0.592710009375 0.7703125 0.6515625 0.7703125
23 0.65 0.7203125 0.65 0.669099175 0.591212821875 0.669099175 0.591212821875 0.7203125 0.65 0.7203125
23 0.6953125 0.7625 0.6953125 0.704632234375 0.6501256015625 0.704632234375 0.6501256015625 0.7625 0.6953125 0.7625
23 0.696875 0.6578125 0.6410118578125 0.6578125 0.6410118578125 0.707099075 0.696875 0.707099075 0.696875 0.6578125
23 0.64375 0.6609375 0.6921875 0.6609375 0.6921875 0.609375 0.64375 0.609375 0.64375 0.6609375
23 0.7484375 0.7453125 0.7484375 0.696875 0.69215484375 0.696875 0.69215484375 0.7453125 0.7484375 0.7453125
23 0.74375 0.696875 0.74375 0.6491936296875 0.69314459375 0.6491936296875 0.69314459375 0.696875 0.74375 0.696875
23 0 0.6015625 0.1171875 0.6015625 0.1171875 0.5577296015625001 0 0.5577296015625001 0 0.6015625
23 0.09375 0.6703125 0.09375 0.48377210625 0.0446392671875 0.48377210625 0.0446392671875 0.6703125 0.09375 0.6703125
23 0.3359375 0.46720257343749994 0.292737640625 0.46720257343749994 0.292737640625 0.6327974281250001 0.3359375 0.6327974281250001 0.3359375 0.46720257343749994
23 0.3734375 0.6265625 0.3734375 0.46676798750000004 0.33747990156249996 0.46676798750000004 0.33747990156249996 0.6265625 0.3734375 0.6265625
23 0.409375 0.6171875 0.409375 0.459882434375 0.371711715625 0.459882434375 0.371711715625 0.6171875 0.409375 0.6171875
23 0.503125 0.5174437296875001 0.3475030125 0.5174437296875001 0.3475030125 0.554421221875 0.503125 0.554421221875 0.503125 0.5174437296875001
23 0.475 0.609375 0.475 0.4571392703125 0.43848975156250003 0.4571392703125 0.43848975156250003 0.609375 0.475 0.609375
23 0.4140625 0.5484375 0.5671875 0.5484375 0.5671875 0.513014971875 0.4140625 0.513014971875 0.4140625 0.5484375
23 0.6125 0.5828125 0.6421875 0.5828125 0.6421875 0.45046724375 0.6125 0.45046724375 0.6125 0.5828125
23 0.71875 0.5296875 0.71875 0.50074608125 0.583573653125 0.50074608125 0.583573653125 0.5296875 0.71875 0.5296875
23 0.6921875 0.5765625 0.6921875 0.44698553125 0.6640348671875 0.44698553125 0.6640348671875 0.5765625 0.6921875 0.5765625
23 0.765625 0.525 0.765625 0.49539539687499995 0.6357666796875 0.49539539687499995 0.6357666796875 0.525 0.765625 0.525
23 0.7890625 0.525 0.7890625 0.49409666406249997 0.663693228125 0.49409666406249997 0.663693228125 0.525 0.7890625 0.525
23 0.8015625 0.559375 0.8015625 0.43727642656250004 0.7781049046875 0.43727642656250004 0.7781049046875 0.559375 0.8015625 0.559375
23 0.871875 0.509375 0.871875 0.48691469062500004 0.751652934375 0.48691469062500004 0.751652934375 0.509375 0.871875 0.509375
23 0.8875 0.50625 0.8875 0.48542504218750004 0.7701868968750001 0.48542504218750004 0.7701868968750001 0.50625 0.8875 0.50625
23 0.8640625 0.553125 0.8640625 0.43555566875 0.8393538968750001 0.43555566875 0.8393538968750001 0.553125 0.8640625 0.553125
23 0.925 0.503125 0.925 0.481307778125 0.8097116156249999 0.481307778125 0.8097116156249999 0.503125 0.925 0.503125
23 0.8953125 0.5484375 0.8953125 0.4328125 0.8745126609374999 0.4328125 0.8745126609374999 0.5484375 0.8953125 0.5484375
23 0.959375 0.5 0.959375 0.47870779687500004 0.846756934375 0.47870779687500004 0.846756934375 0.5 0.959375 0.5
23 0.8640625 0.4984375 0.977956690625 0.4984375 0.977956690625 0.47655998750000006 0.8640625 0.47655998750000006 0.8640625 0.4984375
23 0.99375 0.496875 0.99375 0.475 0.8838248578125001 0.475 0.8838248578125001 0.496875 0.99375 0.496875
23 0.9421875 0.534375 0.9640625 0.534375 0.9640625 0.42975783749999996 0.9421875 0.42975783749999996 0.9421875 0.534375
23 1 0.4694860328125 0.9174638265624999 0.4694860328125 0.9174638265624999 0.49199407187500005 1 0.49199407187500005 1 0.4694860328125
23 0.7421875 0.65 0.7421875 0.6015625 0.6957847671875 0.6015625 0.6957847671875 0.65 0.7421875 0.65
23 0.1796875 0.65625 0.1796875 0.4774492546875 0.1306822734375 0.4774492546875 0.1306822734375 0.65625 0.1796875 0.65625
23 0.1140625 0.5796875 0.2887861734375 0.5796875 0.2887861734375 0.543202371875 0.1140625 0.543202371875 0.1140625 0.5796875
23 0.3375 0.571875 0.3375 0.5332470859375 0.17074959843749998 0.5332470859375 0.17074959843749998 0.571875 0.3375 0.571875
23 0.9508767078125 0.6828125 0.9508767078125 0.6451492156249999 0.9163107921875 0.6451492156249999 0.9163107921875 0.6828125 0.9508767078125 0.6828125
23 0.9125 0.64375 0.9542478890625 0.64375 0.9542478890625 0.6096387671875 0.9125 0.6096387671875 0.9125 0.64375
23 0.953125 0.5730632046874999 0.9145774718749999 0.5730632046874999 0.9145774718749999 0.60762911875 0.953125 0.60762911875 0.953125 0.5730632046874999
23 0.984375 0.6734375 0.984375 0.6405295421874999 0.9534540796875 0.6405295421874999 0.9534540796875 0.6734375 0.984375 0.6734375
23 0.9515625 0.6375 0.9859375 0.6375 0.9859375 0.6015625 0.9515625 0.6015625 0.9515625 0.6375
23 0.9828125 0.5984375 0.9828125 0.562640675 0.9516453984375 0.562640675 0.9516453984375 0.5984375 0.9828125 0.5984375
23 0.1171875 0.4578125 0.1171875 0.3625326578125 0.0488695734375 0.36253265625000003 0.0488695734375 0.4578125 0.1171875 0.4578125
23 0.0453125 0.3890625 0.1140625 0.3890625 0.1140625 0.29375 0.0453125 0.29375 0.0453125 0.3890625
23 0.20625 0.4515625 0.20625 0.365192925 0.1433204375 0.365192925 0.1433204375 0.4515625 0.20625 0.4515625
23 0.140625 0.3859375 0.20625 0.3859375 0.20625 0.3000452171875 0.140625 0.3000452171875 0.140625 0.3859375
23 0.2890625 0.446875 0.2890625 0.365625 0.22560540625 0.365625 0.22560540625 0.446875 0.2890625 0.446875
23 0.215625 0.371875 0.296875 0.371875 0.296875 0.312020196875 0.215625 0.312020196875 0.215625 0.371875
23 0.371352490625 0.434375 0.371352490625 0.376507234375 0.297397509375 0.376507234375 0.297397509375 0.434375 0.371352490625 0.434375
23 0.303125 0.3796875 0.3640625 0.3796875 0.3640625 0.3042529140625 0.303125 0.3042529140625 0.303125 0.3796875
23 0 0.24375 0.0140625 0.24375 0.0140625 0.054742765625 0 0.054742765625 0 0.24375
23 0.014142885937499999 0.0625 0.014142885937499999 0.2453125 0.0639821140625 0.2453125 0.0639821140625 0.0625 0.014142885937499999 0.0625
23 0.06258038593750001 0.065625 0.06258038593750001 0.2484375 0.1124196140625 0.2484375 0.1124196140625 0.065625 0.06258038593750001 0.065625
23 0.2015625 0.25 0.2015625 0.19905797812499998 0.1155446125 0.19905797812499998 0.1155446125 0.25 0.2015625 0.25
23 0.1904315703125 0.2125 0.1904315703125 0.125904340625 0.1212997390625 0.125904340625 0.1212997390625 0.2125 0.1904315703125 0.2125
23 0.1921875 0.146875 0.1921875 0.061394695312500004 0.11878516875 0.061394695312500004 0.11878516875 0.146875 0.1921875 0.146875
23 0.2390625 0.253125 0.2390625 0.087090534375 0.199412178125 0.087090534375 0.199412178125 0.253125 0.2390625 0.253125
23 0.282619071875 0.2578125 0.282619071875 0.0937650734375 0.240818428125 0.0937650734375 0.240818428125 0.2578125 0.282619071875 0.2578125