23 0.1124161078125 0.8666107375 0.19798657656250002 0.8666107375 0.19798657656250002 0.5520134234375 0.1124161078125 0.5520134234375 0.1124161078125 0.8666107375
23 0.19630872500000002 0.8716442953125 0.2944630875 0.8716442953125 0.2944630875 0.54865771875 0.19630872500000002 0.54865771875 0.19630872500000002 0.8716442953125
23 0.34563758437500003 0.8699664421875 0.446308725 0.8699664421875 0.446308725 0.5318791953125 0.34563758437500003 0.5318791953125 0.34563758437500003 0.8699664421875
23 0.45134228125 0.8649328859375001 0.546979865625 0.8649328859375001 0.546979865625 0.5318791953125 0.45134228125 0.5318791953125 0.45134228125 0.8649328859375001
23 0.5453020140625 0.8590604031250001 0.640939596875 0.8590604031250001 0.640939596875 0.533557046875 0.5453020140625 0.533557046875 0.5453020140625 0.8590604031250001
23 0.721476509375 0.8758389265625001 0.8171140937500001 0.8758389265625001 0.8171140937500001 0.5503355703125 0.721476509375 0.5503355703125 0.721476509375 0.8758389265625001
23 0.9026845640625 0.868288590625 0.9958053687499999 0.868288590625 0.9958053687499999 0.54026845625 0.9026845640625 0.54026845625 0.9026845640625 0.868288590625
23 0.8137583890625001 0.8716442953125 0.9043624156250001 0.8716442953125 0.9043624156250001 0.5436241609375 0.8137583890625001 0.5436241609375 0.8137583890625001 0.8716442953125
23 0.3842281875 0 0.3842281875 0.33221476562499996 0.4899328859375 0.33221476562499996 0.4899328859375 0 0.3842281875 0
23 0.4899328859375 0 0.4899328859375 0.33221476562499996 0.5931208046875 0.33221476562499996 0.5931208046875 0 0.4899328859375 0
23 0.5805369125000001 0 0.5805369125000001 0.3288590609375 0.681208053125 0.3288590609375 0.681208053125 0 0.5805369125000001 0
23 0.7449664421875 0 0.7449664421875 0.328020134375 0.833053690625 0.328020134375 0.833053690625 0 0.7449664421875 0
23 0.832214765625 0 0.832214765625 0.328020134375 0.9203020140625 0.328020134375 0.9203020140625 0 0.832214765625 0
23 1 0.001677853125 0.9194630874999999 0.001677853125 0.9194630874999999 0.3271812078125 1 0.3271812078125 1 0.001677853125
23 0.0251677859375 0.868288590625 0.1132550328125 0.868288590625 0.1132550328125 0.553691275 0.0251677859375 0.553691275 0.0251677859375 0.868288590625