23 0.3171875 0.7171875 0.3171875 0.637890625 0.025 0.637890625 0.025 0.7171875 0.3171875 0.7171875
23 0.4046875 0.7234375 0.4046875 0.6328125 0.105078125 0.6328125 0.105078125 0.7234375 0.4046875 0.7234375
23 0.55234375 0.715625 0.55234375 0.623046875 0.2375 0.623046875 0.2375 0.715625 0.55234375 0.715625
23 0.6453125 0.7109375 0.6453125 0.623046875 0.33671875 0.623046875 0.33671875 0.7109375 0.6453125 0.7109375
23 0.7296875 0.709375 0.7296875 0.62109375 0.42734375 0.62109375 0.42734375 0.709375 0.7296875 0.709375
23 0.89375 0.725 0.89375 0.63671875 0.59140625 0.63671875 0.59140625 0.725 0.89375 0.725
23 0.953125 0.825 0.953125 0.520703125 0.867578125 0.520703125 0.867578125 0.825 0.953125 0.825
23 0.978125 0.7171875 0.978125 0.633984375 0.67421875 0.633984375 0.67421875 0.7171875 0.978125 0.7171875
23 0.275 0.11875 0.275 0.2171875 0.5921875 0.2171875 0.5921875 0.11875 0.275 0.11875
23 0.372265625 0.1203125 0.372265625 0.215625 0.6890625 0.215625 0.6890625 0.1203125 0.372265625 0.1203125
23 0.4578125 0.1203125 0.4578125 0.2140625 0.7703125 0.2140625 0.7703125 0.1203125 0.4578125 0.1203125
23 0.8015625 0.321875 0.8015625 0.017578125 0.719921875 0.017578125 0.719921875 0.321875 0.8015625 0.321875
23 0.8828125 0.321875 0.8828125 0.0171875 0.801953125 0.0171875 0.801953125 0.321875 0.8828125 0.321875
23 1 0.1234375 0.778125 0.1234375 0.778125 0.2171875 1 0.2171875 1 0.1234375
23 0.13125 0.825 0.13125 0.533203125 0.050390625 0.533203125 0.050390625 0.825 0.13125 0.825