23 0.196875 0.865625 0.196875 0.5519505031249999 0.11214869999999999 0.5519505031249999 0.11214869999999999 0.865625 0.196875 0.865625
23 0.196875 0.8703125 0.29375 0.8703125 0.29375 0.5486524765625 0.196875 0.5486524765625 0.196875 0.8703125
23 0.5640625 0.650466653125 0.2267879625 0.650466653125 0.2267879625 0.75113779375 0.5640625 0.75113779375 0.5640625 0.650466653125
23 0.665625 0.7453125 0.665625 0.650644925 0.33260276875 0.650644925 0.33260276875 0.7453125 0.665625 0.7453125
23 0.430584103125 0.6484375 0.430584103125 0.74375 0.756087459375 0.74375 0.756087459375 0.6484375 0.430584103125 0.6484375
23 0.815625 0.875 0.815625 0.55014156875 0.7212405609375 0.55014156875 0.7212405609375 0.875 0.815625 0.875
23 1 0.6578125 0.785643875 0.6578125 0.785643875 0.75 1 0.75 1 0.6578125
23 0.903125 0.8703125 0.903125 0.5434458890625 0.8134437921875 0.5434458890625 0.8134437921875 0.8703125 0.903125 0.8703125
23 0.602889053125 0.21875 0.602889053125 0.113674496875 0.2706742859375 0.113674496875 0.2706742859375 0.21875 0.602889053125 0.21875
23 0.5921875 0.33125 0.5921875 0.0002988671875 0.49059354062500005 0.0002988671875 0.49059354062500005 0.33125 0.5921875 0.33125
23 0.79375 0.2140625 0.79375 0.1140625 0.466075921875 0.1140625 0.466075921875 0.2140625 0.79375 0.2140625
23 0.9515625 0.20625 0.9515625 0.12001887656250002 0.624947565625 0.12001887656250002 0.624947565625 0.20625 0.9515625 0.20625
23 1 0.12027055312499998 0.7121958890625 0.12027055312499998 0.7121958890625 0.20625 1 0.20625 1 0.12027055312499998
23 1 0.0020448828125 0.91981963125 0.0020448828125 0.91981963125 0.3265625 1 0.3265625 1 0.0020448828125
23 0.1125 0.5537437078125 0.025629195312500002 0.5537437078125 0.025629195312500002 0.8683410234375 0.1125 0.8683410234375 0.1125 0.5537437078125