23 0.2109375 0.53125 0.13125 0.53125 0.13125 0.82421875 0.2109375 0.82421875 0.2109375 0.53125
23 0.30078125 0.528125 0.209375 0.528125 0.209375 0.82890625 0.30078125 0.82890625 0.30078125 0.528125
23 0.4421875 0.5125 0.3484375 0.5125 0.3484375 0.82734375 0.4421875 0.82734375 0.4421875 0.5125
23 0.5359375 0.5125 0.446875 0.5125 0.446875 0.82265625 0.5359375 0.82265625 0.5359375 0.5125
23 0.6234375 0.5140625 0.534375 0.5140625 0.534375 0.8171875 0.6234375 0.8171875 0.6234375 0.5140625
23 0.7875 0.5296875 0.6984375 0.5296875 0.6984375 0.8328125 0.7875 0.8328125 0.7875 0.5296875
23 0.95390625 0.5203125 0.8671875 0.5203125 0.8671875 0.82578125 0.95390625 0.82578125 0.95390625 0.5203125
23 0.86875 0.5234375 0.784375 0.5234375 0.784375 0.82890625 0.86875 0.82890625 0.86875 0.5234375
23 0.4828125 0.009375 0.384375 0.009375 0.384375 0.3265625 0.4828125 0.3265625 0.4828125 0.009375
23 0.57890625 0.009375 0.4828125 0.009375 0.4828125 0.3265625 0.57890625 0.3265625 0.57890625 0.009375
23 0.6609375 0.0109375 0.5671875 0.0109375 0.5671875 0.3234375 0.6609375 0.3234375 0.6609375 0.0109375
23 0.80234375 0.0171875 0.7203125 0.0171875 0.7203125 0.32265625 0.80234375 0.32265625 0.80234375 0.0171875
23 0.88359375 0.0171875 0.8015625 0.0171875 0.8015625 0.32265625 0.88359375 0.32265625 0.88359375 0.0171875
23 0.9765625 0.01875 0.8828125 0.01875 0.8828125 0.321875 0.9765625 0.321875 0.9765625 0.01875
23 0.13203125 0.5328125 0.05 0.5328125 0.05 0.82578125 0.13203125 0.82578125 0.13203125 0.5328125