23 0.2109375 0.530859375 0.13125 0.530859375 0.13125 0.8234375 0.2109375 0.8234375 0.2109375 0.530859375
23 0.4046875 0.7234375 0.4046875 0.6328125 0.105078125 0.6328125 0.105078125 0.7234375 0.4046875 0.7234375
23 0.4421875 0.512109375 0.3484375 0.512109375 0.3484375 0.8265625 0.4421875 0.8265625 0.4421875 0.512109375
23 0.446875 0.5125 0.446875 0.821875 0.5359375 0.821875 0.5359375 0.5125 0.446875 0.5125
23 0.534375 0.5140625 0.534375 0.8171875 0.6234375 0.8171875 0.6234375 0.5140625 0.534375 0.5140625
23 0.89375 0.725 0.89375 0.63671875 0.59140625 0.63671875 0.59140625 0.725 0.89375 0.725
23 1 0.630078125 0.7578125 0.630078125 0.7578125 0.715625 1 0.715625 1 0.630078125
23 0.978125 0.7171875 0.978125 0.633984375 0.6734375 0.633984375 0.6734375 0.7171875 0.978125 0.7171875
23 0.384375 0.009375 0.384375 0.3265625 0.4828125 0.3265625 0.4828125 0.009375 0.384375 0.009375
23 0.483203125 0.009375 0.483203125 0.3265625 0.578125 0.3265625 0.578125 0.009375 0.483203125 0.009375
23 0.4578125 0.1203125 0.4578125 0.2140625 0.7703125 0.2140625 0.7703125 0.1203125 0.4578125 0.1203125
23 0.9125 0.128515625 0.608203125 0.128515625 0.608203125 0.210546875 0.9125 0.210546875 0.9125 0.128515625
23 0.99375 0.2109375 0.99375 0.129296875 0.690234375 0.129296875 0.690234375 0.2109375 0.99375 0.2109375
23 1 0.1234375 0.778125 0.1234375 0.778125 0.2171875 1 0.2171875 1 0.1234375
23 0 0.71875 0.2359375 0.71875 0.2359375 0.638671875 0 0.638671875 0 0.71875