23 0.196875 0.865625 0.196875 0.5519505031249999 0.11214869999999999 0.5519505031249999 0.11214869999999999 0.865625 0.196875 0.865625
23 0.196875 0.8703125 0.29375 0.8703125 0.29375 0.5486524765625 0.196875 0.5486524765625 0.196875 0.8703125
23 0.5640625 0.65070784375 0.2270711 0.65070784375 0.2270711 0.751378984375 0.5640625 0.751378984375 0.5640625 0.65070784375
23 0.665625 0.7453125 0.665625 0.650529571875 0.3326656875 0.650529571875 0.3326656875 0.7453125 0.665625 0.7453125
23 0.430584103125 0.6484375 0.430584103125 0.74375 0.756087459375 0.74375 0.756087459375 0.6484375 0.430584103125 0.6484375
23 0.815625 0.875 0.815625 0.5505295718750001 0.7217124578125 0.5505295718750001 0.7217124578125 0.875 0.815625 0.875
23 1 0.6578125 0.785643875 0.6578125 0.785643875 0.75 1 0.75 1 0.6578125
23 0.903125 0.8703125 0.903125 0.5434458890625 0.8134437921875 0.5434458890625 0.8134437921875 0.8703125 0.903125 0.8703125
23 0.602889053125 0.21875 0.602889053125 0.113674496875 0.2706742859375 0.113674496875 0.2706742859375 0.21875 0.602889053125 0.21875
23 0.7078125 0.1140625 0.3757183296875 0.1140625 0.3757183296875 0.2170406875 0.7078125 0.2170406875 0.7078125 0.1140625
23 0.6796875 0.328125 0.6796875 0.0003670296875 0.5801593953124999 0.0003670296875 0.5801593953124999 0.328125 0.6796875 0.328125
23 0.83125 0.3265625 0.83125 0.000052432812499999995 0.745018875 0.000052432812499999995 0.745018875 0.3265625 0.83125 0.3265625
23 1 0.12027055312499998 0.7121958890625 0.12027055312499998 0.7121958890625 0.20625 1 0.20625 1 0.12027055312499998
23 1 0.0020448828125 0.91981963125 0.0020448828125 0.91981963125 0.3265625 1 0.3265625 1 0.0020448828125
23 0.1125 0.5537437078125 0.025629195312500002 0.5537437078125 0.025629195312500002 0.8683410234375 0.1125 0.8683410234375 0.1125 0.5537437078125