19 0 0.3859375 0.084375 0.3859375 0.084375 0.288671875 0 0.288671875 0 0.3859375
19 0.203125 0.290234375 0.1 0.290234375 0.1 0.3921875 0.203125 0.3921875 0.203125 0.290234375
19 0.209375 0.3921875 0.2625 0.3921875 0.2625 0.301953125 0.209375 0.301953125 0.209375 0.3921875
19 0.3125 0.304296875 0.2703125 0.304296875 0.2703125 0.3953125 0.3125 0.3953125 0.3125 0.304296875
19 0.3828125 0.32890625 0.295703125 0.32890625 0.295703125 0.3734375 0.3828125 0.3734375 0.3828125 0.32890625
19 0.4328125 0.375 0.4328125 0.33125 0.345703125 0.33125 0.345703125 0.375 0.4328125 0.375
19 0.4578125 0.3953125 0.4578125 0.309765625 0.416015625 0.309765625 0.416015625 0.3953125 0.4578125 0.3953125
19 0.333984375 0.4390625 0.333984375 0.525 0.4046875 0.525 0.4046875 0.4390625 0.333984375 0.4390625
19 0.309375 0.4390625 0.237890625 0.4390625 0.237890625 0.5296875 0.309375 0.5296875 0.309375 0.4390625
19 0.4234375 0.453125 0.4234375 0.5203125 0.5109375 0.5203125 0.5109375 0.453125 0.4234375 0.453125
19 0.96875 0.590234375 0.915625 0.590234375 0.915625 0.6546875 0.96875 0.6546875 0.96875 0.590234375
19 0.9140625 0.597265625 0.8484375 0.597265625 0.8484375 0.65 0.9140625 0.65 0.9140625 0.597265625
19 0.8546875 0.59609375 0.787890625 0.59609375 0.787890625 0.6515625 0.8546875 0.6515625 0.8546875 0.59609375
19 0.734375 0.5921875 0.734375 0.659375 0.7875 0.659375 0.7875 0.5921875 0.734375 0.5921875
19 0.6578125 0.5921875 0.6578125 0.659375 0.725 0.659375 0.725 0.5921875 0.6578125 0.5921875
19 0.2828125 0.675 0.2828125 0.580859375 0.20859375 0.580859375 0.20859375 0.675 0.2828125 0.675
19 0.4734375 0.671875 0.4734375 0.586328125 0.409765625 0.586328125 0.409765625 0.671875 0.4734375 0.671875
19 0.298828125 0.5953125 0.298828125 0.6640625 0.3890625 0.6640625 0.3890625 0.5953125 0.298828125 0.5953125
19 0.7734375 0.6984375 0.7734375 0.759375 0.8296875 0.759375 0.8296875 0.6984375 0.7734375 0.6984375
19 0.83125 0.7046875 0.83125 0.753125 0.8921875 0.753125 0.8921875 0.7046875 0.83125 0.7046875
19 0.7171875 0.6984375 0.7171875 0.7625 0.76875 0.7625 0.76875 0.6984375 0.7171875 0.6984375
19 0.7140625 0.703515625 0.6484375 0.703515625 0.6484375 0.75625 0.7140625 0.75625 0.7140625 0.703515625
19 0.4234375 0.728515625 0.375 0.728515625 0.375 0.778125 0.4234375 0.778125 0.4234375 0.728515625
19 0.3171875 0.78125 0.365625 0.78125 0.365625 0.73125 0.3171875 0.73125 0.3171875 0.78125
19 0.3109375 0.730078125 0.2625 0.730078125 0.2625 0.7828125 0.3109375 0.7828125 0.3109375 0.730078125
19 0.25234375 0.7859375 0.25234375 0.730859375 0.196875 0.730859375 0.196875 0.7859375 0.25234375 0.7859375
19 0.359375 0.81875 0.359375 0.8640625 0.4078125 0.8640625 0.4078125 0.81875 0.359375 0.81875
19 0.303515625 0.821875 0.303515625 0.8640625 0.3484375 0.8640625 0.3484375 0.821875 0.303515625 0.821875
19 0.29375 0.86875 0.29375 0.82265625 0.24609375 0.82265625 0.24609375 0.86875 0.29375 0.86875
19 0.184765625 0.8265625 0.184765625 0.875 0.2375 0.875 0.2375 0.8265625 0.184765625 0.8265625
19 0.3578125 0.86875 0.3578125 0.9171875 0.40625 0.9171875 0.40625 0.86875 0.3578125 0.86875
19 0.3015625 0.875 0.3015625 0.9203125 0.346875 0.9203125 0.346875 0.875 0.3015625 0.875
19 0.2921875 0.877734375 0.2453125 0.877734375 0.2453125 0.9203125 0.2921875 0.9203125 0.2921875 0.877734375
19 0.184765625 0.878125 0.184765625 0.925 0.2328125 0.925 0.2328125 0.878125 0.184765625 0.878125
19 0.012890625 0.065625 0.012890625 0.1765625 0.1171875 0.1765625 0.1171875 0.065625 0.012890625 0.065625
19 0.125 0.1828125 0.2375 0.1828125 0.2375 0.066796875 0.125 0.066796875 0.125 0.1828125
19 0.30625 0.115234375 0.24375 0.115234375 0.24375 0.1859375 0.30625 0.1859375 0.30625 0.115234375
19 0.3125 0.121875 0.3125 0.19375 0.3703125 0.19375 0.3703125 0.121875 0.3125 0.121875
19 0.4421875 0.1921875 0.4421875 0.132421875 0.3734375 0.132421875 0.3734375 0.1921875 0.4421875 0.1921875
19 0.5015625 0.134765625 0.4453125 0.134765625 0.4453125 0.2 0.5015625 0.2 0.5015625 0.134765625
19 0.5515625 0.203125 0.5515625 0.16015625 0.510546875 0.16015625 0.510546875 0.203125 0.5515625 0.203125
19 0.5625 0.1625 0.5625 0.209375 0.603125 0.209375 0.603125 0.1625 0.5625 0.1625
19 0.6109375 0.2109375 0.665625 0.2109375 0.665625 0.169140625 0.6109375 0.169140625 0.6109375 0.2109375
19 0.70625 0.2109375 0.70625 0.171484375 0.662890625 0.171484375 0.662890625 0.2109375 0.70625 0.2109375