19 0 0.38671875 0.084375 0.38671875 0.084375 0.2890625 0 0.2890625 0 0.38671875
19 0.203125 0.290625 0.1 0.290625 0.1 0.39296875 0.203125 0.39296875 0.203125 0.290625
19 0.26328125 0.3015625 0.209375 0.3015625 0.209375 0.39296875 0.26328125 0.39296875 0.26328125 0.3015625
19 0.3125 0.3046875 0.2703125 0.3046875 0.2703125 0.39609375 0.3125 0.39609375 0.3125 0.3046875
19 0.36171875 0.3078125 0.3171875 0.3078125 0.3171875 0.3953125 0.36171875 0.3953125 0.36171875 0.3078125
19 0.41171875 0.309375 0.3671875 0.309375 0.3671875 0.396875 0.41171875 0.396875 0.41171875 0.309375
19 0.45859375 0.309375 0.415625 0.309375 0.415625 0.39609375 0.45859375 0.39609375 0.45859375 0.309375
19 0.41328125 0.446875 0.3265625 0.446875 0.3265625 0.51875 0.41328125 0.51875 0.41328125 0.446875
19 0.31953125 0.4484375 0.228125 0.4484375 0.228125 0.5203125 0.31953125 0.5203125 0.31953125 0.4484375
19 0.5109375 0.453125 0.4234375 0.453125 0.4234375 0.5203125 0.5109375 0.5203125 0.5109375 0.453125
19 0.96875 0.590625 0.915625 0.590625 0.915625 0.65546875 0.96875 0.65546875 0.96875 0.590625
19 0.9078125 0.590625 0.8546875 0.590625 0.8546875 0.65703125 0.9078125 0.65703125 0.9078125 0.590625
19 0.84921875 0.590625 0.79375 0.590625 0.79375 0.6578125 0.84921875 0.6578125 0.84921875 0.590625
19 0.78828125 0.5921875 0.734375 0.5921875 0.734375 0.659375 0.78828125 0.659375 0.78828125 0.5921875
19 0.725 0.5921875 0.6578125 0.5921875 0.6578125 0.659375 0.725 0.659375 0.725 0.5921875
19 0.29375 0.590625 0.1984375 0.590625 0.1984375 0.66640625 0.29375 0.66640625 0.29375 0.590625
19 0.48515625 0.596875 0.3984375 0.596875 0.3984375 0.66171875 0.48515625 0.66171875 0.48515625 0.596875
19 0.38984375 0.5953125 0.2984375 0.5953125 0.2984375 0.6640625 0.38984375 0.6640625 0.38984375 0.5953125
19 0.8296875 0.6984375 0.7734375 0.6984375 0.7734375 0.759375 0.8296875 0.759375 0.8296875 0.6984375
19 0.8859375 0.6984375 0.8375 0.6984375 0.8375 0.759375 0.8859375 0.759375 0.8859375 0.6984375
19 0.76875 0.6984375 0.7171875 0.6984375 0.7171875 0.7625 0.76875 0.7625 0.76875 0.6984375
19 0.7078125 0.696875 0.6546875 0.696875 0.6546875 0.76328125 0.7078125 0.76328125 0.7078125 0.696875
19 0.4234375 0.728125 0.375 0.728125 0.375 0.77890625 0.4234375 0.77890625 0.4234375 0.728125
19 0.36640625 0.73125 0.3171875 0.73125 0.3171875 0.78203125 0.36640625 0.78203125 0.36640625 0.73125
19 0.3109375 0.7296875 0.2625 0.7296875 0.2625 0.78359375 0.3109375 0.78359375 0.3109375 0.7296875
19 0.253125 0.73125 0.196875 0.73125 0.196875 0.78671875 0.253125 0.78671875 0.253125 0.73125
19 0.40625 0.8171875 0.3609375 0.8171875 0.3609375 0.865625 0.40625 0.865625 0.40625 0.8171875
19 0.34765625 0.8203125 0.3046875 0.8203125 0.3046875 0.865625 0.34765625 0.865625 0.34765625 0.8203125
19 0.29375 0.821875 0.246875 0.821875 0.246875 0.8703125 0.29375 0.8703125 0.29375 0.821875
19 0.23828125 0.8265625 0.184375 0.8265625 0.184375 0.875 0.23828125 0.875 0.23828125 0.8265625
19 0.40625 0.86875 0.3578125 0.86875 0.3578125 0.9171875 0.40625 0.9171875 0.40625 0.86875
19 0.346875 0.875 0.3015625 0.875 0.3015625 0.9203125 0.346875 0.9203125 0.346875 0.875
19 0.2921875 0.878125 0.2453125 0.878125 0.2453125 0.92109375 0.2921875 0.92109375 0.2921875 0.878125
19 0.23359375 0.878125 0.184375 0.878125 0.184375 0.925 0.23359375 0.925 0.23359375 0.878125
19 0.11796875 0.065625 0.0125 0.065625 0.0125 0.1765625 0.11796875 0.1765625 0.11796875 0.065625
19 0.23984375 0.06875 0.1234375 0.06875 0.1234375 0.18203125 0.23984375 0.18203125 0.23984375 0.06875
19 0.30625 0.115625 0.24375 0.115625 0.24375 0.18671875 0.30625 0.18671875 0.30625 0.115625
19 0.3703125 0.121875 0.3125 0.121875 0.3125 0.19375 0.3703125 0.19375 0.3703125 0.121875
19 0.4390625 0.128125 0.378125 0.128125 0.378125 0.19765625 0.4390625 0.19765625 0.4390625 0.128125
19 0.5015625 0.134375 0.4453125 0.134375 0.4453125 0.20078125 0.5015625 0.20078125 0.5015625 0.134375
19 0.55390625 0.1609375 0.509375 0.1609375 0.509375 0.203125 0.55390625 0.203125 0.55390625 0.1609375
19 0.60625 0.165625 0.559375 0.165625 0.559375 0.20625 0.60625 0.20625 0.60625 0.165625
19 0.66640625 0.16875 0.6109375 0.16875 0.6109375 0.21171875 0.66640625 0.21171875 0.66640625 0.16875
19 0.70703125 0.171875 0.6625 0.171875 0.6625 0.21171875 0.70703125 0.21171875 0.70703125 0.171875