19 0 0.3859375 0.084375 0.3859375 0.084375 0.289453125 0 0.289453125 0 0.3859375
19 0.203125 0.290234375 0.1 0.290234375 0.1 0.3921875 0.203125 0.3921875 0.203125 0.290234375
19 0.28125 0.3734375 0.28125 0.3203125 0.190234375 0.3203125 0.190234375 0.3734375 0.28125 0.3734375
19 0.3375 0.329296875 0.24609375 0.329296875 0.24609375 0.3703125 0.3375 0.3703125 0.3375 0.329296875
19 0.3828125 0.32890625 0.295703125 0.32890625 0.295703125 0.3734375 0.3828125 0.3734375 0.3828125 0.32890625
19 0.366796875 0.309375 0.366796875 0.396875 0.4109375 0.396875 0.4109375 0.309375 0.366796875 0.309375
19 0.4578125 0.3953125 0.4578125 0.309765625 0.416015625 0.309765625 0.416015625 0.3953125 0.4578125 0.3953125
19 0.3265625 0.446875 0.3265625 0.51875 0.4125 0.51875 0.4125 0.446875 0.3265625 0.446875
19 0.228125 0.4484375 0.228125 0.5203125 0.31875 0.5203125 0.31875 0.4484375 0.228125 0.4484375
19 0.4234375 0.453125 0.4234375 0.5203125 0.5109375 0.5203125 0.5109375 0.453125 0.4234375 0.453125
19 0.96875 0.591015625 0.915625 0.591015625 0.915625 0.6546875 0.96875 0.6546875 0.96875 0.591015625
19 0.9140625 0.65 0.9140625 0.597265625 0.8484375 0.597265625 0.8484375 0.65 0.9140625 0.65
19 0.794140625 0.590625 0.794140625 0.6578125 0.8484375 0.6578125 0.8484375 0.590625 0.794140625 0.590625
19 0.79375 0.6515625 0.79375 0.59921875 0.727734375 0.59921875 0.727734375 0.6515625 0.79375 0.6515625
19 0.6578125 0.5921875 0.6578125 0.659375 0.725 0.659375 0.725 0.5921875 0.6578125 0.5921875
19 0.29375 0.591015625 0.1984375 0.591015625 0.1984375 0.665625 0.29375 0.665625 0.29375 0.591015625
19 0.4734375 0.671875 0.4734375 0.586328125 0.409765625 0.586328125 0.409765625 0.671875 0.4734375 0.671875
19 0.378125 0.58359375 0.309765625 0.58359375 0.309765625 0.675 0.378125 0.675 0.378125 0.58359375
19 0.83125 0.75625 0.83125 0.70078125 0.77109375 0.70078125 0.77109375 0.75625 0.83125 0.75625
19 0.83125 0.7046875 0.83125 0.753125 0.8921875 0.753125 0.8921875 0.7046875 0.83125 0.7046875
19 0.7171875 0.6984375 0.7171875 0.7625 0.76875 0.7625 0.76875 0.6984375 0.7171875 0.6984375
19 0.6546875 0.696875 0.6546875 0.7625 0.7078125 0.7625 0.7078125 0.696875 0.6546875 0.696875
19 0.4234375 0.7765625 0.4234375 0.729296875 0.37421875 0.729296875 0.37421875 0.7765625 0.4234375 0.7765625
19 0.365625 0.7796875 0.365625 0.731640625 0.316796875 0.731640625 0.316796875 0.7796875 0.365625 0.7796875
19 0.3140625 0.732421875 0.26015625 0.732421875 0.26015625 0.7796875 0.3140625 0.7796875 0.3140625 0.732421875
19 0.25234375 0.7859375 0.25234375 0.730859375 0.196875 0.730859375 0.196875 0.7859375 0.25234375 0.7859375
19 0.3609375 0.8171875 0.3609375 0.865625 0.40625 0.865625 0.40625 0.8171875 0.3609375 0.8171875
19 0.3046875 0.8203125 0.3046875 0.865625 0.346875 0.865625 0.346875 0.8203125 0.3046875 0.8203125
19 0.246875 0.821875 0.246875 0.8703125 0.29375 0.8703125 0.29375 0.821875 0.246875 0.821875
19 0.184765625 0.8265625 0.184765625 0.875 0.2375 0.875 0.2375 0.8265625 0.184765625 0.8265625
19 0.3578125 0.86875 0.3578125 0.9171875 0.40625 0.9171875 0.40625 0.86875 0.3578125 0.86875
19 0.3015625 0.875 0.3015625 0.9203125 0.346875 0.9203125 0.346875 0.875 0.3015625 0.875
19 0.2921875 0.877734375 0.2453125 0.877734375 0.2453125 0.9203125 0.2921875 0.9203125 0.2921875 0.877734375
19 0.184765625 0.878125 0.184765625 0.925 0.2328125 0.925 0.2328125 0.878125 0.184765625 0.878125
19 0.012890625 0.065625 0.012890625 0.1765625 0.1171875 0.1765625 0.1171875 0.065625 0.012890625 0.065625
19 0.125 0.1828125 0.2375 0.1828125 0.2375 0.066796875 0.125 0.066796875 0.125 0.1828125
19 0.30625 0.116015625 0.24375 0.116015625 0.24375 0.1859375 0.30625 0.1859375 0.30625 0.116015625
19 0.3125 0.121875 0.3125 0.19375 0.3703125 0.19375 0.3703125 0.121875 0.3125 0.121875
19 0.4421875 0.1921875 0.4421875 0.132421875 0.37421875 0.132421875 0.37421875 0.1921875 0.4421875 0.1921875
19 0.5015625 0.134765625 0.4453125 0.134765625 0.4453125 0.2 0.5015625 0.2 0.5015625 0.134765625
19 0.5515625 0.203125 0.5515625 0.16015625 0.510546875 0.16015625 0.510546875 0.203125 0.5515625 0.203125
19 0.559375 0.165625 0.559375 0.20625 0.60625 0.20625 0.60625 0.165625 0.559375 0.165625
19 0.6109375 0.2109375 0.665625 0.2109375 0.665625 0.169140625 0.6109375 0.169140625 0.6109375 0.2109375
19 0.7046875 0.2125 0.7046875 0.169921875 0.665234375 0.169921875 0.665234375 0.2125 0.7046875 0.2125