24 0.693359375 0 0.693359375 0.3859375 0.90625 0.3859375 0.90625 0 0.693359375 0
24 0.29765625 0 0.29765625 0.3671875 0.5109375 0.3671875 0.5109375 0 0.29765625 0
24 0.4703125 0.039453125 0.322265625 0.039453125 0.322265625 0.468359375 0.4703125 0.468359375 0.4703125 0.039453125
24 0.8609375 0.105078125 0.71328125 0.105078125 0.71328125 0.5203125 0.8609375 0.5203125 0.8609375 0.105078125
24 0.5578125 0.3109375 0.5578125 0.453125 0.9796875 0.453125 0.9796875 0.3109375 0.5578125 0.3109375
24 0.156640625 0.259375 0.156640625 0.4296875 0.584375 0.4296875 0.584375 0.259375 0.156640625 0.259375
24 0.078515625 0.0125 0.078515625 0.14375 0.234375 0.14375 0.234375 0.0125 0.078515625 0.0125
24 0.2046875 0.2578125 0.2046875 0.095703125 0.098046875 0.095703125 0.098046875 0.2578125 0.2046875 0.2578125
24 0.0859375 0.3390625 0.171875 0.3390625 0.171875 0.180859375 0.0859375 0.180859375 0.0859375 0.3390625
24 0.1703125 0.428125 0.1703125 0.248046875 0.065234375 0.248046875 0.065234375 0.428125 0.1703125 0.428125
24 0.816796875 0.6625 0.816796875 0.233984375 0.695703125 0.233984375 0.695703125 0.6625 0.816796875 0.6625
24 0.384375 0.7265625 0.384375 0.86875 0.4984375 0.86875 0.4984375 0.7265625 0.384375 0.7265625
24 0.6578125 0.8609375 0.6578125 0.750390625 0.576953125 0.750390625 0.576953125 0.8609375 0.6578125 0.8609375
24 0.7171875 0.779296875 0.61015625 0.779296875 0.61015625 0.8546875 0.7171875 0.8546875 0.7171875 0.779296875
24 0.6109375 0.83125 0.6109375 0.750390625 0.505078125 0.750390625 0.505078125 0.83125 0.6109375 0.83125
24 0.5640625 0.751953125 0.452734375 0.751953125 0.452734375 0.827734375 0.5640625 0.827734375 0.5640625 0.751953125