24 0.2828125 1 0.2828125 0.66953125 0.06640625 0.66953125 0.06640625 1 0.2828125 1
24 0.307421875 0.8015625 0.307421875 0.9984375 0.7796875 0.9984375 0.7796875 0.8015625 0.307421875 0.8015625
24 0.3421875 0.7125 0.3421875 0.8640625 0.7640625 0.8640625 0.7640625 0.7125 0.3421875 0.7125
24 0 0.7984375 0.375 0.7984375 0.375 0.6484375 0 0.6484375 0 0.7984375
24 0 0.725 0.3984375 0.725 0.3984375 0.58125 0 0.58125 0 0.725
24 0.36875 0.6125 0.36875 0.7859375 0.7921875 0.7859375 0.7921875 0.6125 0.36875 0.6125
24 0.8859375 1 0.8859375 0.8859375 0.718359375 0.8859375 0.718359375 1 0.8859375 1
24 0.865625 0.965625 0.865625 0.76953125 0.75234375 0.76953125 0.75234375 0.965625 0.865625 0.965625
24 0.7859375 0.6890625 0.7859375 0.8828125 0.8796875 0.8828125 0.8796875 0.6890625 0.7859375 0.6890625
24 0.9546875 0.654296875 0.740625 0.654296875 0.740625 0.7671875 0.9546875 0.7671875 0.9546875 0.654296875
24 0.14375 0.3828125 0.14375 0.7953125 0.26875 0.7953125 0.26875 0.3828125 0.14375 0.3828125
24 0.465625 0.1828125 0.465625 0.321875 0.5796875 0.321875 0.5796875 0.1828125 0.465625 0.1828125
24 0.3078125 0.1859375 0.3078125 0.2953125 0.390625 0.2953125 0.390625 0.1859375 0.3078125 0.1859375
24 0.359375 0.188671875 0.25390625 0.188671875 0.25390625 0.265625 0.359375 0.265625 0.359375 0.188671875
24 0.4609375 0.214453125 0.355859375 0.214453125 0.355859375 0.296484375 0.4609375 0.296484375 0.4609375 0.214453125
24 0.4171875 0.203125 0.4171875 0.3125 0.49375 0.3125 0.49375 0.203125 0.4171875 0.203125