24 0.99921875 0.0796875 0.6015625 0.0796875 0.6015625 0.29453125 0.99921875 0.29453125 0.99921875 0.0796875
24 0.64375 0.021875 0.165625 0.021875 0.165625 0.2359375 0.64375 0.2359375 0.64375 0.021875
24 0.61171875 0.1796875 0.1828125 0.1796875 0.1828125 0.32890625 0.61171875 0.32890625 0.61171875 0.1796875
24 0.9953125 0.2390625 0.5796875 0.2390625 0.5796875 0.38671875 0.9953125 0.38671875 0.9953125 0.2390625
24 0.9796875 0.3109375 0.5578125 0.3109375 0.5578125 0.45390625 0.9796875 0.45390625 0.9796875 0.3109375
24 0.58515625 0.259375 0.15625 0.259375 0.15625 0.4296875 0.58515625 0.4296875 0.58515625 0.259375
24 0.090625 0 0.090625 0.15625 0.22265625 0.15625 0.22265625 0 0.090625 0
24 0.23359375 0.1234375 0.0703125 0.1234375 0.0703125 0.23046875 0.23359375 0.23046875 0.23359375 0.1234375
24 0.20859375 0.2171875 0.05 0.2171875 0.05 0.30390625 0.20859375 0.30390625 0.20859375 0.2171875
24 0.20859375 0.284375 0.028125 0.284375 0.028125 0.39140625 0.20859375 0.39140625 0.20859375 0.284375
24 0.97109375 0.3875 0.5421875 0.3875 0.5421875 0.50859375 0.97109375 0.50859375 0.97109375 0.3875
24 0.4984375 0.7265625 0.384375 0.7265625 0.384375 0.86875 0.4984375 0.86875 0.4984375 0.7265625
24 0.65859375 0.75 0.5765625 0.75 0.5765625 0.86171875 0.65859375 0.86171875 0.65859375 0.75
24 0.7015625 0.7640625 0.625 0.7640625 0.625 0.87109375 0.7015625 0.87109375 0.7015625 0.7640625
24 0.59921875 0.7375 0.5171875 0.7375 0.5171875 0.84453125 0.59921875 0.84453125 0.59921875 0.7375
24 0.54609375 0.734375 0.4703125 0.734375 0.4703125 0.84609375 0.54609375 0.84609375 0.54609375 0.734375