24 0.693359375 0 0.693359375 0.3859375 0.90625 0.3859375 0.90625 0 0.693359375 0
24 0.29765625 0 0.29765625 0.3671875 0.5109375 0.3671875 0.5109375 0 0.29765625 0
24 0.6109375 0.328125 0.6109375 0.180078125 0.182421875 0.180078125 0.182421875 0.328125 0.6109375 0.328125
24 0.8609375 0.105078125 0.71328125 0.105078125 0.71328125 0.5203125 0.8609375 0.5203125 0.8609375 0.105078125
24 0.5578125 0.3109375 0.5578125 0.453125 0.9796875 0.453125 0.9796875 0.3109375 0.5578125 0.3109375
24 0.285546875 0.1296875 0.285546875 0.5578125 0.4546875 0.5578125 0.4546875 0.1296875 0.285546875 0.1296875
24 0.091015625 0 0.091015625 0.15625 0.221875 0.15625 0.221875 0 0.091015625 0
24 0.2046875 0.2578125 0.2046875 0.095703125 0.098046875 0.095703125 0.098046875 0.2578125 0.2046875 0.2578125
24 0.2078125 0.303125 0.2078125 0.2171875 0.050390625 0.2171875 0.050390625 0.303125 0.2078125 0.303125
24 0.2078125 0.390625 0.2078125 0.284375 0.028515625 0.284375 0.028515625 0.390625 0.2078125 0.390625
24 0.9703125 0.5078125 0.9703125 0.387109375 0.541796875 0.387109375 0.541796875 0.5078125 0.9703125 0.5078125
24 0.384375 0.7265625 0.384375 0.86875 0.4984375 0.86875 0.4984375 0.7265625 0.384375 0.7265625
24 0.6734375 0.764453125 0.562109375 0.764453125 0.562109375 0.846484375 0.6734375 0.846484375 0.6734375 0.764453125
24 0.7171875 0.779296875 0.61015625 0.779296875 0.61015625 0.8546875 0.7171875 0.8546875 0.7171875 0.779296875
24 0.5046875 0.83125 0.6109375 0.83125 0.6109375 0.749609375 0.5046875 0.749609375 0.5046875 0.83125
24 0.5640625 0.751953125 0.452734375 0.751953125 0.452734375 0.827734375 0.5640625 0.827734375 0.5640625 0.751953125