24 0 0.953125 0.35 0.953125 0.35 0.7359375 0 0.7359375 0 0.953125
24 0.6421875 1 0.6421875 0.66328125 0.445703125 0.66328125 0.445703125 1 0.6421875 1
24 0.3421875 0.7125 0.3421875 0.8640625 0.7640625 0.8640625 0.7640625 0.7125 0.3421875 0.7125
24 0 0.7984375 0.375 0.7984375 0.375 0.6484375 0 0.6484375 0 0.7984375
24 0 0.725 0.3984375 0.725 0.3984375 0.58125 0 0.58125 0 0.725
24 0.49375 0.4875 0.49375 0.9109375 0.6671875 0.9109375 0.6671875 0.4875 0.49375 0.4875
24 0.8859375 1 0.8859375 0.8859375 0.718359375 0.8859375 0.718359375 1 0.8859375 1
24 0.7109375 0.8109375 0.7109375 0.925 0.9078125 0.925 0.9078125 0.8109375 0.7109375 0.8109375
24 0.7859375 0.6890625 0.7859375 0.8828125 0.8796875 0.8828125 0.8796875 0.6890625 0.7859375 0.6890625
24 0.9546875 0.655078125 0.740625 0.655078125 0.740625 0.7671875 0.9546875 0.7671875 0.9546875 0.655078125
24 0 0.6515625 0.4125 0.6515625 0.4125 0.5265625 0 0.5265625 0 0.6515625
24 0.453125 0.1953125 0.453125 0.309375 0.5921875 0.309375 0.5921875 0.1953125 0.453125 0.1953125
24 0.403125 0.28125 0.403125 0.19921875 0.29453125 0.19921875 0.29453125 0.28125 0.403125 0.28125
24 0.3453125 0.174609375 0.2671875 0.174609375 0.2671875 0.2796875 0.3453125 0.2796875 0.3453125 0.174609375
24 0.4484375 0.3078125 0.4484375 0.203515625 0.367578125 0.203515625 0.367578125 0.3078125 0.4484375 0.3078125
24 0.4171875 0.203125 0.4171875 0.3125 0.49375 0.3125 0.49375 0.203125 0.4171875 0.203125