24 0.9359375 1 0.9359375 0.6875 0.713763565625 0.6875 0.713763565625 1 0.9359375 1
24 0.5390625 1 0.5390625 0.665625 0.35871181875 0.665625 0.35871181875 1 0.5390625 1
24 0.65625 0.88125 0.65625 0.7267132234375 0.22358319999999998 0.7267132234375 0.22358319999999998 0.88125 0.65625 0.88125
24 0.99982164375 0.8140625 0.99982164375 0.66111083125 0.62361585625 0.66111083125 0.62361585625 0.8140625 0.99982164375 0.8140625
24 0.871875 0.8640625 0.871875 0.4655948546875 0.7258541000000001 0.4655948546875 0.7258541000000001 0.8640625 0.871875 0.8640625
24 0.5 0.9296875 0.5 0.4953125 0.3226286171875 0.4953125 0.3226286171875 0.9296875 0.5 0.9296875
24 0.270008540625 0.999771403125 0.270008540625 0.9049160984375 0.097178959375 0.9049160984375 0.097178959375 0.999771403125 0.270008540625 0.999771403125
24 0.278125 0.94375 0.278125 0.827911475 0.07584907656249999 0.827911475 0.07584907656249999 0.94375 0.278125 0.94375
24 0.2 0.7021804656249999 0.1046875 0.7021804656249999 0.1046875 0.901537378125 0.2 0.901537378125 0.2 0.7021804656249999
24 0.1953125 0.834375 0.1953125 0.616094753125 0.079479 0.616094753125 0.079479 0.834375 0.1953125 0.834375
24 0.728125 0.80625 0.85625 0.80625 0.85625 0.39264720625 0.728125 0.39264720625 0.728125 0.80625
24 0.5421875 0.1945237140625 0.40023110937500006 0.1945237140625 0.40023110937500006 0.31188705781250003 0.5421875 0.31188705781250003 0.5421875 0.1945237140625
24 0.6078125 0.296875 0.6921875 0.296875 0.6921875 0.184375 0.6078125 0.184375 0.6078125 0.296875
24 0.6546875 0.28125 0.734375 0.28125 0.734375 0.17386455 0.6546875 0.17386455 0.6546875 0.28125
24 0.63125 0.309375 0.63125 0.20237389375 0.547995378125 0.20237389375 0.547995378125 0.309375 0.63125 0.309375
24 0.596875 0.296875 0.596875 0.2198251609375 0.48525924375 0.2198251609375 0.48525924375 0.296875 0.596875 0.296875