24 1 0.7508038578125 0.649517684375 0.7508038578125 0.649517684375 0.9742765265625 1 0.9742765265625 1 0.7508038578125
24 0.6929260453125 1 0.6929260453125 0.8183279750000001 0.206591640625 0.8183279750000001 0.206591640625 1 0.6929260453125 1
24 0.6575562703125 0.726688103125 0.22347266875 0.726688103125 0.22347266875 0.8826366562500001 0.6575562703125 0.8826366562500001 0.6575562703125 0.726688103125
24 1 0.6607717046875 0.6237942125 0.6607717046875 0.6237942125 0.8151125406249999 1 0.8151125406249999 1 0.6607717046875
24 1 0.591639871875 0.59967845625 0.591639871875 0.59967845625 0.7395498390624999 1 0.7395498390624999 1 0.591639871875
24 0.6302250796875 0.6237942125 0.1945337625 0.6237942125 0.1945337625 0.802250803125 0.6302250796875 0.802250803125 0.6302250796875 0.6237942125
24 0.2700964625 1 0.2700964625 0.9051446953125 0.09726688125 0.9051446953125 0.09726688125 1 0.2700964625 1
24 0.2781350484375 0.8279742765625 0.0755627015625 0.8279742765625 0.0755627015625 0.9453376203125 0.2781350484375 0.9453376203125 0.2781350484375 0.8279742765625
24 0.252411575 0.7540192921875 0.0530546625 0.7540192921875 0.0530546625 0.850482315625 0.252411575 0.850482315625 0.252411575 0.7540192921875
24 0.247588425 0.667202571875 0.0273311890625 0.667202571875 0.0273311890625 0.7837620578125 0.247588425 0.7837620578125 0.247588425 0.667202571875
24 1 0.535369775 0.585209003125 0.535369775 0.585209003125 0.6639871375 1 0.6639871375 1 0.535369775
24 0.5305466234375 0.181672025 0.4131832796875 0.181672025 0.4131832796875 0.3247588421875 0.5305466234375 0.3247588421875 0.5305466234375 0.181672025
24 0.6929260453125 0.184887459375 0.6077170421875 0.184887459375 0.6077170421875 0.297427653125 0.6929260453125 0.297427653125 0.6929260453125 0.184887459375
24 0.7347266875 0.173633440625 0.6543408359375 0.173633440625 0.6543408359375 0.282154340625 0.7347266875 0.282154340625 0.7347266875 0.173633440625
24 0.631832796875 0.20257234687499998 0.547427653125 0.20257234687499998 0.547427653125 0.311093246875 0.631832796875 0.311093246875 0.631832796875 0.20257234687499998
24 0.5803858515625 0.20257234687499998 0.5016077171875 0.20257234687499998 0.5016077171875 0.315112540625 0.5803858515625 0.315112540625 0.5803858515625 0.20257234687499998