24 0 0.953125 0.35 0.953125 0.35 0.7359375 0 0.7359375 0 0.953125
24 0.78046875 0.8015625 0.3078125 0.8015625 0.3078125 0.9984375 0.78046875 0.9984375 0.78046875 0.8015625
24 0.7640625 0.7125 0.3421875 0.7125 0.3421875 0.8640625 0.7640625 0.8640625 0.7640625 0.7125
24 0 0.7984375 0.375 0.7984375 0.375 0.6484375 0 0.6484375 0 0.7984375
24 0 0.725 0.3984375 0.725 0.3984375 0.58125 0 0.58125 0 0.725
24 0.7921875 0.6125 0.36875 0.6125 0.36875 0.7859375 0.7921875 0.7859375 0.7921875 0.6125
24 0.88671875 1 0.88671875 0.8859375 0.71875 0.8859375 0.71875 1 0.88671875 1
24 0.9078125 0.8109375 0.7109375 0.8109375 0.7109375 0.925 0.9078125 0.925 0.9078125 0.8109375
24 0.9296875 0.7390625 0.7359375 0.7390625 0.7359375 0.8328125 0.9296875 0.8328125 0.9296875 0.7390625
24 0.9546875 0.6546875 0.740625 0.6546875 0.740625 0.76796875 0.9546875 0.76796875 0.9546875 0.6546875
24 0 0.6515625 0.4125 0.6515625 0.4125 0.5265625 0 0.5265625 0 0.6515625
24 0.5796875 0.1828125 0.465625 0.1828125 0.465625 0.321875 0.5796875 0.321875 0.5796875 0.1828125
24 0.390625 0.1859375 0.3078125 0.1859375 0.3078125 0.2953125 0.390625 0.2953125 0.390625 0.1859375
24 0.3453125 0.175 0.2671875 0.175 0.2671875 0.28046875 0.3453125 0.28046875 0.3453125 0.175
24 0.44921875 0.203125 0.3671875 0.203125 0.3671875 0.30859375 0.44921875 0.30859375 0.44921875 0.203125
24 0.49375 0.203125 0.4171875 0.203125 0.4171875 0.3125 0.49375 0.3125 0.49375 0.203125