24 0.7421875 0.603125 0.7421875 0.49754464374999996 0.672534496875 0.49754464374999996 0.672534496875 0.603125 0.7421875 0.603125
24 0.6578125 0.653125 0.6578125 0.5528510546875001 0.5945718359375001 0.5528510546875001 0.5945718359375001 0.653125 0.6578125 0.653125
24 0.7140625 0.556371753125 0.6204849828125 0.556371753125 0.6204849828125 0.612378246875 0.7140625 0.612378246875 0.7140625 0.556371753125
24 0.8515625 0.6234375 0.8515625 0.5521103890625 0.72963676875 0.5521103890625 0.72963676875 0.6234375 0.8515625 0.6234375
24 0.9265625 0.6234375 0.9265625 0.562439121875 0.8122564921875 0.562439121875 0.8122564921875 0.6234375 0.9265625 0.6234375
24 0.8734375 0.507934253125 0.8234375 0.507934253125 0.8234375 0.601278409375 0.8734375 0.601278409375 0.8734375 0.507934253125
24 0.784375 0.6515625 0.784375 0.5828936687499999 0.6704139609374999 0.5828936687499999 0.6704139609374999 0.6515625 0.784375 0.6515625
24 0.834375 0.684375 0.834375 0.5776075484375001 0.7943993500000001 0.5776075484375001 0.7943993500000001 0.684375 0.834375 0.684375
24 0.971875 0.6515625 0.971875 0.5353388796874999 0.9050324671875 0.5353388796874999 0.9050324671875 0.6515625 0.971875 0.6515625
24 0.1899046265625 0.7765625 0.1899046265625 0.6933238640625 0.061657873437499996 0.6933238640625 0.061657873437499996 0.7765625 0.1899046265625 0.7765625
24 0.1984375 0.7734375 0.39375 0.7734375 0.39375 0.6962865265625 0.1984375 0.6962865265625 0.1984375 0.7734375
24 0.9984375 0.784375 0.9984375 0.7080458609375 0.9884232953125001 0.7080458609375 0.9884232953125001 0.784375 0.9984375 0.784375
24 0.9984375 0.9890625 0.9984375 0.8900771093750001 0.8957183453124999 0.8900771093750001 0.8957183453124999 0.9890625 0.9984375 0.9890625
24 0.2890625 1 0.2890625 0.8879058437499999 0.24679383124999998 0.8879058437499999 0.24679383124999998 1 0.2890625 1
24 0.48125 1 0.48125 0.8401278421875 0.39589082656249996 0.8401278421875 0.39589082656249996 1 0.48125 1
24 0.840432225 1 0.840432225 0.8463271109375 0.7546875 0.8463271109375 0.7546875 1 0.840432225 1
24 0.6984375 0.9546875 0.6984375 0.8786424500000001 0.511789771875 0.8786424500000001 0.511789771875 0.9546875 0.6984375 0.9546875
24 0.31875 1 0.31875 0.83022524375 0.228125 0.83022524375 0.228125 1 0.31875 1
24 0.5765625 0.821875 0.5765625 0.6627435078125 0.4852577109375 0.6627435078125 0.4852577109375 0.821875 0.5765625 0.821875
24 0.34375 0.70493100625 0.256797890625 0.70493100625 0.256797890625 0.9046063312499999 0.34375 0.9046063312499999 0.34375 0.70493100625
24 0.784375 0.78125 0.784375 0.7079849828125 0.6489143671875001 0.7079849828125 0.6489143671875001 0.78125 0.784375 0.78125
24 0.878125 0.8046875 0.878125 0.6845677765625 0.804159903125 0.6845677765625 0.804159903125 0.8046875 0.878125 0.8046875
24 0.9998173703125 0.7859375 0.9998173703125 0.7078835234375 0.8845576296875001 0.7078835234375 0.8845576296875001 0.7859375 0.9998173703125 0.7859375
24 0.6125 0.6828125 0.6125 0.395677759375 0.48833198125 0.395677759375 0.48833198125 0.6828125 0.6125 0.6828125
24 0.646875 0.646875 0.646875 0.5319399359375 0.3634740265625 0.5319399359375 0.3634740265625 0.646875 0.646875 0.646875
24 0.3484375 0.69375 0.3484375 0.409375 0.23578530781249998 0.409375 0.23578530781249998 0.69375 0.3484375 0.69375
24 0.096875 0.6796875 0.390625 0.6796875 0.390625 0.5734375 0.096875 0.5734375 0.096875 0.6796875