24 0.93125 0.484375 0.9984375 0.484375 0.9984375 0.3375 0.93125 0.3375 0.93125 0.484375
24 0.2734375 0.5515625 0.353125 0.5515625 0.353125 0.4953125 0.2734375 0.4953125 0.2734375 0.5515625
24 0.3625 0.5875 0.43828125 0.5875 0.43828125 0.5359375 0.3625 0.5359375 0.3625 0.5875
24 0.321875 0.57109375 0.39375 0.57109375 0.39375 0.5265625 0.321875 0.5265625 0.321875 0.57109375
24 0.203125 0.59296875 0.29921875 0.59296875 0.29921875 0.5375 0.203125 0.5375 0.203125 0.59296875
24 0.1390625 0.6015625 0.228125 0.6015625 0.228125 0.553125 0.1390625 0.553125 0.1390625 0.6015625
24 0.1515625 0.56015625 0.225 0.56015625 0.225 0.5203125 0.1515625 0.5203125 0.1515625 0.56015625
24 0.2734375 0.6125 0.3609375 0.6125 0.3609375 0.559375 0.2734375 0.559375 0.2734375 0.6125
24 0.1984375 0.61953125 0.28828125 0.61953125 0.28828125 0.5921875 0.1984375 0.5921875 0.1984375 0.61953125
24 0.0765625 0.6125 0.16640625 0.6125 0.16640625 0.5609375 0.0765625 0.5609375 0.0765625 0.6125
24 0.8421875 0.66171875 0.99375 0.66171875 0.99375 0.5921875 0.8421875 0.5921875 0.8421875 0.66171875
24 0.65625 0.67109375 0.81953125 0.67109375 0.81953125 0.6171875 0.65625 0.6171875 0.65625 0.67109375
24 0 0.675 0.08125 0.675 0.08125 0.63125 0 0.63125 0 0.675
24 0.046875 0.7640625 0.11875 0.7640625 0.11875 0.7 0.046875 0.7 0.046875 0.7640625
24 0.1734375 0.9453125 0.2625 0.9453125 0.2625 0.853125 0.1734375 0.853125 0.1734375 0.9453125
24 0.0703125 0.94296875 0.1703125 0.94296875 0.1703125 0.85625 0.0703125 0.85625 0.0703125 0.94296875
24 0.778125 0.90625 0.96796875 0.90625 0.96796875 0.8421875 0.778125 0.8421875 0.778125 0.90625
24 0.5953125 0.87109375 0.76484375 0.87109375 0.76484375 0.8109375 0.5953125 0.8109375 0.5953125 0.87109375
24 0.2828125 0.9140625 0.44609375 0.9140625 0.44609375 0.853125 0.2828125 0.853125 0.2828125 0.9140625
24 0 0.9515625 0.075 0.9515625 0.075 0.8625 0 0.8625 0 0.9515625
24 0.4484375 0.8640625 0.6046875 0.8640625 0.6046875 0.8109375 0.4484375 0.8109375 0.4484375 0.8640625
24 0.7328125 0.8578125 0.925 0.8578125 0.925 0.7953125 0.7328125 0.7953125 0.7328125 0.8578125
24 0.471875 0.71015625 0.5953125 0.71015625 0.5953125 0.6390625 0.471875 0.6390625 0.471875 0.71015625
24 0.675 0.7375 0.83828125 0.7375 0.83828125 0.6765625 0.675 0.6765625 0.675 0.7375
24 0.3140625 0.725 0.42109375 0.725 0.42109375 0.66875 0.3140625 0.66875 0.3140625 0.725
24 0.2125 0.73984375 0.30390625 0.73984375 0.30390625 0.68125 0.2125 0.68125 0.2125 0.73984375
24 0.1203125 0.7546875 0.21015625 0.7546875 0.21015625 0.690625 0.1203125 0.690625 0.1203125 0.7546875
24 0.328125 0.540625 0.56640625 0.540625 0.56640625 0.453125 0.328125 0.453125 0.328125 0.540625
24 0.3859375 0.5765625 0.62265625 0.5765625 0.62265625 0.496875 0.3859375 0.496875 0.3859375 0.5765625
24 0.5625 0.5203125 0.80078125 0.5203125 0.80078125 0.4421875 0.5625 0.4421875 0.5625 0.5203125
24 0.6234375 0.57578125 0.871875 0.57578125 0.871875 0.5046875 0.6234375 0.5046875 0.6234375 0.57578125