24 0.93125 0.3375 0.93125 0.484375 0.9984375 0.484375 0.9984375 0.3375 0.93125 0.3375
24 0.2734375 0.4953125 0.2734375 0.5515625 0.353125 0.5515625 0.353125 0.4953125 0.2734375 0.4953125
24 0.362890625 0.5359375 0.362890625 0.5875 0.4375 0.5875 0.4375 0.5359375 0.362890625 0.5359375
24 0.3796875 0.584375 0.3796875 0.512890625 0.3359375 0.512890625 0.3359375 0.584375 0.3796875 0.584375
24 0.2984375 0.5921875 0.2984375 0.537109375 0.202734375 0.537109375 0.202734375 0.5921875 0.2984375 0.5921875
24 0.1390625 0.553125 0.1390625 0.6015625 0.228125 0.6015625 0.228125 0.553125 0.1390625 0.553125
24 0.1515625 0.5203125 0.1515625 0.559375 0.225 0.559375 0.225 0.5203125 0.1515625 0.5203125
24 0.2734375 0.559375 0.2734375 0.6125 0.3609375 0.6125 0.3609375 0.559375 0.2734375 0.559375
24 0.2296875 0.65 0.25625 0.65 0.25625 0.561328125 0.2296875 0.561328125 0.2296875 0.65
24 0.0765625 0.5609375 0.0765625 0.6125 0.165625 0.6125 0.165625 0.5609375 0.0765625 0.5609375
24 0.953125 0.551171875 0.88359375 0.551171875 0.88359375 0.7015625 0.953125 0.7015625 0.953125 0.551171875
24 0.7640625 0.725 0.7640625 0.5625 0.710546875 0.5625 0.710546875 0.725 0.7640625 0.725
24 0.01875 0.6125 0.01875 0.69375 0.0625 0.69375 0.0625 0.6125 0.01875 0.6125
24 0.046875 0.7 0.046875 0.7640625 0.11875 0.7640625 0.11875 0.7 0.046875 0.7
24 0.1734375 0.853125 0.1734375 0.9453125 0.2625 0.9453125 0.2625 0.853125 0.1734375 0.853125
24 0.1640625 0.849609375 0.07734375 0.849609375 0.07734375 0.9484375 0.1640625 0.9484375 0.1640625 0.849609375
24 0.9046875 0.96875 0.9046875 0.7796875 0.841015625 0.7796875 0.841015625 0.96875 0.9046875 0.96875
24 0.7640625 0.8703125 0.7640625 0.811328125 0.595703125 0.811328125 0.595703125 0.8703125 0.7640625 0.8703125
24 0.333984375 0.8015625 0.333984375 0.96484375 0.39375 0.96484375 0.39375 0.8015625 0.333984375 0.8015625
24 0 0.9515625 0.075 0.9515625 0.075 0.8625 0 0.8625 0 0.9515625
24 0.4484375 0.8109375 0.4484375 0.8640625 0.6046875 0.8640625 0.6046875 0.8109375 0.4484375 0.8109375
24 0.859375 0.921875 0.859375 0.73046875 0.79765625 0.73046875 0.79765625 0.921875 0.859375 0.921875
24 0.56875 0.612890625 0.4984375 0.612890625 0.4984375 0.7359375 0.56875 0.7359375 0.56875 0.612890625
24 0.7859375 0.7875 0.7859375 0.62578125 0.726171875 0.62578125 0.726171875 0.7875 0.7859375 0.7875
24 0.3953125 0.75 0.3953125 0.64375 0.339453125 0.64375 0.339453125 0.75 0.3953125 0.75
24 0.2875 0.7546875 0.2875 0.665234375 0.229296875 0.665234375 0.229296875 0.7546875 0.2875 0.7546875
24 0.1203125 0.690625 0.1203125 0.7546875 0.209375 0.7546875 0.209375 0.690625 0.1203125 0.690625
24 0.328515625 0.453125 0.328515625 0.540625 0.565625 0.540625 0.565625 0.453125 0.328515625 0.453125
24 0.54375 0.41875 0.464453125 0.41875 0.464453125 0.6546875 0.54375 0.6546875 0.54375 0.41875
24 0.642578125 0.3625 0.642578125 0.6 0.7203125 0.6 0.7203125 0.3625 0.642578125 0.3625
24 0.6234375 0.5046875 0.6234375 0.575 0.871875 0.575 0.871875 0.5046875 0.6234375 0.5046875