24 0.6542207796875 0.5860389609375 0.7613636359375 0.5860389609375 0.7613636359375 0.516233765625 0.6542207796875 0.516233765625 0.6542207796875 0.5860389609375
24 0.5762987015625 0.6363636359375 0.677759740625 0.6363636359375 0.677759740625 0.5714285718750001 0.5762987015625 0.5714285718750001 0.5762987015625 0.6363636359375
24 0.6201298703125 0.6128246749999999 0.7150974031249999 0.6128246749999999 0.7150974031249999 0.5568181812499999 0.6201298703125 0.5568181812499999 0.6201298703125 0.6128246749999999
24 0.7288961031250001 0.6233766234375 0.8522727265625001 0.6233766234375 0.8522727265625001 0.5519480515625 0.7288961031250001 0.5519480515625 0.7288961031250001 0.6233766234375
24 0.8116883109374999 0.6241883109375 0.9269480515625 0.6241883109375 0.9269480515625 0.5616883109375 0.8116883109374999 0.5616883109375 0.8116883109374999 0.6241883109375
24 0.8019480515625 0.5803571421875 0.8952922078125001 0.5803571421875 0.8952922078125001 0.5292207796875 0.8019480515625 0.5292207796875 0.8019480515625 0.5803571421875
24 0.6704545453125 0.6517857140625 0.7857142859375 0.6517857140625 0.7857142859375 0.5827922078125 0.6704545453125 0.5827922078125 0.6704545453125 0.6517857140625
24 0.7613636359375 0.6517857140625 0.86850649375 0.6517857140625 0.86850649375 0.6103896109375 0.7613636359375 0.6103896109375 0.7613636359375 0.6517857140625
24 0.8798701296875 0.6274350656250001 0.9975649343749999 0.6274350656250001 0.9975649343749999 0.5600649343749999 0.8798701296875 0.5600649343749999 0.8798701296875 0.6274350656250001
24 0.061688310937500004 0.7784090906250001 0.189935065625 0.7784090906250001 0.189935065625 0.6931818187500001 0.061688310937500004 0.6931818187500001 0.061688310937500004 0.7784090906250001
24 0.1980519484375 0.7751623375000001 0.39448051875 0.7751623375000001 0.39448051875 0.6964285718750001 0.1980519484375 0.6964285718750001 0.1980519484375 0.7751623375000001
24 1 0.7077922078125 0.9886363640625 0.7077922078125 0.9886363640625 0.7849025968750001 1 0.7849025968750001 1 0.7077922078125
24 1 0.8896103890625 0.8961038968749999 0.8896103890625 0.8961038968749999 0.9894480515625 1 0.9894480515625 1 0.8896103890625
24 0.358766234375 1 0.358766234375 0.95616883125 0.178571428125 0.95616883125 0.178571428125 1 0.358766234375 1
24 0.33603896093749996 0.9853896109375 0.5405844156249999 0.9853896109375 0.5405844156249999 0.89935065 0.33603896093749996 0.89935065 0.33603896093749996 0.9853896109375
24 0.6980519484375 0.9886363640625 0.8977272734374999 0.9886363640625 0.8977272734374999 0.9025974031249999 0.6980519484375 0.9025974031249999 0.6980519484375 0.9886363640625
24 0.5113636359375 0.9553571421875 0.6988636359375 0.9553571421875 0.6988636359375 0.8782467531249999 0.5113636359375 0.8782467531249999 0.5113636359375 0.9553571421875
24 0.15909090937499998 0.9902597406250001 0.38879870156249996 0.9902597406250001 0.38879870156249996 0.89935065 0.15909090937499998 0.89935065 0.15909090937499998 0.9902597406250001
24 0.45129870156249996 0.7889610390625 0.6112012984375 0.7889610390625 0.6112012984375 0.6964285718750001 0.45129870156249996 0.6964285718750001 0.45129870156249996 0.7889610390625
24 0.2012987015625 0.8490259734375 0.40097402656250003 0.8490259734375 0.40097402656250003 0.7613636359375 0.2012987015625 0.7613636359375 0.2012987015625 0.8490259734375
24 0.6493506499999999 0.7816558437500001 0.7857142859375 0.7816558437500001 0.7857142859375 0.7077922078125 0.6493506499999999 0.7077922078125 0.6493506499999999 0.7816558437500001
24 0.7808441562499999 0.7824675328125 0.9017857140625001 0.7824675328125 0.9017857140625001 0.7077922078125 0.7808441562499999 0.7077922078125 0.7808441562499999 0.7824675328125
24 1 0.7077922078125 0.8847402593749999 0.7077922078125 0.8847402593749999 0.7873376624999999 1 0.7873376624999999 1 0.7077922078125
24 0.40746753281250003 0.6022727265625 0.6956168828125 0.6022727265625 0.6956168828125 0.47727272656249997 0.40746753281250003 0.47727272656249997 0.40746753281250003 0.6022727265625
24 0.3636363640625 0.6477272734375 0.6485389609375 0.6477272734375 0.6485389609375 0.5324675328125 0.3636363640625 0.5324675328125 0.3636363640625 0.6477272734375
24 0.14935065 0.608766234375 0.435064934375 0.608766234375 0.435064934375 0.49512987031250005 0.14935065 0.49512987031250005 0.14935065 0.608766234375
24 0.097402596875 0.6801948046875 0.391233765625 0.6801948046875 0.391233765625 0.5730519484375 0.097402596875 0.5730519484375 0.097402596875 0.6801948046875