24 1 0.37734375 0.89140625 0.37734375 0.89140625 0.44375 1 0.44375 1 0.37734375
24 0.340625 0.5625 0.340625 0.48359375 0.28515625 0.48359375 0.28515625 0.5625 0.340625 0.5625
24 0.425 0.5984375 0.425 0.52421875 0.374609375 0.52421875 0.374609375 0.5984375 0.425 0.5984375
24 0.39375 0.526953125 0.321875 0.526953125 0.321875 0.5703125 0.39375 0.5703125 0.39375 0.526953125
24 0.2984375 0.5921875 0.2984375 0.537890625 0.203515625 0.537890625 0.203515625 0.5921875 0.2984375 0.5921875
24 0.159375 0.5328125 0.159375 0.621875 0.2078125 0.621875 0.2078125 0.5328125 0.159375 0.5328125
24 0.225 0.520703125 0.1515625 0.520703125 0.1515625 0.559375 0.225 0.559375 0.225 0.520703125
24 0.290625 0.5421875 0.290625 0.6296875 0.34375 0.6296875 0.34375 0.5421875 0.290625 0.5421875
24 0.25625 0.65 0.25625 0.5609375 0.230078125 0.5609375 0.230078125 0.65 0.25625 0.65
24 0.0765625 0.5609375 0.0765625 0.6125 0.165625 0.6125 0.165625 0.5609375 0.0765625 0.5609375
24 0.99375 0.592578125 0.8421875 0.592578125 0.8421875 0.6609375 0.99375 0.6609375 0.99375 0.592578125
24 0.7640625 0.725 0.7640625 0.562890625 0.711328125 0.562890625 0.711328125 0.725 0.7640625 0.725
24 0.01875 0.6125 0.01875 0.69375 0.0625 0.69375 0.0625 0.6125 0.01875 0.6125
24 0.046875 0.7 0.046875 0.7640625 0.11875 0.7640625 0.11875 0.7 0.046875 0.7
24 0.1734375 0.853125 0.1734375 0.9453125 0.2625 0.9453125 0.2625 0.853125 0.1734375 0.853125
24 0.16328125 0.9484375 0.16328125 0.849609375 0.0765625 0.849609375 0.0765625 0.9484375 0.16328125 0.9484375
24 0.777734375 0.8421875 0.777734375 0.90625 0.9671875 0.90625 0.9671875 0.8421875 0.777734375 0.8421875
24 0.7640625 0.8703125 0.7640625 0.811328125 0.595703125 0.811328125 0.595703125 0.8703125 0.7640625 0.8703125
24 0.333984375 0.8015625 0.333984375 0.96484375 0.39375 0.96484375 0.39375 0.8015625 0.333984375 0.8015625
24 0 0.94375 0.08125 0.94375 0.08125 0.86953125 0 0.86953125 0 0.94375
24 0.4484375 0.8109375 0.4484375 0.8640625 0.6046875 0.8640625 0.6046875 0.8109375 0.4484375 0.8109375
24 0.859375 0.921875 0.859375 0.73046875 0.79765625 0.73046875 0.79765625 0.921875 0.859375 0.921875
24 0.56875 0.612890625 0.4984375 0.612890625 0.4984375 0.7359375 0.56875 0.7359375 0.56875 0.612890625
24 0.726171875 0.625 0.726171875 0.7875 0.7859375 0.7875 0.7859375 0.625 0.726171875 0.625
24 0.3953125 0.75 0.3953125 0.64375 0.339453125 0.64375 0.339453125 0.75 0.3953125 0.75
24 0.2875 0.7546875 0.2875 0.665234375 0.229296875 0.665234375 0.229296875 0.7546875 0.2875 0.7546875
24 0.196875 0.678125 0.133203125 0.678125 0.133203125 0.7671875 0.196875 0.7671875 0.196875 0.678125
24 0.328125 0.453125 0.328125 0.540625 0.565625 0.540625 0.565625 0.453125 0.328125 0.453125
24 0.54375 0.41875 0.464453125 0.41875 0.464453125 0.6546875 0.54375 0.6546875 0.54375 0.41875
24 0.562890625 0.4421875 0.562890625 0.5203125 0.8 0.5203125 0.8 0.4421875 0.562890625 0.4421875
24 0.7828125 0.6640625 0.7828125 0.416015625 0.7125 0.416015625 0.7125 0.6640625 0.7828125 0.6640625