24 0.759375 0.5859375 0.759375 0.5165888796875 0.6542004875 0.5165888796875 0.6542004875 0.5859375 0.759375 0.5859375
24 0.6765625 0.634375 0.6765625 0.5714387171875 0.5766132296875 0.5714387171875 0.5766132296875 0.634375 0.6765625 0.634375
24 0.6951704546874999 0.63125 0.6951704546874999 0.5369825484375 0.6391639609374999 0.5369825484375 0.6391639609374999 0.63125 0.6951704546874999 0.63125
24 0.825 0.6484375 0.825 0.5252333609375001 0.7550324671875 0.5252333609375001 0.7550324671875 0.6484375 0.825 0.6484375
24 0.8375 0.65 0.8998173703125 0.65 0.8998173703125 0.535876621875 0.8375 0.535876621875 0.8375 0.65
24 0.801765421875 0.5296875 0.801765421875 0.5796875 0.895109578125 0.5796875 0.895109578125 0.5296875 0.801765421875 0.5296875
24 0.7609375 0.559699675 0.6936891234375 0.559699675 0.6936891234375 0.674959415625 0.7609375 0.674959415625 0.7609375 0.559699675
24 0.8684151796874999 0.65 0.8684151796874999 0.6105519484374999 0.7612723203125 0.6105519484374999 0.7612723203125 0.65 0.8684151796874999 0.65
24 0.971875 0.6515625 0.971875 0.534466315625 0.9050324671875 0.534466315625 0.9050324671875 0.6515625 0.971875 0.6515625
24 0.1671875 0.671702515625 0.083340096875 0.671702515625 0.083340096875 0.7999492703125 0.1671875 0.7999492703125 0.1671875 0.671702515625
24 0.1984375 0.7734375 0.39375 0.7734375 0.39375 0.6965706171875 0.1984375 0.6965706171875 0.1984375 0.7734375
24 1 0.740625 0.9555093343750001 0.740625 0.9555093343750001 0.7515625 1 0.7515625 1 0.740625
24 0.9984375 0.9890625 0.9984375 0.8900771093750001 0.8957183453124999 0.8900771093750001 0.8957183453124999 0.9890625 0.9984375 0.9890625
24 0.2890625 1 0.2890625 0.8880681812500001 0.2467126625 0.8880681812500001 0.2467126625 1 0.2890625 1
24 0.5405539765625 0.984375 0.5405539765625 0.8999492703125 0.3360085234375 0.8999492703125 0.3360085234375 0.984375 0.5405539765625 0.984375
24 0.896875 0.9875 0.896875 0.9030742703125 0.6985998375 0.9030742703125 0.6985998375 0.9875 0.896875 0.9875
24 0.6984375 0.9546875 0.6984375 0.8786424500000001 0.511789771875 0.8786424500000001 0.511789771875 0.9546875 0.6984375 0.9546875
24 0.31875 1 0.31875 0.83022524375 0.228125 0.83022524375 0.228125 1 0.31875 1
24 0.5765625 0.821875 0.5765625 0.6627435078125 0.484709821875 0.6627435078125 0.484709821875 0.821875 0.5765625 0.821875
24 0.4 0.8484375 0.4 0.7609375 0.20172483749999998 0.7609375 0.20172483749999998 0.8484375 0.4 0.8484375
24 0.753125 0.6765625 0.6804078734375001 0.6765625 0.6804078734375001 0.8124695624999999 0.753125 0.8124695624999999 0.753125 0.6765625
24 0.9 0.78125 0.9 0.7079748375 0.7809354703125 0.7079748375 0.7809354703125 0.78125 0.9 0.78125
24 0.98125 0.8046875 0.98125 0.689752434375 0.9025060874999999 0.689752434375 0.9025060874999999 0.8046875 0.98125 0.8046875
24 0.407487825 0.4765625 0.407487825 0.6015625 0.69375 0.6015625 0.69375 0.4765625 0.407487825 0.4765625
24 0.646875 0.646875 0.646875 0.5329951296875 0.3637987015625 0.5329951296875 0.3637987015625 0.646875 0.646875 0.646875
24 0.3484375 0.69375 0.3484375 0.409375 0.2349939125 0.409375 0.2349939125 0.69375 0.3484375 0.69375
24 0.096875 0.6796875 0.390625 0.6796875 0.390625 0.5734375 0.096875 0.5734375 0.096875 0.6796875