24 0.7828125 0.4734375 0.7828125 0.395125971875 0.4649653984375 0.395125971875 0.4649653984375 0.4734375 0.7828125 0.4734375
24 0.65 0.5296875 0.65 0.4640625 0.37228049375 0.4640625 0.37228049375 0.5296875 0.65 0.5296875
24 0.5390625 0.684375 0.5390625 0.414681553125 0.474740484375 0.414681553125 0.474740484375 0.684375 0.5390625 0.684375
24 0.36875 0.55 0.36875 0.46875 0.06857969375 0.46875 0.06857969375 0.55 0.36875 0.55
24 0.3734375 0.5859375 0.3734375 0.5296875 0.1395112453125 0.5296875 0.1395112453125 0.5859375 0.3734375 0.5859375
24 0.4046875 0.621875 0.4046875 0.5745647703125 0.16976914062499998 0.5745647703125 0.16976914062499998 0.621875 0.4046875 0.621875
24 0.6359375 0.6234375 0.6359375 0.5720615265625 0.410734753125 0.5720615265625 0.410734753125 0.6234375 0.6359375 0.6234375
24 0.9203638625 0.384375 0.9203638625 0.5546875 0.9999486375 0.5546875 0.9999486375 0.384375 0.9203638625 0.384375
24 0.9078125 0.55 0.9078125 0.459375 0.8127865468750001 0.459375 0.8127865468750001 0.55 0.9078125 0.55
24 0.496875 0.9125 0.496875 0.669323096875 0.43508866875 0.669323096875 0.43508866875 0.9125 0.496875 0.9125
24 0.8765625 0.865625 0.8765625 0.8096426250000001 0.6629947015625001 0.8096426250000001 0.6629947015625001 0.865625 0.8765625 0.865625
24 0.834375 0.8640625 0.834375 0.7080530921875 0.7677795203125 0.7080530921875 0.7677795203125 0.8640625 0.834375 0.8640625
24 0.4921875 0.946875 0.4921875 0.7158196359375 0.4517057734375 0.7158196359375 0.4517057734375 0.946875 0.4921875 0.946875
24 0.1078125 0.69375 0.1078125 0.5421875 0.0446610078125 0.5421875 0.0446610078125 0.69375 0.1078125 0.69375
24 0 0.5921875 0.15 0.5921875 0.15 0.53135813125 0 0.53135813125 0 0.5921875
24 0 0.540625 0.0734375 0.540625 0.0734375 0.4823096890625 0 0.4823096890625 0 0.540625
24 0 0.490625 0.0765625 0.490625 0.0765625 0.4296875 0 0.4296875 0 0.490625
24 1 0.009380406249999999 0.9126351640625 0.009380406249999999 0.9126351640625 0.087235078125 1 0.087235078125 1 0.009380406249999999
24 0.9984375 0.3390625 0.9984375 0.158737025 0.9209829140625001 0.158737025 0.9209829140625001 0.3390625 0.9984375 0.3390625
24 0.828125 0.1503703515625 0.757434040625 0.1503703515625 0.757434040625 0.395180040625 0.828125 0.395180040625 0.828125 0.1503703515625
24 0.89375 0.484375 0.89375 0.3659602078125 0.832352940625 0.3659602078125 0.832352940625 0.484375 0.89375 0.484375