24 0.584375 0.5921875 0.66369755625 0.5921875 0.66369755625 0.27465397812500003 0.584375 0.27465397812500003 0.584375 0.5921875
24 0.478125 0.6359375 0.54375 0.6359375 0.54375 0.3580071375 0.478125 0.3580071375 0.478125 0.6359375
24 0.5390625 0.684375 0.5390625 0.41490322187500006 0.474221453125 0.41490322187500006 0.474221453125 0.684375 0.5390625 0.684375
24 0.36875 0.55 0.36875 0.468998703125 0.06809850625 0.468998703125 0.06809850625 0.55 0.36875 0.55
24 0.1390625 0.5859375 0.3734375 0.5859375 0.3734375 0.5296875 0.1390625 0.5296875 0.1390625 0.5859375
24 0.4046875 0.621875 0.4046875 0.5742241578125 0.16933120625 0.5742241578125 0.16933120625 0.621875 0.4046875 0.621875
24 0.409375 0.6234375 0.6359375 0.6234375 0.6359375 0.57326719375 0.409375 0.57326719375 0.409375 0.6234375
24 1 0.429879434375 0.875 0.429879434375 0.875 0.509375 1 0.509375 1 0.429879434375
24 0.9078125 0.55 0.9078125 0.459375 0.8126459765625 0.459375 0.8126459765625 0.55 0.9078125 0.55
24 0.496875 0.9125 0.496875 0.669323096875 0.43508866875 0.669323096875 0.43508866875 0.9125 0.496875 0.9125
24 0.79839695 0.94375 0.79839695 0.7306039140625 0.741303525 0.7306039140625 0.741303525 0.94375 0.79839695 0.94375
24 0.834375 0.8640625 0.834375 0.707171821875 0.768552659375 0.707171821875 0.768552659375 0.8640625 0.834375 0.8640625
24 0.4921875 0.946875 0.4921875 0.7167063140625001 0.4514084125 0.7167063140625001 0.4514084125 0.946875 0.4921875 0.946875
24 0 0.6499756703124999 0.1515625 0.6499756703124999 0.1515625 0.5859618296875 0 0.5859618296875 0 0.6499756703124999
24 0.15 0.5921875 0.15 0.5309256062500001 0.000259515625 0.5309256062500001 0.000259515625 0.5921875 0.15 0.5921875
24 0.065625 0.5484375 0.065625 0.47521626250000004 0.007396195312499999 0.47521626250000004 0.007396195312499999 0.5484375 0.065625 0.5484375
24 0.0078125 0.4984375 0.06875 0.4984375 0.06875 0.4211451125 0.0078125 0.4211451125 0.0078125 0.4984375
24 1 0.00000540625 0.9222804921875 0.00000540625 0.9222804921875 0.096875 1 0.096875 1 0.00000540625
24 0.9984375 0.3390625 0.9984375 0.158737025 0.9209829140625001 0.158737025 0.9209829140625001 0.3390625 0.9984375 0.3390625
24 0.9140625 0.3078125 0.9140625 0.2365105984375 0.6702665453125001 0.2365105984375 0.6702665453125001 0.3078125 0.9140625 0.3078125
24 0.89375 0.484375 0.89375 0.3659602078125 0.832352940625 0.3659602078125 0.832352940625 0.484375 0.89375 0.484375