24 0.390625 0.3 0.390625 0.5875 0.4625 0.5875 0.4625 0.3 0.390625 0.3
24 0.559375 0.374609375 0.49921875 0.374609375 0.49921875 0.625 0.559375 0.625 0.559375 0.374609375
24 0.56171875 0.66875 0.56171875 0.426171875 0.503125 0.426171875 0.503125 0.66875 0.56171875 0.66875
24 0.656640625 0.475 0.656640625 0.5484375 0.928125 0.5484375 0.928125 0.475 0.656640625 0.475
24 0.653515625 0.5296875 0.653515625 0.58125 0.8640625 0.58125 0.8640625 0.5296875 0.653515625 0.5296875
24 0.8375 0.570703125 0.6234375 0.570703125 0.6234375 0.6140625 0.8375 0.6140625 0.8375 0.570703125
24 0.540625 0.69375 0.540625 0.48984375 0.49453125 0.48984375 0.49453125 0.69375 0.540625 0.69375
24 0 0.553125 0.159375 0.553125 0.159375 0.3984375 0 0.3984375 0 0.553125
24 0.2546875 0.464453125 0.171875 0.464453125 0.171875 0.55 0.2546875 0.55 0.2546875 0.464453125
24 0 0.762109375 0.1234375 0.762109375 0.1234375 0.697265625 0 0.697265625 0 0.762109375
24 0.459375 0.7375 0.459375 0.79375 0.6796875 0.79375 0.6796875 0.7375 0.459375 0.7375
24 0.1984375 0.7828125 0.1984375 0.834375 0.3921875 0.834375 0.3921875 0.7828125 0.1984375 0.7828125
24 0.2359375 0.690625 0.2359375 0.8328125 0.296875 0.8328125 0.296875 0.690625 0.2359375 0.690625
24 0.5453125 0.6984375 0.5453125 0.9078125 0.5828125 0.9078125 0.5828125 0.6984375 0.5453125 0.6984375
24 0.853125 0.58125 0.853125 0.6390625 0.9953125 0.6390625 0.9953125 0.58125 0.853125 0.58125
24 0.8546875 0.53125 0.8546875 0.5875 0.996875 0.5875 0.996875 0.53125 0.8546875 0.53125
24 0.9875 0.5515625 0.9875 0.4765625 0.934765625 0.4765625 0.934765625 0.5515625 0.9875 0.5515625
24 0.9875 0.50625 0.9875 0.42734375 0.93203125 0.42734375 0.93203125 0.50625 0.9875 0.50625
24 0.0265625 0 0.0265625 0.1390625 0.1578125 0.1390625 0.1578125 0 0.0265625 0
24 0.165625 0.201953125 0.002734375 0.201953125 0.002734375 0.351171875 0.165625 0.351171875 0.165625 0.201953125
24 0.1640625 0.3296875 0.384375 0.3296875 0.384375 0.266015625 0.1640625 0.266015625 0.1640625 0.3296875
24 0.158203125 0.4078125 0.158203125 0.4640625 0.2640625 0.4640625 0.2640625 0.4078125 0.158203125 0.4078125