24 0.2828125 0.4078125 0.2828125 0.4796875 0.5703125 0.4796875 0.5703125 0.4078125 0.2828125 0.4078125
24 0.6546875 0.470703125 0.403125 0.470703125 0.403125 0.5296875 0.6546875 0.5296875 0.6546875 0.470703125
24 0.6546875 0.518359375 0.4109375 0.518359375 0.4109375 0.5765625 0.6546875 0.5765625 0.6546875 0.518359375
24 0.755859375 0.375 0.755859375 0.646875 0.828125 0.646875 0.828125 0.375 0.755859375 0.375
24 0.652734375 0.5296875 0.652734375 0.58125 0.8640625 0.58125 0.8640625 0.5296875 0.652734375 0.5296875
24 0.8375 0.569921875 0.6234375 0.569921875 0.6234375 0.6140625 0.8375 0.6140625 0.8375 0.569921875
24 0.540625 0.69375 0.540625 0.48984375 0.49453125 0.48984375 0.49453125 0.69375 0.540625 0.69375
24 0.15625 0.5546875 0.15625 0.39609375 0.00234375 0.39609375 0.00234375 0.5546875 0.15625 0.5546875
24 0.25625 0.5484375 0.25625 0.466015625 0.1703125 0.466015625 0.1703125 0.5484375 0.25625 0.5484375
24 0.0640625 0.821875 0.0640625 0.6375 0.000390625 0.6375 0.000390625 0.821875 0.0640625 0.821875
24 0.459375 0.7375 0.459375 0.79375 0.6796875 0.79375 0.6796875 0.7375 0.459375 0.7375
24 0.3203125 0.9046875 0.3203125 0.71171875 0.26953125 0.71171875 0.26953125 0.9046875 0.3203125 0.9046875
24 0.2359375 0.690625 0.2359375 0.8328125 0.296875 0.8328125 0.296875 0.690625 0.2359375 0.690625
24 0.5453125 0.6984375 0.5453125 0.9078125 0.5828125 0.9078125 0.5828125 0.6984375 0.5453125 0.6984375
24 0.8953125 0.5390625 0.8953125 0.68125 0.953125 0.68125 0.953125 0.5390625 0.8953125 0.5390625
24 0.8546875 0.53125 0.8546875 0.5875 0.996875 0.5875 0.996875 0.53125 0.8546875 0.53125
24 0.9875 0.47578125 0.934765625 0.47578125 0.934765625 0.5515625 0.9875 0.5515625 0.9875 0.47578125
24 0.9875 0.50625 0.9875 0.42734375 0.93203125 0.42734375 0.93203125 0.50625 0.9875 0.50625
24 0.1609375 0.134375 0.1609375 0.00390625 0.02265625 0.00390625 0.02265625 0.134375 0.1609375 0.134375
24 0.1578125 0.3578125 0.1578125 0.194921875 0.008984375 0.194921875 0.008984375 0.3578125 0.1578125 0.3578125
24 0.1640625 0.3296875 0.384375 0.3296875 0.384375 0.266015625 0.1640625 0.266015625 0.1640625 0.3296875
24 0.2390625 0.4890625 0.2390625 0.3828125 0.183203125 0.3828125 0.183203125 0.4890625 0.2390625 0.4890625