24 0.5703125 0.4078125 0.2828125 0.4078125 0.2828125 0.4796875 0.5703125 0.4796875 0.5703125 0.4078125
24 0.6546875 0.4703125 0.403125 0.4703125 0.403125 0.53046875 0.6546875 0.53046875 0.6546875 0.4703125
24 0.6546875 0.51875 0.4109375 0.51875 0.4109375 0.57734375 0.6546875 0.57734375 0.6546875 0.51875
24 0.92890625 0.475 0.65625 0.475 0.65625 0.5484375 0.92890625 0.5484375 0.92890625 0.475
24 0.86484375 0.5296875 0.653125 0.5296875 0.653125 0.58125 0.86484375 0.58125 0.86484375 0.5296875
24 0.8375 0.5703125 0.6234375 0.5703125 0.6234375 0.61484375 0.8375 0.61484375 0.8375 0.5703125
24 0.6203125 0.56875 0.415625 0.56875 0.415625 0.615625 0.6203125 0.615625 0.6203125 0.56875
24 0 0.553125 0.159375 0.553125 0.159375 0.3984375 0 0.3984375 0 0.553125
24 0.2546875 0.4640625 0.171875 0.4640625 0.171875 0.55078125 0.2546875 0.55078125 0.2546875 0.4640625
24 0 0.82265625 0.06484375 0.82265625 0.06484375 0.6375 0 0.6375 0 0.82265625
24 0.6796875 0.7375 0.459375 0.7375 0.459375 0.79375 0.6796875 0.79375 0.6796875 0.7375
24 0.3921875 0.7828125 0.1984375 0.7828125 0.1984375 0.834375 0.3921875 0.834375 0.3921875 0.7828125
24 0.3375 0.73125 0.1953125 0.73125 0.1953125 0.7921875 0.3375 0.7921875 0.3375 0.73125
24 0.66875 0.784375 0.459375 0.784375 0.459375 0.821875 0.66875 0.821875 0.66875 0.784375
24 0.9953125 0.58125 0.853125 0.58125 0.853125 0.6390625 0.9953125 0.6390625 0.9953125 0.58125
24 0.99765625 0.53125 0.8546875 0.53125 0.8546875 0.5875 0.99765625 0.5875 0.99765625 0.53125
24 0.99921875 0.4875 0.9234375 0.4875 0.9234375 0.540625 0.99921875 0.540625 0.99921875 0.4875
24 1 0.4390625 0.9203125 0.4390625 0.9203125 0.4953125 1 0.4953125 1 0.4390625
24 0.0265625 0 0.0265625 0.1390625 0.1578125 0.1390625 0.1578125 0 0.0265625 0
24 0.15859375 0.1953125 0.009375 0.1953125 0.009375 0.35859375 0.15859375 0.35859375 0.15859375 0.1953125
24 0.38515625 0.265625 0.1640625 0.265625 0.1640625 0.33046875 0.38515625 0.33046875 0.38515625 0.265625
24 0.26484375 0.4078125 0.1578125 0.4078125 0.1578125 0.4640625 0.26484375 0.4640625 0.26484375 0.4078125