24 0.783737025 0.39446366718750003 0.46539792343749997 0.39446366718750003 0.46539792343749997 0.47404844218750003 0.783737025 0.47404844218750003 0.783737025 0.39446366718750003
24 0.65051903125 0.46366782031250003 0.37197231875000003 0.46366782031250003 0.37197231875000003 0.5302768171875 0.65051903125 0.5302768171875 0.65051903125 0.46366782031250003
24 0.6418685125 0.5173010375 0.37197231875000003 0.5173010375 0.37197231875000003 0.58217993125 0.6418685125 0.58217993125 0.6418685125 0.5173010375
24 0.3702422140625 0.46885813125000003 0.0683391 0.46885813125000003 0.0683391 0.5501730109375 0.3702422140625 0.5501730109375 0.3702422140625 0.46885813125000003
24 0.37370242187499997 0.5294117640625 0.13927335624999998 0.5294117640625 0.13927335624999998 0.586505190625 0.37370242187499997 0.586505190625 0.37370242187499997 0.5294117640625
24 0.40657439375 0.5743944640625 0.1695501734375 0.5743944640625 0.1695501734375 0.623702421875 0.40657439375 0.623702421875 0.40657439375 0.5743944640625
24 0.6366782 0.572664359375 0.4100346015625 0.572664359375 0.4100346015625 0.6245674734375 0.6366782 0.6245674734375 0.6366782 0.572664359375
24 1 0.38408304531250004 0.920415225 0.38408304531250004 0.920415225 0.555363321875 1 0.555363321875 1 0.38408304531250004
24 0.90657439375 0.45674740468749997 0.8148788921874999 0.45674740468749997 0.8148788921874999 0.5527681656250001 0.90657439375 0.5527681656250001 0.90657439375 0.45674740468749997
24 0.58823529375 0.7595155703125 0.3442906578125 0.7595155703125 0.3442906578125 0.8217993078125 0.58823529375 0.8217993078125 0.58823529375 0.7595155703125
24 0.8771626296875 0.80968858125 0.6626297578125 0.80968858125 0.6626297578125 0.86678200625 0.8771626296875 0.86678200625 0.8771626296875 0.80968858125
24 0.8806228375 0.7525951562500001 0.723183390625 0.7525951562500001 0.723183390625 0.8200692046875 0.8806228375 0.8200692046875 0.8806228375 0.7525951562500001
24 0.58823529375 0.811418684375 0.356401384375 0.811418684375 0.356401384375 0.8529411765624999 0.58823529375 0.8529411765624999 0.58823529375 0.811418684375
24 0 0.65051903125 0.152249134375 0.65051903125 0.152249134375 0.586505190625 0 0.586505190625 0 0.65051903125
24 0 0.5934256062500001 0.15051903125 0.5934256062500001 0.15051903125 0.53114186875 0 0.53114186875 0 0.5934256062500001
24 0 0.541522490625 0.0743944640625 0.541522490625 0.0743944640625 0.48269896250000005 0 0.48269896250000005 0 0.541522490625
24 0 0.49134948125 0.077854671875 0.49134948125 0.077854671875 0.42906574375 0 0.42906574375 0 0.49134948125
24 0.9221453281249999 0 0.9221453281249999 0.0968858125 1 0.0968858125 1 0 0.9221453281249999 0
24 1 0.15916955 0.9212802765625 0.15916955 0.9212802765625 0.3399653984375 1 0.3399653984375 1 0.15916955
24 0.9152249140625001 0.237024221875 0.670415225 0.237024221875 0.670415225 0.30882352968750004 0.9152249140625001 0.30882352968750004 0.9152249140625001 0.237024221875
24 0.9221453281249999 0.39446366718750003 0.8036332187499999 0.39446366718750003 0.8036332187499999 0.45674740468749997 0.9221453281249999 0.45674740468749997 0.9221453281249999 0.39446366718750003