24 0.8359375 0.39375 0.8359375 0.337994209375 0.72305061875 0.337994209375 0.72305061875 0.39375 0.8359375 0.39375
24 0.7640625 0.30625 0.7640625 0.196875 0.7122154562499999 0.196875 0.7122154562499999 0.30625 0.7640625 0.30625
24 0.8015625 0.3328125 0.8015625 0.278911240625 0.7120007984375001 0.278911240625 0.7120007984375001 0.3328125 0.8015625 0.3328125
24 0.80796475625 0.3576477640625 0.86547274375 0.3576477640625 0.86547274375 0.2298522359375 0.80796475625 0.2298522359375 0.80796475625 0.3576477640625
24 0.840625 0.2828125 0.840625 0.16151158125 0.772858425 0.16151158125 0.772858425 0.2828125 0.840625 0.2828125
24 0.934375 0.225234625 0.8676168125 0.225234625 0.8676168125 0.346640375 0.934375 0.346640375 0.934375 0.225234625
24 1 0.24210513125 0.8983052125000001 0.24210513125 0.8983052125000001 0.3046875 1 0.3046875 1 0.24210513125
24 0.953125 0.15791234062499998 0.89346795 0.15791234062499998 0.89346795 0.220212659375 0.953125 0.220212659375 0.953125 0.15791234062499998
24 0.896875 0.161037340625 0.8372179515625 0.161037340625 0.8372179515625 0.223337659375 0.896875 0.223337659375 0.896875 0.161037340625
24 0.8078125 0.1671875 0.8609375 0.1671875 0.8609375 0.10971445625000001 0.8078125 0.10971445625000001 0.8078125 0.1671875
24 0.859375 0.1609375 0.9183556312500001 0.1609375 0.9183556312500001 0.1053464453125 0.859375 0.1053464453125 0.859375 0.1609375
24 0.25625 0.590625 0.25625 0.33546825 0.161451678125 0.33546825 0.16145167656249998 0.590625 0.25625 0.590625
24 0.4125 0.4875 0.4125 0.42035742656249997 0.144002096875 0.420357428125 0.144002096875 0.4875 0.4125 0.4875
24 0.5734375 0.46875 0.5734375 0.29623851874999996 0.43306459531249997 0.29623851874999996 0.43306459531249997 0.46875 0.5734375 0.46875
24 0.56875 0.296875 0.56875 0.18705820625 0.40601287968750005 0.18705820625 0.40601287968750005 0.296875 0.56875 0.296875
24 0.7578125 0.45 0.7578125 0.30879343125 0.5865115828125 0.30879343125 0.5865115828125 0.45 0.7578125 0.45
24 0.7107003781250001 0.36875 0.7107003781250001 0.2152580875 0.575716353125 0.2152580875 0.575716353125 0.36875 0.7107003781250001 0.36875