24 0.7507987218750001 0.423322684375 0.8083067093749999 0.423322684375 0.8083067093749999 0.309904153125 0.7507987218750001 0.309904153125 0.7507987218750001 0.423322684375
24 0.7124600640625001 0.306709265625 0.76517571875 0.306709265625 0.76517571875 0.1964856234375 0.7124600640625001 0.1964856234375 0.7124600640625001 0.306709265625
24 0.7300319484375 0.3514377 0.7843450484375001 0.3514377 0.7843450484375001 0.2603833859375 0.7300319484375 0.2603833859375 0.7300319484375 0.3514377
24 0.8083067093749999 0.35782747656249997 0.865814696875 0.35782747656249997 0.865814696875 0.23003194843750002 0.8083067093749999 0.23003194843750002 0.8083067093749999 0.35782747656249997
24 0.7731629390625 0.28274760312499997 0.8418530343749999 0.28274760312499997 0.8418530343749999 0.161341853125 0.7731629390625 0.161341853125 0.7731629390625 0.28274760312499997
24 0.867412140625 0.3466453671875 0.9353035140625 0.3466453671875 0.9353035140625 0.22523961718750002 0.867412140625 0.22523961718750002 0.867412140625 0.3466453671875
24 0.928115015625 0.335463259375 0.9920127796875 0.335463259375 0.9920127796875 0.2124600640625 0.928115015625 0.2124600640625 0.928115015625 0.335463259375
24 0.8929712453124999 0.220447284375 0.95447284375 0.220447284375 0.95447284375 0.158146965625 0.8929712453124999 0.158146965625 0.8929712453124999 0.220447284375
24 0.8370607031249999 0.223642171875 0.8985623 0.223642171875 0.8985623 0.161341853125 0.8370607031249999 0.161341853125 0.8370607031249999 0.223642171875
24 0.8051118203125001 0.1661341859375 0.8642172531250001 0.1661341859375 0.8642172531250001 0.1118210859375 0.8051118203125001 0.1118210859375 0.8051118203125001 0.1661341859375
24 0.8610223640625 0.162939296875 0.9177316296875 0.162939296875 0.9177316296875 0.10383386562500001 0.8610223640625 0.10383386562500001 0.8610223640625 0.162939296875
24 0.161341853125 0.5926517578125 0.2571884984375 0.5926517578125 0.2571884984375 0.335463259375 0.161341853125 0.335463259375 0.161341853125 0.5926517578125
24 0.24440894531250001 0.5886581468750001 0.3130990421875 0.5886581468750001 0.3130990421875 0.3194888171875 0.24440894531250001 0.3194888171875 0.24440894531250001 0.5886581468750001
24 0.41693290781250003 0.45367412187499995 0.590255590625 0.45367412187499995 0.590255590625 0.311501596875 0.41693290781250003 0.311501596875 0.41693290781250003 0.45367412187499995
24 0.40575079843750006 0.2987220453125 0.570287540625 0.2987220453125 0.570287540625 0.1869009578125 0.40575079843750006 0.1869009578125 0.40575079843750006 0.2987220453125
24 0.5862619812500001 0.4504792328125 0.7579872203125 0.4504792328125 0.7579872203125 0.308306709375 0.5862619812500001 0.308306709375 0.5862619812500001 0.4504792328125
24 0.5654952078125 0.36022364218749997 0.7204472843749999 0.36022364218749997 0.7204472843749999 0.22523961718750002 0.5654952078125 0.22523961718750002 0.5654952078125 0.36022364218749997