24 0.80625 0.30969698437500004 0.75093350625 0.30969698437500004 0.75093350625 0.423115515625 0.80625 0.423115515625 0.80625 0.30969698437500004
24 0.7921875 0.278125 0.7921875 0.22548422499999998 0.683741015625 0.22548422499999998 0.683741015625 0.278125 0.7921875 0.278125
24 0.784375 0.35 0.784375 0.260043928125 0.730189196875 0.260043928125 0.730189196875 0.35 0.784375 0.35
24 0.9 0.321875 0.9 0.264833765625 0.7733426515625 0.264833765625 0.7733426515625 0.321875 0.9 0.321875
24 0.840625 0.161172125 0.7734674515625 0.161172125 0.7734674515625 0.282577875 0.840625 0.282577875 0.840625 0.161172125
24 0.9609375 0.252201478125 0.8406599437500001 0.252201478125 0.8406599437500001 0.3200928515625 0.9609375 0.3200928515625 0.9609375 0.252201478125
24 1 0.24192042656249999 0.8988193875 0.24192042656249999 0.8988193875 0.3046875 1 0.3046875 1 0.24192042656249999
24 0.953125 0.15791234062499998 0.89346795 0.15791234062499998 0.89346795 0.220212659375 0.953125 0.220212659375 0.953125 0.15791234062499998
24 0.896875 0.2234375 0.896875 0.161646365625 0.8369034546874999 0.161646365625 0.8369034546874999 0.2234375 0.896875 0.2234375
24 0.8639277171874999 0.1640625 0.8639277171874999 0.11190595 0.8048222828125 0.11190595 0.8048222828125 0.1640625 0.8639277171874999 0.1640625
24 0.9171875 0.1625 0.9171875 0.10440794687499999 0.8613368609375 0.10440794687499999 0.8613368609375 0.1625 0.9171875 0.1625
24 0.25625 0.590625 0.25625 0.3354582671875 0.16123202812499998 0.3354582671875 0.16123202812499998 0.590625 0.25625 0.590625
24 0.2437799515625 0.588490915625 0.3124700484375 0.588490915625 0.3124700484375 0.319321584375 0.2437799515625 0.319321584375 0.2437799515625 0.588490915625
24 0.5890625 0.3109449875 0.41724490937500003 0.3109449875 0.41724490937500003 0.4531175125 0.5890625 0.4531175125 0.5890625 0.3109449875
24 0.56875 0.296875 0.56875 0.186743709375 0.40548871875000003 0.186743709375 0.40548871875000003 0.296875 0.56875 0.296875
24 0.5860123796875001 0.4499925109375 0.75773761875 0.4499925109375 0.75773761875 0.3078199890625 0.5860123796875001 0.3078199890625 0.5860123796875001 0.4499925109375
24 0.565625 0.359375 0.7203125 0.359375 0.7203125 0.225002496875 0.565625 0.225002496875 0.565625 0.359375