24 1 0.0002604171875 0.765625 0.0002604171875 0.765625 0.0828125 1 0.0828125 1 0.0002604171875
24 0.8014756937499999 0 0.8014756937499999 0.2125 0.9390625 0.2125 0.9390625 0 0.8014756937499999 0
24 1 0.0710069453125 0.7380208328125 0.0710069453125 0.7380208328125 0.1890625 1 0.1890625 1 0.0710069453125
24 0.85 0.7671875 0.85 0.316927084375 0.6992187484375 0.316927084375 0.6992187484375 0.7671875 0.85 0.7671875
24 0.8640625 0.6734375 0.8640625 0.2625 0.7231770828124999 0.2625 0.7231770828124999 0.6734375 0.8640625 0.6734375
24 0.8796875 0.5921875 0.8796875 0.2162326390625 0.7427951390625 0.2162326390625 0.7427951390625 0.5921875 0.8796875 0.5921875
24 0.896875 0.5046875 0.896875 0.1668402765625 0.7638888890625 0.1668402765625 0.7638888890625 0.5046875 0.896875 0.5046875
24 0.915625 0.4234375 0.915625 0.11927083281249999 0.77881944375 0.11927083281249999 0.77881944375 0.4234375 0.915625 0.4234375
24 0.3934895828125 0.7234375 0.3934895828125 0.21770833281250002 0.2441840265625 0.21770833281250002 0.2441840265625 0.7234375 0.3934895828125 0.7234375
24 0.1078125 0.328125 0.1078125 0.46875 0.6140625 0.46875 0.6140625 0.328125 0.1078125 0.328125
24 0.6546875 0.4015625 0.6546875 0.2636284734375 0.156597221875 0.2636284734375 0.156597221875 0.4015625 0.6546875 0.4015625
24 0.3703125 0.51875 0.5078125 0.51875 0.5078125 0.0118923609375 0.3703125 0.0118923609375 0.3703125 0.51875
24 0.4000868046875 0 0.4000868046875 0.4484375 0.5390625 0.4484375 0.5390625 0 0.4000868046875 0
24 0.11875 0.2296875 0.203125 0.2296875 0.203125 0.061979167187499996 0.11875 0.061979167187499996 0.11875 0.2296875
24 0.2109375 0.259375 0.2109375 0.175434028125 0.043489584375 0.175434028125 0.043489584375 0.259375 0.2109375 0.259375
24 0.1796875 0.321875 0.1796875 0.237760415625 0.012065971875000001 0.237760415625 0.012065971875000001 0.321875 0.1796875 0.321875
24 0.1375 0.440625 0.1375 0.2915798609375 0.0125 0.2915798609375 0.0125 0.440625 0.1375 0.440625
24 0.309375 1 0.309375 0.570659721875 0.144270834375 0.570659721875 0.144270834375 1 0.309375 1
24 0.70625 1 0.70625 0.6879340265625 0.5895833328125 0.6879340265625 0.5895833328125 1 0.70625 1
24 0.765625 1 0.765625 0.65 0.6282118046875 0.65 0.6282118046875 1 0.765625 1
24 0.84375 0.6486979171875 0.7378472234375 0.6486979171875 0.7378472234375 0.928125 0.84375 0.928125 0.84375 0.6486979171875
24 0.4328125 0.7859375 0.4328125 0.653125 0.033072915625 0.653125 0.033072915625 0.7859375 0.4328125 0.7859375