24 0.765625 0 0.765625 0.08333333281250001 1 0.08333333281250001 1 0 0.765625 0
24 1 0.013888889062500001 0.7413194437499999 0.013888889062500001 0.7413194437499999 0.15277777812499999 1 0.15277777812499999 1 0.013888889062500001
24 1 0.07118055625 0.737847221875 0.07118055625 0.737847221875 0.19097222187500001 1 0.19097222187500001 1 0.07118055625
24 1 0.4670138890625 0.5486111109375 0.4670138890625 0.5486111109375 0.6180555562500001 1 0.6180555562500001 1 0.4670138890625
24 1 0.39756944375000003 0.5885416671875 0.39756944375000003 0.5885416671875 0.5390625 1 0.5390625 1 0.39756944375000003
24 1 0.33506944375000003 0.6232638890625 0.33506944375000003 0.6232638890625 0.4739583328125 1 0.4739583328125 1 0.33506944375000003
24 1 0.26909722187499996 0.6614583328125 0.26909722187499996 0.6614583328125 0.4036458328125 1 0.4036458328125 1 0.26909722187499996
24 1 0.203125 0.6944444437499999 0.203125 0.6944444437499999 0.34027777812500004 1 0.34027777812500004 1 0.203125
24 0.065972221875 0.5451388890625 0.5720486109375 0.5451388890625 0.5720486109375 0.3958333328125 0.065972221875 0.3958333328125 0.065972221875 0.5451388890625
24 0.1076388890625 0.46875 0.6154513890625 0.46875 0.6154513890625 0.328125 0.1076388890625 0.328125 0.1076388890625 0.46875
24 0.15625 0.40277777812500004 0.6553819437499999 0.40277777812500004 0.6553819437499999 0.2638888890625 0.15625 0.2638888890625 0.15625 0.40277777812500004
24 0.18576388906250002 0.33506944375000003 0.6935763890625 0.33506944375000003 0.6935763890625 0.19618055625 0.18576388906250002 0.19618055625 0.18576388906250002 0.33506944375000003
24 0.22048611093749998 0.26909722187499996 0.7196180562500001 0.26909722187499996 0.7196180562500001 0.12847222187500001 0.22048611093749998 0.12847222187500001 0.22048611093749998 0.26909722187499996
24 0.07638888906249999 0.18923611093749998 0.245659721875 0.18923611093749998 0.245659721875 0.1041666671875 0.07638888906249999 0.1041666671875 0.07638888906249999 0.18923611093749998
24 0.043402778125 0.2604166671875 0.21267361093749998 0.2604166671875 0.21267361093749998 0.17534722187500001 0.043402778125 0.17534722187500001 0.043402778125 0.2604166671875
24 0.012152778125 0.3229166671875 0.18142361093749998 0.3229166671875 0.18142361093749998 0.237847221875 0.012152778125 0.237847221875 0.012152778125 0.3229166671875
24 0 0.4296875 0.15017361093749998 0.4296875 0.15017361093749998 0.30381944375000003 0 0.30381944375000003 0 0.4296875
24 0 0.8810763890625 0.4548611109375 0.8810763890625 0.4548611109375 0.715277778125 0 0.715277778125 0 0.8810763890625
24 0.4270833328125 0.9678819437499999 0.870659721875 0.9678819437499999 0.870659721875 0.8506944437499999 0.4270833328125 0.8506944437499999 0.4270833328125 0.9678819437499999
24 0.4895833328125 0.9270833328125001 0.9045138890625 0.9270833328125001 0.9045138890625 0.7881944437499999 0.4895833328125 0.7881944437499999 0.4895833328125 0.9270833328125001
24 0.6510416671875 0.8420138890625 0.9305555562500001 0.8420138890625 0.9305555562500001 0.7361111109375 0.6510416671875 0.7361111109375 0.6510416671875 0.8420138890625
24 0.0329861109375 0.7864583328125 0.43402777812500004 0.7864583328125 0.43402777812500004 0.652777778125 0.0329861109375 0.652777778125 0.0329861109375 0.7864583328125