24 0.078671328125 0 0.078671328125 0.024475525 0.5489510484375 0.024475525 0.5489510484375 0 0.078671328125 0
24 0.057692307812499996 0 0.057692307812499996 0.09353146875 0.534965034375 0.09353146875 0.534965034375 0 0.057692307812499996 0
24 0.04370629375 0.133741259375 0.508741259375 0.133741259375 0.508741259375 0.05594405625 0.04370629375 0.05594405625 0.04370629375 0.133741259375
24 0 0.5708041953125 0.43356643281249996 0.5708041953125 0.43356643281249996 0.4632867140625 0 0.4632867140625 0 0.5708041953125
24 0 0.491258740625 0.4396853140625 0.491258740625 0.4396853140625 0.39335664375 0 0.39335664375 0 0.491258740625
24 0 0.41958042031250004 0.44755244687499995 0.41958042031250004 0.44755244687499995 0.325174825 0 0.325174825 0 0.41958042031250004
24 0 0.3479020984375 0.452797203125 0.3479020984375 0.452797203125 0.25524475468749996 0 0.25524475468749996 0 0.3479020984375
24 0 0.2797202796875 0.4606643359375 0.2797202796875 0.4606643359375 0.1853146859375 0 0.1853146859375 0 0.2797202796875
24 0.43356643281249996 0.596153846875 0.9326923078125 0.596153846875 0.9326923078125 0.48951048906250005 0.43356643281249996 0.48951048906250005 0.43356643281249996 0.596153846875
24 0.4353146859375 0.5131118875 0.9396853140625 0.5131118875 0.9396853140625 0.41783216718749994 0.4353146859375 0.41783216718749994 0.4353146859375 0.5131118875
24 0.44055944062499997 0.44230769218750005 0.9353146859375 0.44230769218750005 0.9353146859375 0.3479020984375 0.44055944062499997 0.3479020984375 0.44055944062499997 0.44230769218750005
24 0.44230769218750005 0.3706293703125 0.9466783218750001 0.3706293703125 0.9466783218750001 0.277972028125 0.44230769218750005 0.277972028125 0.44230769218750005 0.3706293703125
24 0.4615384609375 0.303321678125 0.95629370625 0.303321678125 0.95629370625 0.20629370625000001 0.4615384609375 0.20629370625000001 0.4615384609375 0.303321678125
24 1 0.22902097968750001 0.9545454546875 0.22902097968750001 0.9545454546875 0.303321678125 1 0.303321678125 1 0.22902097968750001
24 1 0.302447553125 0.9423076921875 0.302447553125 0.9423076921875 0.37674825156249997 1 0.37674825156249997 1 0.302447553125
24 1 0.3671328671875 0.93181818125 0.3671328671875 0.93181818125 0.44143356718750004 1 0.44143356718750004 1 0.3671328671875
24 1 0.4370629375 0.916083915625 0.4370629375 0.916083915625 0.5515734265625001 1 0.5515734265625001 1 0.4370629375
24 0.3479020984375 0.9379370625 0.8627622374999999 0.9379370625 0.8627622374999999 0.81818181875 0.3479020984375 0.81818181875 0.3479020984375 0.9379370625
24 0 0.9309440562500001 0.32342657343750003 0.9309440562500001 0.32342657343750003 0.853146853125 0 0.853146853125 0 0.9309440562500001
24 0 0.8872377625000001 0.29108391562499997 0.8872377625000001 0.29108391562499997 0.7797202796875 0 0.7797202796875 0 0.8872377625000001
24 0 0.7928321671874999 0.1765734265625 0.7928321671874999 0.1765734265625 0.709790209375 0 0.709790209375 0 0.7928321671874999
24 0.41608391562499997 0.8452797203125 0.8050699296875001 0.8452797203125 0.8050699296875001 0.7447552453124999 0.41608391562499997 0.7447552453124999 0.41608391562499997 0.8452797203125