24 0.8408854171875 0 0.8408854171875 0.1578125 0.9234375 0.1578125 0.9234375 0 0.8408854171875 0
24 1 0.0136284734375 0.741666665625 0.0136284734375 0.741666665625 0.1515625 1 0.1515625 1 0.0136284734375
24 0.809375 0 0.809375 0.2609375 0.928125 0.2609375 0.928125 0 0.809375 0
24 0.99991319375 0.6171875 0.99991319375 0.4674479171875 0.5485243046875 0.4674479171875 0.5485243046875 0.6171875 0.99991319375 0.6171875
24 0.9984375 0.5390625 0.9984375 0.397916665625 0.58828125 0.397916665625 0.58828125 0.5390625 0.9984375 0.5390625
24 0.8796875 0.5921875 0.8796875 0.2162326390625 0.7427951390625 0.2162326390625 0.7427951390625 0.5921875 0.8796875 0.5921875
24 1 0.2695312484375 0.66171875 0.2695312484375 0.66171875 0.403125 1 0.403125 1 0.2695312484375
24 0.915625 0.4234375 0.915625 0.11927083281249999 0.77881944375 0.11927083281249999 0.77881944375 0.4234375 0.915625 0.4234375
24 0.0657118046875 0.5449652781250001 0.5717881953124999 0.5449652781250001 0.5717881953124999 0.395659721875 0.06571180625 0.395659721875 0.0657118046875 0.5449652781250001
24 0.107465278125 0.328125 0.107465278125 0.46875 0.6140625 0.46875 0.6140625 0.328125 0.107465278125 0.328125
24 0.475 0.083420140625 0.3361111109375 0.083420140625 0.3361111109375 0.58125 0.475 0.58125 0.475 0.083420140625
24 0.6921875 0.334375 0.6921875 0.196875 0.1859375 0.196875 0.1859375 0.334375 0.6921875 0.334375
24 0.2207465265625 0.128125 0.2207465265625 0.26875 0.71875 0.26875 0.71875 0.128125 0.2207465265625 0.128125
24 0.0765625 0.1875 0.2453125 0.1875 0.2453125 0.10399305625 0.0765625 0.10399305625 0.0765625 0.1875
24 0.2109375 0.259375 0.2109375 0.17526041718750002 0.0433159734375 0.17526041718750002 0.0433159734375 0.259375 0.2109375 0.259375
24 0.1796875 0.321875 0.1796875 0.23793402656249998 0.012239584375 0.23793402656249998 0.0122395828125 0.321875 0.1796875 0.321875
24 0 0.42934027812500003 0.15 0.42934027812500003 0.15 0.303472221875 0 0.303472221875 0 0.42934027812500003
24 0.4546875 0.8796875 0.4546875 0.7150173609375 0.0000868046875 0.7150173609375 0.0000868046875 0.8796875 0.4546875 0.8796875
24 0.42664930468750006 0.85 0.42664930468750006 0.9671875 0.8702256937499999 0.9671875 0.8702256937499999 0.85 0.42664930468750006 0.85
24 0.765625 1 0.765625 0.65 0.6282118046875 0.65 0.6282118046875 1 0.765625 1
24 0.84375 0.6486979171875 0.7378472234375 0.6486979171875 0.7378472234375 0.928125 0.84375 0.928125 0.84375 0.6486979171875
24 0.2984375 0.519010415625 0.1665798625 0.519010415625 0.1665798625 0.9200520828125001 0.2984375 0.9200520828125001 0.2984375 0.519010415625