24 0.15625 0 0.15625 0.0578125 0.5765625 0.0578125 0.5765625 0 0.15625 0
24 0.5640625 0.0328125 0.1375 0.0328125 0.1375 0.11953125 0.5640625 0.11953125 0.5640625 0.0328125
24 0.540625 0.0859375 0.125 0.0859375 0.125 0.15546875 0.540625 0.15546875 0.540625 0.0859375
24 0.4734375 0.45 0.0140625 0.45 0.0140625 0.54609375 0.4734375 0.54609375 0.4734375 0.45
24 0.47890625 0.3875 0.0296875 0.3875 0.0296875 0.475 0.47890625 0.475 0.47890625 0.3875
24 0.4859375 0.3265625 0.04375 0.3265625 0.04375 0.4109375 0.4859375 0.4109375 0.4859375 0.3265625
24 0.490625 0.2640625 0.0484375 0.2640625 0.0484375 0.346875 0.490625 0.346875 0.490625 0.2640625
24 0.49765625 0.2015625 0.0640625 0.2015625 0.0640625 0.2859375 0.49765625 0.2859375 0.49765625 0.2015625
24 0.91953125 0.4734375 0.4734375 0.4734375 0.4734375 0.56875 0.91953125 0.56875 0.91953125 0.4734375
24 0.92578125 0.409375 0.475 0.409375 0.475 0.49453125 0.92578125 0.49453125 0.92578125 0.409375
24 0.921875 0.346875 0.4796875 0.346875 0.4796875 0.43125 0.921875 0.43125 0.921875 0.346875
24 0.93203125 0.284375 0.48125 0.284375 0.48125 0.3671875 0.93203125 0.3671875 0.93203125 0.284375
24 0.940625 0.2203125 0.4984375 0.2203125 0.4984375 0.30703125 0.940625 0.30703125 0.940625 0.2203125
24 1 0.240625 0.9390625 0.240625 0.9390625 0.30703125 1 0.30703125 1 0.240625
24 0.99921875 0.30625 0.928125 0.30625 0.928125 0.37265625 0.99921875 0.37265625 0.99921875 0.30625
24 0.99921875 0.3640625 0.91875 0.3640625 0.91875 0.43046875 0.99921875 0.43046875 0.99921875 0.3640625
24 1 0.4265625 0.9046875 0.4265625 0.9046875 0.52890625 1 0.52890625 1 0.4265625
24 0.85703125 0.7671875 0.396875 0.7671875 0.396875 0.87421875 0.85703125 0.87421875 0.85703125 0.7671875
24 0 0.86796875 0.375 0.86796875 0.375 0.7984375 0 0.7984375 0 0.86796875
24 0 0.82890625 0.34609375 0.82890625 0.34609375 0.7328125 0 0.7328125 0 0.82890625
24 0.24375 0.6703125 0.0046875 0.6703125 0.0046875 0.74453125 0.24375 0.74453125 0.24375 0.6703125
24 0.80546875 0.7015625 0.4578125 0.7015625 0.4578125 0.79140625 0.80546875 0.79140625 0.80546875 0.7015625