24 1 0.0234375 0.7390625 0.0234375 0.7390625 0.1375 1 0.1375 1 0.0234375
24 0.79609375 0 0.79609375 0.278125 0.9203125 0.278125 0.9203125 0 0.79609375 0
24 0.909375 0.03828125 0.802734375 0.03828125 0.802734375 0.3234375 0.909375 0.3234375 0.909375 0.03828125
24 0.8375 0.7765625 0.8375 0.32421875 0.70234375 0.32421875 0.70234375 0.7765625 0.8375 0.7765625
24 0.9984375 0.546875 0.9984375 0.420703125 0.579296875 0.420703125 0.579296875 0.546875 0.9984375 0.546875
24 0.8671875 0.6203125 0.8671875 0.2328125 0.742578125 0.2328125 0.742578125 0.6203125 0.8671875 0.6203125
24 1 0.305078125 0.6453125 0.305078125 0.6453125 0.425 1 0.425 1 0.305078125
24 0.8984375 0.14453125 0.775390625 0.14453125 0.775390625 0.46875 0.8984375 0.46875 0.8984375 0.14453125
24 0.108984375 0.41875 0.108984375 0.553125 0.5640625 0.553125 0.5640625 0.41875 0.108984375 0.41875
24 0.147265625 0.3578125 0.147265625 0.484375 0.603125 0.484375 0.603125 0.3578125 0.147265625 0.3578125
24 0.191015625 0.3 0.191015625 0.425 0.6390625 0.425 0.6390625 0.3 0.191015625 0.3
24 0.5078125 0.07265625 0.383203125 0.07265625 0.383203125 0.5296875 0.5078125 0.5296875 0.5078125 0.07265625
24 0.248828125 0.178125 0.248828125 0.3046875 0.696875 0.3046875 0.696875 0.178125 0.248828125 0.178125
24 0.2328125 0.2703125 0.2328125 0.11875 0.156640625 0.11875 0.156640625 0.2703125 0.2328125 0.2703125
24 0.089453125 0.2203125 0.089453125 0.296875 0.240625 0.296875 0.240625 0.2203125 0.089453125 0.2203125
24 0.061328125 0.2765625 0.061328125 0.353125 0.2125 0.353125 0.2125 0.2765625 0.061328125 0.2765625
24 0.015625 0.4484375 0.184375 0.4484375 0.184375 0.336328125 0.015625 0.336328125 0.015625 0.4484375
24 0.459375 0.705859375 0.0015625 0.705859375 0.0015625 0.8546875 0.459375 0.8546875 0.459375 0.705859375
24 0.6859375 1 0.6859375 0.680859375 0.581640625 0.680859375 0.581640625 1 0.6859375 1
24 0.490625 0.771875 0.490625 0.896875 0.8640625 0.896875 0.8640625 0.771875 0.490625 0.771875
24 0.6359375 0.725 0.6359375 0.8203125 0.8875 0.8203125 0.8875 0.725 0.6359375 0.725
24 0.0796875 0.65 0.0796875 0.7703125 0.440625 0.7703125 0.440625 0.65 0.0796875 0.65
24 0.28515625 0 0.28515625 0.0796875 0.3 0.0796875 0.3 0 0.28515625 0