24 1 0.0234375 0.7390625 0.0234375 0.7390625 0.1375 1 0.1375 1 0.0234375
24 1 0.075 0.7171875 0.075 0.7171875 0.2 1 0.2 1 0.075
24 0.99921875 0.1265625 0.7140625 0.1265625 0.7140625 0.234375 0.99921875 0.234375 0.99921875 0.1265625
24 0.996875 0.4828125 0.54375 0.4828125 0.54375 0.61875 0.996875 0.61875 0.996875 0.4828125
24 0.99921875 0.4203125 0.5796875 0.4203125 0.5796875 0.54765625 0.99921875 0.54765625 0.99921875 0.4203125
24 0.99921875 0.3640625 0.6109375 0.3640625 0.6109375 0.4890625 0.99921875 0.4890625 0.99921875 0.3640625
24 1 0.3046875 0.6453125 0.3046875 0.6453125 0.42578125 1 0.42578125 1 0.3046875
24 0.99921875 0.2453125 0.675 0.2453125 0.675 0.36875 0.99921875 0.36875 0.99921875 0.2453125
24 0.56484375 0.41875 0.109375 0.41875 0.109375 0.553125 0.56484375 0.553125 0.56484375 0.41875
24 0.60390625 0.3578125 0.146875 0.3578125 0.146875 0.484375 0.60390625 0.484375 0.60390625 0.3578125
24 0.63984375 0.3 0.190625 0.3 0.190625 0.425 0.63984375 0.425 0.63984375 0.3
24 0.67421875 0.2390625 0.2171875 0.2390625 0.2171875 0.3640625 0.67421875 0.3640625 0.67421875 0.2390625
24 0.69765625 0.178125 0.2484375 0.178125 0.2484375 0.3046875 0.69765625 0.3046875 0.69765625 0.178125
24 0.27109375 0.15625 0.11875 0.15625 0.11875 0.2328125 0.27109375 0.2328125 0.27109375 0.15625
24 0.24140625 0.2203125 0.0890625 0.2203125 0.0890625 0.296875 0.24140625 0.296875 0.24140625 0.2203125
24 0.21328125 0.2765625 0.0609375 0.2765625 0.0609375 0.353125 0.21328125 0.353125 0.21328125 0.2765625
24 0.18515625 0.3359375 0.015625 0.3359375 0.015625 0.44921875 0.18515625 0.44921875 0.18515625 0.3359375
24 0.459375 0.70625 0.0015625 0.70625 0.0015625 0.85546875 0.459375 0.85546875 0.459375 0.70625
24 0.83359375 0.828125 0.434375 0.828125 0.434375 0.93359375 0.83359375 0.93359375 0.83359375 0.828125
24 0.8640625 0.771875 0.490625 0.771875 0.490625 0.896875 0.8640625 0.896875 0.8640625 0.771875
24 0.8875 0.725 0.6359375 0.725 0.6359375 0.8203125 0.8875 0.8203125 0.8875 0.725
24 0.440625 0.65 0.0796875 0.65 0.0796875 0.7703125 0.440625 0.7703125 0.440625 0.65
24 0.3640625 0.0015625 0.221875 0.0015625 0.221875 0.0171875 0.3640625 0.0171875 0.3640625 0.0015625