24 0.8125 0 0.8125 0.2109375 0.9265625 0.2109375 0.9265625 0 0.8125 0
24 1 0.075 0.7171875 0.075 0.7171875 0.2 1 0.2 1 0.075
24 0.714453125 0.1265625 0.714453125 0.234375 0.9984375 0.234375 0.9984375 0.1265625 0.714453125 0.1265625
24 0.54375 0.4828125 0.54375 0.61875 0.996875 0.61875 0.996875 0.4828125 0.54375 0.4828125
24 0.9984375 0.546875 0.9984375 0.420703125 0.579296875 0.420703125 0.579296875 0.546875 0.9984375 0.546875
24 0.611328125 0.3640625 0.611328125 0.4890625 0.9984375 0.4890625 0.9984375 0.3640625 0.611328125 0.3640625
24 1 0.3046875 0.6453125 0.3046875 0.6453125 0.425 1 0.425 1 0.3046875
24 0.8984375 0.46875 0.8984375 0.1453125 0.775390625 0.1453125 0.775390625 0.46875 0.8984375 0.46875
24 0.108984375 0.41875 0.108984375 0.553125 0.5640625 0.553125 0.5640625 0.41875 0.108984375 0.41875
24 0.146875 0.3578125 0.146875 0.484375 0.603125 0.484375 0.603125 0.3578125 0.146875 0.3578125
24 0.352734375 0.1375 0.352734375 0.58671875 0.4765625 0.58671875 0.4765625 0.1375 0.352734375 0.1375
24 0.5078125 0.5296875 0.5078125 0.0734375 0.383203125 0.0734375 0.383203125 0.5296875 0.5078125 0.5296875
24 0.409765625 0.0171875 0.409765625 0.465625 0.5359375 0.465625 0.5359375 0.0171875 0.409765625 0.0171875
24 0.2328125 0.11796875 0.156640625 0.11796875 0.156640625 0.2703125 0.2328125 0.2703125 0.2328125 0.11796875
24 0.126953125 0.1828125 0.126953125 0.334375 0.203125 0.334375 0.203125 0.1828125 0.126953125 0.1828125
24 0.061328125 0.2765625 0.061328125 0.353125 0.2125 0.353125 0.2125 0.2765625 0.061328125 0.2765625
24 0.184375 0.4484375 0.184375 0.335546875 0.016015625 0.335546875 0.016015625 0.4484375 0.184375 0.4484375
24 0.459375 0.705859375 0.0015625 0.705859375 0.0015625 0.8546875 0.459375 0.8546875 0.459375 0.705859375
24 0.8328125 0.9328125 0.8328125 0.827734375 0.433984375 0.827734375 0.433984375 0.9328125 0.8328125 0.9328125
24 0.490625 0.771875 0.490625 0.896875 0.8640625 0.896875 0.8640625 0.771875 0.490625 0.771875
24 0.6359375 0.725 0.6359375 0.8203125 0.8875 0.8203125 0.8875 0.725 0.6359375 0.725
24 0.0796875 0.65 0.0796875 0.7703125 0.440625 0.7703125 0.440625 0.65 0.0796875 0.65
24 0.28515625 0 0.28515625 0.0796875 0.3 0.0796875 0.3 0 0.28515625 0