24 0.30131118749999997 0 0.30131118749999997 0.246847684375 0.325 0.246847684375 0.325 0 0.30131118749999997 0
24 0.2496722015625 0 0.2496722015625 0.284375 0.3421875 0.284375 0.3421875 0 0.2496722015625 0
24 0.5078125 0.1328125 0.5078125 0.055474214062500006 0.0433675703125 0.055474214062500006 0.0433675703125 0.1328125 0.5078125 0.1328125
24 0.26875 0.7328125 0.26875 0.3 0.1628824296875 0.3 0.1628824296875 0.7328125 0.26875 0.7328125
24 0.4390625 0.490625 0.4390625 0.39375 0.00031140625 0.39375 0.00031140625 0.490625 0.4390625 0.490625
24 0.2703125 0.5953125 0.2703125 0.1484375 0.1762947984375 0.1484375 0.1762947984375 0.5953125 0.2703125 0.5953125
24 0.4515625 0.255233828125 0.0001638984375 0.255233828125 0.0001638984375 0.347891171875 0.4515625 0.347891171875 0.4515625 0.255233828125
24 0.2765625 0.4625 0.2765625 0.0020487328124999997 0.1834243875 0.0020487328124999997 0.1834243890625 0.4625 0.2765625 0.4625
24 0.9328125 0.5953125 0.9328125 0.48937390625 0.433883303125 0.48937390625 0.433883303125 0.5953125 0.9328125 0.5953125
24 0.734375 0.715625 0.734375 0.21328671250000003 0.6392318625 0.21328671250000003 0.6392318625 0.715625 0.734375 0.715625
24 0.934375 0.440625 0.934375 0.348109703125 0.4409036265625 0.348109703125 0.4409036265625 0.440625 0.934375 0.440625
24 0.7390625 0.0720771421875 0.6480823859375 0.0720771421875 0.6480823874999999 0.5764477718750001 0.7390625 0.5764477718750001 0.7390625 0.0720771421875
24 0.95625 0.303125 0.95625 0.2064138984375 0.4618607953125 0.2064138984375 0.4618607953125 0.303125 0.95625 0.303125
24 1 0.24337303281249997 0.9403572984374999 0.24337303281249997 0.9403572984374999 0.2875 1 0.2875 1 0.24337303281249997
24 1 0.30220170468749996 0.9423677890625 0.30220170468749996 0.9423677890625 0.375 1 0.375 1 0.30220170468749996
24 0.999715909375 0.440625 0.999715909375 0.36753715 0.931534090625 0.36753715 0.931534090625 0.440625 0.999715909375 0.440625
24 1 0.4525895984375 0.90099978125 0.4525895984375 0.90099978125 0.5359375 1 0.5359375 1 0.4525895984375
24 0.8609375 0.9359375 0.8609375 0.8181162593750001 0.347765515625 0.8181162593750001 0.347765515625 0.9359375 0.8609375 0.9359375
24 0 0.9296875 0.321875 0.9296875 0.321875 0.8530048078125001 0 0.8530048078125001 0 0.9296875
24 0.290625 0.8859375 0.290625 0.7796055515625 0.00022945781250000003 0.7796055515625 0.00022945781250000003 0.8859375 0.290625 0.8859375
24 0 0.7921875 0.1765625 0.7921875 0.1765625 0.709375 0 0.709375 0 0.7921875
24 0.659375 0.9890625 0.659375 0.600103803125 0.5600196687500001 0.600103803125 0.5600196687500001 0.9890625 0.659375 0.9890625