24 0.15625 0 0.15625 0.0578125 0.5765625 0.0578125 0.5765625 0 0.15625 0
24 0.3078125 0 0.3078125 0.2890625 0.39375 0.2890625 0.39375 0 0.3078125 0
24 0.29765625 0 0.29765625 0.328125 0.3671875 0.328125 0.3671875 0 0.29765625 0
24 0.2921875 0.268359375 0.19609375 0.268359375 0.19609375 0.7265625 0.2921875 0.7265625 0.2921875 0.268359375
24 0.030078125 0.3875 0.030078125 0.475 0.478125 0.475 0.478125 0.3875 0.030078125 0.3875
24 0.04375 0.3265625 0.04375 0.4109375 0.4859375 0.4109375 0.4859375 0.3265625 0.04375 0.3265625
24 0.0484375 0.2640625 0.0484375 0.346875 0.490625 0.346875 0.490625 0.2640625 0.0484375 0.2640625
24 0.321875 0.459375 0.321875 0.02734375 0.238671875 0.02734375 0.238671875 0.459375 0.321875 0.459375
24 0.648828125 0.2984375 0.648828125 0.74375 0.74375 0.74375 0.74375 0.2984375 0.648828125 0.2984375
24 0.6578125 0.6765625 0.7421875 0.6765625 0.7421875 0.226953125 0.6578125 0.226953125 0.6578125 0.6765625
24 0.7421875 0.609375 0.7421875 0.16796875 0.65859375 0.16796875 0.65859375 0.609375 0.7421875 0.609375
24 0.481640625 0.284375 0.481640625 0.3671875 0.93125 0.3671875 0.93125 0.284375 0.481640625 0.284375
24 0.4984375 0.2203125 0.4984375 0.30625 0.940625 0.30625 0.940625 0.2203125 0.4984375 0.2203125
24 1 0.241015625 0.9390625 0.241015625 0.9390625 0.30625 1 0.30625 1 0.241015625
24 0.9953125 0.303515625 0.930078125 0.303515625 0.930078125 0.374609375 0.9953125 0.374609375 0.9953125 0.303515625
24 0.9984375 0.4296875 0.9984375 0.364453125 0.919140625 0.364453125 0.919140625 0.4296875 0.9984375 0.4296875
24 1 0.426953125 0.9046875 0.426953125 0.9046875 0.528125 1 0.528125 1 0.426953125
24 0.85625 0.8734375 0.85625 0.766796875 0.397265625 0.766796875 0.397265625 0.8734375 0.85625 0.8734375
24 0 0.8671875 0.375 0.8671875 0.375 0.798828125 0 0.798828125 0 0.8671875
24 0.2203125 0.953125 0.2203125 0.608203125 0.125390625 0.608203125 0.125390625 0.953125 0.2203125 0.953125
24 0.24375 0.670703125 0.0046875 0.670703125 0.0046875 0.74375 0.24375 0.74375 0.24375 0.670703125
24 0.8046875 0.790625 0.8046875 0.7015625 0.458203125 0.7015625 0.458203125 0.790625 0.8046875 0.790625