24 0.3375 0 0.3375 0.2390625 0.3953125 0.2390625 0.3953125 0 0.3375 0
24 0.3078125 0 0.3078125 0.2890625 0.39375 0.2890625 0.39375 0 0.3078125 0
24 0.540625 0.085546875 0.125 0.085546875 0.125 0.1546875 0.540625 0.1546875 0.540625 0.085546875
24 0.4734375 0.450390625 0.0140625 0.450390625 0.0140625 0.5453125 0.4734375 0.5453125 0.4734375 0.450390625
24 0.296875 0.6546875 0.296875 0.20703125 0.210546875 0.20703125 0.210546875 0.6546875 0.296875 0.6546875
24 0.04375 0.3265625 0.04375 0.4109375 0.4859375 0.4109375 0.4859375 0.3265625 0.04375 0.3265625
24 0.0484375 0.2640625 0.0484375 0.346875 0.490625 0.346875 0.490625 0.2640625 0.0484375 0.2640625
24 0.321875 0.459375 0.321875 0.02734375 0.238671875 0.02734375 0.238671875 0.459375 0.321875 0.459375
24 0.473828125 0.4734375 0.473828125 0.56875 0.91875 0.56875 0.91875 0.4734375 0.473828125 0.4734375
24 0.475 0.49375 0.925 0.49375 0.925 0.409375 0.475 0.409375 0.475 0.49375
24 0.4796875 0.346875 0.4796875 0.43125 0.921875 0.43125 0.921875 0.346875 0.4796875 0.346875
24 0.746875 0.55 0.746875 0.10078125 0.665234375 0.10078125 0.665234375 0.55 0.746875 0.55
24 0.4984375 0.2203125 0.4984375 0.30625 0.940625 0.30625 0.940625 0.2203125 0.4984375 0.2203125
24 1 0.241015625 0.9390625 0.241015625 0.9390625 0.30625 1 0.30625 1 0.241015625
24 0.9953125 0.303515625 0.930078125 0.303515625 0.930078125 0.374609375 0.9953125 0.374609375 0.9953125 0.303515625
24 0.991796875 0.4375 0.991796875 0.357421875 0.925390625 0.357421875 0.925390625 0.4375 0.991796875 0.4375
24 1 0.426953125 0.9046875 0.426953125 0.9046875 0.528125 1 0.528125 1 0.426953125
24 0.85625 0.8734375 0.85625 0.766796875 0.397265625 0.766796875 0.397265625 0.8734375 0.85625 0.8734375
24 0.221875 1 0.221875 0.645703125 0.15234375 0.645703125 0.15234375 1 0.221875 1
24 0.2203125 0.953125 0.2203125 0.608203125 0.125390625 0.608203125 0.125390625 0.953125 0.2203125 0.953125
24 0.1609375 0.587890625 0.0875 0.587890625 0.0875 0.8265625 0.1609375 0.8265625 0.1609375 0.587890625
24 0.675 0.9203125 0.675 0.573046875 0.587109375 0.573046875 0.587109375 0.9203125 0.675 0.9203125