24 0.116796875 0.015625 0.116796875 0.0890625 0.3796875 0.0890625 0.3796875 0.015625 0.116796875 0.015625
24 0.24921875 0 0.24921875 0.1625 0.2921875 0.1625 0.2921875 0 0.24921875 0
24 0.7546875 0.623828125 0.7171875 0.623828125 0.7171875 0.7078125 0.7546875 0.7078125 0.7546875 0.623828125
24 0.712890625 0.615625 0.712890625 0.65625 0.7984375 0.65625 0.7984375 0.615625 0.712890625 0.615625
24 0.728515625 0.5828125 0.728515625 0.6234375 0.8171875 0.6234375 0.8171875 0.5828125 0.728515625 0.5828125
24 0.732421875 0.5484375 0.732421875 0.590625 0.8328125 0.590625 0.8328125 0.5484375 0.732421875 0.5484375
24 0.733984375 0.5015625 0.733984375 0.559375 0.8546875 0.559375 0.8546875 0.5015625 0.733984375 0.5015625
24 0.791015625 0.421875 0.791015625 0.55 0.8375 0.55 0.8375 0.421875 0.791015625 0.421875
24 0.5 0.046875 0.5 0.128125 0.765625 0.128125 0.765625 0.046875 0.5 0.046875
24 0.4390625 0.0015625 0.4390625 0.075 0.834375 0.075 0.834375 0.0015625 0.4390625 0.0015625
24 0.99375 0.1625 0.99375 0.08359375 0.92578125 0.08359375 0.92578125 0.1625 0.99375 0.1625
24 0.891796875 0 0.891796875 0.1328125 0.9671875 0.1328125 0.9671875 0 0.891796875 0
24 0.4546875 0.63125 0.4546875 0.6875 0.7 0.6875 0.7 0.63125 0.4546875 0.63125
24 0.46875 0.659375 0.715625 0.659375 0.715625 0.6 0.46875 0.6 0.46875 0.659375
24 0.64140625 0.721875 0.64140625 0.455859375 0.565625 0.455859375 0.565625 0.721875 0.64140625 0.721875
24 0.569921875 0.4171875 0.569921875 0.66328125 0.625 0.66328125 0.625 0.4171875 0.569921875 0.4171875
24 0.6453125 0.6265625 0.6453125 0.377734375 0.57578125 0.377734375 0.57578125 0.6265625 0.6453125 0.6265625
24 0.2109375 0.621875 0.2109375 0.68125 0.4671875 0.68125 0.4671875 0.621875 0.2109375 0.621875
24 0.3015625 0.478125 0.3015625 0.7390625 0.38125 0.7390625 0.38125 0.478125 0.3015625 0.478125
24 0.2296875 0.5203125 0.2296875 0.5890625 0.4796875 0.5890625 0.4796875 0.5203125 0.2296875 0.5203125
24 0.4734375 0.528125 0.4734375 0.478515625 0.246484375 0.478515625 0.246484375 0.528125 0.4734375 0.528125
24 0.246875 0.446875 0.246875 0.5 0.475 0.5 0.475 0.446875 0.246875 0.446875
24 0.15 0.740625 0.15 0.526171875 0.064453125 0.526171875 0.064453125 0.740625 0.15 0.740625
24 0 0.609375 0.2328125 0.609375 0.2328125 0.5359375 0 0.5359375 0 0.609375
24 0 0.5515625 0.2375 0.5515625 0.2375 0.496875 0 0.496875 0 0.5515625
24 0 0.5234375 0.2453125 0.5234375 0.2453125 0.469140625 0 0.469140625 0 0.5234375
24 0.0046875 0.434375 0.0046875 0.4921875 0.2546875 0.4921875 0.2546875 0.434375 0.0046875 0.434375
24 0.396875 0.74375 0.396875 0.80625 0.6484375 0.80625 0.6484375 0.74375 0.396875 0.74375
24 0.540625 0.625390625 0.48203125 0.625390625 0.48203125 0.8578125 0.540625 0.8578125 0.540625 0.625390625