24 0.403125 0.025 0.403125 0.0000838921875 0.12125104843750001 0.0000838921875 0.12125104843750001 0.025 0.403125 0.025
24 0.8296875 0.6243445875 0.7392302859375001 0.6243445875 0.7392302859375001 0.6654519718749999 0.8296875 0.6654519718749999 0.8296875 0.6243445875
24 0.8528104015625001 0.6328125 0.8528104015625001 0.59068791875 0.7596895984375001 0.59068791875 0.7596895984375001 0.6328125 0.8528104015625001 0.6328125
24 0.7767617453125 0.5983745796875 0.8732382546874999 0.5983745796875 0.8732382546874999 0.5547504187500001 0.7767617453125 0.5547504187500001 0.7767617453125 0.5983745796875
24 0.8900482390625 0.5625 0.8900482390625 0.51875524375 0.7818267609375 0.51875524375 0.7818267609375 0.5625 0.8900482390625 0.5625
24 0.878125 0.43400796875000003 0.8174758796875 0.43400796875000003 0.8174758796875 0.5640415265625001 0.878125 0.5640415265625001 0.878125 0.43400796875000003
24 0.9387741187499999 0.475 0.9387741187499999 0.42595427968750005 0.8003513 0.42595427968750005 0.8003513 0.475 0.9387741187499999 0.475
24 0.6409028953125 0 0.6409028953125 0.1763160640625 0.7078125 0.1763160640625 0.7078125 0 0.6409028953125 0
24 0.94020029375 0 0.94020029375 0.059375 0.978125 0.059375 0.978125 0 0.94020029375 0
24 0.64375 0.76875 0.64375 0.5049444203125 0.5852348984375 0.5049444203125 0.5852348984375 0.76875 0.64375 0.76875
24 0.663464765625 0.7375 0.663464765625 0.473112415625 0.59886745 0.473112415625 0.59886745 0.7375 0.663464765625 0.7375
24 0.7859375 0.603125 0.7859375 0.521875 0.5002936234375001 0.521875 0.5002936234375001 0.603125 0.7859375 0.603125
24 0.5046875 0.5390625 0.76875 0.5390625 0.76875 0.47995490781249994 0.5046875 0.47995490781249994 0.5046875 0.5390625
24 0.784375 0.50625 0.784375 0.431360109375 0.5173343109374999 0.431360109375 0.5173343109374999 0.50625 0.784375 0.50625
24 0.4953125 0.6609375 0.4953125 0.5973888421875 0.22179110624999998 0.5973888421875 0.22179110624999998 0.6609375 0.4953125 0.6609375
24 0.403125 0.721875 0.403125 0.4430945890625 0.3182518875 0.4430945890625 0.3182518875 0.721875 0.403125 0.721875
24 0.4125 0.6578125 0.4125 0.3908819203125 0.33909395937500003 0.3908819203125 0.33909395937500003 0.6578125 0.4125 0.6578125
24 0.409375 0.3480547390625 0.35555264375 0.3480547390625 0.35555264375 0.5921822578125 0.409375 0.5921822578125 0.409375 0.3480547390625
24 0.4109375 0.559375 0.4109375 0.3159553265625 0.3543886328125 0.3159553265625 0.3543886328125 0.559375 0.4109375 0.559375
24 0.1578125 0.721875 0.1578125 0.49714765156249996 0.066437709375 0.49714765156249996 0.066437709375 0.721875 0.1578125 0.721875
24 0.24375 0.5828125 0.24375 0.5051017203125 0.000173028125 0.5051017203125 0.000173028125 0.5828125 0.24375 0.5828125
24 0.1541002515625 0.6171875 0.1541002515625 0.3674496640625 0.09537541875 0.3674496640625 0.09537541875 0.6171875 0.1541002515625 0.6171875
24 0 0.4921875 0.2578125 0.4921875 0.2578125 0.4328125 0 0.4328125 0 0.4921875
24 0.1640625 0.5609375 0.1640625 0.2929320453125 0.10363884375000001 0.2929320453125 0.10363884375000001 0.5609375 0.1640625 0.5609375
24 0.5890625 0.8953125 0.5890625 0.6267197984374999 0.522677221875 0.6267197984374999 0.522677221875 0.8953125 0.5890625 0.8953125
24 0.575 0.85 0.575 0.6003775171875 0.512531459375 0.6003775171875 0.512531459375 0.85 0.575 0.85