24 0.9484375 0.9734375 0.9484375 0.798046875 0.873828125 0.798046875 0.873828125 0.9734375 0.9484375 0.9734375
24 0.816015625 0.896875 0.816015625 0.965625 0.9984375 0.965625 0.9984375 0.896875 0.816015625 0.896875
24 1 0.936328125 0.8234375 0.936328125 0.8234375 0.978125 1 0.978125 1 0.936328125
24 0.18125 0.371875 0.18125 0.334765625 0.095703125 0.334765625 0.095703125 0.371875 0.18125 0.371875
24 0.112890625 0.3421875 0.112890625 0.43125 0.1546875 0.43125 0.1546875 0.3421875 0.112890625 0.3421875
24 0.1546875 0.4703125 0.1546875 0.37734375 0.11328125 0.37734375 0.11328125 0.4703125 0.1546875 0.4703125
24 0.1953125 0.4796875 0.1953125 0.437890625 0.091015625 0.437890625 0.091015625 0.4796875 0.1953125 0.4796875
24 0.180859375 0.5640625 0.180859375 0.437109375 0.120703125 0.437109375 0.120703125 0.5640625 0.180859375 0.5640625
24 0.1796875 0.615625 0.1796875 0.48203125 0.13203125 0.48203125 0.13203125 0.615625 0.1796875 0.615625
24 0.41875 0.8734375 0.41875 0.95625 0.6953125 0.95625 0.6953125 0.8734375 0.41875 0.8734375
24 0.7890625 1 0.7890625 0.93125 0.374609375 0.93125 0.374609375 1 0.7890625 1
24 0.103125 0.9140625 0.103125 0.978125 0.2546875 0.978125 0.2546875 0.9140625 0.103125 0.9140625
24 0.3453125 0.9984375 0.3453125 0.963671875 0.113671875 0.963671875 0.113671875 0.9984375 0.3453125 0.9984375
24 0.172265625 0.3046875 0.172265625 0.3609375 0.4296875 0.3609375 0.4296875 0.3046875 0.172265625 0.3046875
24 0.33125 0.4953125 0.33125 0.236328125 0.271875 0.236328125 0.271875 0.4953125 0.33125 0.4953125
24 0.1734375 0.3703125 0.1734375 0.446875 0.45 0.446875 0.45 0.3703125 0.1734375 0.3703125
24 0.2171875 0.428125 0.2171875 0.4859375 0.4765625 0.4859375 0.4765625 0.428125 0.2171875 0.428125
24 0.221484375 0.4609375 0.221484375 0.5328125 0.4828125 0.5328125 0.4828125 0.4609375 0.221484375 0.4609375
24 0.411328125 0.26875 0.411328125 0.3296875 0.678125 0.3296875 0.678125 0.26875 0.411328125 0.26875
24 0.428125 0.3828125 0.7 0.3828125 0.7 0.301953125 0.428125 0.301953125 0.428125 0.3828125
24 0.615625 0.5296875 0.615625 0.269140625 0.548046875 0.269140625 0.548046875 0.5296875 0.615625 0.5296875
24 0.628125 0.56875 0.628125 0.33125 0.578515625 0.33125 0.578515625 0.56875 0.628125 0.56875
24 0.5 0.45625 0.5 0.509375 0.7390625 0.509375 0.7390625 0.45625 0.5 0.45625
24 0.76875 0.1328125 0.76875 0.4125 0.8578125 0.4125 0.8578125 0.1328125 0.76875 0.1328125
24 0.7875 0.203125 0.7875 0.4734375 0.8609375 0.4734375 0.8609375 0.203125 0.7875 0.203125
24 0.707421875 0.3578125 0.707421875 0.4140625 0.9640625 0.4140625 0.9640625 0.3578125 0.707421875 0.3578125
24 0.717578125 0.3875 0.717578125 0.4453125 0.975 0.4453125 0.975 0.3875 0.717578125 0.3875
24 0.728515625 0.425 0.728515625 0.4828125 0.990625 0.4828125 0.990625 0.425 0.728515625 0.425
24 0.325 0.0765625 0.262890625 0.0765625 0.262890625 0.3390625 0.325 0.3390625 0.325 0.0765625
24 0.44375 0.209765625 0.2 0.209765625 0.2 0.2671875 0.44375 0.2671875 0.44375 0.209765625