24 0.212109375 0 0.212109375 0.184375 0.284375 0.184375 0.284375 0 0.212109375 0
24 0.1296875 0 0.1296875 0.0421875 0.4125 0.0421875 0.4125 0 0.1296875 0
24 0.7546875 0.7078125 0.7546875 0.623828125 0.7171875 0.623828125 0.7171875 0.7078125 0.7546875 0.7078125
24 0.775 0.59296875 0.735546875 0.59296875 0.735546875 0.6796875 0.775 0.6796875 0.775 0.59296875
24 0.728515625 0.5828125 0.728515625 0.6234375 0.8171875 0.6234375 0.8171875 0.5828125 0.728515625 0.5828125
24 0.732421875 0.5484375 0.732421875 0.590625 0.8328125 0.590625 0.8328125 0.5484375 0.732421875 0.5484375
24 0.8234375 0.46953125 0.766015625 0.46953125 0.766015625 0.590625 0.8234375 0.590625 0.8234375 0.46953125
24 0.750390625 0.4625 0.750390625 0.509375 0.878125 0.509375 0.878125 0.4625 0.750390625 0.4625
24 0.765625 0.047265625 0.5 0.047265625 0.5 0.128125 0.765625 0.128125 0.765625 0.047265625
24 0.4390625 0.0015625 0.4390625 0.075 0.834375 0.075 0.834375 0.0015625 0.4390625 0.0015625
24 0.99375 0.1625 0.99375 0.08359375 0.92578125 0.08359375 0.92578125 0.1625 0.99375 0.1625
24 0.9984375 0.1015625 0.9984375 0.026953125 0.861328125 0.026953125 0.861328125 0.1015625 0.9984375 0.1015625
24 0.6046875 0.78125 0.6046875 0.53671875 0.549609375 0.53671875 0.549609375 0.78125 0.6046875 0.78125
24 0.715625 0.659375 0.715625 0.600390625 0.469140625 0.600390625 0.469140625 0.659375 0.715625 0.659375
24 0.6421875 0.455859375 0.56640625 0.455859375 0.56640625 0.721875 0.6421875 0.721875 0.6421875 0.455859375
24 0.474609375 0.5125 0.474609375 0.56875 0.7203125 0.56875 0.7203125 0.5125 0.474609375 0.5125
24 0.7359375 0.467578125 0.4859375 0.467578125 0.4859375 0.5375 0.7359375 0.5375 0.7359375 0.467578125
24 0.36875 0.7796875 0.36875 0.523828125 0.309375 0.523828125 0.309375 0.7796875 0.36875 0.7796875
24 0.2109375 0.56875 0.2109375 0.6484375 0.471875 0.6484375 0.471875 0.56875 0.2109375 0.56875
24 0.3203125 0.4296875 0.3203125 0.6796875 0.3890625 0.6796875 0.3890625 0.4296875 0.3203125 0.4296875
24 0.4734375 0.528125 0.4734375 0.478515625 0.246484375 0.478515625 0.246484375 0.528125 0.4734375 0.528125
24 0.334375 0.359375 0.334375 0.5875 0.3875 0.5875 0.3875 0.359375 0.334375 0.359375
24 0.15 0.740625 0.15 0.526953125 0.063671875 0.526953125 0.063671875 0.740625 0.15 0.740625
24 0.0796875 0.45625 0.0796875 0.6890625 0.153125 0.6890625 0.153125 0.45625 0.0796875 0.45625
24 0 0.5515625 0.2375 0.5515625 0.2375 0.496875 0 0.496875 0 0.5515625
24 0 0.5234375 0.2453125 0.5234375 0.2453125 0.469140625 0 0.469140625 0 0.5234375
24 0.0046875 0.434375 0.0046875 0.4921875 0.2546875 0.4921875 0.2546875 0.434375 0.0046875 0.434375
24 0.396875 0.74375 0.396875 0.80625 0.6484375 0.80625 0.6484375 0.74375 0.396875 0.74375
24 0.540625 0.8578125 0.540625 0.625390625 0.4828125 0.625390625 0.4828125 0.8578125 0.540625 0.8578125