24 0.2496644296875 0 0.2496644296875 0.153125 0.2734375 0.153125 0.2734375 0 0.2496644296875 0
24 0.8296875 0.6243445875 0.7392302859375001 0.6243445875 0.7392302859375001 0.6654519718749999 0.8296875 0.6654519718749999 0.8296875 0.6243445875
24 0.8528104015625001 0.6328125 0.8528104015625001 0.59068791875 0.7596895984375001 0.59068791875 0.7596895984375001 0.6328125 0.8528104015625001 0.6328125
24 0.803125 0.625 0.8462772640624999 0.625 0.8462772640624999 0.5290268453125 0.803125 0.5290268453125 0.803125 0.625
24 0.8900482390625 0.5625 0.8900482390625 0.51875524375 0.7818267609375 0.51875524375 0.7818267609375 0.5625 0.8900482390625 0.5625
24 0.878125 0.5640625 0.878125 0.4342806203125 0.8175912328124999 0.4342806203125 0.8175912343749999 0.5640625 0.878125 0.5640625
24 0.89375 0.5203125 0.89375 0.382146603125 0.8445994125 0.382146603125 0.8445994125 0.5203125 0.89375 0.5203125
24 0.640625 0 0.640625 0.1765625 0.7078125 0.1765625 0.7078125 0 0.640625 0
24 0.9398332640625 0 0.9398332640625 0.059375 0.978125 0.059375 0.978125 0 0.9398332640625 0
24 0.64375 0.76875 0.64375 0.50596161875 0.5850671140625 0.50596161875 0.5850671140625 0.76875 0.64375 0.76875
24 0.4984375 0.6375 0.7640625 0.6375 0.7640625 0.5736996640625 0.4984375 0.5736996640625 0.4984375 0.6375
24 0.7859375 0.603125 0.7859375 0.521875 0.5002936234375001 0.521875 0.5002936234375001 0.603125 0.7859375 0.603125
24 0.6671875 0.640625 0.6671875 0.378381921875 0.6070522234375 0.378381921875 0.6070522234375 0.640625 0.6671875 0.640625
24 0.784375 0.50625 0.784375 0.4310559984375 0.516222734375 0.4310559984375 0.516222734375 0.50625 0.784375 0.50625
24 0.390625 0.765625 0.390625 0.49234479843749995 0.3266883375 0.49234479843749995 0.3266883375 0.765625 0.390625 0.765625
24 0.403125 0.721875 0.403125 0.4428114515625 0.3193320046875 0.4428114515625 0.3193320046875 0.721875 0.403125 0.721875
24 0.4125 0.6578125 0.4125 0.3908819203125 0.33909395937500003 0.3908819203125 0.33909395937500003 0.6578125 0.4125 0.6578125
24 0.5042942546875 0.496875 0.5042942546875 0.443639890625 0.2601667359375 0.443639890625 0.2601667359375 0.496875 0.5042942546875 0.496875
24 0.504514471875 0.465625 0.504514471875 0.409757759375 0.259548028125 0.409757759375 0.259548028125 0.465625 0.504514471875 0.465625
24 0.225 0.65625 0.225 0.5640625 0.00033557031250000004 0.5640625 0.00033557031250000004 0.65625 0.225 0.65625
24 0.24375 0.5828125 0.24375 0.5051017203125 0.000173028125 0.5051017203125 0.000173028125 0.5828125 0.24375 0.5828125
24 0.1541002515625 0.6171875 0.1541002515625 0.3674496640625 0.09537541875 0.3674496640625 0.09537541875 0.6171875 0.1541002515625 0.6171875
24 0.1578125 0.590625 0.1578125 0.333761534375 0.0992449671875 0.333761534375 0.0992449671875 0.590625 0.1578125 0.590625
24 0.1640625 0.5609375 0.1640625 0.292638421875 0.10273699843749999 0.292638421875 0.10273699843749999 0.5609375 0.1640625 0.5609375
24 0.6890625 0.7281617015624999 0.42118288593750003 0.7281617015624999 0.42118288593750003 0.795275796875 0.6890625 0.795275796875 0.6890625 0.7281617015624999
24 0.66875 0.6951027671875 0.41875 0.6951027671875 0.41875 0.75625 0.66875 0.75625 0.66875 0.6951027671875