24 0.99921875 0.8484375 0.8234375 0.8484375 0.8234375 0.92421875 0.99921875 0.92421875 0.99921875 0.8484375
24 0.99921875 0.896875 0.815625 0.896875 0.815625 0.965625 0.99921875 0.965625 0.99921875 0.896875
24 1 0.9359375 0.8234375 0.9359375 0.8234375 0.97890625 1 0.97890625 1 0.9359375
24 0.18203125 0.334375 0.0953125 0.334375 0.0953125 0.37265625 0.18203125 0.37265625 0.18203125 0.334375
24 0.17890625 0.365625 0.0890625 0.365625 0.0890625 0.4078125 0.17890625 0.4078125 0.17890625 0.365625
24 0.18125 0.403125 0.0875 0.403125 0.0875 0.4453125 0.18125 0.4453125 0.18125 0.403125
24 0.19609375 0.4375 0.090625 0.4375 0.090625 0.48046875 0.19609375 0.48046875 0.19609375 0.4375
24 0.21484375 0.4703125 0.0875 0.4703125 0.0875 0.53046875 0.21484375 0.53046875 0.21484375 0.4703125
24 0.2234375 0.525 0.0890625 0.525 0.0890625 0.5734375 0.2234375 0.5734375 0.2234375 0.525
24 0.6953125 0.8734375 0.41875 0.8734375 0.41875 0.95625 0.6953125 0.95625 0.6953125 0.8734375
24 0.78984375 1 0.78984375 0.93125 0.375 0.93125 0.375 1 0.78984375 1
24 0.2546875 0.9140625 0.103125 0.9140625 0.103125 0.97890625 0.2546875 0.97890625 0.2546875 0.9140625
24 0.34609375 0.9640625 0.1140625 0.9640625 0.1140625 0.99921875 0.34609375 0.99921875 0.34609375 0.9640625
24 0.43046875 0.3046875 0.171875 0.3046875 0.171875 0.3609375 0.43046875 0.3609375 0.43046875 0.3046875
24 0.43125 0.3359375 0.171875 0.3359375 0.171875 0.39609375 0.43125 0.39609375 0.43125 0.3359375
24 0.45078125 0.3703125 0.1734375 0.3703125 0.1734375 0.446875 0.45078125 0.446875 0.45078125 0.3703125
24 0.4765625 0.428125 0.2171875 0.428125 0.2171875 0.4859375 0.4765625 0.4859375 0.4765625 0.428125
24 0.48359375 0.4609375 0.221875 0.4609375 0.221875 0.5328125 0.48359375 0.5328125 0.48359375 0.4609375
24 0.67890625 0.26875 0.4109375 0.26875 0.4109375 0.3296875 0.67890625 0.3296875 0.67890625 0.26875
24 0.70078125 0.3015625 0.428125 0.3015625 0.428125 0.38359375 0.70078125 0.38359375 0.70078125 0.3015625
24 0.71328125 0.365625 0.4515625 0.365625 0.4515625 0.43515625 0.71328125 0.43515625 0.71328125 0.365625
24 0.72265625 0.425 0.484375 0.425 0.484375 0.47578125 0.72265625 0.47578125 0.72265625 0.425
24 0.7390625 0.45625 0.5 0.45625 0.5 0.509375 0.7390625 0.509375 0.7390625 0.45625
24 0.953125 0.228125 0.6734375 0.228125 0.6734375 0.3171875 0.953125 0.3171875 0.953125 0.228125
24 0.959375 0.3015625 0.6890625 0.3015625 0.6890625 0.375 0.959375 0.375 0.959375 0.3015625
24 0.96484375 0.3578125 0.7078125 0.3578125 0.7078125 0.4140625 0.96484375 0.4140625 0.96484375 0.3578125
24 0.97578125 0.3875 0.7171875 0.3875 0.7171875 0.4453125 0.97578125 0.4453125 0.97578125 0.3875
24 0.99140625 0.425 0.728125 0.425 0.728125 0.4828125 0.99140625 0.4828125 0.99140625 0.425
24 0.42578125 0.1765625 0.1625 0.1765625 0.1625 0.2390625 0.42578125 0.2390625 0.42578125 0.1765625
24 0.44375 0.209375 0.2 0.209375 0.2 0.26796875 0.44375 0.26796875 0.44375 0.209375