24 0.12080536875 0 0.12080536875 0.0251677859375 0.40352349062500004 0.0251677859375 0.40352349062500004 0 0.12080536875 0
24 0.7399328859375001 0.66526845625 0.8305369125000001 0.66526845625 0.8305369125000001 0.6241610734374999 0.7399328859375001 0.6241610734374999 0.7399328859375001 0.66526845625
24 0.7600671140624999 0.6342281875 0.85318791875 0.6342281875 0.85318791875 0.5906040265625 0.7600671140624999 0.5906040265625 0.7600671140624999 0.6342281875
24 0.7768456375 0.5989932890625 0.8733221468749999 0.5989932890625 0.8733221468749999 0.555369128125 0.7768456375 0.555369128125 0.7768456375 0.5989932890625
24 0.7818791953125 0.5637583890625 0.8901006718750001 0.5637583890625 0.8901006718750001 0.5184563765625 0.7818791953125 0.5184563765625 0.7818791953125 0.5637583890625
24 0.783557046875 0.5302013421875 0.9135906046875 0.5302013421875 0.9135906046875 0.46812080468749995 0.783557046875 0.46812080468749995 0.783557046875 0.5302013421875
24 0.8003355703125001 0.47651006718750005 0.9387583890625001 0.47651006718750005 0.9387583890625001 0.42617449687500003 0.8003355703125001 0.42617449687500003 0.8003355703125001 0.47651006718750005
24 0.5318791953125 0 0.5318791953125 0.0679530203125 0.8171140937500001 0.0679530203125 0.8171140937500001 0 0.5318791953125 0
24 0.9194630874999999 0 0.9194630874999999 0.0394295296875 1 0.0394295296875 1 0 0.9194630874999999 0
24 0.48322147656250003 0.6677852343749999 0.7474832218749999 0.6677852343749999 0.7474832218749999 0.60738255 0.48322147656250003 0.60738255 0.48322147656250003 0.6677852343749999
24 0.498322146875 0.63842281875 0.7642617453125 0.63842281875 0.7642617453125 0.5738255031249999 0.498322146875 0.5738255031249999 0.498322146875 0.63842281875
24 0.5 0.60318791875 0.7869127515625001 0.60318791875 0.7869127515625001 0.52181208125 0.5 0.52181208125 0.5 0.60318791875
24 0.5050335578125 0.54026845625 0.7692953015625 0.54026845625 0.7692953015625 0.479865771875 0.5050335578125 0.479865771875 0.5050335578125 0.54026845625
24 0.5167785234375 0.5075503359375 0.7852349000000001 0.5075503359375 0.7852349000000001 0.43120805312500005 0.5167785234375 0.43120805312500005 0.5167785234375 0.5075503359375
24 0.22147650937500002 0.6619127515625001 0.4966442953125 0.6619127515625001 0.4966442953125 0.5973154359375 0.22147650937500002 0.5973154359375 0.22147650937500002 0.6619127515625001
24 0.22147650937500002 0.6258389265625001 0.501677853125 0.6258389265625001 0.501677853125 0.54026845625 0.22147650937500002 0.54026845625 0.22147650937500002 0.6258389265625001
24 0.2416107375 0.5620805375 0.5100671140624999 0.5620805375 0.5100671140624999 0.48825503281250004 0.2416107375 0.48825503281250004 0.2416107375 0.5620805375
24 0.2600671140625 0.49748322187499994 0.5041946312500001 0.49748322187499994 0.5041946312500001 0.4429530203125 0.2600671140625 0.4429530203125 0.2600671140625 0.49748322187499994
24 0.2600671140625 0.46644295312499995 0.5050335578125 0.46644295312499995 0.5050335578125 0.4093959734375 0.2600671140625 0.4093959734375 0.2600671140625 0.46644295312499995
24 0 0.6568791953125 0.225671140625 0.6568791953125 0.225671140625 0.5637583890625 0 0.5637583890625 0 0.6568791953125
24 0 0.5838926171875001 0.24496644218750002 0.5838926171875001 0.24496644218750002 0.5050335578125 0 0.5050335578125 0 0.5838926171875001
24 0 0.52181208125 0.25 0.52181208125 0.25 0.4630872484375 0 0.4630872484375 0 0.52181208125
24 0 0.49244966406249996 0.2583892625 0.49244966406249996 0.2583892625 0.43288590625 0 0.43288590625 0 0.49244966406249996
24 0 0.458053690625 0.2684563765625 0.458053690625 0.2684563765625 0.3959731546875 0 0.3959731546875 0 0.458053690625
24 0.42114093906249994 0.7953020140625 0.6912751671875 0.7953020140625 0.6912751671875 0.72818791875 0.42114093906249994 0.72818791875 0.42114093906249994 0.7953020140625
24 0.41946308749999994 0.7575503359375 0.6694630874999999 0.7575503359375 0.6694630874999999 0.694630871875 0.41946308749999994 0.694630871875 0.41946308749999994 0.7575503359375