19 0.64375 0.1953125 0.6109375 0.1953125 0.6109375 0.26015625 0.64375 0.26015625 0.64375 0.1953125
19 0.68984375 0.196875 0.6546875 0.196875 0.6546875 0.2609375 0.68984375 0.2609375 0.68984375 0.196875
19 0.078125 0.1984375 0.0421875 0.1984375 0.0421875 0.259375 0.078125 0.259375 0.078125 0.1984375
19 0.51328125 0.196875 0.478125 0.196875 0.478125 0.26328125 0.51328125 0.26328125 0.51328125 0.196875
19 0.6015625 0.2 0.56875 0.2 0.56875 0.2609375 0.6015625 0.2609375 0.6015625 0.2
19 0.12265625 0.2 0.084375 0.2 0.084375 0.2609375 0.12265625 0.2609375 0.12265625 0.2
19 0.2109375 0.2 0.175 0.2 0.175 0.26015625 0.2109375 0.26015625 0.2109375 0.2
19 0.29609375 0.2 0.2609375 0.2 0.2609375 0.2609375 0.29609375 0.2609375 0.29609375 0.2
19 0.34453125 0.2 0.30625 0.2 0.30625 0.26015625 0.34453125 0.26015625 0.34453125 0.2
19 0.253125 0.2015625 0.2203125 0.2015625 0.2203125 0.26015625 0.253125 0.26015625 0.253125 0.2015625
19 0.165625 0.2 0.1296875 0.2 0.1296875 0.2609375 0.165625 0.2609375 0.165625 0.2
19 0.471875 0.2015625 0.440625 0.2015625 0.440625 0.259375 0.471875 0.259375 0.471875 0.2015625
19 0.55859375 0.2015625 0.5234375 0.2015625 0.5234375 0.26015625 0.55859375 0.26015625 0.55859375 0.2015625
19 0.38671875 0.2 0.3515625 0.2 0.3515625 0.26015625 0.38671875 0.26015625 0.38671875 0.2
19 0.4296875 0.2 0.3921875 0.2 0.3921875 0.26015625 0.4296875 0.26015625 0.4296875 0.2
19 0.9671875 0.309375 0.93125 0.309375 0.93125 0.35 0.9671875 0.35 0.9671875 0.309375
19 0.915625 0.3109375 0.8828125 0.3109375 0.8828125 0.35078125 0.915625 0.35078125 0.915625 0.3109375
19 0.8796875 0.334375 0.8390625 0.334375 0.8390625 0.39296875 0.8796875 0.39296875 0.8796875 0.334375
19 0.83203125 0.334375 0.7890625 0.334375 0.7890625 0.3953125 0.83203125 0.3953125 0.83203125 0.334375
19 0.778125 0.3359375 0.7375 0.3359375 0.7375 0.39609375 0.778125 0.39609375 0.778125 0.3359375
19 0.93125 0.353125 0.890625 0.353125 0.890625 0.3953125 0.93125 0.3953125 0.93125 0.353125
19 0.9765625 0.353125 0.9390625 0.353125 0.9390625 0.39375 0.9765625 0.39375 0.9765625 0.353125
19 0.98984375 0.4171875 0.903125 0.4171875 0.903125 0.4796875 0.98984375 0.4796875 0.98984375 0.4171875
19 0.903125 0.4171875 0.81875 0.4171875 0.81875 0.48125 0.903125 0.48125 0.903125 0.4171875
19 0.4859375 0.41875 0.403125 0.41875 0.403125 0.4796875 0.4859375 0.4796875 0.4859375 0.41875
19 0.81640625 0.41875 0.734375 0.41875 0.734375 0.4796875 0.81640625 0.4796875 0.81640625 0.41875
19 0.6484375 0.41875 0.575 0.41875 0.575 0.4796875 0.6484375 0.4796875 0.6484375 0.41875
19 0.73515625 0.41875 0.653125 0.41875 0.653125 0.47890625 0.73515625 0.47890625 0.73515625 0.41875
19 0.57109375 0.4234375 0.490625 0.4234375 0.490625 0.4796875 0.57109375 0.4796875 0.57109375 0.4234375
19 0.14609375 0.4265625 0.090625 0.4265625 0.090625 0.478125 0.14609375 0.478125 0.14609375 0.4265625
19 0.0828125 0.428125 0.025 0.428125 0.025 0.47890625 0.0828125 0.47890625 0.0828125 0.428125
19 0.21171875 0.4265625 0.15625 0.4265625 0.15625 0.4796875 0.21171875 0.4796875 0.21171875 0.4265625
19 0.39921875 0.428125 0.3484375 0.428125 0.3484375 0.47890625 0.39921875 0.47890625 0.39921875 0.428125
19 0.27421875 0.428125 0.2203125 0.428125 0.2203125 0.48125 0.27421875 0.48125 0.27421875 0.428125
19 0.33828125 0.4296875 0.2828125 0.4296875 0.2828125 0.47890625 0.33828125 0.47890625 0.33828125 0.4296875
19 0.6078125 0.509375 0.575 0.509375 0.575 0.5671875 0.6078125 0.5671875 0.6078125 0.509375
19 0.4453125 0.5078125 0.4125 0.5078125 0.4125 0.56796875 0.4453125 0.56796875 0.4453125 0.5078125
19 0.484375 0.509375 0.453125 0.509375 0.453125 0.56796875 0.484375 0.56796875 0.484375 0.509375
19 0.565625 0.509375 0.5328125 0.509375 0.5328125 0.56796875 0.565625 0.56796875 0.565625 0.509375
19 0.525 0.509375 0.4921875 0.509375 0.4921875 0.56953125 0.525 0.56953125 0.525 0.509375
19 0.403125 0.509375 0.3703125 0.509375 0.3703125 0.56953125 0.403125 0.56953125 0.403125 0.509375
19 0.8625 0.5125 0.778125 0.5125 0.778125 0.56640625 0.8625 0.56640625 0.8625 0.5125
19 0.95390625 0.5125 0.8734375 0.5125 0.8734375 0.56796875 0.95390625 0.56796875 0.95390625 0.5125
19 0.77734375 0.515625 0.696875 0.515625 0.696875 0.5671875 0.77734375 0.5671875 0.77734375 0.515625
19 0.69296875 0.515625 0.6125 0.515625 0.6125 0.5671875 0.69296875 0.5671875 0.69296875 0.515625
19 0.7046875 0.59375 0.6671875 0.59375 0.6671875 0.6140625 0.7046875 0.6140625 0.7046875 0.59375
19 0.5265625 0.59375 0.490625 0.59375 0.490625 0.6140625 0.5265625 0.6140625 0.5265625 0.59375
19 0.61796875 0.5953125 0.5796875 0.5953125 0.5796875 0.61328125 0.61796875 0.61328125 0.61796875 0.5953125
19 0.7484375 0.5953125 0.7109375 0.5953125 0.7109375 0.615625 0.7484375 0.615625 0.7484375 0.5953125
19 0.92734375 0.5953125 0.8890625 0.5953125 0.8890625 0.615625 0.92734375 0.615625 0.92734375 0.5953125
19 0.575 0.5953125 0.5375 0.5953125 0.5375 0.61484375 0.575 0.61484375 0.575 0.5953125
19 0.98046875 0.59375 0.9375 0.59375 0.9375 0.61640625 0.98046875 0.61640625 0.98046875 0.59375
19 0.6640625 0.5953125 0.6265625 0.5953125 0.6265625 0.615625 0.6640625 0.615625 0.6640625 0.5953125
19 0.83828125 0.5953125 0.7984375 0.5953125 0.7984375 0.61484375 0.83828125 0.61484375 0.83828125 0.5953125
19 0.88125 0.5953125 0.84375 0.5953125 0.84375 0.61484375 0.88125 0.61484375 0.88125 0.5953125
19 0.7921875 0.5953125 0.7546875 0.5953125 0.7546875 0.615625 0.7921875 0.615625 0.7921875 0.5953125
19 0.2796875 0.6 0.2078125 0.6 0.2078125 0.64296875 0.2796875 0.64296875 0.2796875 0.6
19 0.4828125 0.6046875 0.4421875 0.6046875 0.4421875 0.64296875 0.4828125 0.64296875 0.4828125 0.6046875
19 0.38046875 0.6046875 0.3421875 0.6046875 0.3421875 0.64296875 0.38046875 0.64296875 0.38046875 0.6046875
19 0.43125 0.6046875 0.39375 0.6046875 0.39375 0.6421875 0.43125 0.6421875 0.43125 0.6046875
19 0.32890625 0.60625 0.2890625 0.60625 0.2890625 0.64453125 0.32890625 0.64453125 0.32890625 0.60625
19 0.19765625 0.603125 0.128125 0.603125 0.128125 0.64609375 0.19765625 0.64609375 0.19765625 0.603125
19 0.1203125 0.6046875 0.046875 0.6046875 0.046875 0.65 0.1203125 0.65 0.1203125 0.6046875
19 0.5265625 0.6203125 0.490625 0.6203125 0.490625 0.640625 0.5265625 0.640625 0.5265625 0.6203125
19 0.6640625 0.621875 0.6234375 0.621875 0.6234375 0.6421875 0.6640625 0.6421875 0.6640625 0.621875
19 0.61796875 0.621875 0.5796875 0.621875 0.5796875 0.6421875 0.61796875 0.6421875 0.61796875 0.621875
19 0.571875 0.61875 0.5359375 0.61875 0.5359375 0.64296875 0.571875 0.64296875 0.571875 0.61875
19 0.98203125 0.621875 0.9421875 0.621875 0.9421875 0.64140625 0.98203125 0.64140625 0.98203125 0.621875
19 0.79453125 0.621875 0.759375 0.621875 0.759375 0.64140625 0.79453125 0.64140625 0.79453125 0.621875
19 0.7515625 0.621875 0.7140625 0.621875 0.7140625 0.6421875 0.7515625 0.6421875 0.7515625 0.621875
19 0.8421875 0.6234375 0.8015625 0.6234375 0.8015625 0.64296875 0.8421875 0.64296875 0.8421875 0.6234375
19 0.88515625 0.6234375 0.8453125 0.6234375 0.8453125 0.64296875 0.88515625 0.64296875 0.88515625 0.6234375
19 0.9296875 0.6234375 0.8875 0.6234375 0.8875 0.64375 0.9296875 0.64375 0.9296875 0.6234375
19 0.709375 0.625 0.671875 0.625 0.671875 0.64296875 0.709375 0.64296875 0.709375 0.625
19 0.83984375 0.684375 0.775 0.684375 0.775 0.73125 0.83984375 0.73125 0.83984375 0.684375
19 0.63671875 0.684375 0.571875 0.684375 0.571875 0.7296875 0.63671875 0.7296875 0.63671875 0.684375
19 0.7046875 0.684375 0.64375 0.684375 0.64375 0.72890625 0.7046875 0.72890625 0.7046875 0.684375
19 0.77421875 0.684375 0.709375 0.684375 0.709375 0.7296875 0.77421875 0.7296875 0.77421875 0.684375
19 0.97109375 0.6859375 0.9109375 0.6859375 0.9109375 0.72890625 0.97109375 0.72890625 0.97109375 0.6859375
19 0.9078125 0.6875 0.84375 0.6875 0.84375 0.728125 0.9078125 0.728125 0.9078125 0.6875
19 0.565625 0.6859375 0.496875 0.6859375 0.496875 0.73125 0.565625 0.73125 0.565625 0.6859375
19 0.44453125 0.6921875 0.4046875 0.6921875 0.4046875 0.7328125 0.44453125 0.7328125 0.44453125 0.6921875
19 0.4953125 0.6921875 0.4546875 0.6921875 0.4546875 0.7328125 0.4953125 0.7328125 0.4953125 0.6921875
19 0.3921875 0.690625 0.3453125 0.690625 0.3453125 0.73359375 0.3921875 0.73359375 0.3921875 0.690625
19 0.3421875 0.6921875 0.296875 0.6921875 0.296875 0.73671875 0.3421875 0.73671875 0.3421875 0.6921875
19 0.2890625 0.69375 0.2421875 0.69375 0.2421875 0.7359375 0.2890625 0.7359375 0.2890625 0.69375
19 0.1859375 0.6921875 0.140625 0.6921875 0.140625 0.73515625 0.1859375 0.73515625 0.1859375 0.6921875
19 0.2390625 0.6921875 0.190625 0.6921875 0.190625 0.73671875 0.2390625 0.73671875 0.2390625 0.6921875
19 0.13046875 0.6953125 0.0875 0.6953125 0.0875 0.7359375 0.13046875 0.7359375 0.13046875 0.6953125