19 0.6546875 0.2140625 0.6546875 0.178703503125 0.58426686875 0.178703503125 0.58426686875 0.2140625 0.6546875 0.2140625
19 0.634375 0.2171875 0.7046875 0.2171875 0.7046875 0.1790846671875 0.634375 0.1790846671875 0.634375 0.2171875
19 0 0.203125 0.0390625 0.203125 0.0390625 0.191846884375 0 0.191846884375 0 0.203125
19 0.5109375 0.21875 0.5109375 0.180193015625 0.4375405484375 0.180193015625 0.4375405484375 0.21875 0.5109375 0.21875
19 0.5917874125 0.2328125 0.5917874125 0.16669820625 0.555455234375 0.16669820625 0.555455234375 0.2328125 0.5917874125 0.2328125
19 0.01875 0.2328125 0.0609375 0.2328125 0.0609375 0.165625 0.01875 0.165625 0.01875 0.2328125
19 0.159375 0.2328125 0.159375 0.1662656796875 0.11958801875 0.1662656796875 0.11958801875 0.2328125 0.159375 0.2328125
19 0.253125 0.2328125 0.253125 0.16669820625 0.21493566249999999 0.16669820625 0.21493566249999999 0.2328125 0.253125 0.2328125
19 0.31875 0.2203125 0.31875 0.1782385390625 0.25277086875 0.1782385390625 0.25277086875 0.2203125 0.31875 0.2203125
19 0.2046875 0.2328125 0.2046875 0.16807958437499998 0.1689851875 0.16807958437499998 0.1689851875 0.2328125 0.2046875 0.2328125
19 0.121875 0.21875 0.121875 0.179968640625 0.054755081250000004 0.1799686421875 0.054755081250000004 0.21875 0.121875 0.21875
19 0.4625 0.215625 0.4625 0.182980103125 0.39939716718749996 0.182980103125 0.39939716718749996 0.215625 0.4625 0.215625
19 0.55625 0.21875 0.55625 0.18123107656249998 0.491955015625 0.18123107656249998 0.491955015625 0.21875 0.55625 0.21875
19 0.3515625 0.2328125 0.3515625 0.1662656796875 0.31484645312500004 0.1662656796875 0.31484645312500004 0.2328125 0.3515625 0.2328125
19 0.40153817031249994 0.2328125 0.40153817031249994 0.1662656796875 0.3600156796875 0.1662656796875 0.3600156796875 0.2328125 0.40153817031249994 0.2328125
19 0.9966208906249999 0.33125 0.9966208906249999 0.28672956250000003 0.9568285031249999 0.28672956250000003 0.9568285031249999 0.33125 0.9966208906249999 0.33125
19 0.903125 0.3328125 0.9390625 0.3328125 0.9390625 0.2890625 0.903125 0.2890625 0.903125 0.3328125
19 0.9078125 0.36875 0.9078125 0.32464586875 0.84506109375 0.32464586875 0.84506109375 0.36875 0.9078125 0.36875
19 0.7890625 0.371875 0.8562310765625 0.371875 0.8562310765625 0.32516760312500004 0.7890625 0.32516760312500004 0.7890625 0.371875
19 0.796875 0.371875 0.796875 0.327284278125 0.7314878890625 0.327284278125 0.7314878890625 0.371875 0.796875 0.371875
19 0.9546875 0.38125 0.9546875 0.3352616796875 0.9116457609375 0.3352616796875 0.9116457609375 0.38125 0.9546875 0.38125
19 0.9984375 0.3796875 0.9984375 0.3361024 0.9655114625 0.3361024 0.9655114625 0.3796875 0.9984375 0.3796875
19 1 0.40712586406250006 0.9259083046875001 0.40712586406250006 0.9259083046875001 0.475 1 0.475 1 0.40712586406250006
19 0.9140625 0.4875 0.9140625 0.3953422359375 0.8432796281250001 0.3953422359375 0.8432796265625001 0.4875 0.9140625 0.4875
19 0.4625 0.475 0.4625 0.4078125 0.37212100000000004 0.4078125 0.37212100000000004 0.475 0.4625 0.475
19 0.75 0.4859375 0.8171875 0.4859375 0.8171875 0.3964208484375 0.75 0.3964208484375 0.75 0.4859375
19 0.6421875 0.475 0.6421875 0.4078125 0.5624675609375 0.4078125 0.5624675609375 0.475 0.6421875 0.475
19 0.7265625 0.4859375 0.7265625 0.3966479234375 0.66069690625 0.3966479234375 0.66069690625 0.4859375 0.7265625 0.4859375
19 0.5578125 0.475 0.5578125 0.4140625 0.46898518593749994 0.4140625 0.46898518593749994 0.475 0.5578125 0.475
19 0.028125 0.475 0.084375 0.475 0.084375 0.41442203749999995 0.028125 0.41442203749999995 0.028125 0.475
19 0 0.4734375 0.0171875 0.4734375 0.0171875 0.4187608140625 0 0.4187608140625 0 0.4734375
19 0.1 0.4765625 0.1578125 0.4765625 0.1578125 0.4160764484375 0.1 0.4160764484375 0.1 0.4765625
19 0.3671875 0.4734375 0.3671875 0.41821475 0.31134299374999996 0.41821475 0.31134299374999996 0.4734375 0.3671875 0.4734375
19 0.228125 0.4765625 0.228125 0.4190257359375 0.170155709375 0.4190257359375 0.170155709375 0.4765625 0.228125 0.4765625
19 0.2953125 0.478125 0.2953125 0.4171875 0.24222264375 0.4171875 0.24222264375 0.478125 0.2953125 0.478125
19 0.6109375 0.5578125 0.6109375 0.522510271875 0.547694096875 0.522510271875 0.547694096875 0.5578125 0.6109375 0.5578125
19 0.4171875 0.5734375 0.4171875 0.5073015796875 0.382090721875 0.5073015796875 0.382090721875 0.5734375 0.4171875 0.5734375
19 0.46204314375 0.571875 0.46204314375 0.508334234375 0.42744106875 0.508334234375 0.42744106875 0.571875 0.46204314375 0.571875
19 0.5015625 0.5578125 0.565625 0.5578125 0.565625 0.5227806015625001 0.5015625 0.5227806015625001 0.5015625 0.5578125
19 0.5203125 0.559375 0.5203125 0.5234375 0.45521734374999995 0.5234375 0.45521734374999995 0.559375 0.5203125 0.559375
19 0.3703125 0.5734375 0.3703125 0.5088830015625 0.33574016093750003 0.5088830015625 0.33574016093750003 0.5734375 0.3703125 0.5734375
19 0.8796875 0.5703125 0.8796875 0.51187824375 0.786732265625 0.51187824375 0.786732265625 0.5703125 0.8796875 0.5703125
19 0.9671875 0.5859375 0.9671875 0.4988348828125 0.906723075 0.4988348828125 0.906723075 0.5859375 0.9671875 0.5859375
19 0.696875 0.571875 0.7859375 0.571875 0.7859375 0.5159845375 0.696875 0.5159845375 0.696875 0.571875
19 0.6765625 0.5875 0.6765625 0.500267625 0.6202232921874999 0.500267625 0.6202232921874999 0.5875 0.6765625 0.5875
19 0.6953125 0.592595696875 0.67391598125 0.592595696875 0.67391598125 0.6341181890625001 0.6953125 0.6341181890625001 0.6953125 0.592595696875
19 0.5 0.6328125 0.5 0.59373378125 0.4775492 0.59373378125 0.4775492 0.6328125 0.5 0.6328125
19 0.609375 0.6234375 0.609375 0.604279303125 0.5678606187499999 0.604279303125 0.5678606187499999 0.6234375 0.609375 0.6234375
19 0.753125 0.6035980750000001 0.7128325046875 0.6035980750000001 0.7128325046875 0.626089425 0.753125 0.626089425 0.753125 0.6035980750000001
19 0.9421875 0.6359375 0.9421875 0.5938365046875 0.9197745453125 0.5938365046875 0.9197745453125 0.6359375 0.9421875 0.6359375
19 0.5515625 0.634375 0.5515625 0.5937418906249999 0.53126621875 0.5937418906249999 0.53126621875 0.634375 0.5515625 0.634375
19 0.9984375 0.6265625 0.9984375 0.6026330015625 0.9634704796875001 0.6026330015625 0.9634704796875001 0.6265625 0.9984375 0.6265625
19 0.6609375 0.6040143812500001 0.619671821875 0.6040143812500001 0.619671821875 0.62650573125 0.6609375 0.62650573125 0.6609375 0.6040143812500001
19 0.8420036765625 0.6359375 0.8420036765625 0.593057959375 0.820377378125 0.593057959375 0.820377378125 0.6359375 0.8420036765625 0.6359375
19 0.890625 0.634375 0.890625 0.5940122203125 0.8692528109375001 0.5940122203125 0.8692528109375001 0.634375 0.890625 0.634375
19 0.8015625 0.6040143812500001 0.7612213453125001 0.6040143812500001 0.7612213453125001 0.62650573125 0.8015625 0.62650573125 0.8015625 0.6040143812500001
19 0.171875 0.671875 0.21875 0.671875 0.21875 0.5935850984375 0.171875 0.5935850984375 0.171875 0.671875
19 0.459375 0.65625 0.459375 0.614411225 0.41465992656250006 0.614411225 0.41465992656250006 0.65625 0.459375 0.65625
19 0.3453125 0.65625 0.3453125 0.6140625 0.30458747812500003 0.6140625 0.30458747812500003 0.65625 0.3453125 0.65625
19 0.40279249687499996 0.6546875 0.40279249687499996 0.6143950046875 0.36127000468750003 0.6143950046875 0.36127000468750003 0.6546875 0.40279249687499996 0.6546875
19 0.2890625 0.6578125 0.2890625 0.6163089312500001 0.2462208046875 0.6163089312500001 0.2462208046875 0.6578125 0.2890625 0.6578125
19 0.0671875 0.659375 0.14375 0.659375 0.14375 0.6125 0.0671875 0.6125 0.0671875 0.659375
19 0.0578125 0.6640625 0.0578125 0.6140625 0.0002757359375 0.6140625 0.000275734375 0.6640625 0.0578125 0.6640625
19 0.5078125 0.653125 0.5078125 0.631252703125 0.46854995625000007 0.631252703125 0.46854995625000007 0.653125 0.5078125 0.653125
19 0.6497215609375 0.665625 0.6497215609375 0.622099371875 0.6272302125 0.622099371875 0.6272302125 0.665625 0.6497215609375 0.665625
19 0.609375 0.6546875 0.609375 0.6331504125 0.5678606187499999 0.6331504125 0.5678606187499999 0.6546875 0.609375 0.6546875
19 0.5578125 0.65625 0.5578125 0.6299551250000001 0.518895978125 0.6299551250000001 0.518895978125 0.65625 0.5578125 0.65625
19 0.9999459343750001 0.6329368515625 0.9688040656249999 0.6329368515625 0.9688040656249999 0.6545631484375 0.9999459343750001 0.6545631484375 0.9999459343750001 0.6329368515625
19 0.7953125 0.6625 0.7953125 0.625 0.7753676484375001 0.625 0.7753676484375001 0.6625 0.7953125 0.6625
19 0.7482023125 0.6640625 0.7482023125 0.62339695 0.7257109640625 0.62339695 0.7257109640625 0.6640625 0.7482023125 0.6640625
19 0.8453125 0.6671875 0.8453125 0.6237537843750001 0.82437824375 0.6237537843750001 0.8243782453125 0.6671875 0.8453125 0.6671875
19 0.89375 0.6671875 0.89375 0.623645653125 0.8732861156249999 0.623645653125 0.8732861156249999 0.6671875 0.89375 0.6671875
19 0.9078935984375001 0.657339425 0.9546064015625 0.657339425 0.9546064015625 0.6348480750000001 0.9078935984375001 0.6348480750000001 0.9078935984375001 0.657339425
19 0.709375 0.636145653125 0.6698637546875 0.636145653125 0.6698637546875 0.656041846875 0.709375 0.656041846875 0.709375 0.636145653125
19 0.8546875 0.753125 0.8546875 0.7029546921875001 0.7844128453125 0.7029546921875001 0.7844128453125 0.753125 0.8546875 0.753125
19 0.6296875 0.7515625 0.6296875 0.70303849375 0.559412846875 0.70303849375 0.559412846875 0.7515625 0.6296875 0.7515625
19 0.7046875 0.75 0.7046875 0.70215451875 0.637897384375 0.70215451875 0.637897384375 0.75 0.7046875 0.75
19 0.7827746546875 0.7515625 0.7827746546875 0.70303849375 0.710975346875 0.70303849375 0.710975346875 0.7515625 0.7827746546875 0.7515625
19 0.9890625 0.759375 0.9890625 0.6951286765625 0.9431552765625 0.6951286765625 0.943155275 0.759375 0.9890625 0.759375
19 0.9308120687500001 0.75 0.9308120687500001 0.7053498046875 0.8598778125000001 0.7053498046875 0.8598778125000001 0.75 0.9308120687500001 0.75
19 0.5515625 0.753125 0.5515625 0.7037035031250001 0.476338128125 0.7037035031250001 0.476338128125 0.753125 0.5515625 0.753125
19 0.4171875 0.7546875 0.4171875 0.7110564453125 0.373240159375 0.7110564453125 0.373240159375 0.7546875 0.4171875 0.7546875
19 0.471875 0.7546875 0.471875 0.711042928125 0.4290603375 0.711042928125 0.4290603375 0.7546875 0.471875 0.7546875
19 0.359375 0.75625 0.359375 0.7096615484375 0.3082747640625 0.7096615484375 0.3082747640625 0.75625 0.359375 0.75625
19 0.303125 0.759375 0.303125 0.710364403125 0.25496864218750004 0.710364403125 0.25496864218750004 0.759375 0.303125 0.759375
19 0.2453125 0.7125810984375 0.19375 0.7125810984375 0.19375 0.7592939000000001 0.2453125 0.7592939000000001 0.2453125 0.7125810984375
19 0.1296875 0.759375 0.1296875 0.709623703125 0.082317796875 0.709623703125 0.082317796875 0.759375 0.1296875 0.759375
19 0.19009785937499998 0.759375 0.19009785937499998 0.7112835203125 0.13646464062500002 0.7112835203125 0.13646464062500002 0.759375 0.19009785937499998 0.759375
19 0.06875 0.713048765625 0.0240944 0.713048765625 0.0240944 0.760626621875 0.06875 0.760626621875 0.06875 0.713048765625