19 0.659375 0.24375 0.659375 0.211328125 0.5953125 0.211328125 0.5953125 0.24375 0.659375 0.24375
19 0.655078125 0.196875 0.655078125 0.2609375 0.6890625 0.2609375 0.6890625 0.196875 0.655078125 0.196875
19 0.0421875 0.1984375 0.0421875 0.259375 0.078125 0.259375 0.078125 0.1984375 0.0421875 0.1984375
19 0.478125 0.2625 0.5125 0.2625 0.5125 0.196875 0.478125 0.196875 0.478125 0.2625
19 0.5546875 0.2140625 0.5546875 0.246875 0.615625 0.246875 0.615625 0.2140625 0.5546875 0.2140625
19 0.073046875 0.2109375 0.073046875 0.2484375 0.1328125 0.2484375 0.1328125 0.2109375 0.073046875 0.2109375
19 0.175 0.2 0.175 0.259375 0.2109375 0.259375 0.2109375 0.2 0.175 0.2
19 0.260546875 0.2 0.260546875 0.2609375 0.2953125 0.2609375 0.2953125 0.2 0.260546875 0.2
19 0.30625 0.259375 0.34375 0.259375 0.34375 0.2 0.30625 0.2 0.30625 0.259375
19 0.253125 0.201953125 0.2203125 0.201953125 0.2203125 0.259375 0.253125 0.259375 0.253125 0.201953125
19 0.1171875 0.2125 0.1171875 0.2484375 0.178125 0.2484375 0.178125 0.2125 0.1171875 0.2125
19 0.440625 0.2015625 0.440625 0.259375 0.471875 0.259375 0.471875 0.2015625 0.440625 0.2015625
19 0.56875 0.2484375 0.56875 0.213671875 0.512109375 0.213671875 0.512109375 0.2484375 0.56875 0.2484375
19 0.3859375 0.259375 0.3859375 0.2 0.351953125 0.2 0.351953125 0.259375 0.3859375 0.259375
19 0.440625 0.2484375 0.440625 0.211328125 0.38125 0.211328125 0.38125 0.2484375 0.440625 0.2484375
19 0.96875 0.346875 0.96875 0.31171875 0.92890625 0.31171875 0.92890625 0.346875 0.96875 0.346875
19 0.8828125 0.3109375 0.8828125 0.35 0.915625 0.35 0.915625 0.3109375 0.8828125 0.3109375
19 0.88828125 0.3828125 0.88828125 0.343359375 0.8296875 0.343359375 0.8296875 0.3828125 0.88828125 0.3828125
19 0.789453125 0.334375 0.789453125 0.3953125 0.83125 0.3953125 0.83125 0.334375 0.789453125 0.334375
19 0.778125 0.336328125 0.7375 0.336328125 0.7375 0.3953125 0.778125 0.3953125 0.778125 0.336328125
19 0.93125 0.39375 0.93125 0.35390625 0.88984375 0.35390625 0.88984375 0.39375 0.93125 0.39375
19 0.9375 0.3546875 0.9375 0.3921875 0.978125 0.3921875 0.978125 0.3546875 0.9375 0.3546875
19 0.902734375 0.4171875 0.902734375 0.4796875 0.9890625 0.4796875 0.9890625 0.4171875 0.902734375 0.4171875
19 0.81875 0.4171875 0.81875 0.48125 0.903125 0.48125 0.903125 0.4171875 0.81875 0.4171875
19 0.403125 0.41875 0.403125 0.4796875 0.4859375 0.4796875 0.4859375 0.41875 0.403125 0.41875
19 0.734375 0.41875 0.734375 0.4796875 0.815625 0.4796875 0.815625 0.41875 0.734375 0.41875
19 0.575 0.41875 0.575 0.4796875 0.6484375 0.4796875 0.6484375 0.41875 0.575 0.41875
19 0.7234375 0.4890625 0.7234375 0.4078125 0.664453125 0.4078125 0.664453125 0.4890625 0.7234375 0.4890625
19 0.502734375 0.4109375 0.502734375 0.49140625 0.5578125 0.49140625 0.5578125 0.4109375 0.502734375 0.4109375
19 0.091015625 0.4265625 0.091015625 0.478125 0.1453125 0.478125 0.1453125 0.4265625 0.091015625 0.4265625
19 0.078125 0.48125 0.078125 0.424609375 0.028125 0.424609375 0.028125 0.48125 0.078125 0.48125
19 0.155859375 0.4265625 0.155859375 0.4796875 0.2109375 0.4796875 0.2109375 0.4265625 0.155859375 0.4265625
19 0.3484375 0.478125 0.3984375 0.478125 0.3984375 0.427734375 0.3484375 0.427734375 0.3484375 0.478125
19 0.2734375 0.42734375 0.220703125 0.42734375 0.220703125 0.48125 0.2734375 0.48125 0.2734375 0.42734375
19 0.3375 0.478125 0.3375 0.430078125 0.283203125 0.430078125 0.283203125 0.478125 0.3375 0.478125
19 0.575 0.509375 0.575 0.5671875 0.6078125 0.5671875 0.6078125 0.509375 0.575 0.509375
19 0.45859375 0.553125 0.45859375 0.521484375 0.3984375 0.521484375 0.3984375 0.553125 0.45859375 0.553125
19 0.484375 0.509765625 0.453125 0.509765625 0.453125 0.5671875 0.484375 0.5671875 0.484375 0.509765625
19 0.578125 0.522265625 0.51953125 0.522265625 0.51953125 0.5546875 0.578125 0.5546875 0.578125 0.522265625
19 0.4921875 0.509375 0.4921875 0.56875 0.525 0.56875 0.525 0.509375 0.4921875 0.509375
19 0.415625 0.5546875 0.415625 0.523046875 0.35625 0.523046875 0.35625 0.5546875 0.415625 0.5546875
19 0.846875 0.58125 0.846875 0.497265625 0.79375 0.497265625 0.79375 0.58125 0.846875 0.58125
19 0.940625 0.5796875 0.940625 0.500390625 0.886328125 0.500390625 0.886328125 0.5796875 0.940625 0.5796875
19 0.7625 0.58125 0.7625 0.5015625 0.711328125 0.5015625 0.711328125 0.58125 0.7625 0.58125
19 0.612109375 0.515625 0.612109375 0.5671875 0.6921875 0.5671875 0.6921875 0.515625 0.612109375 0.515625
19 0.6953125 0.621875 0.6953125 0.58515625 0.67578125 0.58515625 0.67578125 0.621875 0.6953125 0.621875
19 0.490625 0.59375 0.490625 0.6140625 0.5265625 0.6140625 0.5265625 0.59375 0.490625 0.59375
19 0.60625 0.6234375 0.60625 0.585546875 0.590234375 0.585546875 0.590234375 0.6234375 0.60625 0.6234375
19 0.7390625 0.6234375 0.7390625 0.58671875 0.71953125 0.58671875 0.71953125 0.6234375 0.7390625 0.6234375
19 0.888671875 0.5953125 0.888671875 0.615625 0.9265625 0.615625 0.9265625 0.5953125 0.888671875 0.5953125
19 0.565625 0.6234375 0.565625 0.586328125 0.546875 0.586328125 0.546875 0.6234375 0.565625 0.6234375
19 0.9796875 0.615625 0.9796875 0.59375 0.937890625 0.59375 0.937890625 0.615625 0.9796875 0.615625
19 0.6546875 0.6234375 0.6546875 0.58671875 0.63515625 0.58671875 0.63515625 0.6234375 0.6546875 0.6234375
19 0.828125 0.6234375 0.828125 0.585546875 0.808984375 0.585546875 0.808984375 0.6234375 0.828125 0.6234375
19 0.88125 0.594921875 0.84375 0.594921875 0.84375 0.6140625 0.88125 0.6140625 0.88125 0.594921875
19 0.7828125 0.6234375 0.7828125 0.58671875 0.76328125 0.58671875 0.76328125 0.6234375 0.7828125 0.6234375
19 0.26484375 0.65625 0.26484375 0.585546875 0.221875 0.585546875 0.221875 0.65625 0.26484375 0.65625
19 0.4828125 0.605078125 0.4421875 0.605078125 0.4421875 0.6421875 0.4828125 0.6421875 0.4828125 0.605078125
19 0.3796875 0.6421875 0.3796875 0.604296875 0.342578125 0.604296875 0.342578125 0.6421875 0.3796875 0.6421875
19 0.39375 0.6046875 0.39375 0.6421875 0.43125 0.6421875 0.43125 0.6046875 0.39375 0.6046875
19 0.328125 0.64375 0.328125 0.606640625 0.289453125 0.606640625 0.289453125 0.64375 0.328125 0.64375
19 0.196875 0.6453125 0.196875 0.602734375 0.128515625 0.602734375 0.128515625 0.6453125 0.196875 0.6453125
19 0.046875 0.6046875 0.046875 0.65 0.1203125 0.65 0.1203125 0.6046875 0.046875 0.6046875
19 0.490625 0.6203125 0.490625 0.640625 0.5265625 0.640625 0.5265625 0.6203125 0.490625 0.6203125
19 0.6234375 0.621875 0.6234375 0.6421875 0.6640625 0.6421875 0.6640625 0.621875 0.6234375 0.621875
19 0.580078125 0.621875 0.580078125 0.6421875 0.6171875 0.6421875 0.6171875 0.621875 0.580078125 0.621875
19 0.571875 0.618359375 0.5359375 0.618359375 0.5359375 0.6421875 0.571875 0.6421875 0.571875 0.618359375
19 0.9421875 0.640625 0.98125 0.640625 0.98125 0.621875 0.9421875 0.621875 0.9421875 0.640625
19 0.7671875 0.6484375 0.7859375 0.6484375 0.7859375 0.614453125 0.7671875 0.614453125 0.7671875 0.6484375
19 0.7140625 0.621875 0.7140625 0.6421875 0.7515625 0.6421875 0.7515625 0.621875 0.7140625 0.621875
19 0.8421875 0.623046875 0.8015625 0.623046875 0.8015625 0.6421875 0.8421875 0.6421875 0.8421875 0.623046875
19 0.874609375 0.6515625 0.874609375 0.612890625 0.855078125 0.612890625 0.855078125 0.6515625 0.874609375 0.6515625
19 0.8984375 0.6125 0.8984375 0.6546875 0.91875 0.6546875 0.91875 0.6125 0.8984375 0.6125
19 0.709375 0.624609375 0.671875 0.624609375 0.671875 0.6421875 0.709375 0.6421875 0.709375 0.624609375
19 0.774609375 0.684375 0.774609375 0.73125 0.8390625 0.73125 0.8390625 0.684375 0.774609375 0.684375
19 0.6265625 0.67421875 0.581640625 0.67421875 0.581640625 0.7390625 0.6265625 0.7390625 0.6265625 0.67421875
19 0.6953125 0.7359375 0.6953125 0.676171875 0.6515625 0.676171875 0.6515625 0.7359375 0.6953125 0.7359375
19 0.7640625 0.67421875 0.719140625 0.67421875 0.719140625 0.7390625 0.7640625 0.7390625 0.7640625 0.67421875
19 0.9609375 0.7375 0.9609375 0.677734375 0.919921875 0.677734375 0.919921875 0.7375 0.9609375 0.7375
19 0.8953125 0.7390625 0.8953125 0.67578125 0.85546875 0.67578125 0.85546875 0.7390625 0.8953125 0.7390625
19 0.553125 0.7421875 0.553125 0.67421875 0.50859375 0.67421875 0.50859375 0.7421875 0.553125 0.7421875
19 0.405078125 0.6921875 0.405078125 0.7328125 0.44375 0.7328125 0.44375 0.6921875 0.405078125 0.6921875
19 0.4546875 0.6921875 0.4546875 0.7328125 0.4953125 0.7328125 0.4953125 0.6921875 0.4546875 0.6921875
19 0.3921875 0.690234375 0.3453125 0.690234375 0.3453125 0.7328125 0.3921875 0.7328125 0.3921875 0.690234375
19 0.3421875 0.691796875 0.296875 0.691796875 0.296875 0.7359375 0.3421875 0.7359375 0.3421875 0.691796875
19 0.2421875 0.69375 0.2421875 0.7359375 0.2890625 0.7359375 0.2890625 0.69375 0.2421875 0.69375
19 0.1859375 0.692578125 0.140625 0.692578125 0.140625 0.734375 0.1859375 0.734375 0.1859375 0.692578125
19 0.2390625 0.691796875 0.190625 0.691796875 0.190625 0.7359375 0.2390625 0.7359375 0.2390625 0.691796875
19 0.087109375 0.6953125 0.087109375 0.7359375 0.1296875 0.7359375 0.1296875 0.6953125 0.087109375 0.6953125