19 0.6546875 0.2140625 0.6546875 0.1785629328125 0.5844182515624999 0.1785629328125 0.5844182515624999 0.2140625 0.6546875 0.2140625
19 0.65006758125 0.1625 0.65006758125 0.2328125 0.68899491875 0.2328125 0.68899491875 0.1625 0.65006758125 0.1625
19 0.0109375 0.23125 0.0109375 0.1640625 0.0001946375 0.1640625 0.0001946359375 0.23125 0.0109375 0.23125
19 0.49375 0.2359375 0.49375 0.162805471875 0.4552795203125 0.162805471875 0.4552795203125 0.2359375 0.49375 0.2359375
19 0.5917874125 0.2328125 0.5917874125 0.16669820625 0.555455234375 0.16669820625 0.555455234375 0.2328125 0.5917874125 0.2328125
19 0.00625 0.2203125 0.073353696875 0.2203125 0.073353696875 0.17901438125 0.00625 0.17901438125 0.00625 0.2203125
19 0.171875 0.21875 0.171875 0.1797091265625 0.10579314375 0.1797091265625 0.10579314375 0.21875 0.171875 0.21875
19 0.253125 0.2328125 0.253125 0.16669820625 0.21493566249999999 0.16669820625 0.21493566249999999 0.2328125 0.253125 0.2328125
19 0.30625 0.2328125 0.30625 0.1662656796875 0.2646680359375 0.1662656796875 0.2646680359375 0.2328125 0.30625 0.2328125
19 0.2046875 0.167560553125 0.1701151609375 0.167560553125 0.1701151609375 0.232439446875 0.2046875 0.232439446875 0.2046875 0.167560553125
19 0.10903438437499999 0.2328125 0.10903438437499999 0.16669820625 0.069241996875 0.16669820625 0.069241996875 0.2328125 0.10903438437499999 0.2328125
19 0.446875 0.23125 0.446875 0.1684283078125 0.4130406578125 0.1684283078125 0.4130406578125 0.23125 0.446875 0.23125
19 0.54375 0.2328125 0.54375 0.16807958437499998 0.505625540625 0.16807958437499998 0.505625540625 0.2328125 0.54375 0.2328125
19 0.3515625 0.1659142515625 0.31491133125 0.1659142515625 0.31491133125 0.2325232484375 0.3515625 0.2325232484375 0.3515625 0.1659142515625
19 0.40153817031249994 0.2328125 0.40153817031249994 0.1662656796875 0.3600156796875 0.1662656796875 0.3600156796875 0.2328125 0.40153817031249994 0.2328125
19 0.9984375 0.2898734859375 0.9546199171875 0.2898734859375 0.9546199171875 0.3296658734375 0.9984375 0.3296658734375 0.9984375 0.2898734859375
19 0.9421875 0.328125 0.9421875 0.293006596875 0.89917279375 0.293006596875 0.89917279375 0.328125 0.9421875 0.328125
19 0.9078125 0.36875 0.9078125 0.325008109375 0.844385271875 0.325008109375 0.844385271875 0.36875 0.9078125 0.36875
19 0.8453125 0.38125 0.8453125 0.31427605937499997 0.79896734375 0.31427605937499997 0.79896734375 0.38125 0.8453125 0.38125
19 0.7859375 0.38125 0.7859375 0.3165224921875 0.7420766640625 0.3165224921875 0.7420766640625 0.38125 0.7859375 0.38125
19 0.95625 0.3796875 0.95625 0.3363862453125 0.9112781156249999 0.3363862453125 0.9112781156249999 0.3796875 0.95625 0.3796875
19 1 0.34071691249999997 0.960669875 0.34071691249999997 0.960669875 0.375 1 0.375 1 0.34071691249999997
19 1 0.40712586406250006 0.9259083046875001 0.40712586406250006 0.9259083046875001 0.475 1 0.475 1 0.40712586406250006
19 0.9234375 0.4765625 0.9234375 0.406720371875 0.8321934484375 0.406720371875 0.8321934484375 0.4765625 0.9234375 0.4765625
19 0.4625 0.475 0.4625 0.40893977187499997 0.3718236390625 0.40893977187499997 0.3718236390625 0.475 0.4625 0.475
19 0.828125 0.475 0.828125 0.40893977187499997 0.738548875 0.40893977187499997 0.738548875 0.475 0.828125 0.475
19 0.56875 0.48125 0.6359375 0.48125 0.6359375 0.4012002609375 0.56875 0.4012002609375 0.56875 0.48125
19 0.7265625 0.4859375 0.7265625 0.3966479234375 0.66069690625 0.3966479234375 0.66069690625 0.4859375 0.7265625 0.4859375
19 0.4828125 0.4890625 0.54375 0.4890625 0.54375 0.400213559375 0.4828125 0.400213559375 0.4828125 0.4890625
19 0.084375 0.475 0.084375 0.41516273750000005 0.028303417187500002 0.41516273750000005 0.028303417187500002 0.475 0.084375 0.475
19 0 0.4734375 0.0171875 0.4734375 0.0171875 0.4187608140625 0 0.4187608140625 0 0.4734375
19 0.159375 0.475 0.159375 0.41722804843750005 0.0990349265625 0.41722804843750005 0.0990349265625 0.475 0.159375 0.475
19 0.3671766875 0.4734375 0.3671766875 0.4187608140625 0.3109483125 0.4187608140625 0.3109483125 0.4734375 0.3671766875 0.4734375
19 0.228125 0.4765625 0.228125 0.417647059375 0.1703233140625 0.417647059375 0.1703233140625 0.4765625 0.228125 0.4765625
19 0.2953125 0.478125 0.2953125 0.4171875 0.24222264375 0.4171875 0.24222264375 0.478125 0.2953125 0.478125
19 0.596875 0.571875 0.596875 0.5079017078125 0.5622648140625001 0.5079017078125 0.5622648140625001 0.571875 0.596875 0.571875
19 0.4171875 0.5065392515625 0.382615159375 0.5065392515625 0.382615159375 0.5731482484375 0.4171875 0.5731482484375 0.4171875 0.5065392515625
19 0.46183228749999994 0.571875 0.46183228749999994 0.508966803125 0.42723021250000004 0.508966803125 0.42723021250000004 0.571875 0.46183228749999994 0.571875
19 0.5015625 0.5578125 0.565625 0.5578125 0.565625 0.5227806015625001 0.5015625 0.5227806015625001 0.5015625 0.5578125
19 0.5203125 0.559375 0.5203125 0.524262003125 0.45568230937500004 0.524262003125 0.45568230937500004 0.559375 0.5203125 0.559375
19 0.3703125 0.5734375 0.3703125 0.5084180359375 0.33554011875 0.5084180359375 0.33554011875 0.5734375 0.3703125 0.5734375
19 0.8796875 0.5703125 0.8796875 0.512343209375 0.787662196875 0.512343209375 0.787662196875 0.5703125 0.8796875 0.5703125
19 0.8921875 0.571875 0.98125 0.571875 0.98125 0.51225940625 0.8921875 0.51225940625 0.8921875 0.571875
19 0.696875 0.571875 0.7859375 0.571875 0.7859375 0.5159845375 0.696875 0.5159845375 0.696875 0.571875
19 0.6764895109375 0.5875 0.6764895109375 0.498867321875 0.6193960859375001 0.498867321875 0.6193960859375001 0.5875 0.6764895109375 0.5875
19 0.7046875 0.6020355765625001 0.6643950046875 0.6020355765625001 0.6643950046875 0.624526925 0.7046875 0.624526925 0.7046875 0.6020355765625001
19 0.5078125 0.6021166734375 0.46854995625000007 0.6021166734375 0.46854995625000007 0.6246080234375 0.5078125 0.6246080234375 0.5078125 0.6021166734375
19 0.5984375 0.634375 0.5984375 0.5921875 0.5791927984374999 0.5921875 0.5791927984374999 0.634375 0.5984375 0.634375
19 0.74375 0.594260921875 0.7221101859375 0.594260921875 0.7221101859375 0.6357834125 0.74375 0.6357834125 0.74375 0.594260921875
19 0.9515625 0.6035980750000001 0.910056228125 0.6035980750000001 0.910056228125 0.626089425 0.9515625 0.626089425 0.9515625 0.6035980750000001
19 0.5515625 0.634375 0.5515625 0.593974371875 0.5301524640624999 0.593974371875 0.5301524640624999 0.634375 0.5515625 0.634375
19 0.9984375 0.6265625 0.9984375 0.6026330015625 0.9634704796875001 0.6026330015625 0.9634704796875001 0.6265625 0.9984375 0.6265625
19 0.6609375 0.6040143812500001 0.619671821875 0.6040143812500001 0.619671821875 0.62650573125 0.6609375 0.62650573125 0.6609375 0.6040143812500001
19 0.853125 0.6032493515625 0.809375 0.6032493515625 0.809375 0.6248756484375 0.853125 0.6248756484375 0.853125 0.6032493515625
19 0.8597075046875 0.6248756484375 0.9012299953125 0.6248756484375 0.9012299953125 0.6032493515625 0.8597075046875 0.6032493515625 0.8597075046875 0.6248756484375
19 0.8015625 0.6035980750000001 0.7612700046875001 0.6035980750000001 0.7612700046875001 0.626089425 0.8015625 0.626089425 0.8015625 0.6035980750000001
19 0.234375 0.6546875 0.234375 0.609023571875 0.15630136249999999 0.609023571875 0.15630136249999999 0.6546875 0.234375 0.6546875
19 0.459375 0.65625 0.459375 0.6140625 0.41578989999999993 0.6140625 0.41578989999999993 0.65625 0.459375 0.65625
19 0.3453125 0.65625 0.3453125 0.6140625 0.30458747812500003 0.6140625 0.30458747812500003 0.65625 0.3453125 0.65625
19 0.403125 0.6546875 0.403125 0.6145085421875 0.36179985000000003 0.6145085421875 0.36179985000000003 0.6546875 0.403125 0.6546875
19 0.2875 0.6578125 0.2875 0.6155979671875 0.24614781562500002 0.6155979671875 0.24614781562500002 0.6578125 0.2875 0.6578125
19 0.0671875 0.659375 0.14375 0.659375 0.14375 0.6125 0.0671875 0.6125 0.0671875 0.659375
19 0 0.6640625 0.0578125 0.6640625 0.0578125 0.6143977078125 0 0.6143977078125 0 0.6640625
19 0.5078125 0.653125 0.5078125 0.631723075 0.46916630625 0.631723075 0.46916630625 0.653125 0.5078125 0.653125
19 0.649586396875 0.665625 0.649586396875 0.6218452640625001 0.6270950484375 0.6218452640625001 0.6270950484375 0.665625 0.649586396875 0.665625
19 0.609375 0.6546875 0.609375 0.6331504125 0.5678606187499999 0.6331504125 0.5678606187499999 0.6546875 0.609375 0.6546875
19 0.5515625 0.6625 0.5515625 0.62313473125 0.5253216921874999 0.62313473125 0.5253216921874999 0.6625 0.5515625 0.6625
19 0.9999459343750001 0.6329368515625 0.9688040656249999 0.6329368515625 0.9688040656249999 0.6545631484375 0.9999459343750001 0.6545631484375 0.9999459343750001 0.6329368515625
19 0.7953125 0.6625 0.7953125 0.625 0.7753676484375001 0.625 0.7753676484375001 0.6625 0.7953125 0.6625
19 0.7483374765625 0.6640625 0.7483374765625 0.6240078921875 0.7258461281249999 0.6240078921875 0.7258461281249999 0.6640625 0.7483374765625 0.6640625
19 0.8453125 0.6671875 0.8453125 0.6237537843750001 0.82437824375 0.6237537843750001 0.8243782453125 0.6671875 0.8453125 0.6671875
19 0.8615349265625 0.6561256484375 0.9056525734375 0.6561256484375 0.9056525734375 0.6344993515625 0.8615349265625 0.6344993515625 0.8615349265625 0.6561256484375
19 0.9421875 0.66875 0.9421875 0.6232482703125 0.9203152031249999 0.6232482703125 0.9203152031249999 0.66875 0.9421875 0.66875
19 0.6997269687500001 0.665625 0.6997269687500001 0.6255514703125 0.679830775 0.6255514703125 0.679830775 0.665625 0.6997269687500001 0.665625
19 0.8453125 0.6921875 0.79421766875 0.6921875 0.79421766875 0.7635975359375 0.8453125 0.7635975359375 0.8453125 0.6921875
19 0.61875 0.7625 0.61875 0.6910196796875 0.5702530265625 0.6910196796875 0.5702530265625 0.7625 0.61875 0.7625
19 0.7046875 0.75 0.7046875 0.7026897703125 0.6389192265625 0.7026897703125 0.6389192265625 0.75 0.7046875 0.75
19 0.771875 0.7625 0.771875 0.6917063140625 0.7225021625 0.6917063140625 0.7225021625 0.7625 0.771875 0.7625
19 0.9890625 0.759375 0.9890625 0.6951286765625 0.9431552765625 0.6951286765625 0.943155275 0.759375 0.9890625 0.759375
19 0.9171875 0.6928903531249999 0.8723048234374999 0.6928903531249999 0.8723048234374999 0.7638246093750001 0.9171875 0.7638246093750001 0.9171875 0.6928903531249999
19 0.5375 0.7671875 0.5375 0.6917360515625 0.489203071875 0.6917360515625 0.489203071875 0.7671875 0.5375 0.7671875
19 0.4171875 0.7546875 0.4171875 0.7110564453125 0.373240159375 0.7110564453125 0.373240159375 0.7546875 0.4171875 0.7546875
19 0.471875 0.7546875 0.471875 0.7111023999999999 0.42907115156250003 0.7111023999999999 0.42907115156250003 0.7546875 0.471875 0.7546875
19 0.35625 0.7578125 0.35625 0.7068636453125 0.31044009687499996 0.7068636453125 0.31044009687499996 0.7578125 0.35625 0.7578125
19 0.303125 0.759375 0.303125 0.7112835203125 0.2546009953125 0.7112835203125 0.2546009953125 0.759375 0.303125 0.759375
19 0.2453125 0.759375 0.2453125 0.7130244390625 0.1939635609375 0.7130244390625 0.1939635609375 0.759375 0.2453125 0.759375
19 0.08125 0.7578125 0.13125 0.7578125 0.13125 0.711367321875 0.08125 0.711367321875 0.08125 0.7578125
19 0.1875 0.7625 0.1875 0.70912359375 0.1390516859375 0.70912359375 0.1390516859375 0.7625 0.1875 0.7625
19 0.022304821875 0.7592100984375 0.0698826765625 0.7592100984375 0.0698826765625 0.7142274 0.0223048234375 0.7142274 0.022304821875 0.7592100984375