19 0.602076125 0.2326989625 0.6384083046875 0.2326989625 0.6384083046875 0.1608996546875 0.602076125 0.1608996546875 0.602076125 0.2326989625
19 0.65051903125 0.2335640140625 0.6894463671875 0.2335640140625 0.6894463671875 0.1626297578125 0.65051903125 0.1626297578125 0.65051903125 0.2335640140625
19 0 0.231833909375 0.0121107265625 0.231833909375 0.0121107265625 0.1643598609375 0 0.1643598609375 0 0.231833909375
19 0.4550173015625 0.23615917031250003 0.49394463593750004 0.23615917031250003 0.49394463593750004 0.1626297578125 0.4550173015625 0.1626297578125 0.4550173015625 0.23615917031250003
19 0.555363321875 0.2335640140625 0.5916955015625 0.2335640140625 0.5916955015625 0.166089965625 0.555363321875 0.166089965625 0.555363321875 0.2335640140625
19 0.0190311421875 0.2335640140625 0.061418684375 0.2335640140625 0.061418684375 0.166089965625 0.0190311421875 0.166089965625 0.0190311421875 0.2335640140625
19 0.1193771625 0.2326989625 0.15916955 0.2326989625 0.15916955 0.166089965625 0.1193771625 0.166089965625 0.1193771625 0.2326989625
19 0.214532871875 0.2335640140625 0.2534602078125 0.2335640140625 0.2534602078125 0.166089965625 0.214532871875 0.166089965625 0.214532871875 0.2335640140625
19 0.2647058828125 0.2326989625 0.30709342500000003 0.2326989625 0.30709342500000003 0.166089965625 0.2647058828125 0.166089965625 0.2647058828125 0.2326989625
19 0.1695501734375 0.2326989625 0.20588235312499997 0.2326989625 0.20588235312499997 0.16782006875 0.1695501734375 0.16782006875 0.1695501734375 0.2326989625
19 0.06920415156250001 0.2335640140625 0.1089965390625 0.2335640140625 0.1089965390625 0.166089965625 0.06920415156250001 0.166089965625 0.06920415156250001 0.2335640140625
19 0.41349480937500005 0.231833909375 0.4480968859375 0.231833909375 0.4480968859375 0.16782006875 0.41349480937500005 0.16782006875 0.41349480937500005 0.231833909375
19 0.5051903109375 0.2326989625 0.544117646875 0.2326989625 0.544117646875 0.16782006875 0.5051903109375 0.16782006875 0.5051903109375 0.2326989625
19 0.3148788921875 0.2326989625 0.353806228125 0.2326989625 0.353806228125 0.166089965625 0.3148788921875 0.166089965625 0.3148788921875 0.2326989625
19 0.3598615921875 0.2326989625 0.4013840828125 0.2326989625 0.4013840828125 0.166089965625 0.3598615921875 0.166089965625 0.3598615921875 0.2326989625
19 0.9567474046875001 0.33217993125 0.9965397921875001 0.33217993125 0.9965397921875001 0.28719723125 0.9567474046875001 0.28719723125 0.9567474046875001 0.33217993125
19 0.9031141874999999 0.3330449828125 0.9394463671875 0.3330449828125 0.9394463671875 0.28892733593750003 0.9031141874999999 0.28892733593750003 0.9031141874999999 0.3330449828125
19 0.8546712796874999 0.3797577859375 0.8996539796875 0.3797577859375 0.8996539796875 0.3148788921875 0.8546712796874999 0.3148788921875 0.8546712796874999 0.3797577859375
19 0.7993079578125 0.382352940625 0.8468858125000001 0.382352940625 0.8468858125000001 0.3148788921875 0.7993079578125 0.3148788921875 0.7993079578125 0.382352940625
19 0.7422145328124999 0.38321799375 0.78719723125 0.38321799375 0.78719723125 0.316608996875 0.7422145328124999 0.316608996875 0.7422145328124999 0.38321799375
19 0.91176470625 0.382352940625 0.9567474046875001 0.382352940625 0.9567474046875001 0.3356401390625 0.91176470625 0.3356401390625 0.91176470625 0.382352940625
19 1 0.3356401390625 0.9653979234375001 0.3356401390625 0.9653979234375001 0.3806228375 1 0.3806228375 1 0.3356401390625
19 1 0.40657439375 0.9256055359375001 0.40657439375 0.9256055359375001 0.475778546875 1 0.475778546875 1 0.40657439375
19 0.83217993125 0.47750865 0.9256055359375001 0.47750865 0.9256055359375001 0.40657439375 0.83217993125 0.40657439375 0.83217993125 0.47750865
19 0.37197231875000003 0.475778546875 0.46366782031250003 0.475778546875 0.46366782031250003 0.40830449843750005 0.37197231875000003 0.40830449843750005 0.37197231875000003 0.475778546875
19 0.738754325 0.475778546875 0.829584775 0.475778546875 0.829584775 0.40830449843750005 0.738754325 0.40830449843750005 0.738754325 0.475778546875
19 0.5622837374999999 0.475778546875 0.643598615625 0.475778546875 0.643598615625 0.40830449843750005 0.5622837374999999 0.40830449843750005 0.5622837374999999 0.475778546875
19 0.6487889265625 0.4749134953125 0.7396193765625 0.4749134953125 0.7396193765625 0.40830449843750005 0.6487889265625 0.40830449843750005 0.6487889265625 0.4749134953125
19 0.46885813125000003 0.475778546875 0.557958478125 0.475778546875 0.557958478125 0.41349480937500005 0.46885813125000003 0.41349480937500005 0.46885813125000003 0.475778546875
19 0.025951557812499998 0.47404844218750003 0.0873702421875 0.47404844218750003 0.0873702421875 0.41695501718749994 0.025951557812499998 0.41695501718749994 0.025951557812499998 0.47404844218750003
19 0 0.4749134953125 0.017301037499999998 0.4749134953125 0.017301037499999998 0.418685121875 0 0.418685121875 0 0.4749134953125
19 0.0986159171875 0.475778546875 0.1600346015625 0.475778546875 0.1600346015625 0.41695501718749994 0.0986159171875 0.41695501718749994 0.0986159171875 0.475778546875
19 0.31141868437500003 0.4749134953125 0.367647059375 0.4749134953125 0.367647059375 0.418685121875 0.31141868437500003 0.418685121875 0.31141868437500003 0.4749134953125
19 0.1695501734375 0.47750865 0.22923875468750002 0.47750865 0.22923875468750002 0.418685121875 0.1695501734375 0.418685121875 0.1695501734375 0.47750865
19 0.238754325 0.4749134953125 0.3001730109375 0.4749134953125 0.3001730109375 0.420415225 0.238754325 0.420415225 0.238754325 0.4749134953125
19 0.5622837374999999 0.572664359375 0.5986159171875001 0.572664359375 0.5986159171875001 0.50865051875 0.5622837374999999 0.50865051875 0.5622837374999999 0.572664359375
19 0.382352940625 0.5735294125 0.418685121875 0.5735294125 0.418685121875 0.506920415625 0.382352940625 0.506920415625 0.382352940625 0.5735294125
19 0.42733564062499996 0.5735294125 0.46193771562499997 0.5735294125 0.46193771562499997 0.50865051875 0.42733564062499996 0.50865051875 0.42733564062499996 0.5735294125
19 0.515570934375 0.5735294125 0.5519031140624999 0.5735294125 0.5519031140624999 0.50865051875 0.515570934375 0.50865051875 0.515570934375 0.5735294125
19 0.4705882359375 0.575259515625 0.506920415625 0.575259515625 0.506920415625 0.50865051875 0.4705882359375 0.50865051875 0.4705882359375 0.575259515625
19 0.3356401390625 0.575259515625 0.37197231875000003 0.575259515625 0.37197231875000003 0.50865051875 0.3356401390625 0.50865051875 0.3356401390625 0.575259515625
19 0.78719723125 0.5717993078125 0.8806228375 0.5717993078125 0.8806228375 0.5121107265625 0.78719723125 0.5121107265625 0.78719723125 0.5717993078125
19 0.8927335640624999 0.5735294125 0.9818339093749999 0.5735294125 0.9818339093749999 0.5121107265625 0.8927335640624999 0.5121107265625 0.8927335640624999 0.5735294125
19 0.6972318343749999 0.572664359375 0.7863321796875 0.572664359375 0.7863321796875 0.515570934375 0.6972318343749999 0.515570934375 0.6972318343749999 0.572664359375
19 0.6038062281250001 0.572664359375 0.6929065750000001 0.572664359375 0.6929065750000001 0.515570934375 0.6038062281250001 0.515570934375 0.6038062281250001 0.572664359375
19 0.6643598609375 0.6245674734375 0.705882353125 0.6245674734375 0.705882353125 0.602076125 0.6643598609375 0.602076125 0.6643598609375 0.6245674734375
19 0.46885813125000003 0.6245674734375 0.50865051875 0.6245674734375 0.50865051875 0.602076125 0.46885813125000003 0.602076125 0.46885813125000003 0.6245674734375
19 0.5674740484374999 0.623702421875 0.6098615921875 0.623702421875 0.6098615921875 0.6038062281250001 0.5674740484374999 0.6038062281250001 0.5674740484374999 0.623702421875
19 0.71280276875 0.626297578125 0.7543252593750001 0.626297578125 0.7543252593750001 0.6038062281250001 0.71280276875 0.6038062281250001 0.71280276875 0.626297578125
19 0.9100346015625 0.626297578125 0.9524221453124999 0.626297578125 0.9524221453124999 0.6038062281250001 0.9100346015625 0.6038062281250001 0.9100346015625 0.626297578125
19 0.5207612453125 0.6254325265625 0.5622837374999999 0.6254325265625 0.5622837374999999 0.6038062281250001 0.5207612453125 0.6038062281250001 0.5207612453125 0.6254325265625
19 1 0.602076125 0.9636678203125 0.602076125 0.9636678203125 0.6271626296874999 1 0.6271626296874999 1 0.602076125
19 0.6193771625 0.626297578125 0.6608996546875 0.626297578125 0.6608996546875 0.6038062281250001 0.6193771625 0.6038062281250001 0.6193771625 0.626297578125
19 0.80968858125 0.6254325265625 0.853806228125 0.6254325265625 0.853806228125 0.6038062281250001 0.80968858125 0.6038062281250001 0.80968858125 0.6254325265625
19 0.8598615921875 0.6254325265625 0.9013840828124999 0.6254325265625 0.9013840828124999 0.6038062281250001 0.8598615921875 0.6038062281250001 0.8598615921875 0.6254325265625
19 0.761245675 0.626297578125 0.802768165625 0.626297578125 0.802768165625 0.6038062281250001 0.761245675 0.6038062281250001 0.761245675 0.626297578125
19 0.15570934218750002 0.6565743937499999 0.23529411718749998 0.6565743937499999 0.23529411718749998 0.6089965390625001 0.15570934218750002 0.6089965390625001 0.15570934218750002 0.6565743937499999
19 0.4152249140625 0.6565743937499999 0.4602076125 0.6565743937499999 0.4602076125 0.6141868515625 0.4152249140625 0.6141868515625 0.4152249140625 0.6565743937499999
19 0.3044982703125 0.6565743937499999 0.3468858125 0.6565743937499999 0.3468858125 0.6141868515625 0.3044982703125 0.6141868515625 0.3044982703125 0.6565743937499999
19 0.3615916953125 0.6557093421875 0.40311418750000005 0.6557093421875 0.40311418750000005 0.6141868515625 0.3615916953125 0.6141868515625 0.3615916953125 0.6557093421875
19 0.245674740625 0.6583044984375 0.2897923875 0.6583044984375 0.2897923875 0.6159169546875 0.245674740625 0.6159169546875 0.245674740625 0.6583044984375
19 0.0674740484375 0.6600346015625 0.14446366718749998 0.6600346015625 0.14446366718749998 0.612456746875 0.0674740484375 0.612456746875 0.0674740484375 0.6600346015625
19 0 0.6643598609375 0.0588235296875 0.6643598609375 0.0588235296875 0.6141868515625 0 0.6141868515625 0 0.6643598609375
19 0.46885813125000003 0.6539792390625 0.50865051875 0.6539792390625 0.50865051875 0.6314878890625 0.46885813125000003 0.6314878890625 0.46885813125000003 0.6539792390625
19 0.6159169546875 0.6557093421875 0.6608996546875 0.6557093421875 0.6608996546875 0.63321799375 0.6159169546875 0.63321799375 0.6159169546875 0.6557093421875
19 0.5674740484374999 0.6557093421875 0.6098615921875 0.6557093421875 0.6098615921875 0.63321799375 0.5674740484374999 0.63321799375 0.5674740484374999 0.6557093421875
19 0.5190311421875 0.6565743937499999 0.5588235296875 0.6565743937499999 0.5588235296875 0.6297577859375 0.5190311421875 0.6297577859375 0.5190311421875 0.6565743937499999
19 1 0.63321799375 0.96885813125 0.63321799375 0.96885813125 0.654844290625 1 0.654844290625 1 0.63321799375
19 0.7664359859375 0.654844290625 0.805363321875 0.654844290625 0.805363321875 0.63321799375 0.7664359859375 0.63321799375 0.7664359859375 0.654844290625
19 0.716262975 0.6557093421875 0.7577854671875001 0.6557093421875 0.7577854671875001 0.63321799375 0.716262975 0.63321799375 0.716262975 0.6557093421875
19 0.8131487890625 0.6565743937499999 0.8581314875 0.6565743937499999 0.8581314875 0.634948096875 0.8131487890625 0.634948096875 0.8131487890625 0.6565743937499999
19 0.8615916953125 0.6565743937499999 0.9057093421875001 0.6565743937499999 0.9057093421875001 0.634948096875 0.8615916953125 0.634948096875 0.8615916953125 0.6565743937499999
19 0.9083044984375 0.657439446875 0.9550173015625001 0.657439446875 0.9550173015625001 0.634948096875 0.9083044984375 0.634948096875 0.9083044984375 0.657439446875
19 0.6695501734375 0.6565743937499999 0.7110726640625 0.6565743937499999 0.7110726640625 0.6366782 0.6695501734375 0.6366782 0.6695501734375 0.6565743937499999
19 0.783737025 0.7543252593750001 0.8555363328125001 0.7543252593750001 0.8555363328125001 0.7024221453124999 0.783737025 0.7024221453124999 0.783737025 0.7543252593750001
19 0.5588235296875 0.7525951562500001 0.6306228375 0.7525951562500001 0.6306228375 0.7024221453124999 0.5588235296875 0.7024221453124999 0.5588235296875 0.7525951562500001
19 0.6384083046875 0.751730103125 0.705882353125 0.751730103125 0.705882353125 0.7024221453124999 0.6384083046875 0.7024221453124999 0.6384083046875 0.751730103125
19 0.7110726640625 0.7525951562500001 0.782871971875 0.7525951562500001 0.782871971875 0.7024221453124999 0.7110726640625 0.7024221453124999 0.7110726640625 0.7525951562500001
19 1 0.7041522484375 0.9342560546875 0.7041522484375 0.9342560546875 0.751730103125 1 0.751730103125 1 0.7041522484375
19 0.8598615921875 0.7508650515624999 0.9307958484375 0.7508650515624999 0.9307958484375 0.705882353125 0.8598615921875 0.705882353125 0.8598615921875 0.7508650515624999
19 0.475778546875 0.7543252593750001 0.5519031140624999 0.7543252593750001 0.5519031140624999 0.7041522484375 0.475778546875 0.7041522484375 0.475778546875 0.7543252593750001
19 0.37370242187499997 0.7560553640625 0.41782006875000005 0.7560553640625 0.41782006875000005 0.7110726640625 0.37370242187499997 0.7110726640625 0.37370242187499997 0.7560553640625
19 0.42906574375 0.7560553640625 0.47404844218750003 0.7560553640625 0.47404844218750003 0.7110726640625 0.42906574375 0.7110726640625 0.42906574375 0.7560553640625
19 0.307958478125 0.756920415625 0.3598615921875 0.756920415625 0.3598615921875 0.7093425609375 0.307958478125 0.7093425609375 0.307958478125 0.756920415625
19 0.254325259375 0.7603806234375 0.3044982703125 0.7603806234375 0.3044982703125 0.7110726640625 0.254325259375 0.7110726640625 0.254325259375 0.7603806234375
19 0.1937716265625 0.7595155703125 0.245674740625 0.7595155703125 0.245674740625 0.71280276875 0.1937716265625 0.71280276875 0.1937716265625 0.7595155703125
19 0.081314878125 0.75865051875 0.1314878890625 0.75865051875 0.1314878890625 0.7110726640625 0.081314878125 0.7110726640625 0.081314878125 0.75865051875
19 0.1366782 0.7603806234375 0.19031141875 0.7603806234375 0.19031141875 0.7110726640625 0.1366782 0.7110726640625 0.1366782 0.7603806234375
19 0.02249135 0.7595155703125 0.0700692046875 0.7595155703125 0.0700692046875 0.714532871875 0.02249135 0.714532871875 0.02249135 0.7595155703125