19 0.64375 0.195703125 0.6109375 0.195703125 0.6109375 0.259375 0.64375 0.259375 0.64375 0.195703125
19 0.640234375 0.2109375 0.640234375 0.24609375 0.703125 0.24609375 0.703125 0.2109375 0.640234375 0.2109375
19 0.0421875 0.1984375 0.0421875 0.259375 0.078125 0.259375 0.078125 0.1984375 0.0421875 0.1984375
19 0.5125 0.2625 0.5125 0.197265625 0.478515625 0.197265625 0.478515625 0.2625 0.5125 0.2625
19 0.56875 0.2 0.56875 0.2609375 0.6015625 0.2609375 0.6015625 0.2 0.56875 0.2
19 0.084765625 0.2 0.084765625 0.2609375 0.121875 0.2609375 0.121875 0.2 0.084765625 0.2
19 0.221875 0.246875 0.221875 0.212109375 0.16328125 0.212109375 0.16328125 0.246875 0.221875 0.246875
19 0.248046875 0.2125 0.248046875 0.24765625 0.3078125 0.24765625 0.3078125 0.2125 0.248046875 0.2125
19 0.34375 0.259375 0.34375 0.200390625 0.306640625 0.200390625 0.306640625 0.259375 0.34375 0.259375
19 0.253125 0.201953125 0.2203125 0.201953125 0.2203125 0.259375 0.253125 0.259375 0.253125 0.201953125
19 0.1296875 0.2 0.1296875 0.2609375 0.165625 0.2609375 0.165625 0.2 0.1296875 0.2
19 0.440625 0.2015625 0.440625 0.259375 0.471875 0.259375 0.471875 0.2015625 0.440625 0.2015625
19 0.5578125 0.259375 0.5578125 0.2015625 0.523828125 0.2015625 0.523828125 0.259375 0.5578125 0.259375
19 0.3984375 0.246875 0.3984375 0.212890625 0.339453125 0.212890625 0.339453125 0.246875 0.3984375 0.246875
19 0.440625 0.211328125 0.38125 0.211328125 0.38125 0.2484375 0.440625 0.2484375 0.440625 0.211328125
19 0.93125 0.309375 0.93125 0.35 0.9671875 0.35 0.9671875 0.309375 0.93125 0.309375
19 0.91875 0.314453125 0.8796875 0.314453125 0.8796875 0.346875 0.91875 0.346875 0.91875 0.314453125
19 0.8890625 0.343359375 0.83046875 0.343359375 0.83046875 0.3828125 0.8890625 0.3828125 0.8890625 0.343359375
19 0.780078125 0.34375 0.780078125 0.3859375 0.840625 0.3859375 0.840625 0.34375 0.780078125 0.34375
19 0.778125 0.336328125 0.7375 0.336328125 0.7375 0.3953125 0.778125 0.3953125 0.778125 0.336328125
19 0.93125 0.39375 0.93125 0.35390625 0.88984375 0.35390625 0.88984375 0.39375 0.93125 0.39375
19 0.9390625 0.353125 0.9390625 0.39375 0.9765625 0.39375 0.9765625 0.353125 0.9390625 0.353125
19 0.915234375 0.4046875 0.915234375 0.49140625 0.9765625 0.49140625 0.9765625 0.4046875 0.915234375 0.4046875
19 0.81875 0.4171875 0.81875 0.48125 0.903125 0.48125 0.903125 0.4171875 0.81875 0.4171875
19 0.403125 0.41875 0.403125 0.4796875 0.4859375 0.4796875 0.4859375 0.41875 0.403125 0.41875
19 0.744921875 0.4078125 0.744921875 0.4890625 0.8046875 0.4890625 0.8046875 0.4078125 0.744921875 0.4078125
19 0.58125 0.4125 0.58125 0.4859375 0.6421875 0.4859375 0.6421875 0.4125 0.58125 0.4125
19 0.6640625 0.4890625 0.7234375 0.4890625 0.7234375 0.408203125 0.6640625 0.408203125 0.6640625 0.4890625
19 0.502734375 0.4109375 0.502734375 0.49140625 0.5578125 0.49140625 0.5578125 0.4109375 0.502734375 0.4109375
19 0.14375 0.42421875 0.092578125 0.42421875 0.092578125 0.4796875 0.14375 0.4796875 0.14375 0.42421875
19 0.0828125 0.428515625 0.025 0.428515625 0.025 0.478125 0.0828125 0.478125 0.0828125 0.428515625
19 0.209375 0.42578125 0.157421875 0.42578125 0.157421875 0.48125 0.209375 0.48125 0.209375 0.42578125
19 0.3984375 0.478125 0.3984375 0.428125 0.348828125 0.428125 0.348828125 0.478125 0.3984375 0.478125
19 0.220703125 0.428125 0.220703125 0.48125 0.2734375 0.48125 0.2734375 0.428125 0.220703125 0.428125
19 0.3375 0.478125 0.3375 0.430078125 0.283203125 0.430078125 0.283203125 0.478125 0.3375 0.478125
19 0.5625 0.521875 0.5625 0.5546875 0.6203125 0.5546875 0.6203125 0.521875 0.5625 0.521875
19 0.459375 0.521484375 0.39921875 0.521484375 0.39921875 0.553125 0.459375 0.553125 0.459375 0.521484375
19 0.484375 0.509765625 0.453125 0.509765625 0.453125 0.5671875 0.484375 0.5671875 0.484375 0.509765625
19 0.565625 0.509765625 0.5328125 0.509765625 0.5328125 0.5671875 0.565625 0.5671875 0.565625 0.509765625
19 0.5375 0.5546875 0.5375 0.523046875 0.478125 0.523046875 0.478125 0.5546875 0.5375 0.5546875
19 0.415625 0.5546875 0.415625 0.523046875 0.35625 0.523046875 0.35625 0.5546875 0.415625 0.5546875
19 0.778125 0.5125 0.778125 0.565625 0.8625 0.565625 0.8625 0.5125 0.778125 0.5125
19 0.940625 0.5796875 0.940625 0.500390625 0.886328125 0.500390625 0.886328125 0.5796875 0.940625 0.5796875
19 0.7625 0.50078125 0.711328125 0.50078125 0.711328125 0.58125 0.7625 0.58125 0.7625 0.50078125
19 0.678125 0.50078125 0.626953125 0.50078125 0.626953125 0.58125 0.678125 0.58125 0.678125 0.50078125
19 0.6953125 0.621875 0.6953125 0.58515625 0.67578125 0.58515625 0.67578125 0.621875 0.6953125 0.621875
19 0.490625 0.59375 0.490625 0.6140625 0.5265625 0.6140625 0.5265625 0.59375 0.490625 0.59375
19 0.6171875 0.6125 0.6171875 0.595703125 0.579296875 0.595703125 0.579296875 0.6125 0.6171875 0.6125
19 0.7109375 0.5953125 0.7109375 0.615625 0.7484375 0.615625 0.7484375 0.5953125 0.7109375 0.5953125
19 0.898046875 0.5859375 0.898046875 0.62421875 0.9171875 0.62421875 0.9171875 0.5859375 0.898046875 0.5859375
19 0.565625 0.6234375 0.565625 0.586328125 0.546875 0.586328125 0.546875 0.6234375 0.565625 0.6234375
19 0.9796875 0.615625 0.9796875 0.59375 0.937890625 0.59375 0.937890625 0.615625 0.9796875 0.615625
19 0.6546875 0.6234375 0.6546875 0.58671875 0.63515625 0.58671875 0.63515625 0.6234375 0.6546875 0.6234375
19 0.8375 0.6140625 0.8375 0.594921875 0.798828125 0.594921875 0.798828125 0.6140625 0.8375 0.6140625
19 0.88125 0.594921875 0.84375 0.594921875 0.84375 0.6140625 0.88125 0.6140625 0.88125 0.594921875
19 0.7828125 0.6234375 0.7828125 0.58671875 0.76328125 0.58671875 0.76328125 0.6234375 0.7828125 0.6234375
19 0.2796875 0.600390625 0.2078125 0.600390625 0.2078125 0.6421875 0.2796875 0.6421875 0.2796875 0.600390625
19 0.4828125 0.604296875 0.4421875 0.604296875 0.4421875 0.6421875 0.4828125 0.6421875 0.4828125 0.604296875
19 0.3796875 0.6421875 0.3796875 0.604296875 0.341796875 0.604296875 0.341796875 0.6421875 0.3796875 0.6421875
19 0.39375 0.6046875 0.39375 0.6421875 0.43125 0.6421875 0.43125 0.6046875 0.39375 0.6046875
19 0.2890625 0.64375 0.328125 0.64375 0.328125 0.60625 0.2890625 0.60625 0.2890625 0.64375
19 0.183984375 0.6578125 0.183984375 0.589453125 0.141015625 0.589453125 0.141015625 0.6578125 0.183984375 0.6578125
19 0.046875 0.6046875 0.046875 0.65 0.1203125 0.65 0.1203125 0.6046875 0.046875 0.6046875
19 0.4984375 0.6125 0.4984375 0.6484375 0.51875 0.6484375 0.51875 0.6125 0.4984375 0.6125
19 0.6234375 0.621875 0.6234375 0.6421875 0.6640625 0.6421875 0.6640625 0.621875 0.6234375 0.621875
19 0.579296875 0.621875 0.579296875 0.6421875 0.6171875 0.6421875 0.6171875 0.621875 0.579296875 0.621875
19 0.571875 0.618359375 0.5359375 0.618359375 0.5359375 0.6421875 0.571875 0.6421875 0.571875 0.618359375
19 0.9703125 0.65 0.9703125 0.611328125 0.952734375 0.611328125 0.952734375 0.65 0.9703125 0.65
19 0.759375 0.640625 0.79375 0.640625 0.79375 0.621875 0.759375 0.621875 0.759375 0.640625
19 0.7140625 0.621875 0.7140625 0.6421875 0.7515625 0.6421875 0.7515625 0.621875 0.7140625 0.621875
19 0.83125 0.653125 0.83125 0.612890625 0.8125 0.612890625 0.8125 0.653125 0.83125 0.653125
19 0.8453125 0.6421875 0.884375 0.6421875 0.884375 0.623828125 0.8453125 0.623828125 0.8453125 0.6421875
19 0.8984375 0.6125 0.8984375 0.6546875 0.91875 0.6546875 0.91875 0.6125 0.8984375 0.6125
19 0.709375 0.624609375 0.671875 0.624609375 0.671875 0.6421875 0.709375 0.6421875 0.709375 0.624609375
19 0.8296875 0.67578125 0.783984375 0.67578125 0.783984375 0.740625 0.8296875 0.740625 0.8296875 0.67578125
19 0.571484375 0.684375 0.571484375 0.7296875 0.6359375 0.7296875 0.6359375 0.684375 0.571484375 0.684375
19 0.64375 0.684375 0.64375 0.728125 0.7046875 0.728125 0.7046875 0.684375 0.64375 0.684375
19 0.7640625 0.67421875 0.719140625 0.67421875 0.719140625 0.7390625 0.7640625 0.7390625 0.7640625 0.67421875
19 0.9609375 0.7375 0.9609375 0.677734375 0.919921875 0.677734375 0.919921875 0.7375 0.9609375 0.7375
19 0.84375 0.6875 0.84375 0.728125 0.9078125 0.728125 0.9078125 0.6875 0.84375 0.6875
19 0.496875 0.6859375 0.496875 0.73125 0.565625 0.73125 0.565625 0.6859375 0.496875 0.6859375
19 0.405078125 0.6921875 0.405078125 0.7328125 0.44375 0.7328125 0.44375 0.6921875 0.405078125 0.6921875
19 0.4546875 0.6921875 0.4546875 0.7328125 0.4953125 0.7328125 0.4953125 0.6921875 0.4546875 0.6921875
19 0.390625 0.688671875 0.34765625 0.688671875 0.34765625 0.734375 0.390625 0.734375 0.390625 0.688671875
19 0.34140625 0.7359375 0.34140625 0.691796875 0.296875 0.691796875 0.296875 0.7359375 0.34140625 0.7359375
19 0.2859375 0.7375 0.2859375 0.69140625 0.24453125 0.69140625 0.24453125 0.7375 0.2859375 0.7375
19 0.1859375 0.692578125 0.140625 0.692578125 0.140625 0.734375 0.1859375 0.734375 0.1859375 0.692578125
19 0.2390625 0.692578125 0.190625 0.692578125 0.190625 0.7359375 0.2390625 0.7359375 0.2390625 0.692578125
19 0.088671875 0.69375 0.088671875 0.73671875 0.128125 0.73671875 0.128125 0.69375 0.088671875 0.69375