24 0.7546875 0.3296875 0.415625 0.3296875 0.415625 0.47421875 0.7546875 0.47421875 0.7546875 0.3296875
24 0.72109375 0.275 0.390625 0.275 0.390625 0.39140625 0.72109375 0.39140625 0.72109375 0.275
24 0.7078125 0.46875 0.4671875 0.46875 0.4671875 0.56015625 0.7078125 0.56015625 0.7078125 0.46875
24 0.40703125 0.3359375 0.075 0.3359375 0.075 0.45234375 0.40703125 0.45234375 0.40703125 0.3359375
24 0.43671875 0.390625 0.090625 0.390625 0.090625 0.53984375 0.43671875 0.53984375 0.43671875 0.390625
24 0.46640625 0.4796875 0.1515625 0.4796875 0.1515625 0.59296875 0.46640625 0.59296875 0.46640625 0.4796875
24 0.94453125 0.228125 0.70625 0.228125 0.70625 0.33125 0.94453125 0.33125 0.94453125 0.228125
24 0.97109375 0.2828125 0.725 0.2828125 0.725 0.41171875 0.97109375 0.41171875 0.97109375 0.2828125
24 0.98203125 0.38125 0.7140625 0.38125 0.7140625 0.50234375 0.98203125 0.50234375 0.98203125 0.38125
24 0.83984375 0.5625 0.4921875 0.5625 0.4921875 0.69140625 0.83984375 0.69140625 0.83984375 0.5625
24 0.88671875 0.6328125 0.525 0.6328125 0.525 0.7640625 0.88671875 0.7640625 0.88671875 0.6328125
24 0.86640625 0.746875 0.5625 0.746875 0.5625 0.8671875 0.86640625 0.8671875 0.86640625 0.746875
24 1 0.653125 0.8453125 0.653125 0.8453125 0.7640625 1 0.7640625 1 0.653125
24 1 0.5875 0.8546875 0.5875 0.8546875 0.6921875 1 0.6921875 1 0.5875
24 0.9984375 0.521875 0.8328125 0.521875 0.8328125 0.6265625 0.9984375 0.6265625 0.9984375 0.521875
24 0.59140625 0.8265625 0.24375 0.8265625 0.24375 0.96328125 0.59140625 0.96328125 0.59140625 0.8265625
24 0.56953125 0.7734375 0.2296875 0.7734375 0.2296875 0.8890625 0.56953125 0.8890625 0.56953125 0.7734375
24 0.540625 0.6953125 0.15625 0.6953125 0.15625 0.84296875 0.540625 0.84296875 0.540625 0.6953125
24 0.5109375 0.6234375 0.134375 0.6234375 0.134375 0.7640625 0.5109375 0.7640625 0.5109375 0.6234375