24 0.5875 0.5234375 0.253125 0.5234375 0.253125 0.66875 0.5875 0.66875 0.5875 0.5234375
24 0.61328125 0.603125 0.2890625 0.603125 0.2890625 0.721875 0.61328125 0.721875 0.61328125 0.603125
24 0.53515625 0.4359375 0.296875 0.4359375 0.296875 0.5296875 0.53515625 0.5296875 0.53515625 0.4359375
24 0.91953125 0.5390625 0.59375 0.5390625 0.59375 0.6578125 0.91953125 0.6578125 0.91953125 0.5390625
24 0.90703125 0.4546875 0.565625 0.4546875 0.565625 0.6046875 0.90703125 0.6046875 0.90703125 0.4546875
24 0.84296875 0.403125 0.5328125 0.403125 0.5328125 0.51875 0.84296875 0.51875 0.84296875 0.403125
24 0.303125 0.6671875 0.0578125 0.6671875 0.0578125 0.77265625 0.303125 0.77265625 0.303125 0.6671875
24 0.28359375 0.5890625 0.0296875 0.5890625 0.0296875 0.7203125 0.28359375 0.7203125 0.28359375 0.5890625
24 0.290625 0.4984375 0.0265625 0.4984375 0.0265625 0.61953125 0.290625 0.61953125 0.290625 0.4984375
24 0.50546875 0.309375 0.1640625 0.309375 0.1640625 0.4390625 0.50546875 0.4390625 0.50546875 0.309375
24 0.47265625 0.2375 0.115625 0.2375 0.115625 0.37109375 0.47265625 0.37109375 0.47265625 0.2375
24 0.43203125 0.1375 0.1328125 0.1375 0.1328125 0.25859375 0.43203125 0.25859375 0.43203125 0.1375
24 0 0.35703125 0.15859375 0.35703125 0.15859375 0.24375 0 0.24375 0 0.35703125
24 0 0.4203125 0.1484375 0.4203125 0.1484375 0.3140625 0 0.3140625 0 0.4203125
24 0 0.48359375 0.1734375 0.48359375 0.1734375 0.378125 0 0.378125 0 0.48359375
24 0.74453125 0.0375 0.403125 0.0375 0.403125 0.17578125 0.74453125 0.17578125 0.74453125 0.0375
24 0.7609375 0.1109375 0.4265625 0.1109375 0.4265625 0.22890625 0.7609375 0.22890625 0.7609375 0.1109375
24 0.83359375 0.1546875 0.4546875 0.1546875 0.4546875 0.30390625 0.83359375 0.30390625 0.83359375 0.1546875
24 0.8578125 0.2328125 0.4875 0.2328125 0.4875 0.375 0.8578125 0.375 0.8578125 0.2328125