24 0.253125 0.5234375 0.253125 0.66875 0.5875 0.66875 0.5875 0.5234375 0.253125 0.5234375
24 0.289453125 0.603125 0.289453125 0.721875 0.6125 0.721875 0.6125 0.603125 0.289453125 0.603125
24 0.369140625 0.3640625 0.369140625 0.6015625 0.4625 0.6015625 0.4625 0.3640625 0.369140625 0.3640625
24 0.697265625 0.4359375 0.697265625 0.7609375 0.815625 0.7609375 0.815625 0.4359375 0.697265625 0.4359375
24 0.565625 0.4546875 0.565625 0.6046875 0.90625 0.6046875 0.90625 0.4546875 0.565625 0.4546875
24 0.7453125 0.615625 0.7453125 0.30625 0.630078125 0.30625 0.630078125 0.615625 0.7453125 0.615625
24 0.0578125 0.6671875 0.0578125 0.771875 0.303125 0.771875 0.303125 0.6671875 0.0578125 0.6671875
24 0.221875 0.78125 0.221875 0.528125 0.091015625 0.528125 0.091015625 0.78125 0.221875 0.78125
24 0.290625 0.498828125 0.0265625 0.498828125 0.0265625 0.61875 0.290625 0.61875 0.290625 0.498828125
24 0.3984375 0.20390625 0.269921875 0.20390625 0.269921875 0.5453125 0.3984375 0.5453125 0.3984375 0.20390625
24 0.360546875 0.48125 0.360546875 0.125390625 0.226953125 0.125390625 0.226953125 0.48125 0.360546875 0.48125
24 0.3421875 0.346875 0.3421875 0.048828125 0.222265625 0.048828125 0.222265625 0.346875 0.3421875 0.346875
24 0.134375 0.220703125 0.022265625 0.220703125 0.022265625 0.379296875 0.134375 0.379296875 0.134375 0.220703125
24 0 0.4203125 0.1484375 0.4203125 0.1484375 0.3140625 0 0.3140625 0 0.4203125
24 0.1390625 0.344140625 0.03359375 0.344140625 0.03359375 0.5171875 0.1390625 0.5171875 0.1390625 0.344140625
24 0.5046875 0 0.5046875 0.2765625 0.6421875 0.2765625 0.6421875 0 0.5046875 0
24 0.6515625 0.3359375 0.6515625 0.002734375 0.53515625 0.002734375 0.53515625 0.3359375 0.6515625 0.3359375
24 0.7171875 0.41875 0.7171875 0.040234375 0.569921875 0.040234375 0.569921875 0.41875 0.7171875 0.41875
24 0.6015625 0.11875 0.6015625 0.4890625 0.74375 0.4890625 0.74375 0.11875 0.6015625 0.11875