24 0.4921875 0.7625 0.4921875 0.42890625 0.34765625 0.42890625 0.34765625 0.7625 0.4921875 0.7625
24 0.2890625 0.603125 0.2890625 0.721875 0.6125 0.721875 0.6125 0.603125 0.2890625 0.603125
24 0.296875 0.4359375 0.296875 0.5296875 0.534375 0.5296875 0.534375 0.4359375 0.296875 0.4359375
24 0.697265625 0.4359375 0.697265625 0.7609375 0.815625 0.7609375 0.815625 0.4359375 0.697265625 0.4359375
24 0.8109375 0.359375 0.661328125 0.359375 0.661328125 0.7 0.8109375 0.7 0.8109375 0.359375
24 0.532421875 0.403125 0.532421875 0.51875 0.8421875 0.51875 0.8421875 0.403125 0.532421875 0.403125
24 0.0578125 0.6671875 0.0578125 0.771875 0.303125 0.771875 0.303125 0.6671875 0.0578125 0.6671875
24 0.029296875 0.5890625 0.029296875 0.7203125 0.2828125 0.7203125 0.2828125 0.5890625 0.029296875 0.5890625
24 0.290625 0.498828125 0.0265625 0.498828125 0.0265625 0.61875 0.290625 0.61875 0.290625 0.498828125
24 0.3984375 0.20390625 0.269921875 0.20390625 0.269921875 0.5453125 0.3984375 0.5453125 0.3984375 0.20390625
24 0.471875 0.3703125 0.471875 0.237109375 0.116015625 0.237109375 0.116015625 0.3703125 0.471875 0.3703125
24 0.1328125 0.2578125 0.43125 0.2578125 0.43125 0.137890625 0.1328125 0.137890625 0.1328125 0.2578125
24 0.134375 0.220703125 0.022265625 0.220703125 0.022265625 0.379296875 0.134375 0.379296875 0.134375 0.220703125
24 0.1265625 0.440625 0.1265625 0.29296875 0.02109375 0.29296875 0.02109375 0.440625 0.1265625 0.440625
24 0 0.4828125 0.1734375 0.4828125 0.1734375 0.378515625 0 0.378515625 0 0.4828125
24 0.403125 0.175 0.74375 0.175 0.74375 0.0375 0.403125 0.0375 0.403125 0.175
24 0.6515625 0.3359375 0.6515625 0.002734375 0.534375 0.002734375 0.534375 0.3359375 0.6515625 0.3359375
24 0.7171875 0.41875 0.7171875 0.040234375 0.569921875 0.040234375 0.569921875 0.41875 0.7171875 0.41875
24 0.6015625 0.11875 0.6015625 0.4890625 0.74375 0.4890625 0.74375 0.11875 0.6015625 0.11875