24 0.6578125 0.232421875 0.51328125 0.232421875 0.51328125 0.5703125 0.6578125 0.5703125 0.6578125 0.232421875
24 0.6125 0.167578125 0.497265625 0.167578125 0.497265625 0.498046875 0.6125 0.498046875 0.6125 0.167578125
24 0.7078125 0.469140625 0.4671875 0.469140625 0.4671875 0.559375 0.7078125 0.559375 0.7078125 0.469140625
24 0.2984375 0.559375 0.2984375 0.228125 0.182421875 0.228125 0.182421875 0.559375 0.2984375 0.559375
24 0.4359375 0.5390625 0.4359375 0.390234375 0.090234375 0.390234375 0.090234375 0.5390625 0.4359375 0.5390625
24 0.1515625 0.5921875 0.465625 0.5921875 0.465625 0.480078125 0.1515625 0.480078125 0.1515625 0.5921875
24 0.8765625 0.1609375 0.773828125 0.1609375 0.773828125 0.3984375 0.8765625 0.3984375 0.8765625 0.1609375
24 0.9703125 0.4109375 0.9703125 0.282421875 0.724609375 0.282421875 0.724609375 0.4109375 0.9703125 0.4109375
24 0.9078125 0.575 0.9078125 0.308203125 0.787890625 0.308203125 0.787890625 0.575 0.9078125 0.575
24 0.8390625 0.690625 0.8390625 0.5625 0.492578125 0.5625 0.492578125 0.690625 0.8390625 0.690625
24 0.524609375 0.6328125 0.524609375 0.7640625 0.8859375 0.7640625 0.8859375 0.6328125 0.524609375 0.6328125
24 0.654296875 0.6546875 0.654296875 0.9578125 0.7734375 0.9578125 0.7734375 0.6546875 0.654296875 0.6546875
24 1 0.653125 0.8453125 0.653125 0.8453125 0.7640625 1 0.7640625 1 0.653125
24 1 0.5875 0.8546875 0.5875 0.8546875 0.6921875 1 0.6921875 1 0.5875
24 0.9671875 0.65625 0.9671875 0.49140625 0.86328125 0.49140625 0.86328125 0.65625 0.9671875 0.65625
24 0.590625 0.9625 0.590625 0.826953125 0.244140625 0.826953125 0.244140625 0.9625 0.590625 0.9625
24 0.45625 1 0.45625 0.66171875 0.341796875 0.66171875 0.341796875 1 0.45625 1
24 0.540625 0.694921875 0.15625 0.694921875 0.15625 0.8421875 0.540625 0.8421875 0.540625 0.694921875
24 0.3921875 0.88125 0.3921875 0.50546875 0.25234375 0.50546875 0.25234375 0.88125 0.3921875 0.88125