24 0.6578125 0.232421875 0.51328125 0.232421875 0.51328125 0.5703125 0.6578125 0.5703125 0.6578125 0.232421875
24 0.6125 0.4984375 0.6125 0.168359375 0.498046875 0.168359375 0.498046875 0.4984375 0.6125 0.4984375
24 0.6328125 0.634375 0.6328125 0.394140625 0.5421875 0.394140625 0.5421875 0.634375 0.6328125 0.634375
24 0.2984375 0.559375 0.2984375 0.228125 0.182421875 0.228125 0.182421875 0.559375 0.2984375 0.559375
24 0.3375 0.6375 0.3375 0.291796875 0.189453125 0.291796875 0.189453125 0.6375 0.3375 0.6375
24 0.365625 0.6921875 0.365625 0.379296875 0.252734375 0.379296875 0.252734375 0.6921875 0.365625 0.6921875
24 0.773828125 0.1609375 0.773828125 0.3984375 0.8765625 0.3984375 0.8765625 0.1609375 0.773828125 0.1609375
24 0.9703125 0.4109375 0.9703125 0.283203125 0.725390625 0.283203125 0.725390625 0.4109375 0.9703125 0.4109375
24 0.9078125 0.575 0.9078125 0.308203125 0.787890625 0.308203125 0.787890625 0.575 0.9078125 0.575
24 0.8390625 0.690625 0.8390625 0.562890625 0.491796875 0.562890625 0.491796875 0.690625 0.8390625 0.690625
24 0.640234375 0.5171875 0.640234375 0.87890625 0.7703125 0.87890625 0.7703125 0.5171875 0.640234375 0.5171875
24 0.7734375 0.9578125 0.7734375 0.65546875 0.654296875 0.65546875 0.654296875 0.9578125 0.7734375 0.9578125
24 0.8671875 0.63125 0.8671875 0.7859375 0.978125 0.7859375 0.978125 0.63125 0.8671875 0.63125
24 0.875 0.5671875 0.875 0.7125 0.9796875 0.7125 0.9796875 0.5671875 0.875 0.5671875
24 0.8328125 0.521875 0.8328125 0.6265625 0.9984375 0.6265625 0.9984375 0.521875 0.8328125 0.521875
24 0.484375 1 0.484375 0.721484375 0.348828125 0.721484375 0.348828125 1 0.484375 1
24 0.45625 1 0.45625 0.6609375 0.341796875 0.6609375 0.341796875 1 0.45625 1
24 0.540625 0.695703125 0.15625 0.695703125 0.15625 0.8421875 0.540625 0.8421875 0.540625 0.695703125
24 0.134375 0.6234375 0.134375 0.7640625 0.5109375 0.7640625 0.5109375 0.6234375 0.134375 0.6234375