19 0.1265625 0.26875 0.0484375 0.26875 0.0484375 0.36484375 0.1265625 0.36484375 0.1265625 0.26875
19 0.22109375 0.2734375 0.140625 0.2734375 0.140625 0.365625 0.22109375 0.365625 0.22109375 0.2734375
19 0.28828125 0.29375 0.2296875 0.29375 0.2296875 0.365625 0.28828125 0.365625 0.28828125 0.29375
19 0.3640625 0.296875 0.303125 0.296875 0.303125 0.3703125 0.3640625 0.3703125 0.3640625 0.296875
19 0.76640625 0.296875 0.675 0.296875 0.675 0.375 0.76640625 0.375 0.76640625 0.296875
19 0.66796875 0.3015625 0.5859375 0.3015625 0.5859375 0.3734375 0.66796875 0.3734375 0.66796875 0.3015625
19 0.57890625 0.3 0.4890625 0.3 0.4890625 0.36953125 0.57890625 0.36953125 0.57890625 0.3
19 0.8671875 0.303125 0.775 0.303125 0.775 0.38125 0.8671875 0.38125 0.8671875 0.303125
19 0.42421875 0.3171875 0.3734375 0.3171875 0.3734375 0.36875 0.42421875 0.36875 0.42421875 0.3171875
19 0.9375 0.31875 0.865625 0.31875 0.865625 0.3828125 0.9375 0.3828125 0.9375 0.31875
19 0.47734375 0.3390625 0.4328125 0.3390625 0.4328125 0.3703125 0.47734375 0.3703125 0.47734375 0.3390625
19 0.1140625 0.453125 0.0296875 0.453125 0.0296875 0.53515625 0.1140625 0.53515625 0.1140625 0.453125
19 0.20703125 0.459375 0.125 0.459375 0.125 0.53359375 0.20703125 0.53359375 0.20703125 0.459375
19 0.296875 0.4578125 0.2171875 0.4578125 0.2171875 0.534375 0.296875 0.534375 0.296875 0.4578125
19 0.39453125 0.4625 0.3125 0.4625 0.3125 0.53828125 0.39453125 0.53828125 0.39453125 0.4625
19 0.48984375 0.46875 0.3984375 0.46875 0.3984375 0.53828125 0.48984375 0.53828125 0.48984375 0.46875
19 0.58984375 0.4734375 0.503125 0.4734375 0.503125 0.540625 0.58984375 0.540625 0.58984375 0.4734375
19 0.68046875 0.478125 0.6 0.478125 0.6 0.54453125 0.68046875 0.54453125 0.68046875 0.478125
19 0.78359375 0.4859375 0.709375 0.4859375 0.709375 0.54453125 0.78359375 0.54453125 0.78359375 0.4859375
19 0.8796875 0.4921875 0.8 0.4921875 0.8 0.54765625 0.8796875 0.54765625 0.8796875 0.4921875