19 0.2856967359375 0.1625 0.2856967359375 0.11163030625 0.2133696921875 0.11163030625 0.2133696921875 0.1625 0.2856967359375 0.1625
19 0.15361143906250002 0.1112470515625 0.15361143906250002 0.165492334375 0.2227938296875 0.165492334375 0.2227938296875 0.1112470515625 0.15361143906250002 0.1112470515625
19 0.3484375 0.175 0.3484375 0.1089082140625 0.284483096875 0.1089082140625 0.284483096875 0.175 0.3484375 0.175
19 0.108554440625 0.17464131249999998 0.1620135625 0.17464131249999998 0.1620135625 0.11174823125 0.108554440625 0.11174823125 0.108554440625 0.17464131249999998
19 0.3328125 0.2890625 0.3328125 0.252093159375 0.250525746875 0.252093159375 0.250525746875 0.2890625 0.3328125 0.2890625
19 0.378125 0.2921875 0.378125 0.2546875 0.29299823125 0.2546875 0.29299823125 0.2921875 0.378125 0.2921875
19 0.0734375 0.315625 0.0734375 0.25336085 0.044393671875 0.25336085 0.044393671875 0.315625 0.0734375 0.315625
19 0.1671875 0.315625 0.1671875 0.25336085 0.1314514546875 0.25336085 0.1314514546875 0.315625 0.1671875 0.315625
19 0.1375 0.303125 0.1375 0.26875 0.07530463750000001 0.26875 0.07530463750000001 0.303125 0.1375 0.303125
19 0.2765625 0.4125 0.30625 0.4125 0.30625 0.378125 0.2765625 0.378125 0.2765625 0.4125
19 0.26875 0.4109375 0.26875 0.37985456093750003 0.2291568390625 0.37985456093750003 0.2291568390625 0.4109375 0.26875 0.4109375
19 0.3171875 0.4125 0.34375 0.4125 0.34375 0.380390134375 0.3171875 0.380390134375 0.3171875 0.4125
19 0.9234375 0.3734375 0.8248820765625 0.3734375 0.8248820765625 0.4386792453125 0.9234375 0.4386792453125 0.9234375 0.3734375
19 0.834375 0.356323703125 0.7712804640625001 0.356323703125 0.7712804640625001 0.457738796875 0.834375 0.457738796875 0.834375 0.356323703125
19 0.8921875 0.440625 0.9931161562499999 0.440625 0.9931161562499999 0.37424823125 0.8921875 0.37424823125 0.8921875 0.440625
19 0.54375 0.4421875 0.54375 0.38910180781250003 0.4703862015625 0.38910180781250003 0.4703862015625 0.4421875 0.54375 0.4421875
19 0.590625 0.4546875 0.590625 0.37841489687499996 0.5397160000000001 0.37841489687499996 0.5397160000000001 0.4546875 0.590625 0.4546875
19 0.659375 0.44375 0.659375 0.39070852968750003 0.5846354171875 0.39070852968750003 0.5846354171875 0.44375 0.659375 0.44375
19 0.715625 0.4421875 0.715625 0.389887971875 0.641244103125 0.389887971875 0.641244103125 0.4421875 0.715625 0.4421875
19 0.7 0.44375 0.7765625 0.44375 0.7765625 0.390010809375 0.7 0.390010809375 0.7 0.44375
19 0.3359375 0.446875 0.3921875 0.446875 0.3921875 0.40257959843749996 0.3359375 0.40257959843749996 0.3359375 0.446875
19 0.4796875 0.453125 0.4796875 0.3982606140625 0.43422759375000003 0.3982606140625 0.43422759375000003 0.453125 0.4796875 0.453125
19 0.4375 0.4484375 0.4375 0.4046531046875 0.38043926875 0.4046531046875 0.38043926875 0.4484375 0.4375 0.4484375
19 0.2234375 0.45 0.25625 0.45 0.25625 0.4124066421875 0.2234375 0.4124066421875 0.2234375 0.45
19 0.303125 0.4484375 0.3421875 0.4484375 0.3421875 0.41506485781249997 0.303125 0.41506485781249997 0.303125 0.4484375
19 0.2984375 0.45 0.2984375 0.4146766890625 0.26001867343749996 0.4146766890625 0.26001867343749996 0.45 0.2984375 0.45
19 0.3015625 0.54375 0.3734375 0.54375 0.3734375 0.49375 0.3015625 0.49375 0.3015625 0.54375
19 0.7265625 0.4796875 0.6539750390625 0.4796875 0.6539750390625 0.556235259375 0.7265625 0.556235259375 0.7265625 0.4796875
19 0.8015625 0.55625 0.8015625 0.48243907343750003 0.7328125 0.48243907343750003 0.7328125 0.55625 0.8015625 0.55625
19 0.3140625 0.54375 0.3140625 0.49349941093750005 0.24437401875 0.49349941093750005 0.24437401875 0.54375 0.3140625 0.54375
19 0.428125 0.495961084375 0.356259828125 0.495961084375 0.356259828125 0.5447032234375 0.428125 0.5447032234375 0.428125 0.495961084375
19 0.884375 0.5609375 0.884375 0.4809158796875 0.8083087671875001 0.4809158796875 0.8083087671875001 0.5609375 0.884375 0.5609375
19 0.246875 0.553125 0.246875 0.496875 0.20611733437500002 0.496875 0.20611733437500002 0.553125 0.246875 0.553125
19 0.9640625 0.559375 0.9640625 0.4887578625 0.8906643078125001 0.4887578625 0.8906643078125001 0.559375 0.9640625 0.559375
19 0.15625 0.5453125 0.15625 0.5055227984374999 0.09850137656249999 0.5055227984374999 0.09850137656249999 0.5453125 0.15625 0.5453125
19 0.1078125 0.5046875 0.05204402500000001 0.5046875 0.05204402500000001 0.545096303125 0.1078125 0.545096303125 0.1078125 0.5046875
19 0.653125 0.553125 0.653125 0.500014740625 0.5909689453125 0.500014740625 0.5909689453125 0.553125 0.653125 0.553125
19 0.20625 0.5453125 0.20625 0.505454009375 0.1515625 0.505454009375 0.1515625 0.5453125 0.20625 0.5453125
19 0.5390625 0.55625 0.5921875 0.55625 0.5921875 0.4984375 0.5390625 0.4984375 0.5390625 0.55625