19 0.634375 0.0421875 0.634375 0.1015625 0.7171875 0.1015625 0.7171875 0.0421875 0.634375 0.0421875
19 0.7125 0.1109375 0.7625 0.1109375 0.7625 0.066710634375 0.7125 0.066710634375 0.7125 0.1109375
19 0.7703125 0.1171875 0.8185572249999999 0.1171875 0.8185572249999999 0.067258521875 0.7703125 0.067258521875 0.7703125 0.1171875
19 0.50625 0.325 0.603125 0.325 0.603125 0.2078125 0.50625 0.2078125 0.50625 0.325
19 0.5046875 0.3203125 0.5046875 0.22663352187500002 0.39884334374999997 0.22663352187500002 0.39884334374999997 0.3203125 0.5046875 0.3203125
19 0.39375 0.22064732031249998 0.2953125 0.22064732031249998 0.2953125 0.327790178125 0.39375 0.327790178125 0.39375 0.22064732031249998
19 0.33125 0.0921875 0.33125 0.019257304687499997 0.2197240265625 0.019257304687499997 0.2197240265625 0.0921875 0.33125 0.0921875
19 0.48836241718749995 0 0.48836241718749995 0.1140625 0.5609375 0.1140625 0.5609375 0 0.48836241718749995 0
19 0.4140625 0.0921875 0.4140625 0.0220576296875 0.302536525 0.0220576296875 0.302536525 0.0921875 0.4140625 0.0921875
19 0.6609375 0.09375 0.6609375 0.02068790625 0.545637175 0.02068790625 0.545637175 0.09375 0.6609375 0.09375
19 0.621875 0.846875 0.621875 0.7788758125 0.55538758125 0.7788758125 0.55538758125 0.846875 0.621875 0.846875
19 0.4953125 0.0921875 0.4953125 0.0205763 0.3857447234375 0.0205763 0.3857447234375 0.0921875 0.4953125 0.0921875
19 0.5498681015625 0.853125 0.5498681015625 0.785815746875 0.4735694 0.785815746875 0.4735694 0.853125 0.5498681015625 0.853125