19 0.725 0.903125 0.725 0.870703125 0.672265625 0.870703125 0.672265625 0.903125 0.725 0.903125
19 0.559375 0.865625 0.559375 0.9125 0.596875 0.9125 0.596875 0.865625 0.559375 0.865625
19 0.6125 0.9046875 0.6625 0.9046875 0.6625 0.872265625 0.6125 0.872265625 0.6125 0.9046875
19 0.01875 0.8734375 0.01875 0.9453125 0.090625 0.9453125 0.090625 0.8734375 0.01875 0.8734375
19 0.0984375 0.871875 0.0984375 0.95 0.1703125 0.95 0.1703125 0.871875 0.0984375 0.871875
19 0.4359375 0.9484375 0.515625 0.9484375 0.515625 0.873828125 0.4359375 0.873828125 0.4359375 0.9484375
19 0.184375 0.871875 0.184375 0.95 0.25625 0.95 0.25625 0.871875 0.184375 0.871875
19 0.3375 0.946875 0.3375 0.878515625 0.264453125 0.878515625 0.264453125 0.946875 0.3375 0.946875
19 0.4203125 0.95 0.4203125 0.876171875 0.349609375 0.876171875 0.349609375 0.95 0.4203125 0.95
19 0.5234375 0.9140625 0.5234375 0.9515625 0.571875 0.9515625 0.571875 0.9140625 0.5234375 0.9140625
19 0.5796875 0.9109375 0.5796875 0.95625 0.615625 0.95625 0.615625 0.9109375 0.5796875 0.9109375
19 0.746875 0.916015625 0.690625 0.916015625 0.690625 0.95 0.746875 0.95 0.746875 0.916015625
19 0.6296875 0.915625 0.6296875 0.953125 0.68125 0.953125 0.68125 0.915625 0.6296875 0.915625
19 0.5328125 0.7390625 0.5328125 0.638671875 0.446484375 0.638671875 0.446484375 0.7390625 0.5328125 0.7390625
19 0.546875 0.65 0.546875 0.7328125 0.6421875 0.7328125 0.6421875 0.65 0.546875 0.65
19 0.770703125 0.64375 0.770703125 0.7484375 0.8625 0.7484375 0.8625 0.64375 0.770703125 0.64375
19 0.8765625 0.653125 0.8765625 0.740625 0.9796875 0.740625 0.9796875 0.653125 0.8765625 0.653125
19 0.6515625 0.653125 0.6515625 0.740625 0.759375 0.740625 0.759375 0.653125 0.6515625 0.653125
19 0.446875 0.7359375 0.446875 0.662109375 0.373828125 0.662109375 0.373828125 0.7359375 0.446875 0.7359375
19 0.371875 0.734375 0.371875 0.66640625 0.29609375 0.66640625 0.29609375 0.734375 0.371875 0.734375
19 0.283984375 0.7421875 0.283984375 0.676171875 0.228515625 0.676171875 0.228515625 0.7421875 0.283984375 0.7421875
19 0.2171875 0.740625 0.2171875 0.683203125 0.162109375 0.683203125 0.162109375 0.740625 0.2171875 0.740625
19 0.096875 0.740625 0.096875 0.680859375 0.0375 0.680859375 0.0375 0.740625 0.096875 0.740625
19 0.15625 0.740625 0.15625 0.683203125 0.101953125 0.683203125 0.101953125 0.740625 0.15625 0.740625