19 0.821875 0.641015625 0.7796875 0.641015625 0.7796875 0.690625 0.821875 0.690625 0.821875 0.641015625
19 0.878125 0.6890625 0.878125 0.64140625 0.83203125 0.64140625 0.83203125 0.6890625 0.878125 0.6890625
19 0.087890625 0.0296875 0.087890625 0.1140625 0.153125 0.1140625 0.153125 0.0296875 0.087890625 0.0296875
19 0.2953125 0.1125 0.2953125 0.0328125 0.231640625 0.0328125 0.231640625 0.1125 0.2953125 0.1125
19 0.225 0.033984375 0.15625 0.033984375 0.15625 0.1140625 0.225 0.1140625 0.225 0.033984375
19 0.375 0.044140625 0.2953125 0.044140625 0.2953125 0.1078125 0.375 0.1078125 0.375 0.044140625
19 0.5796875 0.04453125 0.501953125 0.04453125 0.501953125 0.1109375 0.5796875 0.1109375 0.5796875 0.04453125
19 0.645703125 0.046875 0.645703125 0.1109375 0.721875 0.1109375 0.721875 0.046875 0.645703125 0.046875
19 0.865625 0.1125 0.865625 0.04453125 0.78671875 0.04453125 0.78671875 0.1125 0.865625 0.1125
19 0.509375 0.1109375 0.509375 0.04453125 0.43203125 0.04453125 0.43203125 0.1109375 0.509375 0.1109375
19 0.716796875 0.0453125 0.716796875 0.11484375 0.7921875 0.11484375 0.7921875 0.0453125 0.716796875 0.0453125
19 0.36875 0.11875 0.434375 0.11875 0.434375 0.0390625 0.36875 0.0390625 0.36875 0.11875
19 0.6453125 0.045703125 0.5828125 0.045703125 0.5828125 0.1140625 0.6453125 0.1140625 0.6453125 0.045703125
19 0.857421875 0.046875 0.857421875 0.11328125 0.9359375 0.11328125 0.9359375 0.046875 0.857421875 0.046875
19 0.6921875 0.9625 0.6921875 0.9046875 0.628515625 0.9046875 0.628515625 0.9625 0.6921875 0.9625
19 0.7625 0.904296875 0.70234375 0.904296875 0.70234375 0.9640625 0.7625 0.9640625 0.7625 0.904296875
19 0.821875 0.9640625 0.821875 0.90703125 0.76640625 0.90703125 0.76640625 0.9640625 0.821875 0.9640625
19 0.884375 0.914453125 0.830859375 0.914453125 0.830859375 0.973046875 0.884375 0.973046875 0.884375 0.914453125
19 0.8921875 0.390625 0.8921875 0.346875 0.828515625 0.346875 0.828515625 0.390625 0.8921875 0.390625
19 0.422265625 0.3625 0.422265625 0.4390625 0.4796875 0.4390625 0.4796875 0.3625 0.422265625 0.3625
19 0.4828125 0.4390625 0.546875 0.4390625 0.546875 0.369140625 0.4828125 0.369140625 0.4828125 0.4390625
19 0.7625 0.3703125 0.7625 0.440625 0.8265625 0.440625 0.8265625 0.3703125 0.7625 0.3703125
19 0.757421875 0.440625 0.757421875 0.374609375 0.692578125 0.374609375 0.692578125 0.440625 0.757421875 0.440625
19 0.615625 0.37578125 0.548046875 0.37578125 0.548046875 0.440625 0.615625 0.440625 0.615625 0.37578125
19 0.6828125 0.4390625 0.6828125 0.376171875 0.61796875 0.376171875 0.61796875 0.4390625 0.6828125 0.4390625
19 0.8921875 0.386328125 0.8390625 0.386328125 0.8390625 0.4484375 0.8921875 0.4484375 0.8921875 0.386328125
19 0.215625 0.490625 0.153515625 0.490625 0.153515625 0.534375 0.215625 0.534375 0.215625 0.490625
19 0.16875 0.49140625 0.105078125 0.49140625 0.105078125 0.534375 0.16875 0.534375 0.16875 0.49140625
19 0.215625 0.4828125 0.215625 0.5453125 0.2625 0.5453125 0.2625 0.4828125 0.215625 0.4828125
19 0.3046875 0.5375 0.3046875 0.50703125 0.25703125 0.50703125 0.25703125 0.5375 0.3046875 0.5375
19 0.375 0.5109375 0.328515625 0.5109375 0.328515625 0.5390625 0.375 0.5390625 0.375 0.5109375
19 0.2953125 0.509375 0.2953125 0.5390625 0.34375 0.5390625 0.34375 0.509375 0.2953125 0.509375
19 0.375 0.5015625 0.375 0.55 0.4109375 0.55 0.4109375 0.5015625 0.375 0.5015625
19 0.415625 0.503125 0.415625 0.5515625 0.4484375 0.5515625 0.4484375 0.503125 0.415625 0.503125
19 0.496875 0.51015625 0.448828125 0.51015625 0.448828125 0.54375 0.496875 0.54375 0.496875 0.51015625
19 0.575 0.5078125 0.575 0.55 0.6109375 0.55 0.6109375 0.5078125 0.575 0.5078125
19 0.5359375 0.51328125 0.490234375 0.51328125 0.490234375 0.546875 0.5359375 0.546875 0.5359375 0.51328125
19 0.5734375 0.51171875 0.528515625 0.51171875 0.528515625 0.5453125 0.5734375 0.5453125 0.5734375 0.51171875
19 0.619140625 0.5078125 0.619140625 0.553125 0.6515625 0.553125 0.6515625 0.5078125 0.619140625 0.5078125
19 0.696875 0.5453125 0.696875 0.512109375 0.648828125 0.512109375 0.648828125 0.5453125 0.696875 0.5453125
19 0.6921875 0.5234375 0.6921875 0.5546875 0.7234375 0.5546875 0.7234375 0.5234375 0.6921875 0.5234375
19 0.7296875 0.5265625 0.7296875 0.559375 0.7625 0.559375 0.7625 0.5265625 0.7296875 0.5265625
19 0.8015625 0.5578125 0.8015625 0.524609375 0.769140625 0.524609375 0.769140625 0.5578125 0.8015625 0.5578125
19 0.8046875 0.5296875 0.8046875 0.559375 0.834375 0.559375 0.834375 0.5296875 0.8046875 0.5296875