19 0.2546875 0.3671875 0.2546875 0.3364916140625 0.1891897953125 0.3364916140625 0.1891897953125 0.3671875 0.2546875 0.3671875
19 0.284375 0.3399610625 0.2244783359375 0.3399610625 0.2244783359375 0.3703125 0.284375 0.3703125 0.284375 0.3399610625
19 0.3328125 0.3859375 0.3328125 0.3296875 0.30548622187499996 0.3296875 0.30548622187499996 0.3859375 0.3328125 0.3859375
19 0.303125 0.384375 0.303125 0.3286890984375 0.27441842968749997 0.3286890984375 0.27441842968749997 0.384375 0.303125 0.384375
19 0.409375 0.3424271171875 0.3538188890625 0.3424271171875 0.3538188890625 0.3727785546875 0.409375 0.3727785546875 0.409375 0.3424271171875
19 0.3640625 0.3859375 0.3640625 0.3296875 0.3353209875 0.3296875 0.3353209875 0.3859375 0.3640625 0.3859375
19 0.0990914515625 0.563920228125 0.1198582265625 0.563920228125 0.1198582265625 0.5096071281250001 0.0990914515625 0.5096071281250001 0.0990914515625 0.563920228125
19 0.14375 0.5111247 0.12477286406250002 0.5111247 0.12477286406250002 0.5654377984375001 0.14375 0.5654377984375001 0.14375 0.5111247
19 0.2453125 0.5640625 0.2453125 0.5213109031250001 0.232166034375 0.5213109031250001 0.232166034375 0.5640625 0.2453125 0.5640625
19 0.240625 0.5484375 0.240625 0.5350264578124999 0.19822783593749999 0.5350264578124999 0.19822783593749999 0.5484375 0.240625 0.5484375
19 0.275 0.5515625 0.275 0.53764476875 0.233828375 0.53764476875 0.233828375 0.5515625 0.275 0.5515625
19 0.21875 0.5515625 0.21875 0.5366613421875 0.179892171875 0.5366613421875 0.179892171875 0.5515625 0.21875 0.5515625
19 0.188540834375 0.5671875 0.188540834375 0.5257912328125001 0.1725663921875 0.5257912328125001 0.1725663921875 0.5671875 0.188540834375 0.5671875
19 0.1671875 0.565625 0.1671875 0.5277880406250001 0.15051168125 0.5277880406250001 0.15051168125 0.565625 0.1671875 0.565625
19 0.2015625 0.6484375 0.2015625 0.6136606421875 0.1825853625 0.6136606421875 0.1825853625 0.6484375 0.2015625 0.6484375
19 0.2328125 0.6453125 0.2328125 0.6238318703125 0.19745656875 0.6238318703125 0.19745656875 0.6453125 0.2328125 0.6453125
19 0.1796875 0.653125 0.1796875 0.61807358125 0.1551317890625 0.61807358125 0.1551317890625 0.653125 0.1796875 0.653125
19 0.2171875 0.7375 0.2171875 0.68687849375 0.19267671718749999 0.68687849375 0.19267671718749999 0.7375 0.2171875 0.7375
19 0.2765625 0.740625 0.2765625 0.689743909375 0.24948083125 0.689743909375 0.24948083125 0.740625 0.2765625 0.740625
19 0.2421875 0.740625 0.2421875 0.689743909375 0.21759684687499997 0.689743909375 0.21759684687499997 0.740625 0.2421875 0.740625
19 0.1875 0.7390625 0.1875 0.6921875 0.1632937296875 0.6921875 0.1632937296875 0.7390625 0.1875 0.7390625
19 0.1328125 0.740625 0.1578125 0.740625 0.1578125 0.6953125 0.1328125 0.6953125 0.1328125 0.740625
19 0.1375 0.7328125 0.1375 0.7058606234375 0.0933331671875 0.7058606234375 0.0933331671875 0.7328125 0.1375 0.7328125
19 0.2140625 0.865625 0.2140625 0.832827475 0.1982453078125 0.832827475 0.1982453078125 0.865625 0.2140625 0.865625
19 0.2328125 0.865625 0.2328125 0.8317092640625001 0.2174920140625 0.8317092640625001 0.2174920140625 0.865625 0.2328125 0.865625
19 0.228125 0.8893720046875 0.2109375 0.8893720046875 0.2109375 0.9325029953125 0.228125 0.9325029953125 0.228125 0.8893720046875
19 0.207712659375 0.9328125 0.207712659375 0.8917956265625 0.18934205312500002 0.8917956265625 0.18934205312500002 0.9328125 0.207712659375 0.9328125
19 0.1765625 0.925 0.1765625 0.912614815625 0.15076128125 0.912614815625 0.15076128125 0.925 0.1765625 0.925
19 0.1671875 0.9265625 0.1951028359375 0.9265625 0.1951028359375 0.91326128125 0.1671875 0.91326128125 0.1671875 0.9265625
19 0.1375 0.9328125 0.1375 0.9051667328124999 0.12435852656249999 0.9051667328124999 0.12435852656249999 0.9328125 0.1375 0.9328125
19 0.1265625 0.9265625 0.1265625 0.9126946890625 0.10242112656249999 0.9126946890625 0.10242112656249999 0.9265625 0.1265625 0.9265625
19 0.1546875 0.9328125 0.1546875 0.9071810093750001 0.14188049062500002 0.9071810093750001 0.14188049062500002 0.9328125 0.1546875 0.9328125