19 0.6609375 0.871875 0.5151866734375 0.871875 0.5151866734375 0.924963903125 0.6609375 0.924963903125 0.6609375 0.871875
19 0.5965630156249999 0.93125 0.5965630156249999 0.875621390625 0.4554739078125 0.875621390625 0.4554739078125 0.93125 0.5965630156249999 0.93125
19 0.5234375 0.940625 0.5234375 0.89609890625 0.41453949999999995 0.89609890625 0.41453949999999995 0.940625 0.5234375 0.940625
19 0.4765625 0.8938660281249999 0.36677238125 0.8938660281249999 0.36677238125 0.9450211421875 0.4765625 0.9450211421875 0.4765625 0.8938660281249999
19 0.1375 0.984375 0.1375 0.859375 0.089310025 0.859375 0.089310025 0.984375 0.1375 0.984375
19 0.425 0.946875 0.425 0.8943275578125001 0.3128171421875 0.89432755625 0.3128171421875 0.946875 0.425 0.946875
19 0 0.9546075703125 0.1234375 0.9546075703125 0.1234375 0.9034524546875 0 0.9034524546875 0 0.9546075703125
19 0.2796875 0.95625 0.36204878281249997 0.95625 0.36204878281249997 0.9165738453125 0.2796875 0.9165738453125 0.2796875 0.95625
19 0.29375 0.8937706265625 0.257585603125 0.8937706265625 0.257585603125 0.981229371875 0.29375 0.981229371875 0.29375 0.8937706265625
19 0.253125 0.8957895015625 0.21897947499999998 0.8957895015625 0.21897947499999998 0.9807729984375 0.253125 0.9807729984375 0.253125 0.8957895015625
19 0 0.9609375 0.059375 0.9609375 0.059375 0.936757425 0 0.936757425 0 0.9609375
19 0.2234375 0.965625 0.2234375 0.933944409375 0.17194719375 0.933944409375 0.17194719375 0.965625 0.2234375 0.965625
19 0.13125 0.975 0.1859375 0.975 0.1859375 0.9379847359375001 0.13125 0.9379847359375001 0.13125 0.975
19 0.4125 0.5046875 0.4796875 0.5046875 0.4796875 0.3549737 0.4125 0.3549737 0.4125 0.5046875
19 0.2875 0.465625 0.2875 0.3957121484375 0.1355816828125 0.3957121484375 0.1355816828125 0.465625 0.2875 0.465625
19 0.3348339515625 0.359375 0.3348339515625 0.5078125 0.405791046875 0.5078125 0.4057910484375 0.359375 0.3348339515625 0.359375
19 0.325 0.3626366546875 0.25 0.3626366546875 0.25 0.504550846875 0.325 0.504550846875 0.325 0.3626366546875
19 0.9625 0.4859375 0.9625 0.4522999171875 0.8795534234375 0.4522999171875 0.8795534234375 0.4859375 0.9625 0.4859375
19 0.896875 0.509375 0.896875 0.43268358124999995 0.8675484734375001 0.43268358124999995 0.8675484734375001 0.509375 0.896875 0.509375
19 1 0.4636705859375 0.9533106437500001 0.4636705859375 0.9533106437500001 0.478125 1 0.478125 1 0.4636705859375
19 0.9953125 0.496875 0.9953125 0.4632425734375 0.9288572609375001 0.4632425734375 0.9288572609375001 0.496875 0.9953125 0.496875
19 0.2953125 0.6453125 0.2953125 0.5678424093750001 0.239913365625 0.5678424093750001 0.239913365625 0.6453125 0.2953125 0.6453125
19 0.6515625 0.753125 0.6515625 0.66992574375 0.591452659375 0.66992574375 0.591452659375 0.753125 0.6515625 0.753125
19 0.5278594265625001 0.75625 0.5278594265625001 0.670333128125 0.4643280734375 0.670333128125 0.4643280734375 0.75625 0.5278594265625001 0.75625
19 0.5890625 0.7546875 0.5890625 0.6729450296875 0.5297339109375 0.6729450296875 0.5297339109375 0.7546875 0.5890625 0.7546875
19 0.2125 0.7625 0.2765625 0.7625 0.2765625 0.670157796875 0.2125 0.670157796875 0.2125 0.7625
19 0.1375 0.771875 0.1375 0.662306621875 0.068123453125 0.662306621875 0.068123453125 0.771875 0.1375 0.771875
19 0.221875 0.7515625 0.221875 0.685517225 0.1246467609375 0.685517225 0.1246467609375 0.7515625 0.221875 0.7515625