19 0.56875 0.721875 0.56875 0.5718229171875 0.492083334375 0.5718229171875 0.492083334375 0.721875 0.56875 0.721875
19 0.371875 0.684375 0.5234375 0.684375 0.5234375 0.6036458328125 0.371875 0.6036458328125 0.371875 0.684375
19 0.4359375 0.69375 0.4359375 0.6271354171875 0.2990625015625 0.6271354171875 0.2990625015625 0.69375 0.4359375 0.69375
19 0.8984375 0.7234375 0.9765625 0.7234375 0.9765625 0.6038020828125 0.8984375 0.6038020828125 0.8984375 0.7234375
19 0.5589062515625 0.090625 0.5589062515625 0.049114584375 0.417239584375 0.049114584375 0.417239584375 0.090625 0.5589062515625 0.090625
19 0.503125 0.09375 0.503125 0.0492187515625 0.3597916671875 0.0492187515625 0.3597916671875 0.09375 0.503125 0.09375
19 1 0.8471354171875 0.856822915625 0.8471354171875 0.856822915625 0.8984375 1 0.8984375 1 0.8471354171875
19 0.8453125 0.9203125 0.8453125 0.8661979171875 0.7058333328125 0.8661979171875 0.7058333328125 0.9203125 0.8453125 0.9203125
19 0.7417187515625 0.959375 0.7417187515625 0.8287499984375 0.685052084375 0.8287499984375 0.685052084375 0.959375 0.7417187515625 0.959375
19 0.68125 0.9609375 0.68125 0.827083334375 0.626927084375 0.827083334375 0.626927084375 0.9609375 0.68125 0.9609375
19 0.8826562499999999 0.9328125 0.8826562499999999 0.88828125 0.7784895828125 0.88828125 0.7784895828125 0.9328125 0.8826562499999999 0.9328125
19 0.8303125 0.8875 0.8303125 0.934375 0.9328125 0.934375 0.9328125 0.8875 0.8303125 0.8875
19 0.6265625 0.946875 0.6265625 0.9102083328124999 0.5651041671875 0.9102083328124999 0.5651041671875 0.946875 0.6265625 0.946875
19 0.5828125 0.95 0.5828125 0.9101041656250001 0.5191666671874999 0.9101041656250001 0.5191666671874999 0.95 0.5828125 0.95
19 0.6453125 0.140625 0.684375 0.140625 0.684375 0.016562501562500002 0.6453125 0.016562501562500002 0.6453125 0.140625
19 0.7765625 0.1015625 0.7765625 0.0620833328125 0.647447915625 0.0620833328125 0.647447915625 0.1015625 0.7765625 0.1015625