19 0.5609375 0.4203125 0.5609375 0.385546875 0.52421875 0.385546875 0.52421875 0.4203125 0.5609375 0.4203125
19 0.4890625 0.384375 0.4890625 0.425 0.5203125 0.425 0.5203125 0.384375 0.4890625 0.384375
19 0.5984375 0.44375 0.5984375 0.4171875 0.572265625 0.4171875 0.572265625 0.44375 0.5984375 0.44375
19 0.6359375 0.415625 0.6359375 0.4453125 0.665625 0.4453125 0.665625 0.415625 0.6359375 0.415625
19 0.603125 0.415625 0.603125 0.4453125 0.634375 0.4453125 0.634375 0.415625 0.603125 0.415625
19 0.403125 0.4671875 0.403125 0.412109375 0.31484375 0.412109375 0.31484375 0.4671875 0.403125 0.4671875
19 0.353125 0.4640625 0.353125 0.41953125 0.26015625 0.41953125 0.26015625 0.4640625 0.353125 0.4640625
19 0.846875 0.478125 0.846875 0.409765625 0.787890625 0.409765625 0.787890625 0.478125 0.846875 0.478125
19 0.7265625 0.4078125 0.7265625 0.48125 0.7875 0.48125 0.7875 0.4078125 0.7265625 0.4078125
19 0.4984375 0.475 0.4984375 0.427734375 0.433203125 0.427734375 0.433203125 0.475 0.4984375 0.475
19 0.73125 0.475 0.73125 0.423828125 0.6671875 0.423828125 0.6671875 0.475 0.73125 0.475
19 0.440625 0.418359375 0.39375 0.418359375 0.39375 0.4828125 0.440625 0.4828125 0.440625 0.418359375
19 0.497265625 0.434375 0.497265625 0.48125 0.534375 0.48125 0.534375 0.434375 0.497265625 0.434375
19 0.5765625 0.43828125 0.530859375 0.43828125 0.530859375 0.478125 0.5765625 0.478125 0.5765625 0.43828125
19 0.671875 0.450390625 0.6390625 0.450390625 0.6390625 0.4796875 0.671875 0.4796875 0.671875 0.450390625
19 0.60625 0.450390625 0.575 0.450390625 0.575 0.4828125 0.60625 0.4828125 0.60625 0.450390625
19 0.6359375 0.4828125 0.6359375 0.449609375 0.608984375 0.449609375 0.608984375 0.4828125 0.6359375 0.4828125
19 0.789453125 0.5671875 0.789453125 0.60625 0.840625 0.60625 0.840625 0.5671875 0.789453125 0.5671875
19 0.4671875 0.5578125 0.398828125 0.5578125 0.398828125 0.6171875 0.4671875 0.6171875 0.4671875 0.5578125
19 0.7453125 0.5625 0.7453125 0.6140625 0.790625 0.6140625 0.790625 0.5625 0.7453125 0.5625
19 0.6921875 0.609375 0.740625 0.609375 0.740625 0.567578125 0.6921875 0.567578125 0.6921875 0.609375
19 0.5234375 0.558203125 0.46875 0.558203125 0.46875 0.61875 0.5234375 0.61875 0.5234375 0.558203125
19 0.3375 0.553125 0.3375 0.6265625 0.4 0.6265625 0.4 0.553125 0.3375 0.553125
19 0.5859375 0.6171875 0.5859375 0.56015625 0.53046875 0.56015625 0.53046875 0.6171875 0.5859375 0.6171875
19 0.648828125 0.56875 0.648828125 0.615625 0.690625 0.615625 0.690625 0.56875 0.648828125 0.56875
19 0.590625 0.5671875 0.590625 0.615625 0.6359375 0.615625 0.6359375 0.5671875 0.590625 0.5671875
19 0.7015625 0.83125 0.7015625 0.809765625 0.663671875 0.809765625 0.663671875 0.83125 0.7015625 0.83125
19 0.6421875 0.840625 0.665625 0.840625 0.665625 0.8015625 0.6421875 0.8015625 0.6421875 0.840625
19 0.6125 0.8046875 0.6125 0.8453125 0.6375 0.8453125 0.6375 0.8046875 0.6125 0.8046875
19 0.765234375 0.90625 0.765234375 0.94609375 0.8171875 0.94609375 0.8171875 0.90625 0.765234375 0.90625
19 0.721484375 0.90625 0.721484375 0.95 0.778125 0.95 0.778125 0.90625 0.721484375 0.90625
19 0.6875 0.903125 0.6875 0.959375 0.728125 0.959375 0.728125 0.903125 0.6875 0.903125
19 0.696875 0.912890625 0.6390625 0.912890625 0.6390625 0.9546875 0.696875 0.9546875 0.696875 0.912890625
19 0.5984375 0.9671875 0.5984375 0.901953125 0.550390625 0.901953125 0.550390625 0.9671875 0.5984375 0.9671875
19 0.4921875 0.971875 0.546875 0.971875 0.546875 0.903125 0.4921875 0.903125 0.4921875 0.971875
19 0.605078125 0.90625 0.605078125 0.96875 0.64375 0.96875 0.64375 0.90625 0.605078125 0.90625
19 0.441015625 0.909375 0.441015625 0.9765625 0.490625 0.9765625 0.490625 0.909375 0.441015625 0.909375
19 0.382421875 0.9109375 0.382421875 0.978125 0.4359375 0.978125 0.4359375 0.9109375 0.382421875 0.9109375
19 0.328125 0.915625 0.328125 0.984375 0.3796875 0.984375 0.3796875 0.915625 0.328125 0.915625
19 0.2671875 0.9234375 0.2671875 0.9796875 0.3359375 0.9796875 0.3359375 0.9234375 0.2671875 0.9234375