19 0.2859375 0.034765625 0.14921875 0.034765625 0.14921875 0.1078125 0.2859375 0.1078125 0.2859375 0.034765625
19 0.3640625 0.109375 0.3640625 0.03359375 0.22421875 0.03359375 0.22421875 0.109375 0.3640625 0.109375
19 0.101953125 0.003125 0.101953125 0.1421875 0.1765625 0.1421875 0.1765625 0.003125 0.101953125 0.003125
19 0.333984375 0.003125 0.333984375 0.1421875 0.4078125 0.1421875 0.4078125 0.003125 0.333984375 0.003125
19 0.559375 0.0203125 0.559375 0.1390625 0.6546875 0.1390625 0.6546875 0.0203125 0.559375 0.0203125
19 0.7625 0.13125 0.7625 0.029296875 0.645703125 0.029296875 0.645703125 0.13125 0.7625 0.13125
19 0.571875 0.1234375 0.571875 0.050390625 0.473046875 0.050390625 0.473046875 0.1234375 0.571875 0.1234375
19 0.4984375 0.125 0.4984375 0.05390625 0.39453125 0.05390625 0.39453125 0.125 0.4984375 0.125
19 0.85625 0.2609375 0.85625 0.3609375 0.9046875 0.3609375 0.9046875 0.2609375 0.85625 0.2609375
19 0.787109375 0.2921875 0.787109375 0.33515625 0.8859375 0.33515625 0.8859375 0.2921875 0.787109375 0.2921875
19 0.8140625 0.262890625 0.771875 0.262890625 0.771875 0.3640625 0.8140625 0.3640625 0.8140625 0.262890625
19 0.225 0.2671875 0.225 0.3671875 0.278125 0.3671875 0.278125 0.2671875 0.225 0.2671875
19 0.3578125 0.3453125 0.3578125 0.28828125 0.25859375 0.28828125 0.25859375 0.3453125 0.3578125 0.3453125
19 0.65625 0.303515625 0.58984375 0.303515625 0.58984375 0.359375 0.65625 0.359375 0.65625 0.303515625
19 0.655078125 0.3 0.655078125 0.3671875 0.7078125 0.3671875 0.7078125 0.3 0.655078125 0.3
19 0.5328125 0.3046875 0.5328125 0.3609375 0.6015625 0.3609375 0.6015625 0.3046875 0.5328125 0.3046875
19 0.5 0.308203125 0.43125 0.308203125 0.43125 0.3546875 0.5 0.3546875 0.5 0.308203125
19 0.4515625 0.3546875 0.4515625 0.309765625 0.38125 0.309765625 0.38125 0.3546875 0.4515625 0.3546875
19 0.288671875 0.4953125 0.288671875 0.5625 0.3640625 0.5625 0.3640625 0.4953125 0.288671875 0.4953125
19 0.2796875 0.5671875 0.2796875 0.49296875 0.213671875 0.49296875 0.213671875 0.5671875 0.2796875 0.5671875
19 0.2015625 0.5703125 0.2015625 0.494140625 0.13125 0.494140625 0.13125 0.5703125 0.2015625 0.5703125