19 0.50625 0.425 0.50625 0.33671875 0.42265625 0.33671875 0.42265625 0.425 0.50625 0.425
19 0.327734375 0.3390625 0.327734375 0.4234375 0.4171875 0.4234375 0.4171875 0.3390625 0.327734375 0.3390625
19 0.1375 0.353515625 0.063671875 0.353515625 0.063671875 0.413671875 0.1375 0.413671875 0.1375 0.353515625
19 0.20546875 0.4140625 0.20546875 0.352734375 0.13125 0.352734375 0.13125 0.4140625 0.20546875 0.4140625
19 0.5203125 0.35 0.5203125 0.4296875 0.5875 0.4296875 0.5875 0.35 0.5203125 0.35
19 0.59375 0.3578125 0.59375 0.425 0.66875 0.425 0.66875 0.3578125 0.59375 0.3578125
19 0.74375 0.352734375 0.67734375 0.352734375 0.67734375 0.428125 0.74375 0.428125 0.74375 0.352734375
19 0.207421875 0.3671875 0.207421875 0.42265625 0.259375 0.42265625 0.259375 0.3671875 0.207421875 0.3671875
19 0.266015625 0.36875 0.266015625 0.421875 0.31875 0.421875 0.31875 0.36875 0.266015625 0.36875
19 0.9484375 0.369921875 0.85625 0.369921875 0.85625 0.4234375 0.9484375 0.4234375 0.9484375 0.369921875
19 0.8015625 0.395703125 0.753125 0.395703125 0.753125 0.421875 0.8015625 0.421875 0.8015625 0.395703125
19 0.8 0.421875 0.85 0.421875 0.85 0.3953125 0.8 0.3953125 0.8 0.421875
19 0.80625 0.451171875 0.73671875 0.451171875 0.73671875 0.5390625 0.80625 0.5390625 0.80625 0.451171875
19 0.3796875 0.4734375 0.3796875 0.53125 0.4515625 0.53125 0.4515625 0.4734375 0.3796875 0.4734375
19 0.3671875 0.5390625 0.3671875 0.466015625 0.309375 0.466015625 0.309375 0.5390625 0.3671875 0.5390625
19 0.615625 0.462890625 0.561328125 0.462890625 0.561328125 0.544921875 0.615625 0.544921875 0.615625 0.462890625
19 0.546875 0.476953125 0.4625 0.476953125 0.4625 0.53125 0.546875 0.53125 0.546875 0.476953125
19 0.6359375 0.5296875 0.715625 0.5296875 0.715625 0.476953125 0.6359375 0.476953125 0.6359375 0.5296875
19 0.2265625 0.5375 0.2265625 0.48203125 0.18203125 0.48203125 0.18203125 0.5375 0.2265625 0.5375
19 0.236328125 0.4890625 0.236328125 0.534375 0.2953125 0.534375 0.2953125 0.4890625 0.236328125 0.4890625
19 0.16875 0.490234375 0.1125 0.490234375 0.1125 0.5328125 0.16875 0.5328125 0.16875 0.490234375