19 0.090625 0.525 0.178125 0.525 0.178125 0.4565104171875 0.090625 0.4565104171875 0.090625 0.525
19 0.00538194375 0.453125 0.00538194375 0.534375 0.0765625 0.534375 0.0765625 0.453125 0.00538194375 0.453125
19 0.5671875 0.528125 0.5671875 0.4570312484375 0.4882812484375 0.4570312484375 0.4882812484375 0.528125 0.5671875 0.528125
19 0.65625 0.45043402656250003 0.584375 0.45043402656250003 0.584375 0.534375 0.65625 0.534375 0.65625 0.45043402656250003
19 0.471875 0.53125 0.471875 0.4527777765625 0.40147569375 0.4527777765625 0.40147569375 0.53125 0.471875 0.53125
19 0.246875 0.5265625 0.246875 0.47256944375 0.1859375 0.47256944375 0.1859375 0.5265625 0.246875 0.5265625
19 0.31197916718749996 0.53125 0.31197916718749996 0.47135416562500004 0.2578125 0.47135416562500004 0.2578125 0.53125 0.31197916718749996 0.53125
19 0.3875 0.47387152656250003 0.3265625 0.47387152656250003 0.3265625 0.527690971875 0.3875 0.527690971875 0.3875 0.47387152656250003
19 0.7296875 0.5296875 0.7296875 0.47708333437499995 0.67352430625 0.47708333437499995 0.67352430625 0.5296875 0.7296875 0.5296875
19 0.796875 0.47569444375 0.74071180625 0.47569444375 0.74071180625 0.5355902796875001 0.796875 0.5355902796875001 0.796875 0.47569444375
19 0.85 0.54375 0.85 0.4876736109375 0.817621528125 0.4876736109375 0.817621528125 0.54375 0.85 0.54375
19 0.925 0.5296875 0.925 0.5 0.8702256953124999 0.5 0.8702256953124999 0.5296875 0.925 0.5296875
19 0.9765625 0.540625 0.9765625 0.4881076390625 0.9478298609375001 0.4881076390625 0.9478298609375001 0.540625 0.9765625 0.540625
19 0.575 0.66875 0.575 0.56475694375 0.49991319531249995 0.56475694375 0.49991319531249995 0.66875 0.575 0.66875
19 0.6998263890625 0.65625 0.6998263890625 0.57960069375 0.6008680546875 0.57960069375 0.6008680546875 0.65625 0.6998263890625 0.65625
19 0.4578125 0.675 0.4578125 0.5689236109375 0.3942708328125 0.5689236109375 0.3942708328125 0.675 0.4578125 0.675
19 0.1375 0.6515625 0.1375 0.58993055625 0.0413194453125 0.58993055625 0.0413194453125 0.6515625 0.1375 0.6515625
19 0.2515625 0.6546875 0.2515625 0.5953125 0.158159721875 0.5953125 0.158159721875 0.6546875 0.2515625 0.6546875
19 0.34375 0.5767361109375 0.2858506953125 0.5767361109375 0.2858506953125 0.6765625 0.34375 0.6765625 0.34375 0.5767361109375