19 0.225 0.0259548625 0.0895833328125 0.0259548609375 0.0895833328125 0.1078125 0.225 0.1078125 0.225 0.0259548625
19 0.2032118046875 0 0.2032118046875 0.1359375 0.2828125 0.1359375 0.2828125 0 0.2032118046875 0
19 0.8046875 0.1484375 0.8046875 0.022916665625 0.7009548624999999 0.022916665625 0.7009548624999999 0.1484375 0.8046875 0.1484375
19 0.534375 0.1453125 0.6140625 0.1453125 0.6140625 0.0296875 0.534375 0.0296875 0.534375 0.1453125
19 0.7125 0.0476562484375 0.6019965265625 0.0476562484375 0.6019965265625 0.1327256953125 0.7125 0.1327256953125 0.7125 0.0476562484375
19 0.9078125 0.037673610937500004 0.8078125 0.037673610937500004 0.8078125 0.1513888890625 0.9078125 0.1513888890625 0.9078125 0.037673610937500004
19 0.446875 0.29375 0.5203125 0.29375 0.5203125 0.25043402812500004 0.446875 0.25043402812500004 0.446875 0.29375
19 0.5546875 0.2375868046875 0.512239584375 0.2375868046875 0.512239584375 0.3139756953125 0.5546875 0.3139756953125 0.5546875 0.2375868046875
19 0.315625 0.3890625 0.315625 0.2765625 0.25859375 0.2765625 0.25859375 0.3890625 0.315625 0.3890625
19 0.3 0.3625 0.4107638890625 0.3625 0.4107638890625 0.3025173625 0.3 0.3025173625 0.3 0.3625
19 0.4984375 0.3921875 0.4984375 0.3140625 0.44947916718750003 0.3140625 0.44947916718750003 0.3921875 0.4984375 0.3921875
19 0.5546875 0.317621528125 0.509375 0.317621528125 0.509375 0.39487847343750004 0.5546875 0.39487847343750004 0.5546875 0.317621528125
19 0.6701388890625 0.39375 0.6701388890625 0.32065972343750004 0.6111111109375 0.32065972343750004 0.6111111109375 0.39375 0.6701388890625 0.39375
19 0.740625 0.33125 0.665625 0.33125 0.665625 0.38715277812500004 0.740625 0.38715277812500004 0.740625 0.33125
19 0.7390625 0.3953125 0.7953125 0.3953125 0.7953125 0.3249131953125 0.7390625 0.3249131953125 0.7390625 0.3953125
19 0.84375 0.3505208328125 0.80078125 0.3505208328125 0.80078125 0.3982638890625 0.84375 0.3982638890625 0.84375 0.3505208328125
19 0.459375 0.5052083328125 0.4185763890625 0.5052083328125 0.4185763890625 0.6041666671875 0.459375 0.6041666671875 0.459375 0.5052083328125
19 0.5046875 0.609375 0.5046875 0.50546875 0.4631944453125 0.50546875 0.4631944453125 0.609375 0.5046875 0.609375
19 0.5546875 0.609375 0.5546875 0.50546875 0.5120659734374999 0.50546875 0.5120659734374999 0.609375 0.5546875 0.609375
19 0.3078125 0.5255208328125 0.22378472343750003 0.5255208328125 0.22378472343750003 0.610590278125 0.3078125 0.610590278125 0.3078125 0.5255208328125
19 0.40625 0.609375 0.40625 0.5272569453125 0.3241319453125 0.5272569453125 0.3241319453125 0.609375 0.40625 0.609375
19 0.2140625 0.60625 0.2140625 0.528125 0.12517361093749999 0.528125 0.12517361093749999 0.60625 0.2140625 0.60625