19 0.79272151875 0.23575949375 0.8314873421875 0.23575949375 0.8314873421875 0.2041139234375 0.79272151875 0.2041139234375 0.79272151875 0.23575949375
19 0.75 0.237341771875 0.785601265625 0.237341771875 0.785601265625 0.20727848125 0.75 0.20727848125 0.75 0.237341771875
19 0.8354430374999999 0.2721518984375 0.8939873421875 0.2721518984375 0.8939873421875 0.1756329109375 0.8354430374999999 0.1756329109375 0.8354430374999999 0.2721518984375
19 0.48259493593749997 0.2721518984375 0.54825949375 0.2721518984375 0.54825949375 0.177215190625 0.48259493593749997 0.177215190625 0.48259493593749997 0.2721518984375
19 0.11075949375000001 0.2761075953125 0.169303796875 0.2761075953125 0.169303796875 0.177215190625 0.11075949375000001 0.177215190625 0.11075949375000001 0.2761075953125
19 0.169303796875 0.27531645625 0.214398734375 0.27531645625 0.214398734375 0.191455696875 0.169303796875 0.191455696875 0.169303796875 0.27531645625
19 0.6060126578125 0.2705696203125 0.6582278484375 0.2705696203125 0.6582278484375 0.19620253125 0.6060126578125 0.19620253125 0.6060126578125 0.2705696203125
19 0.5506329109375 0.2745253171875 0.6020569625000001 0.2745253171875 0.6020569625000001 0.197784809375 0.5506329109375 0.197784809375 0.5506329109375 0.2745253171875
19 0.6645569625000001 0.268196203125 0.7049050640625001 0.268196203125 0.7049050640625001 0.2167721515625 0.6645569625000001 0.2167721515625 0.6645569625000001 0.268196203125
19 0.7025316453125 0.268196203125 0.7460443031249999 0.268196203125 0.7460443031249999 0.2167721515625 0.7025316453125 0.2167721515625 0.7025316453125 0.268196203125
19 0.26107595 0.271360759375 0.30142405 0.271360759375 0.30142405 0.2151898734375 0.26107595 0.2151898734375 0.26107595 0.271360759375
19 0.7958860765625 0.2674050640625 0.83227848125 0.2674050640625 0.83227848125 0.23575949375 0.7958860765625 0.23575949375 0.7958860765625 0.2674050640625
19 0.7547468359375 0.2721518984375 0.791139240625 0.2721518984375 0.791139240625 0.2405063296875 0.7547468359375 0.2405063296875 0.7547468359375 0.2721518984375
19 0.5094936703124999 0.3916139234375 0.5450949359374999 0.3916139234375 0.5450949359374999 0.362341771875 0.5094936703124999 0.362341771875 0.5094936703124999 0.3916139234375
19 0.4715189875 0.390822784375 0.507120253125 0.390822784375 0.507120253125 0.36550632968749996 0.4715189875 0.36550632968749996 0.4715189875 0.390822784375
19 0.7626582281250001 0.424841771875 0.8235759500000001 0.424841771875 0.8235759500000001 0.3370253171875 0.7626582281250001 0.3370253171875 0.7626582281250001 0.424841771875
19 0.8275316453125001 0.4256329109375 0.8884493671874999 0.4256329109375 0.8884493671874999 0.3401898734375 0.8275316453125001 0.3401898734375 0.8275316453125001 0.4256329109375
19 0.6851265828125 0.4240506328125 0.7183544296875 0.4240506328125 0.7183544296875 0.3512658234375 0.6851265828125 0.3512658234375 0.6851265828125 0.4240506328125
19 0.552215190625 0.424841771875 0.6115506328125 0.424841771875 0.6115506328125 0.36867088593749997 0.552215190625 0.36867088593749997 0.552215190625 0.424841771875
19 0.6170886078125 0.424841771875 0.6764240499999999 0.424841771875 0.6764240499999999 0.37025316406250003 0.6170886078125 0.37025316406250003 0.6170886078125 0.424841771875
19 0.719936709375 0.42642404999999994 0.7626582281250001 0.42642404999999994 0.7626582281250001 0.375 0.719936709375 0.375 0.719936709375 0.42642404999999994
19 0.47468354375 0.42325949375 0.510284809375 0.42325949375 0.510284809375 0.3939873421875 0.47468354375 0.3939873421875 0.47468354375 0.42325949375
19 0.5110759500000001 0.42879746875 0.5474683546875 0.42879746875 0.5474683546875 0.3955696203125 0.5110759500000001 0.3955696203125 0.5110759500000001 0.42879746875
19 0.723101265625 0.5743670890625 0.7903481015625 0.5743670890625 0.7903481015625 0.49367088593749997 0.723101265625 0.49367088593749997 0.723101265625 0.5743670890625