19 0.577734375 0.265625 0.577734375 0.35546875 0.6484375 0.35546875 0.6484375 0.265625 0.577734375 0.265625
19 0.7625 0.3453125 0.859375 0.3453125 0.859375 0.275390625 0.7625 0.275390625 0.7625 0.3453125
19 0.665625 0.278125 0.665625 0.346875 0.759375 0.346875 0.759375 0.278125 0.665625 0.278125
19 0.940625 0.3578125 0.940625 0.26640625 0.87265625 0.26640625 0.87265625 0.3578125 0.940625 0.3578125
19 0.9609375 0.4125 0.9609375 0.378515625 0.890234375 0.378515625 0.890234375 0.4125 0.9609375 0.4125
19 0.8828125 0.4140625 0.8828125 0.376953125 0.812890625 0.376953125 0.812890625 0.4140625 0.8828125 0.4140625
19 0.7328125 0.378125 0.7328125 0.415625 0.809375 0.415625 0.809375 0.378125 0.7328125 0.378125
19 0.5984375 0.365625 0.5984375 0.4296875 0.634375 0.4296875 0.634375 0.365625 0.5984375 0.365625
19 0.65625 0.38125 0.65625 0.415625 0.7296875 0.415625 0.7296875 0.38125 0.65625 0.38125
19 0.426171875 0.3796875 0.426171875 0.41875 0.446875 0.41875 0.446875 0.3796875 0.426171875 0.3796875
19 0.4015625 0.38046875 0.380859375 0.38046875 0.380859375 0.4203125 0.4015625 0.4203125 0.4015625 0.38046875
19 0.5625 0.428125 0.5625 0.3703125 0.526953125 0.3703125 0.526953125 0.428125 0.5625 0.428125
19 0.325 0.3890625 0.325 0.4109375 0.3671875 0.4109375 0.3671875 0.3890625 0.325 0.3890625
19 0.4953125 0.38046875 0.474609375 0.38046875 0.474609375 0.4203125 0.4953125 0.4203125 0.4953125 0.38046875
19 0.3625 0.4109375 0.3625 0.4375 0.4109375 0.4375 0.4109375 0.4109375 0.3625 0.4109375
19 0.3234375 0.4453125 0.35 0.4453125 0.35 0.402734375 0.3234375 0.402734375 0.3234375 0.4453125
19 0.446875 0.453125 0.446875 0.398828125 0.419921875 0.398828125 0.419921875 0.453125 0.446875 0.453125
19 0.473046875 0.40625 0.473046875 0.4453125 0.49375 0.4453125 0.49375 0.40625 0.473046875 0.40625
19 0.5640625 0.471875 0.5640625 0.40703125 0.519921875 0.40703125 0.519921875 0.471875 0.5640625 0.471875
19 0.9 0.403125 0.9 0.4765625 0.9484375 0.4765625 0.9484375 0.403125 0.9 0.403125
19 0.8125 0.4171875 0.8125 0.465625 0.8796875 0.465625 0.8796875 0.4171875 0.8125 0.4171875
19 0.5828125 0.41875 0.5828125 0.4640625 0.65 0.4640625 0.65 0.41875 0.5828125 0.41875
19 0.7375 0.41875 0.7375 0.465625 0.8109375 0.465625 0.8109375 0.41875 0.7375 0.41875
19 0.671875 0.40625 0.671875 0.4796875 0.7171875 0.4796875 0.7171875 0.40625 0.671875 0.40625
19 0.1875 0.4734375 0.1875 0.41640625 0.14765625 0.41640625 0.14765625 0.4734375 0.1875 0.4734375
19 0.246875 0.416015625 0.2046875 0.416015625 0.2046875 0.4734375 0.246875 0.4734375 0.246875 0.416015625
19 0.2625 0.4203125 0.2625 0.471875 0.3046875 0.471875 0.3046875 0.4203125 0.2625 0.4203125
19 0.0828125 0.4265625 0.0828125 0.4671875 0.1375 0.4671875 0.1375 0.4265625 0.0828125 0.4265625
19 0.3671875 0.440625 0.3671875 0.465625 0.409375 0.465625 0.409375 0.440625 0.3671875 0.440625
19 0.4515625 0.431640625 0.42734375 0.431640625 0.42734375 0.4734375 0.4515625 0.4734375 0.4515625 0.431640625
19 0.35 0.4734375 0.35 0.43203125 0.326171875 0.43203125 0.326171875 0.4734375 0.35 0.4734375
19 0.496875 0.434765625 0.473828125 0.434765625 0.473828125 0.473046875 0.496875 0.473046875 0.496875 0.434765625