19 0.11109374999999999 0.8859375 0.11109374999999999 0.9359375 0.16859375000000001 0.9359375 0.16859375000000001 0.8859375 0.11109374999999999 0.8859375
19 0.3828125 0.9359375 0.3828125 0.8921875 0.319739584375 0.8921875 0.319739584375 0.9359375 0.3828125 0.9359375
19 0.2609375 0.94375 0.3046875 0.94375 0.3046875 0.8846875000000001 0.2609375 0.8846875000000001 0.2609375 0.94375
19 0.2453125 0.9328125 0.2453125 0.8930208328125 0.18213541718749998 0.8930208328125 0.18213541718749998 0.9328125 0.2453125 0.9328125
19 0.303125 0.2099479171875 0.2421875 0.2099479171875 0.2421875 0.3291145828125 0.303125 0.3291145828125 0.303125 0.2099479171875
19 0.31140625 0.3280729171875 0.35890625 0.3280729171875 0.35890625 0.2297395828125 0.31140625 0.2297395828125 0.31140625 0.3280729171875
19 0.4578125 0.3265625 0.4578125 0.2565625015625 0.41286458281250005 0.2565625015625 0.41286458281250005 0.3265625 0.4578125 0.3265625
19 0.421875 0.3140625 0.421875 0.2740624984375 0.355 0.2740624984375 0.355 0.3140625 0.421875 0.3140625
19 0.7546875 0.446875 0.6926041656249999 0.446875 0.6926041656249999 0.49213541562499996 0.7546875 0.49213541562499996 0.7546875 0.446875
19 0.3171875 0.503125 0.3171875 0.4421875 0.2703645828125 0.4421875 0.2703645828125 0.503125 0.3171875 0.503125
19 0.221875 0.5 0.221875 0.45296875 0.16260416718749998 0.45296875 0.16260416718749998 0.5 0.221875 0.5
19 0.165625 0.50625 0.165625 0.446875 0.1188020828125 0.446875 0.1188020828125 0.50625 0.165625 0.50625
19 0.2625 0.5046875 0.2625 0.4453125 0.21817708281249998 0.4453125 0.21817708281249998 0.5046875 0.2625 0.5046875
19 0.071875 0.5046875 0.1171875 0.5046875 0.1171875 0.46791666562499995 0.071875 0.46791666562499995 0.071875 0.5046875
19 0.409375 0.6546875 0.409375 0.580729165625 0.32421875 0.580729165625 0.32421875 0.6546875 0.409375 0.6546875
19 0.3171875 0.6609375 0.3171875 0.578125 0.2421354171875 0.578125 0.2421354171875 0.6609375 0.3171875 0.6609375
19 0.24375 0.6141145828125001 0.1900520828125 0.6141145828125001 0.1900520828125 0.6591145828125 0.24375 0.6591145828125 0.24375 0.6141145828125001
19 0.1390625 0.6116666671875 0.094947915625 0.6116666671875 0.094947915625 0.6633333328125001 0.1390625 0.6633333328125001 0.1390625 0.6116666671875
19 0.1921875 0.659375 0.1921875 0.6143229156250001 0.13953125 0.6143229156250001 0.13953125 0.659375 0.1921875 0.659375
19 0.2953125 0.7365104171875 0.24203125 0.7365104171875 0.24203125 0.8056770828125 0.2953125 0.8056770828125 0.2953125 0.7365104171875
19 0.2375 0.80625 0.2375 0.746875 0.1769791671875 0.746875 0.1769791671875 0.80625 0.2375 0.80625
19 0.171875 0.8078125 0.171875 0.749895834375 0.110625 0.749895834375 0.110625 0.8078125 0.171875 0.8078125