19 0.2625 0.753125 0.2625 0.709765625 0.241015625 0.709765625 0.241015625 0.753125 0.2625 0.753125
19 0.266015625 0.7109375 0.266015625 0.753125 0.2875 0.753125 0.2875 0.7109375 0.266015625 0.7109375
19 0.280859375 0.7234375 0.280859375 0.7453125 0.321875 0.7453125 0.321875 0.7234375 0.280859375 0.7234375
19 0.4078125 0.74375 0.4078125 0.719921875 0.36640625 0.719921875 0.36640625 0.74375 0.4078125 0.74375
19 0.35 0.7203125 0.309765625 0.7203125 0.309765625 0.7484375 0.35 0.7484375 0.35 0.7203125
19 0.337109375 0.721875 0.337109375 0.7453125 0.3765625 0.7453125 0.3765625 0.721875 0.337109375 0.721875
19 0.3953125 0.721875 0.3953125 0.7484375 0.4375 0.7484375 0.4375 0.721875 0.3953125 0.721875
19 0.26875 0.840625 0.26875 0.819140625 0.247265625 0.819140625 0.247265625 0.840625 0.26875 0.840625
19 0.2921875 0.840625 0.2921875 0.82421875 0.271484375 0.82421875 0.271484375 0.840625 0.2921875 0.840625
19 0.485546875 0.8296875 0.485546875 0.87265625 0.5375 0.87265625 0.5375 0.8296875 0.485546875 0.8296875
19 0.44375 0.833203125 0.394140625 0.833203125 0.394140625 0.873046875 0.44375 0.873046875 0.44375 0.833203125
19 0.4015625 0.871875 0.4015625 0.833203125 0.353515625 0.833203125 0.353515625 0.871875 0.4015625 0.871875
19 0.4421875 0.8328125 0.4421875 0.878125 0.490625 0.878125 0.490625 0.8328125 0.4421875 0.8328125
19 0.2671875 0.8796875 0.2671875 0.855859375 0.244921875 0.855859375 0.244921875 0.8796875 0.2671875 0.8796875
19 0.29375 0.85703125 0.273046875 0.85703125 0.273046875 0.88125 0.29375 0.88125 0.29375 0.85703125
19 0.21875 0.2046875 0.21875 0.29375 0.2703125 0.29375 0.2703125 0.2046875 0.21875 0.2046875
19 0.643359375 0.2125 0.643359375 0.2921875 0.6921875 0.2921875 0.6921875 0.2125 0.643359375 0.2125
19 0.325 0.209375 0.325 0.29375 0.375 0.29375 0.375 0.209375 0.325 0.209375
19 0.7609375 0.22734375 0.679296875 0.22734375 0.679296875 0.278125 0.7609375 0.278125 0.7609375 0.22734375
19 0.746875 0.2109375 0.746875 0.29375 0.790625 0.29375 0.790625 0.2109375 0.746875 0.2109375
19 0.65625 0.226953125 0.57578125 0.226953125 0.57578125 0.278125 0.65625 0.278125 0.65625 0.226953125
19 0.584375 0.216015625 0.5390625 0.216015625 0.5390625 0.2890625 0.584375 0.2890625 0.584375 0.216015625
19 0.3390625 0.278125 0.3390625 0.228515625 0.258203125 0.228515625 0.258203125 0.278125 0.3390625 0.278125
19 0.4921875 0.2796875 0.4921875 0.229296875 0.417578125 0.229296875 0.417578125 0.2796875 0.4921875 0.2796875
19 0.4859375 0.21875 0.4859375 0.290625 0.534375 0.290625 0.534375 0.21875 0.4859375 0.21875
19 0.378515625 0.215625 0.378515625 0.29375 0.4265625 0.29375 0.4265625 0.215625 0.378515625 0.215625
19 0.2796875 0.3546875 0.2796875 0.3953125 0.3640625 0.3953125 0.3640625 0.3546875 0.2796875 0.3546875
19 0.409375 0.396875 0.409375 0.355859375 0.325 0.355859375 0.325 0.396875 0.409375 0.396875
19 0.709375 0.4 0.709375 0.364453125 0.6453125 0.364453125 0.6453125 0.4 0.709375 0.4
19 0.5828125 0.348046875 0.546875 0.348046875 0.546875 0.4140625 0.5828125 0.4140625 0.5828125 0.348046875
19 0.7203125 0.3640625 0.7203125 0.4 0.784375 0.4 0.784375 0.3640625 0.7203125 0.3640625
19 0.6203125 0.35 0.6203125 0.4140625 0.65625 0.4140625 0.65625 0.35 0.6203125 0.35
19 0.6984375 0.3515625 0.6984375 0.4140625 0.73125 0.4140625 0.73125 0.3515625 0.6984375 0.3515625
19 0.6328125 0.365625 0.566015625 0.365625 0.566015625 0.3984375 0.6328125 0.3984375 0.6328125 0.365625
19 0.5578125 0.4 0.5578125 0.365234375 0.4921875 0.365234375 0.4921875 0.4 0.5578125 0.4
19 0.4421875 0.36796875 0.378515625 0.36796875 0.378515625 0.4015625 0.4421875 0.4015625 0.4421875 0.36796875
19 0.5046875 0.351953125 0.46875 0.351953125 0.46875 0.415625 0.5046875 0.415625 0.5046875 0.351953125
19 0.43125 0.353125 0.43125 0.4171875 0.465625 0.4171875 0.465625 0.353125 0.43125 0.353125
19 0.3875 0.45 0.3875 0.5296875 0.4203125 0.5296875 0.4203125 0.45 0.3875 0.45
19 0.421875 0.45 0.421875 0.528125 0.4578125 0.528125 0.4578125 0.45 0.421875 0.45
19 0.3671875 0.5078125 0.3671875 0.473046875 0.28671875 0.473046875 0.28671875 0.5078125 0.3671875 0.5078125
19 0.30625 0.5296875 0.30625 0.449609375 0.273828125 0.449609375 0.273828125 0.5296875 0.30625 0.5296875
19 0.2125 0.4734375 0.2125 0.509375 0.2921875 0.509375 0.2921875 0.4734375 0.2125 0.4734375
19 0.696875 0.462890625 0.6703125 0.462890625 0.6703125 0.528125 0.696875 0.528125 0.696875 0.462890625
19 0.4015625 0.476953125 0.330859375 0.476953125 0.330859375 0.512109375 0.4015625 0.512109375 0.4015625 0.476953125
19 0.5796875 0.5265625 0.60625 0.5265625 0.60625 0.462890625 0.5796875 0.462890625 0.5796875 0.5265625
19 0.638671875 0.4625 0.638671875 0.5296875 0.6671875 0.5296875 0.6671875 0.4625 0.638671875 0.4625
19 0.65625 0.48203125 0.588671875 0.48203125 0.588671875 0.509375 0.65625 0.509375 0.65625 0.48203125
19 0.4625 0.4625 0.4625 0.528125 0.4875 0.528125 0.4875 0.4625 0.4625 0.4625
19 0.5671875 0.509375 0.5671875 0.482421875 0.502734375 0.482421875 0.502734375 0.509375 0.5671875 0.509375
19 0.491015625 0.4625 0.491015625 0.5296875 0.5171875 0.5296875 0.5171875 0.4625 0.491015625 0.4625
19 0.5953125 0.5078125 0.5953125 0.483984375 0.53125 0.483984375 0.53125 0.5078125 0.5953125 0.5078125
19 0.43125 0.5734375 0.43125 0.63125 0.475 0.63125 0.475 0.5734375 0.43125 0.5734375
19 0.385546875 0.575 0.385546875 0.6328125 0.4296875 0.6328125 0.4296875 0.575 0.385546875 0.575