19 0.8578274765625 0.33945686875000003 0.9353035140625 0.33945686875000003 0.9353035140625 0.2667731625 0.8578274765625 0.2667731625 0.8578274765625 0.33945686875000003
19 0.3210862625 0.3474440890625 0.3738019171875 0.3474440890625 0.3738019171875 0.2715654953125 0.3210862625 0.2715654953125 0.3210862625 0.3474440890625
19 0.2587859421875 0.3490415328125 0.311501596875 0.3490415328125 0.311501596875 0.2731629390625 0.2587859421875 0.2731629390625 0.2587859421875 0.3490415328125
19 0.190095846875 0.3482428109375 0.2468051125 0.3482428109375 0.2468051125 0.2731629390625 0.190095846875 0.2731629390625 0.190095846875 0.3482428109375
19 0.4456869015625 0.3466453671875 0.49361022343750005 0.3466453671875 0.49361022343750005 0.29233226874999996 0.4456869015625 0.29233226874999996 0.4456869015625 0.3466453671875
19 0.3881789140625 0.3482428109375 0.43769968125 0.3482428109375 0.43769968125 0.2939297125 0.3881789140625 0.2939297125 0.3881789140625 0.3482428109375
19 0.4456869015625 0.48003194843749997 0.514376996875 0.48003194843749997 0.514376996875 0.42012779531250005 0.4456869015625 0.42012779531250005 0.4456869015625 0.48003194843749997
19 0.09744408906249999 0.48482428125 0.1725239609375 0.48482428125 0.1725239609375 0.428115015625 0.09744408906249999 0.428115015625 0.09744408906249999 0.48482428125
19 0.1853035140625 0.486421725 0.26357827500000003 0.486421725 0.26357827500000003 0.429712459375 0.1853035140625 0.429712459375 0.1853035140625 0.486421725
19 0.384984025 0.4808306703125 0.43690095781249993 0.4808306703125 0.43690095781249993 0.43769968125 0.384984025 0.43769968125 0.384984025 0.4808306703125
19 0.32907348281250004 0.484025559375 0.3785942484375 0.484025559375 0.3785942484375 0.44089456875 0.32907348281250004 0.44089456875 0.32907348281250004 0.484025559375
19 0.26837060625000003 0.48162939375 0.320287540625 0.48162939375 0.320287540625 0.45686900937499997 0.26837060625000003 0.45686900937499997 0.26837060625000003 0.48162939375
19 0.28274760312499997 0.57587859375 0.365015975 0.57587859375 0.365015975 0.5191693296875 0.28274760312499997 0.5191693296875 0.28274760312499997 0.57587859375
19 0.10383386562500001 0.5790734828125 0.193290734375 0.5790734828125 0.193290734375 0.5223642171875 0.10383386562500001 0.5223642171875 0.10383386562500001 0.5790734828125
19 0.011182109375 0.5782747609375 0.102236421875 0.5782747609375 0.102236421875 0.5239616609375 0.011182109375 0.5239616609375 0.011182109375 0.5782747609375
19 0.1948881796875 0.5822683703125 0.276357828125 0.5822683703125 0.276357828125 0.5271565500000001 0.1948881796875 0.5271565500000001 0.1948881796875 0.5822683703125
19 0.1261980828125 0.67412140625 0.1964856234375 0.67412140625 0.1964856234375 0.632587859375 0.1261980828125 0.632587859375 0.1261980828125 0.67412140625
19 0.2140575078125 0.67731629375 0.28035143749999997 0.67731629375 0.28035143749999997 0.634185303125 0.2140575078125 0.634185303125 0.2140575078125 0.67731629375
19 0.0399361015625 0.67731629375 0.1126198078125 0.67731629375 0.1126198078125 0.6389776359375 0.0399361015625 0.6389776359375 0.0399361015625 0.67731629375
19 0.07667731562499999 0.7531948875000001 0.1429712453125 0.7531948875000001 0.1429712453125 0.7140575078125 0.07667731562499999 0.7140575078125 0.07667731562499999 0.7531948875000001
19 0.3146964859375 0.7539936109375 0.38019169375 0.7539936109375 0.38019169375 0.717252396875 0.3146964859375 0.717252396875 0.3146964859375 0.7539936109375
19 0.161341853125 0.752396165625 0.22523961718750002 0.752396165625 0.22523961718750002 0.718849840625 0.161341853125 0.718849840625 0.161341853125 0.752396165625
19 0.3865814703125 0.75 0.45686900937499997 0.75 0.45686900937499997 0.7204472843749999 0.3865814703125 0.7204472843749999 0.3865814703125 0.75
19 0.23801916875 0.752396165625 0.3043130984375 0.752396165625 0.3043130984375 0.718849840625 0.23801916875 0.718849840625 0.23801916875 0.752396165625