19 0.88032786875 0.23278688593750002 0.840163934375 0.23278688593750002 0.840163934375 0.291803278125 0.88032786875 0.291803278125 0.88032786875 0.23278688593750002
19 0.9229508203125001 0.23278688593750002 0.88032786875 0.23278688593750002 0.88032786875 0.291803278125 0.9229508203125001 0.291803278125 0.9229508203125001 0.23278688593750002
19 0.31967213125 0.3360655734375 0.272131146875 0.3360655734375 0.272131146875 0.4344262296875 0.31967213125 0.4344262296875 0.31967213125 0.3360655734375
19 0.378688525 0.3344262296875 0.3270491796875 0.3344262296875 0.3270491796875 0.43114754062499994 0.378688525 0.43114754062499994 0.378688525 0.3344262296875
19 0.270491803125 0.37213114687500004 0.20327868906250002 0.37213114687500004 0.20327868906250002 0.4336065578125 0.270491803125 0.4336065578125 0.270491803125 0.37213114687500004
19 0.19508196718749998 0.37213114687500004 0.13196721250000001 0.37213114687500004 0.13196721250000001 0.4336065578125 0.19508196718749998 0.4336065578125 0.19508196718749998 0.37213114687500004
19 0.12131147499999999 0.37213114687500004 0.059836065625000004 0.37213114687500004 0.059836065625000004 0.4360655734375 0.12131147499999999 0.4360655734375 0.12131147499999999 0.37213114687500004
19 0.8065573765625 0.46065573750000005 0.7319672125000001 0.46065573750000005 0.7319672125000001 0.547540984375 0.8065573765625 0.547540984375 0.8065573765625 0.46065573750000005
19 0.7245901640625 0.46065573750000005 0.6524590156250001 0.46065573750000005 0.6524590156250001 0.55 0.7245901640625 0.55 0.7245901640625 0.46065573750000005
19 0.647540984375 0.46065573750000005 0.572131146875 0.46065573750000005 0.572131146875 0.55163934375 0.647540984375 0.55163934375 0.647540984375 0.46065573750000005
19 0.8901639343750001 0.47213114687499996 0.8147540984375 0.47213114687499996 0.8147540984375 0.547540984375 0.8901639343750001 0.547540984375 0.8901639343750001 0.47213114687499996
19 0.3655737703125 0.48524590156249997 0.31229508125 0.48524590156249997 0.31229508125 0.5557377046875 0.3655737703125 0.5557377046875 0.3655737703125 0.48524590156249997
19 0.30491803281249996 0.48524590156249997 0.2573770484375 0.48524590156249997 0.2573770484375 0.5549180328125 0.30491803281249996 0.5549180328125 0.30491803281249996 0.48524590156249997
19 0.250819671875 0.4868852453125 0.20327868906250002 0.4868852453125 0.20327868906250002 0.5573770484375 0.250819671875 0.5573770484375 0.250819671875 0.4868852453125
19 0.19508196718749998 0.48524590156249997 0.141803278125 0.48524590156249997 0.141803278125 0.558196721875 0.19508196718749998 0.558196721875 0.19508196718749998 0.48524590156249997
19 0.5540983609375 0.5 0.511475409375 0.5 0.511475409375 0.5532786890625 0.5540983609375 0.5532786890625 0.5540983609375 0.5
19 0.5049180328125 0.50163934375 0.46967213125 0.50163934375 0.46967213125 0.5532786890625 0.5049180328125 0.5532786890625 0.5049180328125 0.50163934375
19 0.4131147546875 0.5 0.37377049218749997 0.5 0.37377049218749997 0.5532786890625 0.4131147546875 0.5532786890625 0.4131147546875 0.5
19 0.46229508125 0.50163934375 0.42295082031250003 0.50163934375 0.42295082031250003 0.5557377046875 0.46229508125 0.5557377046875 0.46229508125 0.50163934375
19 0.28032786875000004 0.7475409843749999 0.2459016390625 0.7475409843749999 0.2459016390625 0.778688525 0.28032786875000004 0.778688525 0.28032786875000004 0.7475409843749999
19 0.23934426250000002 0.7475409843749999 0.2106557375 0.7475409843749999 0.2106557375 0.778688525 0.23934426250000002 0.778688525 0.23934426250000002 0.7475409843749999
19 0.20163934375 0.7540983609375 0.150819671875 0.7540983609375 0.150819671875 0.8122950812499999 0.20163934375 0.8122950812499999 0.20163934375 0.7540983609375
19 0.278688525 0.7819672125 0.25 0.7819672125 0.25 0.8106557375 0.278688525 0.8106557375 0.278688525 0.7819672125
19 0.2442622953125 0.7819672125 0.20901639374999997 0.7819672125 0.20901639374999997 0.8106557375 0.2442622953125 0.8106557375 0.2442622953125 0.7819672125