19 0.9890625 0.3 0.9890625 0.2296875 0.867966065625 0.2296875 0.867966065625 0.3 0.9890625 0.3
19 0.8828125 0.328125 0.8828125 0.207976265625 0.8108489046875 0.207976265625 0.8108489046875 0.328125 0.8828125 0.328125
19 1 0.264288015625 0.9400880578124999 0.264288015625 0.9400880578124999 0.291779425 1 0.291779425 1 0.264288015625
19 0.9265625 0.459375 0.9265625 0.393156678125 0.8337789953125 0.393156678125 0.8337789953125 0.459375 0.9265625 0.459375
19 0.5255154640625 0.375 0.5255154640625 0.4796875 0.5744845375 0.4796875 0.5744845375 0.375 0.5255154640625 0.375
19 0.278125 0.4828125 0.278125 0.3989422234375 0.1940614265625 0.3989422234375 0.1940614265625 0.4828125 0.278125 0.4828125
19 0.359375 0.4003651203125 0.2767289515625 0.40036511875 0.2767289515625 0.48112113437500004 0.359375 0.48112113437500004 0.359375 0.4003651203125
19 0.79375 0.475 0.8421875 0.475 0.8421875 0.40782323906249995 0.79375 0.40782323906249995 0.79375 0.475
19 0.10756282187499999 0.4828125 0.10756282187499999 0.39790324374999997 0.019074849999999997 0.39790324374999997 0.019074849999999997 0.4828125 0.10756282187499999 0.4828125
19 0.515625 0.478125 0.515625 0.40496939374999996 0.4731743984375 0.40496939374999996 0.4731743984375 0.478125 0.515625 0.478125
19 0.7828125 0.475 0.7828125 0.40660975156249995 0.7351186640625 0.40660975156249995 0.7351186640625 0.475 0.7828125 0.475
19 0.11145833281249999 0.48584621875 0.19479166718750002 0.48584621875 0.19479166718750002 0.40165378125 0.11145833281249999 0.40165378125 0.11145833281249999 0.48584621875
19 0.409375 0.4828125 0.409375 0.41590152343750003 0.3642182140625 0.41590152343750003 0.3642182140625 0.4828125 0.409375 0.4828125
19 0.41875 0.4796875 0.471875 0.4796875 0.471875 0.4359375 0.41875 0.4359375 0.41875 0.4796875