19 0.678125 0.3328125 0.76875 0.3328125 0.76875 0.251171875 0.678125 0.251171875 0.678125 0.3328125
19 0.171484375 0.253125 0.171484375 0.3328125 0.2296875 0.3328125 0.2296875 0.253125 0.171484375 0.253125
19 0.3046875 0.3203125 0.3046875 0.264453125 0.2234375 0.264453125 0.2234375 0.3203125 0.3046875 0.3203125
19 0.603125 0.2640625 0.603125 0.340625 0.6796875 0.340625 0.6796875 0.2640625 0.603125 0.2640625
19 0.846484375 0.3359375 0.846484375 0.267578125 0.766015625 0.267578125 0.766015625 0.3359375 0.846484375 0.3359375
19 0.847265625 0.2671875 0.847265625 0.340625 0.9234375 0.340625 0.9234375 0.2671875 0.847265625 0.2671875
19 0.2984375 0.278125 0.2984375 0.334375 0.346875 0.334375 0.346875 0.278125 0.2984375 0.278125
19 0.3984375 0.328125 0.3984375 0.284375 0.342578125 0.284375 0.342578125 0.328125 0.3984375 0.328125
19 0.4890625 0.3359375 0.4890625 0.277734375 0.444921875 0.277734375 0.444921875 0.3359375 0.4890625 0.3359375
19 0.6015625 0.3328125 0.6015625 0.2828125 0.542578125 0.2828125 0.542578125 0.3328125 0.6015625 0.3328125
19 0.49375 0.3375 0.54375 0.3375 0.54375 0.278125 0.49375 0.278125 0.49375 0.3375
19 0.398828125 0.3015625 0.398828125 0.334375 0.4375 0.334375 0.4375 0.3015625 0.398828125 0.3015625