19 0.59375 0.3578125 0.64375 0.3578125 0.64375 0.300390625 0.59375 0.300390625 0.59375 0.3578125
19 0.740625 0.306640625 0.686328125 0.306640625 0.686328125 0.351171875 0.740625 0.351171875 0.740625 0.306640625
19 0.6453125 0.3015625 0.6453125 0.3578125 0.690625 0.3578125 0.690625 0.3015625 0.6453125 0.3015625
19 0.409375 0.3171875 0.409375 0.415625 0.475 0.415625 0.475 0.3171875 0.409375 0.3171875
19 1 0.356640625 0.932421875 0.356640625 0.932421875 0.3984375 1 0.3984375 1 0.356640625
19 0.54375 0.4078125 0.54375 0.35 0.464453125 0.35 0.464453125 0.4078125 0.54375 0.4078125
19 0.858203125 0.3375 0.858203125 0.421875 0.9 0.421875 0.9 0.3375 0.858203125 0.3375
19 0.5359375 0.340625 0.5359375 0.4203125 0.59375 0.4203125 0.59375 0.340625 0.5359375 0.340625
19 0.96640625 0.4 0.96640625 0.358984375 0.884375 0.358984375 0.884375 0.4 0.96640625 0.4
19 0.8 0.40625 0.8 0.353515625 0.724609375 0.353515625 0.724609375 0.40625 0.8 0.40625
19 0.8453125 0.41875 0.8453125 0.344140625 0.791796875 0.344140625 0.791796875 0.41875 0.8453125 0.41875
19 0.690625 0.36796875 0.633203125 0.36796875 0.633203125 0.4109375 0.690625 0.4109375 0.690625 0.36796875
19 0.5921875 0.3609375 0.5921875 0.4171875 0.6390625 0.4171875 0.6390625 0.3609375 0.5921875 0.3609375
19 0.6859375 0.3609375 0.6859375 0.4171875 0.734375 0.4171875 0.734375 0.3609375 0.6859375 0.3609375
19 0.7578125 0.4875 0.7578125 0.450390625 0.723828125 0.450390625 0.723828125 0.4875 0.7578125 0.4875
19 0.80625 0.490625 0.80625 0.450390625 0.771875 0.450390625 0.771875 0.490625 0.80625 0.490625
19 0.815625 0.4515625 0.815625 0.4890625 0.85 0.4890625 0.85 0.4515625 0.815625 0.4515625
19 0.859375 0.4515625 0.859375 0.4890625 0.9 0.4890625 0.9 0.4515625 0.859375 0.4515625
19 0.9421875 0.4890625 0.9421875 0.455078125 0.905078125 0.455078125 0.905078125 0.4890625 0.9421875 0.4890625
19 0.001953125 0.4640625 0.001953125 0.5375 0.0546875 0.5375 0.0546875 0.4640625 0.001953125 0.4640625
19 0.5765625 0.534375 0.5765625 0.46796875 0.49296875 0.46796875 0.49296875 0.534375 0.5765625 0.534375
19 0.0640625 0.4671875 0.0640625 0.5390625 0.1359375 0.5390625 0.1359375 0.4671875 0.0640625 0.4671875
19 0.65 0.5375 0.65 0.469140625 0.565234375 0.469140625 0.565234375 0.5375 0.65 0.5375
19 0.3578125 0.4671875 0.3578125 0.54375 0.384375 0.54375 0.384375 0.4671875 0.3578125 0.4671875
19 0.4453125 0.4890625 0.366015625 0.4890625 0.366015625 0.521875 0.4453125 0.521875 0.4453125 0.4890625
19 0.4390625 0.4890625 0.4390625 0.5203125 0.5171875 0.5203125 0.5171875 0.4890625 0.4390625 0.4890625
19 0.425390625 0.4671875 0.425390625 0.5453125 0.459375 0.5453125 0.459375 0.4671875 0.425390625 0.4671875
19 0.723046875 0.540625 0.723046875 0.471484375 0.642578125 0.471484375 0.642578125 0.540625 0.723046875 0.540625
19 0.309375 0.487890625 0.271875 0.487890625 0.271875 0.540625 0.309375 0.540625 0.309375 0.487890625
19 0.275 0.495703125 0.2203125 0.495703125 0.2203125 0.53125 0.275 0.53125 0.275 0.495703125
19 0.35 0.488671875 0.3140625 0.488671875 0.3140625 0.5390625 0.35 0.5390625 0.35 0.488671875
19 0.7578125 0.55 0.7578125 0.497265625 0.719921875 0.497265625 0.719921875 0.55 0.7578125 0.55
19 0.853125 0.497265625 0.8125 0.497265625 0.8125 0.5515625 0.853125 0.5515625 0.853125 0.497265625
19 0.8109375 0.5453125 0.8109375 0.50390625 0.75859375 0.50390625 0.75859375 0.5453125 0.8109375 0.5453125
19 0.858984375 0.4984375 0.858984375 0.5515625 0.9015625 0.5515625 0.9015625 0.4984375 0.858984375 0.4984375
19 0.953125 0.54375 0.953125 0.50546875 0.901171875 0.50546875 0.901171875 0.54375 0.953125 0.54375
19 0.8703125 0.6171875 0.8703125 0.646875 0.896875 0.646875 0.896875 0.6171875 0.8703125 0.6171875
19 0.8640625 0.622265625 0.8390625 0.622265625 0.8390625 0.6453125 0.8640625 0.6453125 0.8640625 0.622265625
19 0.9078125 0.6203125 0.9078125 0.646875 0.9375 0.646875 0.9375 0.6203125 0.9078125 0.6203125
19 0.1359375 0.598046875 0.0640625 0.598046875 0.0640625 0.6796875 0.1359375 0.6796875 0.1359375 0.598046875
19 0.139453125 0.603125 0.139453125 0.68125 0.2046875 0.68125 0.2046875 0.603125 0.139453125 0.603125
19 0.209375 0.603125 0.209375 0.6828125 0.2765625 0.6828125 0.2765625 0.603125 0.209375 0.603125
19 0.353125 0.6765625 0.353125 0.6078125 0.271484375 0.6078125 0.271484375 0.6765625 0.353125 0.6765625
19 0.409375 0.625 0.409375 0.6828125 0.4734375 0.6828125 0.4734375 0.625 0.409375 0.625
19 0.35 0.6859375 0.409375 0.6859375 0.409375 0.622265625 0.35 0.622265625 0.35 0.6859375
19 0.53046875 0.684375 0.53046875 0.627734375 0.4703125 0.627734375 0.4703125 0.684375 0.53046875 0.684375
19 0.5890625 0.6859375 0.5890625 0.62890625 0.527734375 0.62890625 0.527734375 0.6859375 0.5890625 0.6859375
19 0.6546875 0.628125 0.6546875 0.6890625 0.7109375 0.6890625 0.7109375 0.628125 0.6546875 0.628125
19 0.590625 0.6296875 0.590625 0.690625 0.6515625 0.690625 0.6515625 0.6296875 0.590625 0.6296875
19 0.707421875 0.63125 0.707421875 0.68984375 0.775 0.68984375 0.775 0.63125 0.707421875 0.63125
19 0.834375 0.63359375 0.771484375 0.63359375 0.771484375 0.69375 0.834375 0.69375 0.834375 0.63359375
19 0.875 0.690625 0.9015625 0.690625 0.9015625 0.663671875 0.875 0.663671875 0.875 0.690625
19 0.9453125 0.6921875 0.9453125 0.665234375 0.910546875 0.665234375 0.910546875 0.6921875 0.9453125 0.6921875
19 0.8625 0.66484375 0.837890625 0.66484375 0.837890625 0.69375 0.8625 0.69375 0.8625 0.66484375