19 0.459375 0.2078125 0.5421875 0.2078125 0.5421875 0.1519004109375 0.459375 0.1519004109375 0.459375 0.2078125
19 0.41016706249999996 0.1421875 0.41016706249999996 0.2234375 0.46380028125 0.2234375 0.46380028125 0.1421875 0.41016706249999996 0.1421875
19 0.3375 0.2296875 0.3375 0.13362889375 0.273851103125 0.13362889375 0.273851103125 0.2296875 0.3375 0.2296875
19 0.4015625 0.225 0.4015625 0.143912196875 0.34921604687499996 0.143912196875 0.34921604687499996 0.225 0.4015625 0.225
19 0.275 0.2171875 0.275 0.1538792171875 0.18109591249999998 0.1538792171875 0.18109591249999998 0.2171875 0.275 0.2171875
19 0.6453125 0.163551578125 0.5861213234375 0.163551578125 0.5861213234375 0.20766922499999999 0.6453125 0.20766922499999999 0.6453125 0.163551578125
19 0.5890625 0.2125 0.5890625 0.1657060984375 0.532836828125 0.1657060984375 0.532836828125 0.2125 0.5890625 0.2125
19 0.203125 0.221875 0.203125 0.1607915234375 0.1079287421875 0.1607915234375 0.1079287421875 0.221875 0.203125 0.221875
19 0.1125 0.2421875 0.1125 0.14897815625 0.05446583125 0.14897815625 0.05446583125 0.2421875 0.1125 0.2421875
19 0.04375 0.24375 0.04375 0.154584775 0.00016490156250000001 0.154584775 0.0001649 0.24375 0.04375 0.24375
19 1 0.2496701984375 0.9103644031250001 0.2496701984375 0.9103644031250001 0.3421875 1 0.3421875 1 0.2496701984375
19 0.9 0.3421875 0.9 0.2491187296875 0.807423228125 0.2491187296875 0.807423228125 0.3421875 0.9 0.3421875
19 0.70625 0.3453125 0.796875 0.3453125 0.796875 0.252335640625 0.70625 0.252335640625 0.70625 0.3453125
19 0.6984375 0.346875 0.6984375 0.2546875 0.60519571875 0.2546875 0.60519571875 0.346875 0.6984375 0.346875
19 0.578125 0.3640625 0.578125 0.2768950046875 0.514978915625 0.2768950046875 0.514978915625 0.3640625 0.578125 0.3640625
19 0.071085640625 0.3685202203125 0.142019896875 0.3685202203125 0.142019896875 0.2768247203125 0.071085640625 0.2768247203125 0.071085640625 0.3685202203125
19 0.0609375 0.36875 0.0609375 0.278125 0.00010813125 0.278125 0.00010813125 0.36875 0.0609375 0.36875
19 0.4921875 0.2984375 0.4342506484375 0.2984375 0.4342506484375 0.3543685125 0.4921875 0.3543685125 0.4921875 0.2984375
19 0.3359375 0.375 0.3359375 0.2809823734375 0.2717884953125 0.2809823734375 0.2717884953125 0.375 0.3359375 0.375
19 0.4265625 0.3546875 0.4265625 0.29905925624999996 0.3671361375 0.29905925624999996 0.3671361375 0.3546875 0.4265625 0.3546875
19 0.203125 0.3590641234375 0.2575665015625 0.3590641234375 0.2575665015625 0.314946475 0.203125 0.314946475 0.203125 0.3590641234375
19 0.1984375 0.365625 0.1984375 0.30999135 0.149226859375 0.30999135 0.149226859375 0.365625 0.1984375 0.365625