19 0.530078125 0.1921875 0.530078125 0.3015625 0.5984375 0.3015625 0.5984375 0.1921875 0.530078125 0.1921875
19 0.440234375 0.2140625 0.440234375 0.28046875 0.546875 0.28046875 0.546875 0.2140625 0.440234375 0.2140625
19 0.651171875 0.2171875 0.651171875 0.296875 0.7203125 0.296875 0.7203125 0.2171875 0.651171875 0.2171875
19 0.387109375 0.23125 0.387109375 0.28203125 0.478125 0.28203125 0.478125 0.23125 0.387109375 0.23125
19 0.730859375 0.21875 0.730859375 0.29921875 0.7984375 0.29921875 0.7984375 0.21875 0.730859375 0.21875
19 0.3578125 0.2125 0.3578125 0.30625 0.40625 0.30625 0.40625 0.2125 0.3578125 0.2125
19 0.603125 0.234375 0.603125 0.2984375 0.653125 0.2984375 0.653125 0.234375 0.603125 0.234375
19 0.4359375 0.43125 0.4359375 0.376171875 0.36328125 0.376171875 0.36328125 0.43125 0.4359375 0.43125
19 0.3796875 0.434375 0.3796875 0.37890625 0.30390625 0.37890625 0.30390625 0.434375 0.3796875 0.434375
19 0.3125 0.4453125 0.3125 0.369921875 0.258203125 0.369921875 0.258203125 0.4453125 0.3125 0.4453125
19 0.265625 0.4359375 0.265625 0.38125 0.189453125 0.38125 0.189453125 0.4359375 0.265625 0.4359375
19 0.157421875 0.3890625 0.157421875 0.446875 0.1953125 0.446875 0.1953125 0.3890625 0.157421875 0.3890625
19 0.1625 0.4390625 0.1625 0.39921875 0.10546875 0.39921875 0.10546875 0.4390625 0.1625 0.4390625
19 0.064453125 0.390625 0.064453125 0.4484375 0.1140625 0.4484375 0.1140625 0.390625 0.064453125 0.390625