19 0.1359375 0.148828125 0.09375 0.148828125 0.09375 0.2171875 0.1359375 0.2171875 0.1359375 0.148828125
19 0.1796875 0.150390625 0.1375 0.150390625 0.1375 0.2140625 0.1796875 0.2140625 0.1796875 0.150390625
19 0.168359375 0.1640625 0.168359375 0.20234375 0.228125 0.20234375 0.228125 0.1640625 0.168359375 0.1640625
19 0.2796875 0.203125 0.2796875 0.165625 0.211328125 0.165625 0.211328125 0.203125 0.2796875 0.203125
19 0.19375 0.2703125 0.19375 0.233984375 0.130078125 0.233984375 0.130078125 0.2703125 0.19375 0.2703125
19 0.284375 0.2703125 0.284375 0.233203125 0.21875 0.233203125 0.21875 0.2703125 0.284375 0.2703125
19 0.225 0.221484375 0.184375 0.221484375 0.184375 0.2859375 0.225 0.2859375 0.225 0.221484375
19 0.1375 0.2859375 0.1375 0.219921875 0.100390625 0.219921875 0.100390625 0.2859375 0.1375 0.2859375
19 0.5609375 0.320703125 0.51015625 0.320703125 0.51015625 0.3578125 0.5609375 0.3578125 0.5609375 0.320703125
19 0.5125 0.3609375 0.5125 0.32109375 0.46484375 0.32109375 0.46484375 0.3609375 0.5125 0.3609375
19 0.5640625 0.315625 0.5640625 0.36875 0.60625 0.36875 0.60625 0.315625 0.5640625 0.315625
19 0.528125 0.06875 0.528125 0.003515625 0.458984375 0.003515625 0.458984375 0.06875 0.528125 0.06875
19 0.382421875 0.00625 0.382421875 0.0640625 0.453125 0.0640625 0.453125 0.00625 0.382421875 0.00625
19 0.7578125 0.40625 0.7578125 0.347265625 0.661328125 0.347265625 0.661328125 0.40625 0.7578125 0.40625
19 0.103125 0.3296875 0.103125 0.425 0.1796875 0.425 0.1796875 0.3296875 0.103125 0.3296875
19 0.184375 0.33125 0.184375 0.425 0.2625 0.425 0.2625 0.33125 0.184375 0.33125
19 0.596875 0.346875 0.596875 0.4109375 0.6953125 0.4109375 0.6953125 0.346875 0.596875 0.346875
19 0.3375 0.4234375 0.3375 0.332421875 0.262890625 0.332421875 0.262890625 0.4234375 0.3375 0.4234375
19 0.825 0.4109375 0.825 0.34609375 0.727734375 0.34609375 0.727734375 0.4109375 0.825 0.4109375
19 0.40703125 0.41875 0.40703125 0.358984375 0.3375 0.358984375 0.3375 0.41875 0.40703125 0.41875
19 0.47421875 0.421875 0.47421875 0.360546875 0.403125 0.360546875 0.403125 0.421875 0.47421875 0.421875
19 0.3390625 0.0078125 0.3390625 0.071875 0.3859375 0.071875 0.3859375 0.0078125 0.3390625 0.0078125
19 0.475 0.371875 0.475 0.4234375 0.5125 0.4234375 0.5125 0.371875 0.475 0.371875
19 0.603125 0.4234375 0.603125 0.368359375 0.561328125 0.368359375 0.561328125 0.4234375 0.603125 0.4234375
19 0.5625 0.376953125 0.5078125 0.376953125 0.5078125 0.41875 0.5625 0.41875 0.5625 0.376953125
19 0.5453125 0.4484375 0.5453125 0.4859375 0.5765625 0.4859375 0.5765625 0.4484375 0.5453125 0.4484375
19 0.458984375 0.4515625 0.458984375 0.4828125 0.4859375 0.4828125 0.4859375 0.4515625 0.458984375 0.4515625
19 0.534375 0.455078125 0.4984375 0.455078125 0.4984375 0.48125 0.534375 0.48125 0.534375 0.455078125
19 0.5828125 0.4546875 0.5828125 0.484375 0.6203125 0.484375 0.6203125 0.4546875 0.5828125 0.4546875
19 0.40625 0.4859375 0.40625 0.45078125 0.37578125 0.45078125 0.37578125 0.4859375 0.40625 0.4859375
19 0.415625 0.45625 0.415625 0.4828125 0.453125 0.4828125 0.453125 0.45625 0.415625 0.45625
19 0.2421875 0.0265625 0.2421875 0.071875 0.284375 0.071875 0.284375 0.0265625 0.2421875 0.0265625
19 0.7 0.50625 0.7 0.476171875 0.6765625 0.476171875 0.6765625 0.50625 0.7 0.50625
19 0.7359375 0.477734375 0.71171875 0.477734375 0.71171875 0.5078125 0.7359375 0.5078125 0.7359375 0.477734375
19 0.750390625 0.4828125 0.750390625 0.509375 0.7765625 0.509375 0.7765625 0.4828125 0.750390625 0.4828125
19 0.287890625 0.03125 0.287890625 0.071875 0.3296875 0.071875 0.3296875 0.03125 0.287890625 0.03125
19 0.1234375 0.484375 0.1234375 0.55 0.175 0.55 0.175 0.484375 0.1234375 0.484375
19 0.240625 0.540625 0.240625 0.492578125 0.176171875 0.492578125 0.176171875 0.540625 0.240625 0.540625
19 0.2390625 0.55 0.2875 0.55 0.2875 0.484375 0.2390625 0.484375 0.2390625 0.55
19 0.283203125 0.49375 0.283203125 0.5421875 0.35 0.5421875 0.35 0.49375 0.283203125 0.49375
19 0.484375 0.496484375 0.44375 0.496484375 0.44375 0.5515625 0.484375 0.5515625 0.484375 0.496484375
19 0.3953125 0.5515625 0.3953125 0.496484375 0.357421875 0.496484375 0.357421875 0.5515625 0.3953125 0.5515625
19 0.4390625 0.498046875 0.4015625 0.498046875 0.4015625 0.5515625 0.4390625 0.5515625 0.4390625 0.498046875
19 0.491796875 0.5 0.491796875 0.553125 0.5296875 0.553125 0.5296875 0.5 0.491796875 0.5
19 0.6734375 0.505078125 0.618359375 0.505078125 0.618359375 0.543359375 0.6734375 0.543359375 0.6734375 0.505078125
19 0.6265625 0.54375 0.6265625 0.505078125 0.572265625 0.505078125 0.572265625 0.54375 0.6265625 0.54375
19 0.5796875 0.5453125 0.5796875 0.50859375 0.52890625 0.50859375 0.52890625 0.5453125 0.5796875 0.5453125
19 0.7015625 0.520703125 0.66875 0.520703125 0.66875 0.546875 0.7015625 0.546875 0.7015625 0.520703125
19 0.7375 0.553125 0.7375 0.51875 0.709765625 0.51875 0.709765625 0.553125 0.7375 0.553125
19 0.7796875 0.523828125 0.7484375 0.523828125 0.7484375 0.5515625 0.7796875 0.5515625 0.7796875 0.523828125
19 0.55625 0.5828125 0.55625 0.665625 0.61875 0.665625 0.61875 0.5828125 0.55625 0.5828125
19 0.484375 0.6578125 0.484375 0.5890625 0.402734375 0.5890625 0.402734375 0.6578125 0.484375 0.6578125
19 0.4109375 0.587890625 0.33046875 0.587890625 0.33046875 0.6609375 0.4109375 0.6609375 0.4109375 0.587890625
19 0.4890625 0.5859375 0.4890625 0.665625 0.546875 0.665625 0.546875 0.5859375 0.4890625 0.5859375
19 0.202734375 0.584375 0.202734375 0.66875 0.2609375 0.66875 0.2609375 0.584375 0.202734375 0.584375
19 0.1375 0.5859375 0.1375 0.6703125 0.19375 0.6703125 0.19375 0.5859375 0.1375 0.5859375
19 0.2671875 0.5859375 0.2671875 0.66875 0.321875 0.66875 0.321875 0.5859375 0.2671875 0.5859375
19 0.737109375 0.6609375 0.737109375 0.608203125 0.672265625 0.608203125 0.672265625 0.6609375 0.737109375 0.6609375
19 0.796875 0.6640625 0.796875 0.606640625 0.7328125 0.606640625 0.7328125 0.6640625 0.796875 0.6640625
19 0.621875 0.6 0.621875 0.6734375 0.678125 0.6734375 0.678125 0.6 0.621875 0.6
19 0.6625 0.717578125 0.6 0.717578125 0.6 0.78125 0.6625 0.78125 0.6625 0.717578125
19 0.75 0.717578125 0.6890625 0.717578125 0.6890625 0.78125 0.75 0.78125 0.75 0.717578125