19 0.7514494890625001 0.6703125 0.7514494890625001 0.61763954375 0.6571098656250001 0.61763954375 0.6571098656250001 0.6703125 0.7514494890625001 0.6703125
19 0.6162539312499999 0.6901336484375 0.6649960687500001 0.6901336484375 0.6649960687500001 0.5973663515625 0.6162539312499999 0.5973663515625 0.6162539312499999 0.6901336484375
19 0.8953125 0.6296875 0.8153989781250001 0.6296875 0.8153989781250001 0.66679441875 0.8953125 0.66679441875 0.8953125 0.6296875
19 0.825 0.6890625 0.825 0.6074538140625 0.7896668640625 0.6074538140625 0.7896668640625 0.6890625 0.825 0.6890625
19 0.9265625 0.675 0.9265625 0.643312696875 0.8724695359375 0.643312696875 0.8724695359375 0.675 0.9265625 0.675
19 0.9734375 0.6765625 0.9734375 0.6449931203125 0.9161114390625 0.6449931203125 0.9161114390625 0.6765625 0.9734375 0.6765625
19 0.2875 0.696875 0.3296875 0.696875 0.3296875 0.6384827046875 0.2875 0.6384827046875 0.2875 0.696875
19 0.2875 0.6921875 0.2875 0.64786261875 0.231235259375 0.64786261875 0.231235259375 0.6921875 0.2875 0.6921875
19 0.2390625 0.690625 0.2390625 0.6499950859375 0.185038325 0.6499950859375 0.185038325 0.690625 0.2390625 0.690625
19 0.1890625 0.6921875 0.1890625 0.6491352203125 0.133549528125 0.6491352203125 0.133549528125 0.6921875 0.1890625 0.6921875
19 0.135686909375 0.7 0.13568691093750002 0.6451356140625 0.0908755890625 0.6451356140625 0.0908755890625 0.7 0.135686909375 0.7
19 0.390625 0.3765625 0.390625 0.30478085781250003 0.2808716578125 0.30478085781250003 0.2808716578125 0.3765625 0.390625 0.3765625
19 0.228125 0.39375 0.2953125 0.39375 0.2953125 0.2863797171875 0.228125 0.2863797171875 0.228125 0.39375
19 0.056372837499999995 0.395238796875 0.1420646609375 0.395238796875 0.1420646625 0.293823703125 0.0563728390625 0.293823703125 0.056372837499999995 0.395238796875
19 0.228125 0.3890625 0.228125 0.3097729953125 0.13741646875 0.3097729953125 0.13741646875 0.3890625 0.228125 0.3890625
19 0.87790880625 0.3890625 0.87790880625 0.3095027515625 0.794575471875 0.3095027515625 0.794575471875 0.3890625 0.87790880625 0.3890625
19 0.9546875 0.390625 0.9546875 0.3080188671875 0.878414896875 0.3080188671875 0.878414896875 0.390625 0.9546875 0.390625
19 0.7421875 0.3921875 0.7875 0.3921875 0.7875 0.3287047953125 0.7421875 0.3287047953125 0.7421875 0.3921875
19 0.7453125 0.384375 0.7453125 0.33704304218750003 0.68325963125 0.33704304218750003 0.68325963125 0.384375 0.7453125 0.384375
19 0.6828125 0.3921875 0.6828125 0.32852790781249996 0.6397798734375 0.32852790781249996 0.6397798734375 0.3921875 0.6828125 0.3921875
19 0.7859375 0.5203125 0.7859375 0.4696491734375 0.6859522390625 0.4696491734375 0.6859522390625 0.5203125 0.7859375 0.5203125
19 0.5953125 0.5203125 0.5953125 0.47101021875000004 0.49722386093750004 0.47101021875000004 0.49722386093750004 0.5203125 0.5953125 0.5203125
19 0.634153890625 0.5453125 0.634153890625 0.44852102968749996 0.5799086078125 0.44852102968749996 0.5799086078125 0.5453125 0.634153890625 0.5453125
19 0.6921875 0.546875 0.6921875 0.448123034375 0.64672759375 0.448123034375 0.64672759375 0.546875 0.6921875 0.546875
19 0.309375 0.55 0.309375 0.474533215625 0.2533411953125 0.474533215625 0.2533411953125 0.55 0.309375 0.55
19 0.2578125 0.540625 0.2578125 0.48448309843750004 0.18230640625 0.48448309843750004 0.18230640625 0.540625 0.2578125 0.540625
19 0.1859375 0.55 0.1859375 0.4767197328125 0.1322474453125 0.4767197328125 0.1322474453125 0.55 0.1859375 0.55
19 0.125 0.5515625 0.125 0.47671481875 0.06778694843750001 0.47671481875 0.06778694843750001 0.5515625 0.125 0.5515625
19 0.3296875 0.6375 0.3296875 0.58363305625 0.28810436250000004 0.58363305625 0.28810436250000004 0.6375 0.3296875 0.6375
19 0.234375 0.6375 0.2828125 0.6375 0.2828125 0.5865566046875 0.234375 0.5865566046875 0.234375 0.6375
19 0.1875 0.6359375 0.1875 0.590575865625 0.1335740953125 0.5905758640625 0.1335740953125 0.6359375 0.1875 0.6359375
19 0.1375 0.59503734375 0.084173546875 0.59503734375 0.084173546875 0.6374901734375 0.1375 0.6374901734375 0.1375 0.59503734375