19 0.53515625 0.6 0.5 0.6 0.5 0.6421875 0.53515625 0.6421875 0.53515625 0.6
19 0.490625 0.6015625 0.4546875 0.6015625 0.4546875 0.64140625 0.490625 0.64140625 0.490625 0.6015625
19 0.44375 0.6 0.4078125 0.6 0.4078125 0.64296875 0.44375 0.64296875 0.44375 0.6
19 0.58125 0.603125 0.54375 0.603125 0.54375 0.64296875 0.58125 0.64296875 0.58125 0.603125
19 0.39609375 0.6015625 0.35625 0.6015625 0.35625 0.6421875 0.39609375 0.6421875 0.39609375 0.6015625
19 0.34609375 0.603125 0.3125 0.603125 0.3125 0.64375 0.34609375 0.64375 0.34609375 0.603125
19 0.70390625 0.628125 0.665625 0.628125 0.665625 0.6609375 0.70390625 0.6609375 0.70390625 0.628125
19 0.74140625 0.63125 0.7015625 0.63125 0.7015625 0.6609375 0.74140625 0.6609375 0.74140625 0.63125
19 0.621875 0.6296875 0.5890625 0.6296875 0.5890625 0.6609375 0.621875 0.6609375 0.621875 0.6296875
19 0.66328125 0.628125 0.625 0.628125 0.625 0.66171875 0.66328125 0.66171875 0.66328125 0.628125
19 0.77890625 0.6296875 0.7453125 0.6296875 0.7453125 0.6625 0.77890625 0.6625 0.77890625 0.6296875
19 0.8234375 0.6296875 0.7859375 0.6296875 0.7859375 0.6625 0.8234375 0.6625 0.8234375 0.6296875
19 0.24375 0.6375 0.190625 0.6375 0.190625 0.7109375 0.24375 0.7109375 0.24375 0.6375
19 0.30078125 0.6375 0.2421875 0.6375 0.2421875 0.715625 0.30078125 0.715625 0.30078125 0.6375
19 0.18515625 0.6375 0.13125 0.6375 0.13125 0.7140625 0.18515625 0.7140625 0.18515625 0.6375
19 0.1265625 0.6375 0.0703125 0.6375 0.0703125 0.715625 0.1265625 0.715625 0.1265625 0.6375
19 0.9234375 0.6546875 0.88125 0.6546875 0.88125 0.70859375 0.9234375 0.70859375 0.9234375 0.6546875
19 0.878125 0.65625 0.8375 0.65625 0.8375 0.71015625 0.878125 0.71015625 0.878125 0.65625
19 0.35546875 0.653125 0.3046875 0.653125 0.3046875 0.71328125 0.35546875 0.71328125 0.35546875 0.653125
19 0.3984375 0.6546875 0.35625 0.6546875 0.35625 0.7109375 0.3984375 0.7109375 0.3984375 0.6546875
19 0.4453125 0.65625 0.403125 0.65625 0.403125 0.71015625 0.4453125 0.71015625 0.4453125 0.65625
19 0.54375 0.6578125 0.4984375 0.6578125 0.4984375 0.7109375 0.54375 0.7109375 0.54375 0.6578125
19 0.58828125 0.65625 0.5484375 0.65625 0.5484375 0.71171875 0.58828125 0.71171875 0.58828125 0.65625
19 0.49375 0.65625 0.4453125 0.65625 0.4453125 0.71015625 0.49375 0.71015625 0.49375 0.65625
19 0.7484375 0.675 0.7125 0.675 0.7125 0.70625 0.7484375 0.70625 0.7484375 0.675
19 0.71015625 0.675 0.6703125 0.675 0.6703125 0.7046875 0.71015625 0.7046875 0.71015625 0.675
19 0.63046875 0.675 0.5921875 0.675 0.5921875 0.7078125 0.63046875 0.7078125 0.63046875 0.675
19 0.79140625 0.6734375 0.7515625 0.6734375 0.7515625 0.70625 0.79140625 0.70625 0.79140625 0.6734375
19 0.8328125 0.6734375 0.7921875 0.6734375 0.7921875 0.70859375 0.8328125 0.70859375 0.8328125 0.6734375
19 0.67109375 0.6765625 0.6328125 0.6765625 0.6328125 0.709375 0.67109375 0.709375 0.67109375 0.6765625
19 0.90859375 0.7484375 0.84375 0.7484375 0.84375 0.82265625 0.90859375 0.82265625 0.90859375 0.7484375
19 0.53515625 0.753125 0.46875 0.753125 0.46875 0.821875 0.53515625 0.821875 0.53515625 0.753125
19 0.76171875 0.7484375 0.6921875 0.7484375 0.6921875 0.82890625 0.76171875 0.82890625 0.76171875 0.7484375
19 0.6859375 0.7484375 0.6125 0.7484375 0.6125 0.82890625 0.6859375 0.82890625 0.6859375 0.7484375
19 0.8359375 0.75 0.7671875 0.75 0.7671875 0.82578125 0.8359375 0.82578125 0.8359375 0.75
19 0.46484375 0.7546875 0.39375 0.7546875 0.39375 0.82421875 0.46484375 0.82421875 0.46484375 0.7546875
19 0.60546875 0.753125 0.5390625 0.753125 0.5390625 0.82890625 0.60546875 0.82890625 0.60546875 0.753125
19 0.3890625 0.7578125 0.3203125 0.7578125 0.3203125 0.8265625 0.3890625 0.8265625 0.3890625 0.7578125
19 0.31171875 0.7546875 0.2421875 0.7546875 0.2421875 0.83125 0.31171875 0.83125 0.31171875 0.7546875
19 0.16640625 0.765625 0.10625 0.765625 0.10625 0.8328125 0.16640625 0.8328125 0.16640625 0.765625
19 0.10078125 0.7671875 0.0515625 0.7671875 0.0515625 0.8296875 0.10078125 0.8296875 0.10078125 0.7671875
19 0.2359375 0.7671875 0.171875 0.7671875 0.171875 0.8359375 0.2359375 0.8359375 0.2359375 0.7671875
19 0.50546875 0.896875 0.4359375 0.896875 0.4359375 0.97734375 0.50546875 0.97734375 0.50546875 0.896875
19 0.21171875 0.890625 0.1375 0.890625 0.1375 0.9828125 0.21171875 0.9828125 0.21171875 0.890625
19 0.13515625 0.8921875 0.0609375 0.8921875 0.0609375 0.984375 0.13515625 0.984375 0.13515625 0.8921875
19 0.28359375 0.8953125 0.2125 0.8953125 0.2125 0.984375 0.28359375 0.984375 0.28359375 0.8953125
19 0.4328125 0.8984375 0.3609375 0.8984375 0.3609375 0.98359375 0.4328125 0.98359375 0.4328125 0.8984375
19 0.3578125 0.896875 0.2859375 0.896875 0.2859375 0.984375 0.3578125 0.984375 0.3578125 0.896875