19 0.2 0.6421875 0.2 0.61171875 0.15546875 0.61171875 0.15546875 0.6421875 0.2 0.6421875
19 0.228125 0.6125 0.228125 0.64375 0.275 0.64375 0.275 0.6125 0.228125 0.6125
19 0.271875 0.6046875 0.271875 0.6515625 0.303125 0.6515625 0.303125 0.6046875 0.271875 0.6046875
19 0.199609375 0.6046875 0.199609375 0.6515625 0.23125 0.6515625 0.23125 0.6046875 0.199609375 0.6046875
19 0.74375 0.6078125 0.74375 0.65 0.775 0.65 0.775 0.6078125 0.74375 0.6078125
19 0.815625 0.6140625 0.815625 0.646875 0.8578125 0.646875 0.8578125 0.6140625 0.815625 0.6140625
19 0.81875 0.6453125 0.81875 0.61484375 0.77734375 0.61484375 0.77734375 0.6453125 0.81875 0.6453125
19 0.700390625 0.6125 0.700390625 0.64765625 0.7421875 0.64765625 0.7421875 0.6125 0.700390625 0.6125
19 0.4765625 0.721875 0.4765625 0.69140625 0.45078125 0.69140625 0.45078125 0.721875 0.4765625 0.721875
19 0.256640625 0.7015625 0.256640625 0.7171875 0.283984375 0.7171875 0.283984375 0.7015625 0.256640625 0.7015625
19 0.289453125 0.69375 0.289453125 0.71875 0.315625 0.71875 0.315625 0.69375 0.289453125 0.69375
19 0.3828125 0.694921875 0.353125 0.694921875 0.353125 0.7171875 0.3828125 0.7171875 0.3828125 0.694921875
19 0.4453125 0.693359375 0.415625 0.693359375 0.415625 0.7203125 0.4453125 0.7203125 0.4453125 0.693359375
19 0.3859375 0.6953125 0.3859375 0.7203125 0.4171875 0.7203125 0.4171875 0.6953125 0.3859375 0.6953125
19 0.3203125 0.6953125 0.3203125 0.71875 0.35 0.71875 0.35 0.6953125 0.3203125 0.6953125
19 0.7984375 0.7515625 0.7984375 0.69453125 0.726953125 0.69453125 0.726953125 0.7515625 0.7984375 0.7515625
19 0.794140625 0.6921875 0.794140625 0.75625 0.854296875 0.75625 0.854296875 0.6921875 0.794140625 0.6921875
19 0.3796875 0.75 0.3796875 0.7265625 0.352734375 0.7265625 0.352734375 0.75 0.3796875 0.75
19 0.4734375 0.7546875 0.4734375 0.723046875 0.4515625 0.723046875 0.4515625 0.7546875 0.4734375 0.7546875
19 0.2859375 0.725 0.2859375 0.75 0.3171875 0.75 0.3171875 0.725 0.2859375 0.725
19 0.4125 0.7546875 0.4125 0.721484375 0.391015625 0.721484375 0.391015625 0.7546875 0.4125 0.7546875
19 0.284375 0.723828125 0.2515625 0.723828125 0.2515625 0.746875 0.284375 0.746875 0.284375 0.723828125
19 0.41875 0.7265625 0.41875 0.7515625 0.4453125 0.7515625 0.4453125 0.7265625 0.41875 0.7265625
19 0.31875 0.725 0.31875 0.75 0.35 0.75 0.35 0.725 0.31875 0.725
19 0.75625 0.846875 0.75625 0.90625 0.8171875 0.90625 0.8171875 0.846875 0.75625 0.846875
19 0.8828125 0.9078125 0.8828125 0.84609375 0.82578125 0.84609375 0.82578125 0.9078125 0.8828125 0.9078125
19 0.6796875 0.909375 0.6796875 0.844140625 0.613671875 0.844140625 0.613671875 0.909375 0.6796875 0.909375
19 0.682421875 0.846875 0.682421875 0.9109375 0.7515625 0.9109375 0.7515625 0.846875 0.682421875 0.846875
19 0.6078125 0.851171875 0.54375 0.851171875 0.54375 0.9109375 0.6078125 0.9109375 0.6078125 0.851171875
19 0.773046875 0.3609375 0.773046875 0.4453125 0.8171875 0.4453125 0.8171875 0.3609375 0.773046875 0.3609375
19 0.826171875 0.3609375 0.826171875 0.44375 0.86875 0.44375 0.86875 0.3609375 0.826171875 0.3609375
19 0.159765625 0.371875 0.159765625 0.4390625 0.208984375 0.4390625 0.208984375 0.371875 0.159765625 0.371875
19 0.203125 0.3828125 0.203125 0.428125 0.2703125 0.428125 0.2703125 0.3828125 0.203125 0.3828125
19 0.74765625 0.4234375 0.74765625 0.391796875 0.678125 0.391796875 0.678125 0.4234375 0.74765625 0.4234375
19 0.733984375 0.375 0.733984375 0.44375 0.7671875 0.44375 0.7671875 0.375 0.733984375 0.375
19 0.6296875 0.50625 0.6296875 0.5640625 0.678125 0.5640625 0.678125 0.50625 0.6296875 0.50625
19 0.7234375 0.5640625 0.7234375 0.505859375 0.680078125 0.505859375 0.680078125 0.5640625 0.7234375 0.5640625
19 0.8265625 0.51484375 0.766796875 0.51484375 0.766796875 0.5578125 0.8265625 0.5578125 0.8265625 0.51484375
19 0.728125 0.50625 0.728125 0.5671875 0.7703125 0.5671875 0.7703125 0.50625 0.728125 0.50625
19 0.825 0.50625 0.825 0.5671875 0.865625 0.5671875 0.865625 0.50625 0.825 0.50625
19 0.511328125 0.515625 0.511328125 0.5609375 0.5453125 0.5609375 0.5453125 0.515625 0.511328125 0.515625
19 0.594921875 0.5171875 0.594921875 0.5625 0.628125 0.5625 0.628125 0.5171875 0.594921875 0.5171875
19 0.546875 0.5203125 0.546875 0.55625 0.5953125 0.55625 0.5953125 0.5203125 0.546875 0.5203125