19 0.679296875 0.3703125 0.679296875 0.4265625 0.7140625 0.4265625 0.7140625 0.3703125 0.679296875 0.3703125
19 0.640625 0.425 0.675 0.425 0.675 0.3703125 0.640625 0.3703125 0.640625 0.425
19 0.553125 0.4140625 0.6078125 0.4140625 0.6078125 0.381640625 0.553125 0.381640625 0.553125 0.4140625
19 0.56875 0.4140625 0.56875 0.382421875 0.51640625 0.382421875 0.51640625 0.4140625 0.56875 0.4140625
19 0.5328125 0.4140625 0.5328125 0.383203125 0.4828125 0.383203125 0.4828125 0.4140625 0.5328125 0.4140625
19 0.6359375 0.425 0.6359375 0.371875 0.601953125 0.371875 0.601953125 0.425 0.6359375 0.425
19 0.717578125 0.3734375 0.717578125 0.425 0.7515625 0.425 0.7515625 0.3734375 0.717578125 0.3734375
19 0.6328125 0.5359375 0.6328125 0.5625 0.696875 0.5625 0.696875 0.5359375 0.6328125 0.5359375
19 0.6515625 0.519140625 0.6265625 0.519140625 0.6265625 0.578125 0.6515625 0.578125 0.6515625 0.519140625
19 0.834375 0.5609375 0.834375 0.53515625 0.77265625 0.53515625 0.77265625 0.5609375 0.834375 0.5609375
19 0.6796875 0.5171875 0.6796875 0.578125 0.70625 0.578125 0.70625 0.5171875 0.6796875 0.5171875
19 0.7359375 0.5171875 0.7359375 0.578125 0.7609375 0.578125 0.7609375 0.5171875 0.7359375 0.5171875
19 0.7625 0.5171875 0.7625 0.5796875 0.7890625 0.5796875 0.7890625 0.5171875 0.7625 0.5171875
19 0.75 0.559375 0.75 0.53515625 0.68984375 0.53515625 0.68984375 0.559375 0.75 0.559375
19 0.69375 0.645703125 0.646875 0.645703125 0.646875 0.7453125 0.69375 0.7453125 0.69375 0.645703125
19 0.76875 0.7203125 0.76875 0.67421875 0.66484375 0.67421875 0.66484375 0.7203125 0.76875 0.7203125
19 0.82109375 0.721875 0.82109375 0.674609375 0.7140625 0.674609375 0.7140625 0.721875 0.82109375 0.721875
19 0.86875 0.725 0.86875 0.67734375 0.76953125 0.67734375 0.76953125 0.725 0.86875 0.725
19 0.846875 0.653125 0.846875 0.753125 0.8953125 0.753125 0.8953125 0.653125 0.846875 0.653125
19 0.4953125 0.8375 0.4953125 0.946875 0.540625 0.946875 0.540625 0.8375 0.4953125 0.8375
19 0.5265625 0.9140625 0.5265625 0.86796875 0.41640625 0.86796875 0.41640625 0.9140625 0.5265625 0.9140625
19 0.5421875 0.8328125 0.5421875 0.94375 0.5875 0.94375 0.5875 0.8328125 0.5421875 0.8328125
19 0.665234375 0.9140625 0.665234375 0.870703125 0.559765625 0.870703125 0.559765625 0.9140625 0.665234375 0.9140625
19 0.6078125 0.86875 0.6078125 0.9171875 0.71875 0.9171875 0.71875 0.86875 0.6078125 0.86875