19 0.196875 0.18125 0.196875 0.259375 0.2796875 0.259375 0.2796875 0.18125 0.196875 0.18125
19 0.2875 0.2578125 0.371875 0.2578125 0.371875 0.184765625 0.2875 0.184765625 0.2875 0.2578125
19 0.184375 0.195703125 0.1296875 0.195703125 0.1296875 0.2625 0.184375 0.2625 0.184375 0.195703125
19 0.015625 0.221875 0.015625 0.2515625 0.0625 0.2515625 0.0625 0.221875 0.015625 0.221875
19 0.1171875 0.222265625 0.0703125 0.222265625 0.0703125 0.2546875 0.1171875 0.2546875 0.1171875 0.222265625
19 0.934765625 0.209375 0.934765625 0.2703125 0.984375 0.2703125 0.984375 0.209375 0.934765625 0.209375
19 0.8734375 0.2109375 0.8734375 0.26875 0.925 0.26875 0.925 0.2109375 0.8734375 0.2109375
19 0.627734375 0.2984375 0.627734375 0.3828125 0.7296875 0.3828125 0.7296875 0.2984375 0.627734375 0.2984375
19 0.0984375 0.384375 0.0984375 0.298828125 0.044140625 0.298828125 0.044140625 0.384375 0.0984375 0.384375
19 0.414453125 0.3203125 0.414453125 0.3765625 0.5046875 0.3765625 0.5046875 0.3203125 0.414453125 0.3203125
19 0.59375 0.403125 0.59375 0.2984375 0.536328125 0.2984375 0.536328125 0.403125 0.59375 0.403125