19 0.6734375 0.3375 0.621875 0.3375 0.621875 0.375 0.6734375 0.375 0.6734375 0.3375
19 0.72578125 0.3359375 0.675 0.3359375 0.675 0.37578125 0.72578125 0.37578125 0.72578125 0.3359375
19 0.7765625 0.3375 0.728125 0.3375 0.728125 0.375 0.7765625 0.375 0.7765625 0.3375
19 0.93359375 0.3390625 0.890625 0.3390625 0.890625 0.37421875 0.93359375 0.37421875 0.93359375 0.3390625
19 0.88046875 0.3390625 0.8375 0.3390625 0.8375 0.3765625 0.88046875 0.3765625 0.88046875 0.3390625
19 0.8296875 0.340625 0.7875 0.340625 0.7875 0.37578125 0.8296875 0.37578125 0.8296875 0.340625
19 0.9921875 0.340625 0.94375 0.340625 0.94375 0.378125 0.9921875 0.378125 0.9921875 0.340625
19 0.33046875 0.3453125 0.25625 0.3453125 0.25625 0.4140625 0.33046875 0.4140625 0.33046875 0.3453125
19 0.4125 0.3453125 0.3328125 0.3453125 0.3328125 0.4140625 0.4125 0.4140625 0.4125 0.3453125
19 0.25703125 0.346875 0.171875 0.346875 0.171875 0.415625 0.25703125 0.415625 0.25703125 0.346875
19 0.090625 0.3453125 0.0140625 0.3453125 0.0140625 0.41640625 0.090625 0.41640625 0.090625 0.3453125
19 0.1703125 0.346875 0.0921875 0.346875 0.0921875 0.415625 0.1703125 0.415625 0.1703125 0.346875
19 0.48515625 0.3625 0.415625 0.3625 0.415625 0.415625 0.48515625 0.415625 0.48515625 0.3625
19 0.6203125 0.3625 0.55625 0.3625 0.55625 0.415625 0.6203125 0.415625 0.6203125 0.3625
19 0.55 0.3609375 0.4859375 0.3609375 0.4859375 0.41640625 0.55 0.41640625 0.55 0.3609375
19 0.6734375 0.375 0.621875 0.375 0.621875 0.41484375 0.6734375 0.41484375 0.6734375 0.375
19 0.73203125 0.378125 0.678125 0.378125 0.678125 0.415625 0.73203125 0.415625 0.73203125 0.378125
19 0.8390625 0.3796875 0.7921875 0.3796875 0.7921875 0.41484375 0.8390625 0.41484375 0.8390625 0.3796875
19 0.88984375 0.378125 0.846875 0.378125 0.846875 0.41640625 0.88984375 0.41640625 0.88984375 0.378125
19 0.78359375 0.3796875 0.7296875 0.3796875 0.7296875 0.41484375 0.78359375 0.41484375 0.78359375 0.3796875
19 0.95 0.378125 0.903125 0.378125 0.903125 0.415625 0.95 0.415625 0.95 0.378125
19 0.99453125 0.3796875 0.95625 0.3796875 0.95625 0.41484375 0.99453125 0.41484375 0.99453125 0.3796875
19 0.259375 0.465625 0.18125 0.465625 0.18125 0.52109375 0.259375 0.52109375 0.259375 0.465625
19 0.08671875 0.465625 0.0046875 0.465625 0.0046875 0.52109375 0.08671875 0.52109375 0.08671875 0.465625
19 0.1734375 0.465625 0.096875 0.465625 0.096875 0.52109375 0.1734375 0.52109375 0.1734375 0.465625
19 0.34609375 0.465625 0.2640625 0.465625 0.2640625 0.521875 0.34609375 0.521875 0.34609375 0.465625
19 0.43828125 0.465625 0.35625 0.465625 0.35625 0.52421875 0.43828125 0.52421875 0.43828125 0.465625
19 0.5984375 0.4765625 0.51875 0.4765625 0.51875 0.5234375 0.5984375 0.5234375 0.5984375 0.4765625
19 0.515625 0.4765625 0.4359375 0.4765625 0.4359375 0.52578125 0.515625 0.52578125 0.515625 0.4765625
19 0.8234375 0.4828125 0.759375 0.4828125 0.759375 0.52578125 0.8234375 0.52578125 0.8234375 0.4828125
19 0.88984375 0.4828125 0.83125 0.4828125 0.83125 0.52578125 0.88984375 0.52578125 0.88984375 0.4828125
19 0.671875 0.484375 0.6078125 0.484375 0.6078125 0.525 0.671875 0.525 0.671875 0.484375
19 0.7515625 0.4859375 0.684375 0.4859375 0.684375 0.52578125 0.7515625 0.52578125 0.7515625 0.4859375
19 0.921875 0.6703125 0.8453125 0.6703125 0.8453125 0.7234375 0.921875 0.7234375 0.921875 0.6703125
19 0.83671875 0.675 0.765625 0.675 0.765625 0.7265625 0.83671875 0.7265625 0.83671875 0.675
19 0.67578125 0.6734375 0.6015625 0.6734375 0.6015625 0.72734375 0.67578125 0.72734375 0.67578125 0.6734375
19 0.759375 0.6765625 0.6828125 0.6765625 0.6828125 0.72734375 0.759375 0.72734375 0.759375 0.6765625
19 0.42890625 0.675 0.3546875 0.675 0.3546875 0.73046875 0.42890625 0.73046875 0.42890625 0.675
19 0.26484375 0.675 0.190625 0.675 0.190625 0.73125 0.26484375 0.73125 0.26484375 0.675
19 0.10390625 0.675 0.034375 0.675 0.034375 0.7328125 0.10390625 0.7328125 0.10390625 0.675
19 0.3484375 0.675 0.275 0.675 0.275 0.73125 0.3484375 0.73125 0.3484375 0.675
19 0.5953125 0.678125 0.515625 0.678125 0.515625 0.73125 0.5953125 0.73125 0.5953125 0.678125
19 0.51328125 0.6765625 0.43125 0.6765625 0.43125 0.73203125 0.51328125 0.73203125 0.51328125 0.6765625
19 0.1859375 0.6765625 0.1125 0.6765625 0.1125 0.73515625 0.1859375 0.73515625 0.1859375 0.6765625
19 0.91015625 0.7453125 0.8359375 0.7453125 0.8359375 0.7921875 0.91015625 0.7921875 0.91015625 0.7453125
19 1 0.740625 0.9375 0.740625 0.9375 0.79609375 1 0.79609375 1 0.740625
19 0.8265625 0.7453125 0.753125 0.7453125 0.753125 0.79375 0.8265625 0.79375 0.8265625 0.7453125
19 0.75078125 0.7453125 0.6765625 0.7453125 0.6765625 0.79453125 0.75078125 0.79453125 0.75078125 0.7453125
19 0.67109375 0.746875 0.6 0.746875 0.6 0.79375 0.67109375 0.79375 0.67109375 0.746875
19 0.5203125 0.7453125 0.440625 0.7453125 0.440625 0.7984375 0.5203125 0.7984375 0.5203125 0.7453125
19 0.59296875 0.746875 0.521875 0.746875 0.521875 0.79765625 0.59296875 0.79765625 0.59296875 0.746875
19 0.4390625 0.746875 0.365625 0.746875 0.365625 0.7984375 0.4390625 0.7984375 0.4390625 0.746875
19 0.35859375 0.746875 0.2875 0.746875 0.2875 0.79765625 0.35859375 0.79765625 0.35859375 0.746875
19 0.28046875 0.746875 0.209375 0.746875 0.209375 0.8 0.28046875 0.8 0.28046875 0.746875
19 0.20390625 0.7484375 0.1296875 0.7484375 0.1296875 0.79921875 0.20390625 0.79921875 0.20390625 0.7484375
19 0.12265625 0.7515625 0.053125 0.7515625 0.053125 0.803125 0.12265625 0.803125 0.12265625 0.7515625