19 0.1203125 0.38125 0.1203125 0.266015625 0.0078125 0.266015625 0.0078125 0.38125 0.1203125 0.38125
19 0.11875 0.2703125 0.11875 0.378125 0.221875 0.378125 0.221875 0.2703125 0.11875 0.2703125
19 0.790625 0.2828125 0.790625 0.371875 0.853125 0.371875 0.853125 0.2828125 0.790625 0.2828125
19 0.906640625 0.303125 0.906640625 0.371875 0.975 0.371875 0.975 0.303125 0.906640625 0.303125
19 0.2359375 0.303125 0.2359375 0.3765625 0.3296875 0.3765625 0.3296875 0.303125 0.2359375 0.303125
19 0.39375 0.36875 0.39375 0.31484375 0.326171875 0.31484375 0.326171875 0.36875 0.39375 0.36875
19 0.4515625 0.36875 0.4515625 0.31640625 0.38515625 0.31640625 0.38515625 0.36875 0.4515625 0.36875
19 0.88984375 0.375 0.88984375 0.333984375 0.8515625 0.333984375 0.8515625 0.375 0.88984375 0.375
19 0.224609375 0.4171875 0.224609375 0.50625 0.2796875 0.50625 0.2796875 0.4171875 0.224609375 0.4171875
19 0.2875 0.41875 0.2875 0.50625 0.3390625 0.50625 0.3390625 0.41875 0.2875 0.41875
19 0.39375 0.4953125 0.39375 0.451953125 0.334765625 0.451953125 0.334765625 0.4953125 0.39375 0.4953125
19 0.3796875 0.4546875 0.3796875 0.496875 0.440625 0.496875 0.440625 0.4546875 0.3796875 0.4546875
19 0.78125 0.533203125 0.700390625 0.533203125 0.700390625 0.591796875 0.78125 0.591796875 0.78125 0.533203125
19 0.6578125 0.5421875 0.6578125 0.6046875 0.7109375 0.6046875 0.7109375 0.5421875 0.6578125 0.5421875
19 0.66015625 0.6015625 0.66015625 0.549609375 0.6015625 0.549609375 0.6015625 0.6015625 0.66015625 0.6015625
19 0.604296875 0.60625 0.604296875 0.556640625 0.545703125 0.556640625 0.545703125 0.60625 0.604296875 0.60625
19 0.4890625 0.55625 0.4890625 0.6140625 0.55 0.6140625 0.55 0.55625 0.4890625 0.55625
19 0.433203125 0.55625 0.433203125 0.61875 0.4875 0.61875 0.4875 0.55625 0.433203125 0.55625