19 0.776953125 0.3609375 0.776953125 0.4359375 0.8296875 0.4359375 0.8296875 0.3609375 0.776953125 0.3609375
19 0.603125 0.371875 0.603125 0.425 0.6796875 0.425 0.6796875 0.371875 0.603125 0.371875
19 0.99375 0.367578125 0.94296875 0.367578125 0.94296875 0.4296875 0.99375 0.4296875 0.99375 0.367578125
19 0.8546875 0.375 0.8546875 0.425 0.93125 0.425 0.93125 0.375 0.8546875 0.375
19 0.5734375 0.44375 0.5734375 0.35703125 0.52890625 0.35703125 0.52890625 0.44375 0.5734375 0.44375
19 0.678515625 0.378125 0.678515625 0.4265625 0.7625 0.4265625 0.7625 0.378125 0.678515625 0.378125
19 0.2296875 0.464453125 0.172265625 0.464453125 0.172265625 0.515234375 0.2296875 0.515234375 0.2296875 0.464453125
19 0.228125 0.465625 0.228125 0.5171875 0.2859375 0.5171875 0.2859375 0.465625 0.228125 0.465625
19 0.028125 0.478125 0.028125 0.51875 0.06875 0.51875 0.06875 0.478125 0.028125 0.478125
19 0.11796875 0.5171875 0.11796875 0.477734375 0.078125 0.477734375 0.078125 0.5171875 0.11796875 0.5171875
19 0.133203125 0.478125 0.133203125 0.51875 0.1703125 0.51875 0.1703125 0.478125 0.133203125 0.478125
19 0.8515625 0.473828125 0.775 0.473828125 0.775 0.521875 0.8515625 0.521875 0.8515625 0.473828125
19 0.8625 0.4734375 0.8625 0.521875 0.9390625 0.521875 0.9390625 0.4734375 0.8625 0.4734375
19 0.6859375 0.478125 0.6859375 0.525 0.7703125 0.525 0.7703125 0.478125 0.6859375 0.478125