19 0.2546875 0.003125 0.18125 0.003125 0.18125 0.13984375 0.2546875 0.13984375 0.2546875 0.003125
19 0.3328125 0.0015625 0.25625 0.0015625 0.25625 0.1421875 0.3328125 0.1421875 0.3328125 0.0015625
19 0.17734375 0.003125 0.1015625 0.003125 0.1015625 0.1421875 0.17734375 0.1421875 0.17734375 0.003125
19 0.40859375 0.003125 0.334375 0.003125 0.334375 0.1421875 0.40859375 0.1421875 0.40859375 0.003125
19 0.6546875 0.0203125 0.559375 0.0203125 0.559375 0.1390625 0.6546875 0.1390625 0.6546875 0.0203125
19 0.75546875 0.021875 0.653125 0.021875 0.653125 0.13984375 0.75546875 0.13984375 0.75546875 0.021875
19 0.56015625 0.0375 0.4859375 0.0375 0.4859375 0.13828125 0.56015625 0.13828125 0.56015625 0.0375
19 0.4828125 0.0375 0.4109375 0.0375 0.4109375 0.1421875 0.4828125 0.1421875 0.4828125 0.0375
19 0.9046875 0.2609375 0.85625 0.2609375 0.85625 0.3609375 0.9046875 0.3609375 0.9046875 0.2609375
19 0.85859375 0.2640625 0.815625 0.2640625 0.815625 0.3640625 0.85859375 0.3640625 0.85859375 0.2640625
19 0.8140625 0.2625 0.771875 0.2625 0.771875 0.36484375 0.8140625 0.36484375 0.8140625 0.2625
19 0.278125 0.2671875 0.225 0.2671875 0.225 0.3671875 0.278125 0.3671875 0.278125 0.2671875
19 0.3375 0.2671875 0.2796875 0.2671875 0.2796875 0.3671875 0.3375 0.3671875 0.3375 0.2671875
19 0.6515625 0.2984375 0.5953125 0.2984375 0.5953125 0.36484375 0.6515625 0.36484375 0.6515625 0.2984375
19 0.70859375 0.3 0.6546875 0.3 0.6546875 0.3671875 0.70859375 0.3671875 0.70859375 0.3
19 0.5953125 0.2984375 0.5390625 0.2984375 0.5390625 0.3671875 0.5953125 0.3671875 0.5953125 0.2984375
19 0.4890625 0.296875 0.4421875 0.296875 0.4421875 0.36640625 0.4890625 0.36640625 0.4890625 0.296875
19 0.4390625 0.296875 0.39375 0.296875 0.39375 0.36796875 0.4390625 0.36796875 0.4390625 0.296875
19 0.36484375 0.4953125 0.2890625 0.4953125 0.2890625 0.5625 0.36484375 0.5625 0.36484375 0.4953125
19 0.28515625 0.496875 0.209375 0.496875 0.209375 0.5640625 0.28515625 0.5640625 0.28515625 0.496875
19 0.2046875 0.496875 0.128125 0.496875 0.128125 0.56796875 0.2046875 0.56796875 0.2046875 0.496875