19 0.722265625 0.2125 0.722265625 0.265625 0.75625 0.265625 0.75625 0.2125 0.722265625 0.2125
19 0.73125 0.253125 0.73125 0.22421875 0.67890625 0.22421875 0.67890625 0.253125 0.73125 0.253125
19 0.659375 0.2546875 0.659375 0.222265625 0.6046875 0.222265625 0.6046875 0.2546875 0.659375 0.2546875
19 0.6421875 0.225 0.6421875 0.2546875 0.69375 0.2546875 0.69375 0.225 0.6421875 0.225
19 0.7609375 0.35 0.7609375 0.32109375 0.73671875 0.32109375 0.73671875 0.35 0.7609375 0.35
19 0.728125 0.324609375 0.696875 0.324609375 0.696875 0.3484375 0.728125 0.3484375 0.728125 0.324609375
19 0.2765625 0.375 0.2765625 0.306640625 0.218359375 0.306640625 0.218359375 0.375 0.2765625 0.375
19 0.40625 0.378125 0.40625 0.305078125 0.347265625 0.305078125 0.347265625 0.378125 0.40625 0.378125
19 0.153515625 0.309375 0.153515625 0.375 0.225 0.375 0.225 0.309375 0.153515625 0.309375
19 0.28125 0.3078125 0.28125 0.3796875 0.3453125 0.3796875 0.3453125 0.3078125 0.28125 0.3078125
19 0.50625 0.3125 0.50625 0.38125 0.553125 0.38125 0.553125 0.3125 0.50625 0.3125
19 0.5109375 0.36875 0.5109375 0.321484375 0.445703125 0.321484375 0.445703125 0.36875 0.5109375 0.36875
19 0.4546875 0.38125 0.4546875 0.315625 0.412890625 0.315625 0.412890625 0.38125 0.4546875 0.38125
19 0.69375 0.3765625 0.69375 0.326171875 0.640625 0.326171875 0.640625 0.3765625 0.69375 0.3765625
19 0.6390625 0.337890625 0.588671875 0.337890625 0.588671875 0.371484375 0.6390625 0.371484375 0.6390625 0.337890625
19 0.549609375 0.3375 0.549609375 0.371875 0.596875 0.371875 0.596875 0.3375 0.549609375 0.3375
19 0.696484375 0.35 0.696484375 0.378125 0.725 0.378125 0.725 0.35 0.696484375 0.35
19 0.7609375 0.349609375 0.73125 0.349609375 0.73125 0.3765625 0.7609375 0.3765625 0.7609375 0.349609375
19 0.453125 0.484375 0.453125 0.420703125 0.379296875 0.420703125 0.379296875 0.484375 0.453125 0.484375
19 0.316796875 0.41875 0.316796875 0.4921875 0.3828125 0.4921875 0.3828125 0.41875 0.316796875 0.41875
19 0.3234375 0.4859375 0.3234375 0.422265625 0.25 0.422265625 0.25 0.4859375 0.3234375 0.4859375
19 0.184765625 0.41875 0.184765625 0.4921875 0.2484375 0.4921875 0.2484375 0.41875 0.184765625 0.41875
19 0.5203125 0.421875 0.5203125 0.490625 0.578125 0.490625 0.578125 0.421875 0.5203125 0.421875
19 0.452734375 0.421875 0.452734375 0.490625 0.5109375 0.490625 0.5109375 0.421875 0.452734375 0.421875
19 0.583984375 0.4296875 0.583984375 0.4921875 0.6421875 0.4921875 0.6421875 0.4296875 0.583984375 0.4296875
19 0.683984375 0.4421875 0.683984375 0.490625 0.7234375 0.490625 0.7234375 0.4421875 0.683984375 0.4421875
19 0.721484375 0.4484375 0.721484375 0.4828125 0.76875 0.4828125 0.76875 0.4484375 0.721484375 0.4484375
19 0.6421875 0.4484375 0.6421875 0.4859375 0.6890625 0.4859375 0.6890625 0.4484375 0.6421875 0.4484375