19 0.20496671093750002 0.15 0.20496671093750002 0.1875 0.2419082890625 0.1875 0.2419082890625 0.15 0.20496671093750002 0.15
19 0.9125 0.14105186875 0.8231582890625001 0.14105186875 0.8231582890625001 0.21665324375 0.9125 0.21665324375 0.9125 0.14105186875
19 0.8328125 0.2171875 0.8328125 0.14416076093750002 0.749119415625 0.14416076093750002 0.749119415625 0.2171875 0.8328125 0.2171875
19 0.675 0.221875 0.675 0.1395484328125 0.6037908078124999 0.1395484328125 0.6037908078124999 0.221875 0.675 0.221875
19 0.75625 0.2171875 0.75625 0.145529959375 0.6757087625 0.145529959375 0.6757087625 0.2171875 0.75625 0.2171875
19 0.6042069375 0.2203125 0.6042069375 0.1453259234375 0.5225918171874999 0.1453259234375 0.5225918171874999 0.2203125 0.6042069375 0.2203125
19 0.51875 0.2234375 0.51875 0.149269759375 0.4657162796875 0.149269759375 0.4657162796875 0.2234375 0.51875 0.2234375
19 0.4609375 0.2234375 0.4609375 0.149269759375 0.4103602859375 0.149269759375 0.4103602859375 0.2234375 0.4609375 0.2234375
19 0.3109375 0.2265625 0.3109375 0.1565318953125 0.2542069375 0.1565318953125 0.2542069375 0.2265625 0.3109375 0.2265625
19 0.4109375 0.2125 0.4109375 0.1765625 0.3553747859375 0.1765625 0.3553747859375 0.2125 0.4109375 0.2125
19 0.365625 0.2140625 0.365625 0.1754644546875 0.310003221875 0.1754644546875 0.310003221875 0.2140625 0.365625 0.2140625
19 0.2421875 0.1907082265625 0.207310459375 0.1907082265625 0.207310459375 0.22335427343749997 0.2421875 0.22335427343749997 0.2421875 0.1907082265625
19 0.1614475953125 0.2647014609375 0.1614475953125 0.3231207046875 0.21986683906249999 0.3231207046875 0.21986683906249999 0.2647014609375 0.1614475953125 0.2647014609375
19 0.834375 0.3453125 0.895213165625 0.3453125 0.895213165625 0.3099844296875 0.834375 0.3099844296875 0.834375 0.3453125
19 0.840625 0.3578125 0.840625 0.2976562515625 0.8055063375 0.2976562515625 0.8055063375 0.3578125 0.840625 0.3578125
19 0.7484375 0.3453125 0.8093025125000001 0.3453125 0.8093025125000001 0.3100112765625 0.7484375 0.3100112765625 0.7484375 0.3453125
19 0.7577346453125 0.3578125 0.7577346453125 0.2976562515625 0.7250885968749999 0.2976562515625 0.7250885968749999 0.3578125 0.7577346453125 0.3578125
19 0.2078125 0.3859375 0.2078125 0.32167633125 0.16370543437500001 0.32167633125 0.16370543437500001 0.3859375 0.2078125 0.3859375
19 0.2171875 0.446875 0.2171875 0.39513530937499997 0.156650021875 0.39513530937499997 0.156650021875 0.446875 0.2171875 0.446875
19 0.650206721875 0.4015625 0.650206721875 0.4890625 0.723230778125 0.4890625 0.723230778125 0.4015625 0.650206721875 0.4015625
19 0.7953125 0.4875 0.7953125 0.40598958281249997 0.7244254734375 0.40598958281249997 0.7244254734375 0.4875 0.7953125 0.4875
19 0.8794807765625 0.4875 0.8794807765625 0.40556002968750005 0.8064567234375 0.40556002968750005 0.8064567234375 0.4875 0.8794807765625 0.4875
19 0.647809278125 0.4859375 0.647809278125 0.41031733125000003 0.5773625421874999 0.41031733125000003 0.5773625421874999 0.4859375 0.647809278125 0.4859375
19 0.5765625 0.484375 0.5765625 0.4203125 0.510285115625 0.4203125 0.510285115625 0.484375 0.5765625 0.484375
19 0.45625 0.4890625 0.45625 0.4369845375 0.41781840625 0.4369845375 0.41781840625 0.4890625 0.45625 0.4890625
19 0.509375 0.48125 0.509375 0.44279692812500004 0.45527544999999997 0.44279692812500004 0.45527544999999997 0.48125 0.509375 0.48125
19 0.2125 0.5125 0.2125 0.45468213124999995 0.159954896875 0.4546821296875 0.159954896875 0.5125 0.2125 0.5125
19 0.215625 0.521875 0.1568889609375 0.521875 0.1568889609375 0.5746832046875 0.215625 0.5746832046875 0.215625 0.521875
19 0.215625 0.6703125 0.215625 0.613759128125 0.1611415375 0.613759128125 0.1611415375 0.6703125 0.215625 0.6703125