19 0.634375 0.0421875 0.634375 0.1015625 0.7171875 0.1015625 0.7171875 0.0421875 0.634375 0.0421875
19 0.759375 0.1140625 0.759375 0.0642045453125 0.7145393671875 0.0642045453125 0.7145393671875 0.1140625 0.759375 0.1140625
19 0.8196935890624999 0.115625 0.8196935890624999 0.0686181015625 0.7693689109374999 0.0686181015625 0.7693689109374999 0.115625 0.8196935890624999 0.115625
19 0.6125 0.3140625 0.6125 0.218445615625 0.4961140421875 0.218445615625 0.4961140421875 0.3140625 0.6125 0.3140625
19 0.5046875 0.3203125 0.5046875 0.22628855468750003 0.399857953125 0.22628855468750003 0.399857953125 0.3203125 0.5046875 0.3203125
19 0.3984375 0.225 0.291528003125 0.225 0.291528003125 0.323427353125 0.3984375 0.323427353125 0.3984375 0.225
19 0.238047890625 0 0.238047890625 0.1109375 0.3125 0.1109375 0.3125 0 0.238047890625 0
19 0.4875 0.1140625 0.5609375 0.1140625 0.5609375 0.0001826296875 0.4875 0.0001826296875 0.4875 0.1140625
19 0.39375 0.1125 0.39375 0.0014407468749999999 0.32278814843750003 0.0014407468749999999 0.32278814843750003 0.1125 0.39375 0.1125
19 0.6390625 0.115625 0.6390625 0.00022321406250000003 0.5665482953125001 0.00022321406250000003 0.5665482953125001 0.115625 0.6390625 0.115625
19 0.6215604703125 0.846875 0.6215604703125 0.779565746875 0.5550020296875 0.779565746875 0.5550020296875 0.846875 0.6215604703125 0.846875
19 0.4953125 0.0921875 0.4953125 0.0216314921875 0.385359171875 0.0216314921875 0.385359171875 0.0921875 0.4953125 0.0921875
19 0.5453125 0.8578125 0.5453125 0.7825182625 0.47778003281250003 0.7825182625 0.47778003281250003 0.8578125 0.5453125 0.8578125