19 0.546875 0.312109375 0.475 0.312109375 0.475 0.3828125 0.546875 0.3828125 0.546875 0.312109375
19 0.703125 0.314453125 0.634765625 0.314453125 0.634765625 0.385546875 0.703125 0.385546875 0.703125 0.314453125
19 0.5546875 0.3859375 0.628125 0.3859375 0.628125 0.316015625 0.5546875 0.316015625 0.5546875 0.3859375
19 0.7703125 0.330078125 0.716015625 0.330078125 0.716015625 0.390234375 0.7703125 0.390234375 0.7703125 0.330078125
19 0.840625 0.3921875 0.840625 0.32890625 0.78828125 0.32890625 0.78828125 0.3921875 0.840625 0.3921875
19 0.853125 0.3359375 0.853125 0.3890625 0.91875 0.3890625 0.91875 0.3359375 0.853125 0.3359375
19 0.0875 0.4765625 0.0875 0.40859375 0.01484375 0.40859375 0.01484375 0.4765625 0.0875 0.4765625
19 0.15 0.418359375 0.09375 0.418359375 0.09375 0.4765625 0.15 0.4765625 0.15 0.418359375
19 0.3390625 0.421875 0.3390625 0.478125 0.3921875 0.478125 0.3921875 0.421875 0.3390625 0.421875
19 0.2125 0.478125 0.2125 0.420703125 0.1578125 0.420703125 0.1578125 0.478125 0.2125 0.478125
19 0.2703125 0.475 0.2703125 0.423828125 0.215625 0.423828125 0.215625 0.475 0.2703125 0.475
19 0.3296875 0.4765625 0.3296875 0.421484375 0.276171875 0.421484375 0.276171875 0.4765625 0.3296875 0.4765625
19 0.4484375 0.4765625 0.4484375 0.422265625 0.398828125 0.422265625 0.398828125 0.4765625 0.4484375 0.4765625
19 0.5484375 0.436328125 0.5078125 0.436328125 0.5078125 0.478125 0.5484375 0.478125 0.5484375 0.436328125
19 0.460546875 0.4390625 0.460546875 0.4796875 0.4984375 0.4796875 0.4984375 0.4390625 0.460546875 0.4390625
19 0.555078125 0.4390625 0.555078125 0.48125 0.5921875 0.48125 0.5921875 0.4390625 0.555078125 0.4390625
19 0.823046875 0.4390625 0.823046875 0.48125 0.8671875 0.48125 0.8671875 0.4390625 0.823046875 0.4390625
19 0.7640625 0.44140625 0.724609375 0.44140625 0.724609375 0.48125 0.7640625 0.48125 0.7640625 0.44140625
19 0.7734375 0.48125 0.8125 0.48125 0.8125 0.4390625 0.7734375 0.4390625 0.7734375 0.48125
19 0.628125 0.4828125 0.628125 0.448828125 0.605859375 0.448828125 0.605859375 0.4828125 0.628125 0.4828125
19 0.671875 0.484375 0.671875 0.448046875 0.6484375 0.448046875 0.6484375 0.484375 0.671875 0.484375
19 0.7171875 0.484375 0.7171875 0.448046875 0.69453125 0.448046875 0.69453125 0.484375 0.7171875 0.484375
19 0.0984375 0.51640625 0.034765625 0.51640625 0.034765625 0.58125 0.0984375 0.58125 0.0984375 0.51640625
19 0.1890625 0.5203125 0.1890625 0.584375 0.25 0.584375 0.25 0.5203125 0.1890625 0.5203125
19 0.254296875 0.5125 0.254296875 0.584375 0.3296875 0.584375 0.3296875 0.5125 0.254296875 0.5125
19 0.1734375 0.51953125 0.113671875 0.51953125 0.113671875 0.5859375 0.1734375 0.5859375 0.1734375 0.51953125
19 0.403125 0.5828125 0.403125 0.513671875 0.328515625 0.513671875 0.328515625 0.5828125 0.403125 0.5828125
19 0.40625 0.525 0.40625 0.5828125 0.478125 0.5828125 0.478125 0.525 0.40625 0.525
19 0.7546875 0.520703125 0.7015625 0.520703125 0.7015625 0.5890625 0.7546875 0.5890625 0.7546875 0.520703125
19 0.682421875 0.5875 0.682421875 0.522265625 0.626953125 0.522265625 0.626953125 0.5875 0.682421875 0.5875
19 0.485546875 0.5203125 0.485546875 0.59140625 0.540625 0.59140625 0.540625 0.5203125 0.485546875 0.5203125
19 0.558984375 0.5234375 0.558984375 0.58984375 0.609375 0.58984375 0.609375 0.5234375 0.558984375 0.5234375
19 0.825 0.5953125 0.825 0.53359375 0.77734375 0.53359375 0.77734375 0.5953125 0.825 0.5953125
19 0.8984375 0.53359375 0.851171875 0.53359375 0.851171875 0.6 0.8984375 0.6 0.8984375 0.53359375