19 0.712890625 0.221875 0.712890625 0.25625 0.765625 0.25625 0.765625 0.221875 0.712890625 0.221875
19 0.690625 0.2125 0.690625 0.265625 0.7203125 0.265625 0.7203125 0.2125 0.690625 0.2125
19 0.659375 0.2546875 0.659375 0.222265625 0.6046875 0.222265625 0.6046875 0.2546875 0.659375 0.2546875
19 0.6421875 0.225 0.6421875 0.2546875 0.69375 0.2546875 0.69375 0.225 0.6421875 0.225
19 0.7609375 0.35 0.7609375 0.32109375 0.73671875 0.32109375 0.73671875 0.35 0.7609375 0.35
19 0.728125 0.324609375 0.696875 0.324609375 0.696875 0.3484375 0.728125 0.3484375 0.728125 0.324609375
19 0.28125 0.3703125 0.28125 0.312109375 0.213671875 0.312109375 0.213671875 0.3703125 0.28125 0.3703125
19 0.4125 0.3703125 0.4125 0.312109375 0.339453125 0.312109375 0.339453125 0.3703125 0.4125 0.3703125
19 0.225 0.309375 0.153515625 0.309375 0.153515625 0.375 0.225 0.375 0.225 0.309375
19 0.3484375 0.375 0.3484375 0.31171875 0.27734375 0.31171875 0.27734375 0.375 0.3484375 0.375
19 0.50625 0.3125 0.50625 0.38125 0.553125 0.38125 0.553125 0.3125 0.50625 0.3125
19 0.5109375 0.36875 0.5109375 0.320703125 0.446484375 0.320703125 0.446484375 0.36875 0.5109375 0.36875
19 0.465625 0.326953125 0.400390625 0.326953125 0.400390625 0.369921875 0.465625 0.369921875 0.465625 0.326953125
19 0.69375 0.325390625 0.6421875 0.325390625 0.6421875 0.378125 0.69375 0.378125 0.69375 0.325390625
19 0.6296875 0.3796875 0.6296875 0.330078125 0.597265625 0.330078125 0.597265625 0.3796875 0.6296875 0.3796875
19 0.596875 0.371875 0.596875 0.33828125 0.549609375 0.33828125 0.549609375 0.371875 0.596875 0.371875
19 0.725 0.378125 0.725 0.35078125 0.696484375 0.35078125 0.696484375 0.378125 0.725 0.378125
19 0.759375 0.378125 0.759375 0.348828125 0.7328125 0.348828125 0.7328125 0.378125 0.759375 0.378125
19 0.453125 0.484375 0.453125 0.420703125 0.379296875 0.420703125 0.379296875 0.484375 0.453125 0.484375
19 0.313671875 0.421875 0.313671875 0.48828125 0.3859375 0.48828125 0.3859375 0.421875 0.313671875 0.421875
19 0.2546875 0.4171875 0.2546875 0.490625 0.31875 0.490625 0.31875 0.4171875 0.2546875 0.4171875
19 0.184765625 0.41875 0.184765625 0.4921875 0.2484375 0.4921875 0.2484375 0.41875 0.184765625 0.41875
19 0.5828125 0.484375 0.5828125 0.42734375 0.515234375 0.42734375 0.515234375 0.484375 0.5828125 0.484375
19 0.452734375 0.421875 0.452734375 0.490625 0.5109375 0.490625 0.5109375 0.421875 0.452734375 0.421875
19 0.584765625 0.4296875 0.584765625 0.4921875 0.6421875 0.4921875 0.6421875 0.4296875 0.584765625 0.4296875
19 0.683984375 0.4421875 0.683984375 0.490625 0.7234375 0.490625 0.7234375 0.4421875 0.683984375 0.4421875
19 0.76875 0.4828125 0.76875 0.44921875 0.721484375 0.44921875 0.721484375 0.4828125 0.76875 0.4828125
19 0.6421875 0.4484375 0.6421875 0.4859375 0.6890625 0.4859375 0.6890625 0.4484375 0.6421875 0.4484375