19 0.0359375 0.2125 0.0359375 0.4171875 0.084375 0.4171875 0.084375 0.2125 0.0359375 0.2125
19 0.0875 0.2125 0.0875 0.4171875 0.1328125 0.4171875 0.1328125 0.2125 0.0875 0.2125
19 0.2609375 0.3390625 0.2609375 0.29765625 0.058984375 0.29765625 0.058984375 0.3390625 0.2609375 0.3390625
19 0.409375 0.225 0.409375 0.428125 0.4703125 0.428125 0.4703125 0.225 0.409375 0.225
19 0.528125 0.4328125 0.528125 0.252734375 0.473828125 0.252734375 0.473828125 0.4328125 0.528125 0.4328125
19 0.5875 0.25625 0.5875 0.4328125 0.640625 0.4328125 0.640625 0.25625 0.5875 0.25625
19 0.469921875 0.3203125 0.469921875 0.37109375 0.6453125 0.37109375 0.6453125 0.3203125 0.469921875 0.3203125
19 0.28125 0.36875 0.28125 0.331640625 0.134375 0.331640625 0.134375 0.36875 0.28125 0.36875
19 0.73125 0.390625 0.73125 0.35390625 0.59609375 0.35390625 0.59609375 0.390625 0.73125 0.390625
19 0.8609375 0.306640625 0.8046875 0.306640625 0.8046875 0.44375 0.8609375 0.44375 0.8609375 0.306640625
19 0.7171875 0.4359375 0.7171875 0.351171875 0.682421875 0.351171875 0.682421875 0.4359375 0.7171875 0.4359375
19 0.7578125 0.353515625 0.721875 0.353515625 0.721875 0.4390625 0.7578125 0.4390625 0.7578125 0.353515625
19 0.7375 0.384375 0.7375 0.4203125 0.8203125 0.4203125 0.8203125 0.384375 0.7375 0.384375
19 0.053125 0.4796875 0.053125 0.6421875 0.1296875 0.6421875 0.1296875 0.4796875 0.053125 0.4796875
19 0.25 0.6 0.25 0.52421875 0.08515625 0.52421875 0.08515625 0.6 0.25 0.6
19 0.1640625 0.528125 0.1640625 0.6015625 0.325 0.6015625 0.325 0.528125 0.1640625 0.528125
19 0.284375 0.4875 0.284375 0.6484375 0.353125 0.6484375 0.353125 0.4875 0.284375 0.4875
19 0.3125 0.5328125 0.3125 0.6015625 0.46875 0.6015625 0.46875 0.5328125 0.3125 0.5328125
19 0.430078125 0.4921875 0.430078125 0.653125 0.4796875 0.653125 0.4796875 0.4921875 0.430078125 0.4921875
19 0.483203125 0.490625 0.483203125 0.653125 0.5328125 0.653125 0.5328125 0.490625 0.483203125 0.490625
19 0.5890625 0.559375 0.5890625 0.615625 0.7140625 0.615625 0.7140625 0.559375 0.5890625 0.559375
19 0.658984375 0.55625 0.658984375 0.615625 0.78125 0.615625 0.78125 0.55625 0.658984375 0.55625
19 0.578515625 0.5359375 0.578515625 0.65625 0.615625 0.65625 0.615625 0.5359375 0.578515625 0.5359375
19 0.575 0.537890625 0.5375 0.537890625 0.5375 0.653125 0.575 0.653125 0.575 0.537890625