19 0.7890625 0.1953125 0.7890625 0.088671875 0.733984375 0.088671875 0.733984375 0.1953125 0.7890625 0.1953125
19 0.812890625 0.1171875 0.812890625 0.171875 0.9203125 0.171875 0.9203125 0.1171875 0.812890625 0.1171875
19 0.7859375 0.09375 0.7859375 0.19375 0.8421875 0.19375 0.8421875 0.09375 0.7859375 0.09375
19 0.6828125 0.09375 0.6828125 0.1984375 0.734375 0.1984375 0.734375 0.09375 0.6828125 0.09375
19 0.5375 0.4078125 0.5375 0.369921875 0.465234375 0.369921875 0.465234375 0.4078125 0.5375 0.4078125
19 0.5796875 0.3703125 0.506640625 0.3703125 0.506640625 0.409375 0.5796875 0.409375 0.5796875 0.3703125
19 0.6234375 0.4171875 0.6234375 0.375390625 0.549609375 0.375390625 0.549609375 0.4171875 0.6234375 0.4171875
19 0.66875 0.4203125 0.66875 0.379296875 0.59375 0.379296875 0.59375 0.4203125 0.66875 0.4203125
19 0.7015625 0.3625 0.7015625 0.4453125 0.75 0.4453125 0.75 0.3625 0.7015625 0.3625
19 0.6390625 0.38125 0.6390625 0.428125 0.7171875 0.428125 0.7171875 0.38125 0.6390625 0.38125
19 0.289453125 0.45625 0.289453125 0.5125 0.3125 0.5125 0.3125 0.45625 0.289453125 0.45625
19 0.4796875 0.475 0.4796875 0.5390625 0.5 0.5390625 0.5 0.475 0.4796875 0.475
19 0.313671875 0.4875 0.313671875 0.534375 0.3328125 0.534375 0.3328125 0.4875 0.313671875 0.4875
19 0.5375 0.54375 0.5375 0.52734375 0.48515625 0.52734375 0.48515625 0.54375 0.5375 0.54375
19 0.525 0.5109375 0.525 0.5640625 0.5421875 0.5640625 0.5421875 0.5109375 0.525 0.5109375
19 0.3125 0.55078125 0.250390625 0.55078125 0.250390625 0.5734375 0.3125 0.5734375 0.3125 0.55078125
19 0.4203125 0.5546875 0.4203125 0.56875 0.446875 0.56875 0.446875 0.5546875 0.4203125 0.5546875
19 0.3640625 0.55859375 0.296484375 0.55859375 0.296484375 0.5828125 0.3640625 0.5828125 0.3640625 0.55859375
19 0.321875 0.559375 0.321875 0.584375 0.390625 0.584375 0.390625 0.559375 0.321875 0.559375
19 0.5015625 0.5875 0.5015625 0.564453125 0.412109375 0.564453125 0.412109375 0.5875 0.5015625 0.5875
19 0.3953125 0.6078125 0.3953125 0.539453125 0.372265625 0.539453125 0.372265625 0.6078125 0.3953125 0.6078125
19 0.3265625 0.5859375 0.3265625 0.56640625 0.28046875 0.56640625 0.28046875 0.5859375 0.3265625 0.5859375
19 0.44375 0.5734375 0.44375 0.5953125 0.521875 0.5953125 0.521875 0.5734375 0.44375 0.5734375
19 0.3984375 0.5625 0.3984375 0.615625 0.4203125 0.615625 0.4203125 0.5625 0.3984375 0.5625
19 0.496875 0.571875 0.496875 0.625 0.5171875 0.625 0.5171875 0.571875 0.496875 0.571875
19 0.44453125 0.609375 0.44453125 0.590234375 0.415625 0.590234375 0.415625 0.609375 0.44453125 0.609375
19 0.519140625 0.575 0.519140625 0.63125 0.5359375 0.63125 0.5359375 0.575 0.519140625 0.575
19 0.8 0.61796875 0.733984375 0.61796875 0.733984375 0.65625 0.8 0.65625 0.8 0.61796875
19 0.8515625 0.6640625 0.8515625 0.62265625 0.78359375 0.62265625 0.78359375 0.6640625 0.8515625 0.6640625
19 0.4234375 0.767578125 0.37265625 0.767578125 0.37265625 0.7984375 0.4234375 0.7984375 0.4234375 0.767578125
19 0.4203125 0.76875 0.4203125 0.8171875 0.45 0.8171875 0.45 0.76875 0.4203125 0.76875