19 0.6140625 0.971875 0.6140625 0.825159859375 0.56151505625 0.825159859375 0.56151505625 0.971875 0.6140625 0.971875
19 0.596506290625 0.93125 0.596506290625 0.8752036921874999 0.4554171828125 0.8752036921874999 0.4554171828125 0.93125 0.596506290625 0.93125
19 0.490625 0.9734375 0.490625 0.863384384375 0.44713541562500003 0.863384384375 0.44713541562500003 0.9734375 0.490625 0.9734375
19 0.446875 0.975 0.446875 0.865122215625 0.3965630171875 0.865122215625 0.3965630171875 0.975 0.446875 0.975
19 0.175 0.946875 0.175 0.897890884375 0.051722359375000006 0.8978908828125001 0.051722359375000006 0.946875 0.175 0.946875
19 0.425 0.946875 0.425 0.8943275578125001 0.3128171421875 0.89432755625 0.3128171421875 0.946875 0.425 0.946875
19 0.0828125 0.8631729578125 0.0329904078125 0.8631729578125 0.0329904078125 0.995186159375 0.0828125 0.995186159375 0.0828125 0.8631729578125
19 0.3625 0.95625 0.3625 0.9175845718750001 0.280690490625 0.9175845718750001 0.280690490625 0.95625 0.3625 0.95625
19 0.31875 0.95625 0.31875 0.9193017734375 0.233292078125 0.9193017734375 0.233292078125 0.95625 0.31875 0.95625
19 0.278125 0.9204594671875 0.1936442875 0.9204594671875 0.1936442875 0.955938015625 0.278125 0.955938015625 0.278125 0.9204594671875
19 0 0.9609375 0.059375 0.9609375 0.059375 0.9370049500000001 0 0.9370049500000001 0 0.9609375
19 0.2140625 0.9240099 0.18125 0.9240099 0.18125 0.9759901 0.2140625 0.9759901 0.2140625 0.9240099
19 0.1765625 0.984375 0.1765625 0.9296875 0.14012995156250002 0.9296875 0.14012995156250002 0.984375 0.1765625 0.984375
19 0.4796875 0.5046875 0.4796875 0.35459725625 0.4128171421875 0.35459725625 0.4128171421875 0.5046875 0.4796875 0.5046875
19 0.246875 0.5078125 0.246875 0.3550536296875 0.17689511093750002 0.3550536296875 0.17689511093750002 0.5078125 0.246875 0.5078125
19 0.44375 0.46875 0.44375 0.39836530625 0.29660426875 0.39836530625 0.29660426875 0.46875 0.44375 0.46875
19 0.325 0.3626366546875 0.25 0.3626366546875 0.25 0.504550846875 0.325 0.504550846875 0.325 0.3626366546875
19 0.9625 0.4859375 0.9625 0.4522999171875 0.8795534234375 0.4522999171875 0.8795534234375 0.4859375 0.9625 0.4859375
19 0.9203125 0.4859375 0.9203125 0.456657384375 0.8428939765625 0.456657384375 0.8428939765625 0.4859375 0.9203125 0.4859375
19 1 0.463722153125 0.9526299500000001 0.463722153125 0.9526299500000001 0.478125 1 0.478125 1 0.463722153125
19 0.9953125 0.496875 0.9953125 0.46332508125 0.9284034640625001 0.46332508125 0.9284034640625001 0.496875 0.9953125 0.496875
19 0.30625 0.634375 0.30625 0.5781559406250001 0.22997112187500002 0.5781559406250001 0.22997112187500002 0.634375 0.30625 0.634375
19 0.6640625 0.7421875 0.6640625 0.6816496484375001 0.57999175 0.6816496484375001 0.57999175 0.7421875 0.6640625 0.7421875
19 0.5278594265625001 0.75625 0.5278594265625001 0.670333128125 0.4643280734375 0.670333128125 0.4643280734375 0.75625 0.5278594265625001 0.75625
19 0.6 0.74375 0.6 0.6847875421875 0.5178295171875 0.6847875421875 0.5178295171875 0.74375 0.6 0.74375
19 0.2125 0.7625 0.2765625 0.7625 0.2765625 0.670157796875 0.2125 0.670157796875 0.2125 0.7625
19 0.1375 0.771875 0.1375 0.662306621875 0.068123453125 0.662306621875 0.068123453125 0.771875 0.1375 0.771875
19 0.20625 0.7671875 0.20625 0.6699076953125 0.1401376859375 0.6699076953125 0.1401376859375 0.7671875 0.20625 0.7671875