19 0.5046575484375 0.3328125 0.5046575484375 0.27987470000000003 0.43596745156249994 0.27987470000000003 0.43596745156249994 0.3328125 0.5046575484375 0.3328125
19 0.5796875 0.3328125 0.5796875 0.280845646875 0.5162415124999999 0.280845646875 0.5162415124999999 0.3328125 0.5796875 0.3328125
19 0.1609375 0.334375 0.1609375 0.28086311875000003 0.0930860640625 0.28086311875000003 0.0930860640625 0.334375 0.1609375 0.334375
19 0.4296875 0.334375 0.4296875 0.2814372 0.37003045 0.2814372 0.37003045 0.334375 0.4296875 0.334375
19 0.3578125 0.3390625 0.3578125 0.27656000468749997 0.3038014171875 0.27656000468749997 0.3038014171875 0.3390625 0.3578125 0.3390625
19 0.290625 0.340625 0.290625 0.275244609375 0.23693340625 0.275244609375 0.23693340625 0.340625 0.290625 0.340625
19 0.2203125 0.34375 0.2203125 0.2752196484375 0.16668080937500002 0.2752196484375 0.16668080937500002 0.34375 0.2203125 0.34375
19 0.021875 0.3375 0.0875 0.3375 0.0875 0.2812799515625 0.021875 0.2812799515625 0.021875 0.3375
19 0.28125 0.383072084375 0.2478684109375 0.383072084375 0.2478684109375 0.426203075 0.28125 0.426203075 0.28125 0.383072084375
19 0.171875 0.425 0.171875 0.3862994203125 0.13967651875 0.3862994203125 0.13967651875 0.425 0.171875 0.425
19 0.228125 0.428125 0.228125 0.3846595453125 0.19478833906249998 0.3846595453125 0.19478833906249998 0.428125 0.228125 0.428125
19 0.1296875 0.425 0.1296875 0.39970297499999996 0.0830695875 0.39970297499999996 0.0830695875 0.425 0.1296875 0.425
19 0.0828125 0.425 0.0828125 0.4006339875 0.039302115625 0.4006339875 0.039302115625 0.425 0.0828125 0.425
19 0.5421875 0.61875 0.5421875 0.5589332078125 0.47684205156250004 0.5589332078125 0.47684205156250004 0.61875 0.5421875 0.61875
19 0.4776083265625 0.6203125 0.4776083265625 0.5578948687499999 0.4177041734375 0.5578948687499999 0.4177041734375 0.6203125 0.4776083265625 0.6203125
19 0.8953125 0.625 0.8953125 0.56433206875 0.849975040625 0.56433206875 0.849975040625 0.625 0.8953125 0.625
19 0.409375 0.615625 0.409375 0.58308206875 0.3732428125 0.58308206875 0.3732428125 0.615625 0.409375 0.615625
19 0.365625 0.61875 0.365625 0.5829422921875 0.33005940625 0.5829422921875 0.33005940625 0.61875 0.365625 0.61875
19 0.278125 0.61875 0.278125 0.583638678125 0.24148861875 0.5836386765625 0.24148861875 0.61875 0.278125 0.61875
19 0.2843899765625 0.5828125 0.2843899765625 0.61875 0.31873502343750004 0.61875 0.31873502343750004 0.5828125 0.2843899765625 0.5828125