19 0.24226804062500001 0.1494845359375 0.2053264609375 0.1494845359375 0.2053264609375 0.1881443296875 0.24226804062500001 0.1881443296875 0.24226804062500001 0.1494845359375
19 0.9054982812500001 0.13402061875 0.8298969078124999 0.13402061875 0.8298969078124999 0.2242268046875 0.9054982812500001 0.2242268046875 0.9054982812500001 0.13402061875
19 0.82817869375 0.1391752578125 0.7542955328125001 0.1391752578125 0.7542955328125001 0.22336769687500002 0.82817869375 0.22336769687500002 0.82817869375 0.1391752578125
19 0.6769759453125 0.1391752578125 0.603951890625 0.1391752578125 0.603951890625 0.222508590625 0.6769759453125 0.222508590625 0.6769759453125 0.1391752578125
19 0.7525773203125 0.1408934703125 0.6795532640624999 0.1408934703125 0.6795532640624999 0.222508590625 0.7525773203125 0.222508590625 0.7525773203125 0.1408934703125
19 0.6013745703125 0.142611684375 0.5257731953125 0.142611684375 0.5257731953125 0.2242268046875 0.6013745703125 0.2242268046875 0.6013745703125 0.142611684375
19 0.51890034375 0.1494845359375 0.4656357390625 0.1494845359375 0.4656357390625 0.2250859109375 0.51890034375 0.2250859109375 0.51890034375 0.1494845359375
19 0.4621993125 0.1494845359375 0.41065292031249995 0.1494845359375 0.41065292031249995 0.2250859109375 0.4621993125 0.2250859109375 0.4621993125 0.1494845359375
19 0.3127147765625 0.15635738906250002 0.2542955328125 0.15635738906250002 0.2542955328125 0.2268041234375 0.3127147765625 0.2268041234375 0.3127147765625 0.15635738906250002
19 0.40206185625 0.1666666671875 0.36597938124999996 0.1666666671875 0.36597938124999996 0.22336769687500002 0.40206185625 0.22336769687500002 0.40206185625 0.1666666671875
19 0.357388315625 0.1666666671875 0.318728521875 0.1666666671875 0.318728521875 0.22336769687500002 0.357388315625 0.22336769687500002 0.357388315625 0.1666666671875
19 0.24398625468750001 0.19072165000000002 0.2070446734375 0.19072165000000002 0.2070446734375 0.22336769687500002 0.24398625468750001 0.22336769687500002 0.24398625468750001 0.19072165000000002
19 0.219931271875 0.2646048109375 0.161512028125 0.2646048109375 0.161512028125 0.3230240546875 0.219931271875 0.3230240546875 0.219931271875 0.2646048109375
19 0.8831615125000001 0.297250859375 0.8470790375 0.297250859375 0.8470790375 0.3582474234375 0.8831615125000001 0.3582474234375 0.8831615125000001 0.297250859375
19 0.8419243984375001 0.297250859375 0.805841925 0.297250859375 0.805841925 0.3582474234375 0.8419243984375001 0.3582474234375 0.8419243984375001 0.297250859375
19 0.797250859375 0.297250859375 0.761168384375 0.297250859375 0.761168384375 0.3582474234375 0.797250859375 0.3582474234375 0.797250859375 0.297250859375
19 0.757731959375 0.297250859375 0.7250859109375 0.297250859375 0.7250859109375 0.3582474234375 0.757731959375 0.3582474234375 0.757731959375 0.297250859375
19 0.21821305781250003 0.3316151203125 0.15378006875 0.3316151203125 0.15378006875 0.376288659375 0.21821305781250003 0.376288659375 0.21821305781250003 0.3316151203125
19 0.21821305781250003 0.395189003125 0.15721649531249998 0.395189003125 0.15721649531249998 0.4484536078125 0.21821305781250003 0.4484536078125 0.21821305781250003 0.395189003125
19 0.723367696875 0.40206185625 0.6503436421875 0.40206185625 0.6503436421875 0.489690721875 0.723367696875 0.489690721875 0.723367696875 0.40206185625
19 0.797250859375 0.40549828125 0.7242268046875 0.40549828125 0.7242268046875 0.488831615625 0.797250859375 0.488831615625 0.797250859375 0.40549828125
19 0.8797250859375 0.40549828125 0.80670103125 0.40549828125 0.80670103125 0.489690721875 0.8797250859375 0.489690721875 0.8797250859375 0.40549828125
19 0.6477663234375 0.41065292031249995 0.5773195875 0.41065292031249995 0.5773195875 0.48711340156249994 0.6477663234375 0.48711340156249994 0.6477663234375 0.41065292031249995
19 0.575601375 0.4192439859375 0.511168384375 0.4192439859375 0.511168384375 0.4862542953125 0.575601375 0.4862542953125 0.575601375 0.4192439859375
19 0.45704467343750005 0.4364261171875 0.4183848796875 0.4364261171875 0.4183848796875 0.489690721875 0.45704467343750005 0.489690721875 0.45704467343750005 0.4364261171875
19 0.5017182124999999 0.43470790312499996 0.46305841875000003 0.43470790312499996 0.46305841875000003 0.488831615625 0.5017182124999999 0.488831615625 0.5017182124999999 0.43470790312499996
19 0.21649484531250002 0.45704467343750005 0.1580756015625 0.45704467343750005 0.1580756015625 0.510309278125 0.21649484531250002 0.510309278125 0.21649484531250002 0.45704467343750005
19 0.21305841874999998 0.51890034375 0.15979381406249998 0.51890034375 0.15979381406249998 0.57817869375 0.21305841874999998 0.57817869375 0.21305841874999998 0.51890034375
19 0.21649484531250002 0.6134020625 0.1606529203125 0.6134020625 0.1606529203125 0.67182130625 0.21649484531250002 0.67182130625 0.21649484531250002 0.6134020625