19 0.6155115515625 0.8250825078125 0.5618811874999999 0.8250825078125 0.5618811874999999 0.9719471953125 0.6155115515625 0.9719471953125 0.6155115515625 0.8250825078125
19 0.5544554453125 0.8333333328125001 0.497524753125 0.8333333328125001 0.497524753125 0.9744224421875 0.5544554453125 0.9744224421875 0.5544554453125 0.8333333328125001
19 0.491749175 0.8630363031250001 0.44719471874999994 0.8630363031250001 0.44719471874999994 0.973597359375 0.491749175 0.973597359375 0.491749175 0.8630363031250001
19 0.44719471874999994 0.8646864687500001 0.3960396046875 0.8646864687500001 0.3960396046875 0.975247525 0.44719471874999994 0.975247525 0.44719471874999994 0.8646864687500001
19 0.1386138609375 0.8597359734375001 0.0891089109375 0.8597359734375001 0.0891089109375 0.9851485156249999 0.1386138609375 0.9851485156249999 0.1386138609375 0.8597359734375001
19 0.3960396046875 0.8646864687500001 0.342409240625 0.8646864687500001 0.342409240625 0.9785478546874999 0.3960396046875 0.9785478546874999 0.3960396046875 0.8646864687500001
19 0.08415841562500001 0.8630363031250001 0.0330033 0.8630363031250001 0.0330033 0.9950495046875 0.08415841562500001 0.9950495046875 0.08415841562500001 0.8630363031250001
19 0.3415841578125 0.8960396046874999 0.30115511562499997 0.8960396046874999 0.30115511562499997 0.9785478546874999 0.3415841578125 0.9785478546874999 0.3415841578125 0.8960396046874999
19 0.2953795375 0.8943894390624999 0.25742574218750003 0.8943894390624999 0.25742574218750003 0.981848184375 0.2953795375 0.981848184375 0.2953795375 0.8943894390624999
19 0.2541254125 0.8960396046874999 0.21864686406249997 0.8960396046874999 0.21864686406249997 0.9810231015624999 0.2541254125 0.9810231015624999 0.2541254125 0.8960396046874999
19 0 0.997524753125 0.024752475 0.997524753125 0.024752475 0.9009900984374999 0 0.9009900984374999 0 0.997524753125
19 0.21452145156250002 0.9240924093749999 0.1815181515625 0.9240924093749999 0.1815181515625 0.9760726078124999 0.21452145156250002 0.9760726078124999 0.21452145156250002 0.9240924093749999
19 0.178217821875 0.9290429046875 0.1402640265625 0.9290429046875 0.1402640265625 0.9851485156249999 0.178217821875 0.9851485156249999 0.178217821875 0.9290429046875
19 0.4801980203125 0.354785478125 0.4125412546875 0.354785478125 0.4125412546875 0.505775578125 0.4801980203125 0.505775578125 0.4801980203125 0.354785478125
19 0.247524753125 0.354785478125 0.17656765624999998 0.354785478125 0.17656765624999998 0.508250825 0.247524753125 0.508250825 0.247524753125 0.354785478125
19 0.40594059375 0.35973597343749997 0.3349834984375 0.35973597343749997 0.3349834984375 0.508250825 0.40594059375 0.508250825 0.40594059375 0.35973597343749997
19 0.32508250781250003 0.363036303125 0.25 0.363036303125 0.25 0.5049504953125 0.32508250781250003 0.5049504953125 0.32508250781250003 0.363036303125
19 0.93894389375 0.4273927390625 0.9042904296875 0.4273927390625 0.9042904296875 0.5123762375 0.93894389375 0.5123762375 0.93894389375 0.4273927390625
19 0.89768976875 0.43234323437500005 0.8671617156250001 0.43234323437500005 0.8671617156250001 0.510726071875 0.89768976875 0.510726071875 0.89768976875 0.43234323437500005
19 1 0.43234323437500005 0.9843234328125 0.43234323437500005 0.9843234328125 0.510726071875 1 0.510726071875 1 0.43234323437500005
19 0.9801980203125 0.44719471874999994 0.9447194718749999 0.44719471874999994 0.9447194718749999 0.5148514843750001 0.9801980203125 0.5148514843750001 0.9801980203125 0.44719471874999994
19 0.297029703125 0.567656765625 0.240099009375 0.567656765625 0.240099009375 0.6452145218750001 0.297029703125 0.6452145218750001 0.297029703125 0.567656765625
19 0.653465346875 0.669966996875 0.5915841578125 0.669966996875 0.5915841578125 0.7549504953125 0.653465346875 0.7549504953125 0.653465346875 0.669966996875
19 0.5280528046875 0.669966996875 0.46452145156249997 0.669966996875 0.46452145156249997 0.7574257421875 0.5280528046875 0.7574257421875 0.5280528046875 0.669966996875
19 0.5891089109375 0.6732673265625 0.5297029703125 0.6732673265625 0.5297029703125 0.755775578125 0.5891089109375 0.755775578125 0.5891089109375 0.6732673265625
19 0.2772277234375 0.669966996875 0.2128712875 0.669966996875 0.2128712875 0.764026403125 0.2772277234375 0.764026403125 0.2772277234375 0.669966996875
19 0.1386138609375 0.661716171875 0.0684818484375 0.661716171875 0.0684818484375 0.772277228125 0.1386138609375 0.772277228125 0.1386138609375 0.661716171875
19 0.2079207921875 0.669966996875 0.1402640265625 0.669966996875 0.1402640265625 0.7689768984375001 0.2079207921875 0.7689768984375001 0.2079207921875 0.669966996875