19 0.9734375 0.3703125 0.9734375 0.271875 0.8941820734375 0.271875 0.8941820734375 0.3703125 0.9734375 0.3703125
19 0.884375 0.3640625 0.884375 0.2828150125 0.7903310890624999 0.2828150125 0.7903310890624999 0.3640625 0.884375 0.3640625
19 0.7859375 0.297397509375 0.7276678046875 0.297397509375 0.7276678046875 0.371352490625 0.7859375 0.371352490625 0.7859375 0.297397509375
19 0.71875 0.36875 0.71875 0.3074557875 0.6432300046874999 0.3074557875 0.6432300046874999 0.36875 0.71875 0.36875
19 0.321875 0.3875 0.321875 0.29375 0.24215233125000002 0.29375 0.24215233125000002 0.3875 0.321875 0.3875
19 0.4203125 0.3052100078125 0.3374849265625 0.3052100078125 0.3374849265625 0.3791649921875 0.4203125 0.3791649921875 0.4203125 0.3052100078125
19 0.5203125 0.30329079531250003 0.428125 0.30329079531250003 0.428125 0.3748342046875 0.5203125 0.3748342046875 0.5203125 0.30329079531250003
19 0.2265625 0.3859375 0.2265625 0.3066845859375 0.132186996875 0.3066845859375 0.132186996875 0.3859375 0.2265625 0.3859375
19 0.6390625 0.3734375 0.6390625 0.3216288171875 0.5875854109375 0.3216288171875 0.5875854109375 0.3734375 0.6390625 0.3734375
19 0.1328125 0.3875 0.1328125 0.3230104484375 0.059854803125 0.3230104484375 0.059854803125 0.3875 0.1328125 0.3875
19 0.578125 0.375 0.578125 0.3440238140625 0.5333576171875001 0.3440238140625 0.5333576171875001 0.375 0.578125 0.375
19 0.9921875 0.46004823281249996 0.9084505609375 0.46004823281249996 0.9084505609375 0.5468649515624999 0.9921875 0.5468649515624999 0.9921875 0.46004823281249996
19 0.890625 0.546875 0.890625 0.463655546875 0.8156727281249999 0.463655546875 0.8156727281249999 0.546875 0.890625 0.546875
19 0.7984375 0.5453125 0.7984375 0.46490152656249994 0.720098975 0.46490152656249994 0.720098975 0.5453125 0.7984375 0.5453125
19 0.6984375 0.5515625 0.6984375 0.46841338437499996 0.62205586875 0.46841338437499996 0.62205586875 0.5515625 0.6984375 0.5515625
19 0.6125 0.546875 0.6125 0.4775095453125 0.5201617765625 0.4775095453125 0.5201617765625 0.546875 0.6125 0.546875
19 0.50625 0.55 0.50625 0.482008640625 0.41730054218749996 0.482008640625 0.41730054218749996 0.55 0.50625 0.55
19 0.33125 0.5625 0.3984375 0.5625 0.3984375 0.480413484375 0.33125 0.480413484375 0.33125 0.5625
19 0.29375 0.5546875 0.29375 0.49549839218749997 0.2184058484375 0.49549839218749997 0.2184058484375 0.5546875 0.29375 0.5546875
19 0.2 0.5578125 0.2 0.5012836609375 0.11878265625 0.5012836609375 0.11878265625 0.5578125 0.2 0.5578125