19 0.6921875 0.9234375 0.6921875 0.8228298609375001 0.6210937484375 0.8228298609375001 0.6210937484375 0.9234375 0.6921875 0.9234375
19 0.546875 0.909375 0.546875 0.84149305625 0.44539930625 0.84149305625 0.44539930625 0.909375 0.546875 0.909375
19 0.3859375 0.9140625 0.3859375 0.83758680625 0.28524305625 0.83758680625 0.28524305625 0.9140625 0.3859375 0.9140625
19 0.2921875 0.928125 0.2921875 0.825 0.21076388906250001 0.825 0.21076388906250001 0.928125 0.2921875 0.928125
19 0.4671875 0.8427083328125 0.3640625 0.8427083328125 0.3640625 0.9104166671874999 0.4671875 0.9104166671874999 0.4671875 0.8427083328125
19 0.6328125 0.9125 0.6328125 0.8397569453125 0.525 0.8397569453125 0.525 0.9125 0.6328125 0.9125
19 0.95 0.434375 0.95 0.341059028125 0.8366319437499999 0.341059028125 0.8366319437499999 0.434375 0.95 0.434375
19 0.209375 0.440625 0.209375 0.35208333281250004 0.0991319453125 0.35208333281250004 0.0991319453125 0.440625 0.209375 0.440625
19 0.84375 0.44375 0.84375 0.35512152812500003 0.7470486109375 0.35512152812500003 0.7470486109375 0.44375 0.84375 0.44375
19 0.7421006953125 0.4421875 0.7421006953125 0.35486111249999996 0.644878471875 0.35486111249999996 0.644878471875 0.4421875 0.7421006953125 0.4421875
19 0.2890625 0.4484375 0.2890625 0.3595486109375 0.21059027812500003 0.3595486109375 0.21059027812500003 0.4484375 0.2890625 0.4484375
19 0.5828125 0.365625 0.49791666562500003 0.365625 0.49791666562500003 0.4478298625 0.5828125 0.4478298625 0.5828125 0.365625
19 0.653125 0.3859375 0.5820312484375 0.3859375 0.5820312484375 0.44184027812500004 0.653125 0.44184027812500004 0.653125 0.3859375
19 0.3828125 0.4515625 0.3828125 0.37352430625 0.29835069375 0.37352430625 0.29835069375 0.4515625 0.3828125 0.4515625
19 0.4828125 0.4546875 0.4828125 0.3734375 0.3934895828125 0.3734375 0.3934895828125 0.4546875 0.4828125 0.4546875
19 0.8109375 0.5703125 0.8109375 0.52352430625 0.7451388890625 0.52352430625 0.7451388890625 0.5703125 0.8109375 0.5703125
19 0.6875 0.584375 0.6875 0.5203125 0.641753471875 0.5203125 0.641753471875 0.584375 0.6875 0.584375
19 0.5890625 0.5203125 0.5890625 0.5828125 0.634375 0.5828125 0.634375 0.5203125 0.5890625 0.5203125
19 0.74375 0.5796875 0.74375 0.515885415625 0.6972222218749999 0.515885415625 0.6972222218749999 0.5796875 0.74375 0.5796875
19 0.8546875 0.565885415625 0.8143229171874999 0.565885415625 0.8143229171874999 0.6075520828125 0.8546875 0.6075520828125 0.8546875 0.565885415625
19 0.953125 0.6171875 0.953125 0.5671875 0.911371528125 0.5671875 0.911371528125 0.6171875 0.953125 0.6171875
19 0.9046875 0.5677083328125 0.86171875 0.5677083328125 0.86171875 0.6119791671875 0.9046875 0.6119791671875 0.9046875 0.5677083328125
19 0.446875 0.671875 0.446875 0.5589409734374999 0.3710937515625 0.5589409734374999 0.3710937515625 0.671875 0.446875 0.671875
19 0.28819444375000003 0.5609375 0.28819444375000003 0.675 0.36805555624999997 0.675 0.36805555624999997 0.5609375 0.28819444375000003 0.5609375
19 0.1859375 0.6765625 0.1859375 0.5592881937499999 0.11388888906250001 0.5592881937499999 0.11388888906250001 0.6765625 0.1859375 0.6765625
19 0.296875 0.5821180546875 0.18125 0.5821180546875 0.18125 0.659375 0.296875 0.659375 0.296875 0.5821180546875
19 0.6015625 0.6578125 0.6015625 0.597309028125 0.5125 0.597309028125 0.5125 0.6578125 0.6015625 0.6578125
19 0.5328125 0.659375 0.5328125 0.5942708328124999 0.438541665625 0.5942708328124999 0.438541665625 0.659375 0.5328125 0.659375
19 0.775 0.665625 0.775 0.6126736125 0.7049479171875 0.6126736125 0.7049479171875 0.665625 0.775 0.665625
19 0.5878472218749999 0.6140625 0.5878472218749999 0.6609375 0.6546875 0.6609375 0.6546875 0.6140625 0.5878472218749999 0.6140625
19 0.70625 0.604340278125 0.6515625 0.604340278125 0.6515625 0.671875 0.70625 0.671875 0.70625 0.604340278125
19 0.834375 0.6640625 0.834375 0.616753471875 0.766059028125 0.616753471875 0.766059028125 0.6640625 0.834375 0.6640625
19 0.9765625 0.6278645828125 0.9322916671874999 0.6278645828125 0.932291665625 0.6765625 0.9765625 0.6765625 0.9765625 0.6278645828125
19 0.921875 0.6703125 0.921875 0.6289930546875 0.875607640625 0.6289930546875 0.875607640625 0.6703125 0.921875 0.6703125
19 0.871875 0.6262152765625 0.8296875 0.6262152765625 0.8296875 0.6734375 0.871875 0.6734375 0.871875 0.6262152765625