19 0.8286163515625 0.21226415156249998 0.7877358484375 0.21226415156249998 0.7877358484375 0.2775157234375 0.8286163515625 0.2775157234375 0.8286163515625 0.21226415156249998
19 0.7830188671875 0.213836478125 0.7492138359375 0.213836478125 0.7492138359375 0.281446540625 0.7830188671875 0.281446540625 0.7830188671875 0.213836478125
19 0.7389937109375 0.213836478125 0.7004716984375 0.213836478125 0.7004716984375 0.281446540625 0.7389937109375 0.281446540625 0.7389937109375 0.213836478125
19 0.6918238999999999 0.2154088046875 0.65880503125 0.2154088046875 0.65880503125 0.2822327046875 0.6918238999999999 0.2822327046875 0.6918238999999999 0.2154088046875
19 0.6572327046875001 0.2437106921875 0.5919811328125 0.2437106921875 0.5919811328125 0.34905660312500003 0.6572327046875001 0.34905660312500003 0.6572327046875001 0.2437106921875
19 0.88993710625 0.25628930781250003 0.8388364781250001 0.25628930781250003 0.8388364781250001 0.344339621875 0.88993710625 0.344339621875 0.88993710625 0.25628930781250003
19 0.58176100625 0.26729559687500004 0.5227987421875 0.26729559687500004 0.5227987421875 0.3522012578125 0.58176100625 0.3522012578125 0.58176100625 0.26729559687500004
19 0.518867925 0.268867925 0.4622641515625 0.268867925 0.4622641515625 0.35141509375 0.518867925 0.35141509375 0.518867925 0.268867925
19 0.84119496875 0.2798742140625 0.797955975 0.2798742140625 0.797955975 0.34669811250000004 0.84119496875 0.34669811250000004 0.84119496875 0.2798742140625
19 0.699685534375 0.281446540625 0.65880503125 0.281446540625 0.65880503125 0.34591194999999997 0.699685534375 0.34591194999999997 0.699685534375 0.281446540625
19 0.7893081765625001 0.2798742140625 0.7531446546875 0.2798742140625 0.7531446546875 0.34669811250000004 0.7893081765625001 0.34669811250000004 0.7893081765625001 0.2798742140625
19 0.7437106921875001 0.281446540625 0.7059748421875 0.281446540625 0.7059748421875 0.348270440625 0.7437106921875001 0.348270440625 0.7437106921875001 0.281446540625
19 0.454402515625 0.290880503125 0.41194968593750003 0.290880503125 0.41194968593750003 0.3522012578125 0.454402515625 0.3522012578125 0.454402515625 0.290880503125
19 0.40408805000000003 0.2924528296875 0.3639937109375 0.2924528296875 0.3639937109375 0.35141509375 0.40408805000000003 0.35141509375 0.40408805000000003 0.2924528296875
19 0.3066037734375 0.2924528296875 0.2633647796875 0.2924528296875 0.2633647796875 0.353773584375 0.3066037734375 0.353773584375 0.3066037734375 0.2924528296875
19 0.35849056562500003 0.2924528296875 0.31289308125000004 0.2924528296875 0.31289308125000004 0.353773584375 0.35849056562500003 0.353773584375 0.35849056562500003 0.2924528296875
19 0.25471698125 0.38522012656250004 0.21933962187499997 0.38522012656250004 0.21933962187499997 0.42767295625 0.25471698125 0.42767295625 0.25471698125 0.38522012656250004
19 0.209119496875 0.3883647796875 0.1666666671875 0.3883647796875 0.1666666671875 0.42924528281249996 0.209119496875 0.42924528281249996 0.209119496875 0.3883647796875
19 0.1619496859375 0.386792453125 0.12421383593749999 0.386792453125 0.12421383593749999 0.430031446875 0.1619496859375 0.430031446875 0.1619496859375 0.386792453125
19 0.968553459375 0.396226415625 0.9323899375 0.396226415625 0.9323899375 0.48349056562500003 0.968553459375 0.48349056562500003 0.968553459375 0.396226415625
19 0.8852201265625 0.396226415625 0.853773584375 0.396226415625 0.853773584375 0.4842767296875 0.8852201265625 0.4842767296875 0.8852201265625 0.396226415625
19 0.92767295625 0.3977987421875 0.8946540875 0.3977987421875 0.8946540875 0.487421384375 0.92767295625 0.487421384375 0.92767295625 0.3977987421875
19 0.8050314468750001 0.39937106875 0.7775157234375001 0.39937106875 0.7775157234375001 0.487421384375 0.8050314468750001 0.487421384375 0.8050314468750001 0.39937106875
19 0.7704402515625 0.39937106875 0.732704403125 0.39937106875 0.732704403125 0.487421384375 0.7704402515625 0.487421384375 0.7704402515625 0.39937106875
19 0.8443396218749999 0.39937106875 0.81289308125 0.39937106875 0.81289308125 0.48977987343749996 0.8443396218749999 0.48977987343749996 0.8443396218749999 0.39937106875
19 0.3301886796875 0.39937106875 0.26022012656250004 0.39937106875 0.26022012656250004 0.48899371093750005 0.3301886796875 0.48899371093750005 0.3301886796875 0.39937106875
19 0.4842767296875 0.3977987421875 0.4143081765625 0.3977987421875 0.4143081765625 0.4921383640625 0.4842767296875 0.4921383640625 0.4842767296875 0.3977987421875
19 0.40880503125 0.3977987421875 0.3396226421875 0.3977987421875 0.3396226421875 0.4905660375 0.40880503125 0.4905660375 0.40880503125 0.3977987421875
19 0.6666666671875 0.41037735781249995 0.6124213843749999 0.41037735781249995 0.6124213843749999 0.48899371093750005 0.6666666671875 0.48899371093750005 0.6666666671875 0.41037735781249995
19 0.6022012578125 0.41037735781249995 0.555031446875 0.41037735781249995 0.555031446875 0.4905660375 0.6022012578125 0.4905660375 0.6022012578125 0.41037735781249995
19 0.550314465625 0.41194968593750003 0.4960691828125 0.41194968593750003 0.4960691828125 0.48899371093750005 0.550314465625 0.48899371093750005 0.550314465625 0.41194968593750003
19 0.7248427671875 0.41037735781249995 0.6713836484375 0.41037735781249995 0.6713836484375 0.4905660375 0.7248427671875 0.4905660375 0.7248427671875 0.41037735781249995
19 0.11792452812500001 0.4150943390625 0.043238993749999996 0.4150943390625 0.043238993749999996 0.48977987343749996 0.11792452812500001 0.48977987343749996 0.11792452812500001 0.4150943390625
19 0.25314465468749997 0.435534590625 0.2154088046875 0.435534590625 0.2154088046875 0.49135220156250003 0.25314465468749997 0.49135220156250003 0.25314465468749997 0.435534590625
19 0.21226415156249998 0.435534590625 0.1690251578125 0.435534590625 0.1690251578125 0.48977987343749996 0.21226415156249998 0.48977987343749996 0.21226415156249998 0.435534590625
19 0.16509433906249998 0.435534590625 0.1218553453125 0.435534590625 0.1218553453125 0.4921383640625 0.16509433906249998 0.4921383640625 0.16509433906249998 0.435534590625
19 0.39150943437499997 0.5613207546875 0.35770440312499996 0.5613207546875 0.35770440312499996 0.594339621875 0.39150943437499997 0.594339621875 0.39150943437499997 0.5613207546875
19 0.353773584375 0.5581761000000001 0.3207547171875 0.5581761000000001 0.3207547171875 0.5919811328125 0.353773584375 0.5919811328125 0.353773584375 0.5581761000000001
19 0.4245283015625 0.559748428125 0.3954402515625 0.559748428125 0.3954402515625 0.5951257859375 0.4245283015625 0.5951257859375 0.4245283015625 0.559748428125
19 0.23742138437500002 0.55345911875 0.1721698109375 0.55345911875 0.1721698109375 0.636792453125 0.23742138437500002 0.636792453125 0.23742138437500002 0.55345911875
19 0.3113207546875 0.55345911875 0.24685534531250003 0.55345911875 0.24685534531250003 0.6407232703125 0.3113207546875 0.6407232703125 0.3113207546875 0.55345911875
19 0.1635220125 0.55345911875 0.09591195 0.55345911875 0.09591195 0.63915094375 0.1635220125 0.63915094375 0.1635220125 0.55345911875
19 0.09119496875000001 0.555031446875 0.02437106875 0.555031446875 0.02437106875 0.63993710625 0.09119496875000001 0.63993710625 0.09119496875000001 0.555031446875
19 0.6147798734375 0.5738993703124999 0.555817609375 0.5738993703124999 0.555817609375 0.636792453125 0.6147798734375 0.636792453125 0.6147798734375 0.5738993703124999
19 0.487421384375 0.57232704375 0.4331761 0.57232704375 0.4331761 0.6375786156250001 0.487421384375 0.6375786156250001 0.487421384375 0.57232704375
19 0.9496855343749999 0.57232704375 0.8867924531250001 0.57232704375 0.8867924531250001 0.6375786156250001 0.9496855343749999 0.6375786156250001 0.9496855343749999 0.57232704375
19 0.877358490625 0.57232704375 0.8183962265625 0.57232704375 0.8183962265625 0.636792453125 0.877358490625 0.636792453125 0.877358490625 0.57232704375
19 0.7405660375 0.5738993703124999 0.68710691875 0.5738993703124999 0.68710691875 0.6352201265625 0.7405660375 0.6352201265625 0.7405660375 0.5738993703124999
19 0.5518867921874999 0.57232704375 0.5 0.57232704375 0.5 0.636792453125 0.5518867921874999 0.636792453125 0.5518867921874999 0.57232704375
19 0.6792452828125 0.5738993703124999 0.625 0.5738993703124999 0.625 0.63915094375 0.6792452828125 0.63915094375 0.6792452828125 0.5738993703124999
19 0.8050314468750001 0.57232704375 0.7507861640625 0.57232704375 0.7507861640625 0.63915094375 0.8050314468750001 0.63915094375 0.8050314468750001 0.57232704375
19 0.3474842765625 0.6022012578125 0.3183962265625 0.6022012578125 0.3183962265625 0.6352201265625 0.3474842765625 0.6352201265625 0.3474842765625 0.6022012578125
19 0.4261006296875 0.6006289312499999 0.39465408750000003 0.6006289312499999 0.39465408750000003 0.6360062890625 0.4261006296875 0.6360062890625 0.4261006296875 0.6006289312499999
19 0.38993710625 0.6022012578125 0.353773584375 0.6022012578125 0.353773584375 0.6383647796874999 0.38993710625 0.6383647796874999 0.38993710625 0.6022012578125