19 0.8265625 0.2001681171875 0.7959058546875 0.2001681171875 0.7959058546875 0.238933940625 0.8265625 0.238933940625 0.8265625 0.2001681171875
19 0.78125 0.2390625 0.78125 0.2043413765625 0.7531151109375 0.2043413765625 0.7531151109375 0.2390625 0.78125 0.2390625
19 0.9125 0.2515625 0.9125 0.1947488125 0.8169106015625 0.1947488125 0.8169106015625 0.2515625 0.9125 0.2515625
19 0.5625 0.25625 0.5625 0.19204905 0.46842365468749997 0.19204905 0.46842365468749997 0.25625 0.5625 0.25625
19 0.1890625 0.2546875 0.1890625 0.1972013453125 0.0906843359375 0.1972013453125 0.0906843359375 0.2546875 0.1890625 0.2546875
19 0.15 0.2546875 0.2328125 0.2546875 0.2328125 0.21039359218749998 0.15 0.21039359218749998 0.15 0.2546875
19 0.5953125 0.2578125 0.66875 0.2578125 0.66875 0.20718947656250003 0.5953125 0.20718947656250003 0.5953125 0.2578125
19 0.5375 0.2609375 0.6140625 0.2609375 0.6140625 0.20987935000000002 0.5375 0.20987935000000002 0.5375 0.2609375
19 0.7045490515624999 0.2671875 0.7045490515624999 0.21725672343750002 0.66420095 0.21725672343750002 0.66420095 0.2671875 0.7045490515624999 0.2671875
19 0.6984375 0.2625 0.7495154265624999 0.2625 0.7495154265624999 0.2206586234375 0.6984375 0.2206586234375 0.6984375 0.2625
19 0.253125 0.2625 0.308860759375 0.2625 0.308860759375 0.223101265625 0.253125 0.223101265625 0.253125 0.2625
19 0.8296875 0.23336629687500002 0.7984375 0.23336629687500002 0.7984375 0.2697587015625 0.8296875 0.2697587015625 0.8296875 0.23336629687500002
19 0.7546875 0.271875 0.790625 0.271875 0.790625 0.240625 0.7546875 0.240625 0.7546875 0.271875
19 0.54375 0.390625 0.54375 0.3619758703125 0.5094442234375001 0.3619758703125 0.5094442234375001 0.390625 0.54375 0.390625
19 0.50625 0.390625 0.50625 0.365625 0.4720431171875 0.365625 0.4720431171875 0.390625 0.50625 0.390625
19 0.8359375 0.4109375 0.8359375 0.35032634375 0.74889240625 0.35032634375 0.74889240625 0.4109375 0.8359375 0.4109375
19 0.8875 0.425 0.8875 0.340625 0.8269284015625 0.340625 0.8269284015625 0.425 0.8875 0.425
19 0.6849485765625001 0.3515625 0.6849485765625001 0.4234375 0.7181764234375 0.4234375 0.7181764234375 0.3515625 0.6849485765625001 0.3515625
19 0.609375 0.425 0.609375 0.3677215203125 0.5539161390625 0.3677215203125 0.5539161390625 0.425 0.609375 0.425
19 0.675 0.4234375 0.675 0.3701443828125 0.6169699375000001 0.3701443828125 0.6169699375000001 0.4234375 0.675 0.4234375
19 0.765625 0.4203125 0.765625 0.379242484375 0.71565466875 0.379242484375 0.71565466875 0.4203125 0.765625 0.4203125
19 0.50625 0.4265625 0.50625 0.391307359375 0.47787776875 0.391307359375 0.47787776875 0.4265625 0.50625 0.4265625
19 0.5453125 0.4296875 0.5453125 0.39375 0.513123021875 0.39375 0.513123021875 0.4296875 0.5453125 0.4296875
19 0.796875 0.5671875 0.796875 0.500089003125 0.71673259375 0.500089003125 0.71673259375 0.5671875 0.796875 0.5671875