19 0.7140625 0.29375 0.76875 0.29375 0.76875 0.1921875 0.7140625 0.1921875 0.7140625 0.29375
19 0.8578125 0.2734375 0.8578125 0.2234375 0.758203125 0.2234375 0.758203125 0.2734375 0.8578125 0.2734375
19 0.9 0.200390625 0.8484375 0.200390625 0.8484375 0.3 0.9 0.3 0.9 0.200390625
19 0.9859375 0.28125 0.9859375 0.228515625 0.8859375 0.228515625 0.8859375 0.28125 0.9859375 0.28125
19 0.1375 0.4125 0.1375 0.30234375 0.038671875 0.30234375 0.038671875 0.4125 0.1375 0.4125
19 0.2578125 0.409375 0.2578125 0.312890625 0.157421875 0.312890625 0.157421875 0.409375 0.2578125 0.409375
19 0.3765625 0.306640625 0.27421875 0.306640625 0.27421875 0.4140625 0.3765625 0.4140625 0.3765625 0.306640625
19 0.3953125 0.3109375 0.3953125 0.4125 0.4984375 0.4125 0.4984375 0.3109375 0.3953125 0.3109375
19 0.5921875 0.4125 0.5921875 0.327734375 0.510546875 0.327734375 0.510546875 0.4125 0.5921875 0.4125
19 0.607421875 0.3359375 0.607421875 0.4140625 0.6890625 0.4140625 0.6890625 0.3359375 0.607421875 0.3359375
19 0.690625 0.41875 0.771875 0.41875 0.771875 0.3375 0.690625 0.3375 0.690625 0.41875
19 0.771875 0.3578125 0.771875 0.4046875 0.84375 0.4046875 0.84375 0.3578125 0.771875 0.3578125
19 0.896875 0.40625 0.896875 0.35859375 0.82578125 0.35859375 0.82578125 0.40625 0.896875 0.40625
19 0.88125 0.3625 0.88125 0.409375 0.953125 0.409375 0.953125 0.3625 0.88125 0.3625
19 0.1703125 0.55 0.1703125 0.44765625 0.05078125 0.44765625 0.05078125 0.55 0.1703125 0.55
19 0.7140625 0.470703125 0.674609375 0.470703125 0.674609375 0.524609375 0.7140625 0.524609375 0.7140625 0.470703125
19 0.278125 0.546875 0.278125 0.45234375 0.16015625 0.45234375 0.16015625 0.546875 0.278125 0.546875
19 0.792578125 0.4765625 0.792578125 0.525 0.828125 0.525 0.828125 0.4765625 0.792578125 0.4765625
19 0.7296875 0.4828125 0.7296875 0.5203125 0.778125 0.5203125 0.778125 0.4828125 0.7296875 0.4828125
19 0.375 0.5421875 0.375 0.458984375 0.25859375 0.458984375 0.25859375 0.5421875 0.375 0.5421875
19 0.4578125 0.5515625 0.4578125 0.47265625 0.36484375 0.47265625 0.36484375 0.5515625 0.4578125 0.5515625
19 0.4578125 0.465625 0.4578125 0.5609375 0.5359375 0.5609375 0.5359375 0.465625 0.4578125 0.465625
19 0.54375 0.49375 0.54375 0.5625 0.596875 0.5625 0.596875 0.49375 0.54375 0.49375
19 0.9328125 0.483203125 0.86875 0.483203125 0.86875 0.571875 0.9328125 0.571875 0.9328125 0.483203125
19 0.6578125 0.5609375 0.6578125 0.495703125 0.605078125 0.495703125 0.605078125 0.5609375 0.6578125 0.5609375
19 0.7109375 0.565625 0.7109375 0.518359375 0.673046875 0.518359375 0.673046875 0.565625 0.7109375 0.565625
19 0.775 0.523828125 0.728125 0.523828125 0.728125 0.5609375 0.775 0.5609375 0.775 0.523828125
19 0.8296875 0.523046875 0.78125 0.523046875 0.78125 0.5609375 0.8296875 0.5609375 0.8296875 0.523046875