19 0.2296875 0.7421875 0.2734375 0.7421875 0.2734375 0.720703125 0.2296875 0.720703125 0.2296875 0.7421875
19 0.265625 0.7109375 0.265625 0.753125 0.2875 0.753125 0.2875 0.7109375 0.265625 0.7109375
19 0.290625 0.7140625 0.290625 0.75625 0.3125 0.75625 0.3125 0.7140625 0.290625 0.7140625
19 0.4078125 0.74375 0.4078125 0.719921875 0.36640625 0.719921875 0.36640625 0.74375 0.4078125 0.74375
19 0.35 0.7203125 0.309765625 0.7203125 0.309765625 0.7484375 0.35 0.7484375 0.35 0.7203125
19 0.3453125 0.7140625 0.3453125 0.7546875 0.36875 0.7546875 0.36875 0.7140625 0.3453125 0.7140625
19 0.3953125 0.721875 0.3953125 0.7484375 0.4375 0.7484375 0.4375 0.721875 0.3953125 0.721875
19 0.246875 0.840625 0.26875 0.840625 0.26875 0.819140625 0.246875 0.819140625 0.246875 0.840625
19 0.2921875 0.840625 0.2921875 0.82421875 0.271484375 0.82421875 0.271484375 0.840625 0.2921875 0.840625
19 0.5375 0.83046875 0.485546875 0.83046875 0.485546875 0.8734375 0.5375 0.8734375 0.5375 0.83046875
19 0.4390625 0.878125 0.4390625 0.828515625 0.399609375 0.828515625 0.399609375 0.878125 0.4390625 0.878125
19 0.3578125 0.8765625 0.396875 0.8765625 0.396875 0.828515625 0.3578125 0.828515625 0.3578125 0.8765625
19 0.44375 0.83125 0.44375 0.8796875 0.4890625 0.8796875 0.4890625 0.83125 0.44375 0.83125
19 0.2671875 0.8796875 0.2671875 0.856640625 0.245703125 0.856640625 0.245703125 0.8796875 0.2671875 0.8796875
19 0.271484375 0.8578125 0.271484375 0.8796875 0.2953125 0.8796875 0.2953125 0.8578125 0.271484375 0.8578125
19 0.21875 0.2046875 0.21875 0.29375 0.2703125 0.29375 0.2703125 0.2046875 0.21875 0.2046875
19 0.644140625 0.2125 0.644140625 0.2921875 0.6921875 0.2921875 0.6921875 0.2125 0.644140625 0.2125
19 0.308203125 0.2265625 0.308203125 0.2765625 0.3921875 0.2765625 0.3921875 0.2265625 0.308203125 0.2265625
19 0.694921875 0.2109375 0.694921875 0.29375 0.7453125 0.29375 0.7453125 0.2109375 0.694921875 0.2109375
19 0.809375 0.2734375 0.809375 0.23046875 0.727734375 0.23046875 0.727734375 0.2734375 0.809375 0.2734375
19 0.65625 0.278125 0.65625 0.226953125 0.5765625 0.226953125 0.5765625 0.278125 0.65625 0.278125
19 0.5984375 0.230078125 0.52421875 0.230078125 0.52421875 0.275 0.5984375 0.275 0.5984375 0.230078125
19 0.3234375 0.29375 0.3234375 0.212890625 0.273046875 0.212890625 0.273046875 0.29375 0.3234375 0.29375
19 0.4921875 0.2796875 0.4921875 0.229296875 0.417578125 0.229296875 0.417578125 0.2796875 0.4921875 0.2796875
19 0.5453125 0.278125 0.5453125 0.23046875 0.474609375 0.23046875 0.474609375 0.278125 0.5453125 0.278125
19 0.377734375 0.215625 0.377734375 0.29375 0.4265625 0.29375 0.4265625 0.215625 0.377734375 0.215625
19 0.2796875 0.3546875 0.2796875 0.3953125 0.3640625 0.3953125 0.3640625 0.3546875 0.2796875 0.3546875
19 0.346875 0.334375 0.346875 0.41875 0.3890625 0.41875 0.3890625 0.334375 0.346875 0.334375
19 0.709375 0.4 0.709375 0.364453125 0.6453125 0.364453125 0.6453125 0.4 0.709375 0.4
19 0.59765625 0.3984375 0.59765625 0.363671875 0.53125 0.363671875 0.53125 0.3984375 0.59765625 0.3984375
19 0.7203125 0.3640625 0.7203125 0.4 0.784375 0.4 0.784375 0.3640625 0.7203125 0.3640625
19 0.6203125 0.35 0.6203125 0.4140625 0.65625 0.4140625 0.65625 0.35 0.6203125 0.35
19 0.7453125 0.3984375 0.7453125 0.36640625 0.68359375 0.36640625 0.68359375 0.3984375 0.7453125 0.3984375
19 0.6328125 0.365625 0.566015625 0.365625 0.566015625 0.3984375 0.6328125 0.3984375 0.6328125 0.365625
19 0.54375 0.350390625 0.5078125 0.350390625 0.5078125 0.415625 0.54375 0.415625 0.54375 0.350390625
19 0.4421875 0.36796875 0.378515625 0.36796875 0.378515625 0.4015625 0.4421875 0.4015625 0.4421875 0.36796875
19 0.5046875 0.351953125 0.46875 0.351953125 0.46875 0.415625 0.5046875 0.415625 0.5046875 0.351953125
19 0.431640625 0.353125 0.431640625 0.4171875 0.465625 0.4171875 0.465625 0.353125 0.431640625 0.353125
19 0.3875 0.45 0.3875 0.5296875 0.4203125 0.5296875 0.4203125 0.45 0.3875 0.45
19 0.421875 0.45 0.421875 0.528125 0.4578125 0.528125 0.4578125 0.45 0.421875 0.45
19 0.309375 0.45 0.309375 0.53125 0.3453125 0.53125 0.3453125 0.45 0.309375 0.45
19 0.3296875 0.50625 0.3296875 0.473828125 0.250390625 0.473828125 0.250390625 0.50625 0.3296875 0.50625
19 0.234375 0.4515625 0.234375 0.53125 0.2703125 0.53125 0.2703125 0.4515625 0.234375 0.4515625
19 0.696875 0.462890625 0.6703125 0.462890625 0.6703125 0.528125 0.696875 0.528125 0.696875 0.462890625
19 0.3828125 0.5296875 0.3828125 0.458984375 0.348046875 0.458984375 0.348046875 0.5296875 0.3828125 0.5296875
19 0.625 0.5078125 0.625 0.48125 0.560546875 0.48125 0.560546875 0.5078125 0.625 0.5078125
19 0.639453125 0.4625 0.639453125 0.5296875 0.6671875 0.5296875 0.6671875 0.4625 0.639453125 0.4625
19 0.609765625 0.4609375 0.609765625 0.5296875 0.6359375 0.5296875 0.6359375 0.4609375 0.609765625 0.4609375
19 0.4625 0.4625 0.4625 0.528125 0.4875 0.528125 0.4875 0.4625 0.4625 0.4625
19 0.5484375 0.528125 0.5484375 0.4625 0.522265625 0.4625 0.522265625 0.528125 0.5484375 0.528125
19 0.5375 0.509375 0.5375 0.4828125 0.470703125 0.4828125 0.470703125 0.509375 0.5375 0.509375
19 0.5953125 0.5078125 0.5953125 0.483984375 0.53203125 0.483984375 0.53203125 0.5078125 0.5953125 0.5078125
19 0.48125 0.6234375 0.48125 0.58046875 0.424609375 0.58046875 0.424609375 0.6234375 0.48125 0.6234375
19 0.386328125 0.575 0.386328125 0.6328125 0.4296875 0.6328125 0.4296875 0.575 0.386328125 0.575