19 0.798234578125 0.1046875 0.798234578125 0.0345982140625 0.767390421875 0.0345982140625 0.767390421875 0.1046875 0.798234578125 0.1046875
19 0.78125 0.084375 0.78125 0.0546875 0.7099228890625 0.0546875 0.7099228890625 0.084375 0.78125 0.084375
19 0.71875 0.1046875 0.71875 0.0341923703125 0.690046671875 0.0341923703125 0.690046671875 0.1046875 0.71875 0.1046875
19 0.6828125 0.10625 0.6828125 0.0356737015625 0.6555803578125 0.0356737015625 0.6555803578125 0.10625 0.6828125 0.10625
19 0.6984375 0.265625 0.6984375 0.21325081250000003 0.6233664765625 0.21325081250000003 0.6233664765625 0.265625 0.6984375 0.265625
19 0.6296875 0.2671875 0.6296875 0.204809253125 0.5841517859375001 0.204809253125 0.5841517859375001 0.2671875 0.6296875 0.2671875
19 0.5828125 0.2609375 0.5828125 0.2146509734375 0.521428571875 0.2146509734375 0.521428571875 0.2609375 0.5828125 0.2609375
19 0.975 0.3875 0.975 0.320190746875 0.9076907468750001 0.320190746875 0.9076907468750001 0.3875 0.975 0.3875
19 0.834375 0.384375 0.9015625 0.384375 0.9015625 0.318658684375 0.834375 0.318658684375 0.834375 0.384375
19 0.7609375 0.3875 0.828125 0.3875 0.828125 0.320190746875 0.7609375 0.320190746875 0.7609375 0.3875
19 0.7546875 0.3875 0.7546875 0.32411728906250004 0.6892045453125 0.32411728906250004 0.6892045453125 0.3875 0.7546875 0.3875
19 0.234375 0.384375 0.290625 0.384375 0.290625 0.33458806874999997 0.234375 0.33458806874999997 0.234375 0.384375
19 0.3640625 0.33028611875 0.3063007296875 0.33028611875 0.3063007296875 0.3935978078125 0.3640625 0.3935978078125 0.3640625 0.33028611875
19 0.434375 0.39375 0.434375 0.3307325484375 0.377729303125 0.3307325484375 0.377729303125 0.39375 0.434375 0.39375
19 0.228125 0.3921875 0.228125 0.334375 0.1660105515625 0.334375 0.1660105515625 0.3921875 0.228125 0.3921875
19 0.5484375 0.33927556718749996 0.5015625 0.33927556718749996 0.5015625 0.39041193125 0.5484375 0.39041193125 0.5484375 0.33927556718749996
19 0.10315543906249999 0.3968445625 0.1640320609375 0.3968445625 0.1640320609375 0.3359679390625 0.10315543906249999 0.3359679390625 0.10315543906249999 0.3968445625
19 0.49375 0.3409801125 0.44446022812499997 0.3409801125 0.44446022812499997 0.3921164765625 0.49375 0.3921164765625 0.49375 0.3409801125
19 0.68125 0.3440543828125 0.6219054374999999 0.3440543828125 0.6219054374999999 0.3903206171875 0.68125 0.3903206171875 0.68125 0.3440543828125
19 0.5551237828125 0.34375 0.5551237828125 0.390625 0.6151887171875 0.390625 0.6151887171875 0.34375 0.5551237828125 0.34375
19 0.821875 0.6328125 0.8703125 0.6328125 0.8703125 0.578125 0.821875 0.578125 0.821875 0.6328125
19 0.684375 0.589853896875 0.6401887171875 0.589853896875 0.6401887171875 0.626379871875 0.684375 0.626379871875 0.684375 0.589853896875
19 0.9453125 0.6359375 0.9453125 0.5753145296875 0.896590909375 0.5753145296875 0.8965909078125 0.6359375 0.9453125 0.6359375
19 0.775 0.6234375 0.775 0.5921875 0.7282264609375 0.5921875 0.7282264609375 0.6234375 0.775 0.6234375
19 0.6375 0.6296875 0.6375 0.5858056015625001 0.605428165625 0.5858056015625001 0.605428165625 0.6296875 0.6375 0.6296875
19 0.725 0.625 0.725 0.59375 0.6824269484375 0.59375 0.6824269484375 0.625 0.725 0.625
19 0.8140625 0.6265625 0.8140625 0.5909598218750001 0.7704951296875 0.5909598218750001 0.7704951296875 0.6265625 0.8140625 0.6265625
19 0.68125 0.6953125 0.68125 0.66896306875 0.644297890625 0.66896306875 0.644297890625 0.6953125 0.68125 0.6953125
19 0.7140625 0.7 0.7140625 0.664153815625 0.6871753234375 0.664153815625 0.6871753234375 0.7 0.7140625 0.7
19 0.75625 0.7 0.75625 0.663778409375 0.726095778125 0.663778409375 0.726095778125 0.7 0.75625 0.7
19 0.7674512984375 0.665625 0.7674512984375 0.7 0.7950487015625 0.7 0.7950487015625 0.665625 0.7674512984375 0.665625
19 0.9015625 0.725 0.9015625 0.703125 0.872077921875 0.703125 0.872077921875 0.725 0.9015625 0.725
19 0.8359375 0.725 0.8359375 0.7027698874999999 0.81046063125 0.7027698874999999 0.81046063125 0.725 0.8359375 0.725
19 0.865625 0.7296875 0.865625 0.700091315625 0.8415990265625 0.700091315625 0.8415990265625 0.7296875 0.865625 0.7296875
19 0.909375 0.7265625 0.9453125 0.7265625 0.9453125 0.70625 0.909375 0.70625 0.909375 0.7265625
19 0.684375 0.722270696875 0.653125 0.722270696875 0.653125 0.7636668015625 0.684375 0.7636668015625 0.684375 0.722270696875
19 0.7265625 0.765625 0.7265625 0.721875 0.6934862015625 0.721875 0.6934862015625 0.765625 0.7265625 0.765625
19 0.7734375 0.7625 0.7734375 0.7296875 0.7319906656249999 0.7296875 0.7319906656249999 0.7625 0.7734375 0.7625
19 0.775284090625 0.73125 0.775284090625 0.7625 0.8150568187499999 0.7625 0.8150568187499999 0.73125 0.775284090625 0.73125
19 0.915625 0.7703125 0.915625 0.7369521109375 0.8935166390625 0.7369521109375 0.8935166390625 0.7703125 0.915625 0.7703125
19 0.8203125 0.765625 0.8515625 0.765625 0.8515625 0.7436992703125 0.8203125 0.7436992703125 0.8203125 0.765625
19 0.878125 0.76875 0.878125 0.740533684375 0.8569196421875 0.740533684375 0.8569196421875 0.76875 0.878125 0.76875
19 0.9578125 0.7671875 0.9578125 0.7453733765624999 0.9254768671875 0.7453733765624999 0.9254768671875 0.7671875 0.9578125 0.7671875