19 0.757421875 0.1875 0.757421875 0.155078125 0.722265625 0.155078125 0.722265625 0.1875 0.757421875 0.1875
19 0.1953125 0.215625 0.1953125 0.147265625 0.1140625 0.147265625 0.1140625 0.215625 0.1953125 0.215625
19 0.1859375 0.15 0.1859375 0.2171875 0.2625 0.2171875 0.2625 0.15 0.1859375 0.15
19 0.328125 0.2203125 0.39375 0.2203125 0.39375 0.145703125 0.328125 0.145703125 0.328125 0.2203125
19 0.259375 0.2203125 0.325 0.2203125 0.325 0.147265625 0.259375 0.147265625 0.259375 0.2203125
19 0.396875 0.1484375 0.396875 0.221875 0.465625 0.221875 0.465625 0.1484375 0.396875 0.1484375
19 0.5296875 0.2125 0.5296875 0.16484375 0.46171875 0.16484375 0.46171875 0.2125 0.5296875 0.2125
19 0.5234375 0.1546875 0.5234375 0.2234375 0.5703125 0.2234375 0.5703125 0.1546875 0.5234375 0.1546875
19 0.7171875 0.21875 0.7171875 0.16640625 0.65390625 0.16640625 0.65390625 0.21875 0.7171875 0.21875
19 0.578125 0.1703125 0.578125 0.221875 0.6109375 0.221875 0.6109375 0.1703125 0.578125 0.1703125
19 0.610546875 0.178125 0.610546875 0.2125 0.6609375 0.2125 0.6609375 0.178125 0.610546875 0.178125
19 0.753125 0.2234375 0.753125 0.190625 0.723828125 0.190625 0.723828125 0.2234375 0.753125 0.2234375
19 0.74375 0.259375 0.74375 0.3125 0.796875 0.3125 0.796875 0.259375 0.74375 0.259375
19 0.1734375 0.289453125 0.140625 0.289453125 0.140625 0.34375 0.1734375 0.34375 0.1734375 0.289453125
19 0.178125 0.2890625 0.178125 0.34375 0.2109375 0.34375 0.2109375 0.2890625 0.178125 0.2890625
19 0.2515625 0.289453125 0.21875 0.289453125 0.21875 0.34375 0.2515625 0.34375 0.2515625 0.289453125
19 0.296875 0.301953125 0.2421875 0.301953125 0.2421875 0.33125 0.296875 0.33125 0.296875 0.301953125
19 0.79375 0.36875 0.79375 0.31171875 0.754296875 0.31171875 0.754296875 0.36875 0.79375 0.36875
19 0.745703125 0.378125 0.745703125 0.4265625 0.8 0.4265625 0.8 0.378125 0.745703125 0.378125
19 0.286328125 0.384375 0.286328125 0.4640625 0.3515625 0.4640625 0.3515625 0.384375 0.286328125 0.384375
19 0.2140625 0.4578125 0.2890625 0.4578125 0.2890625 0.392578125 0.2140625 0.392578125 0.2140625 0.4578125
19 0.2140625 0.4578125 0.2140625 0.39296875 0.138671875 0.39296875 0.138671875 0.4578125 0.2140625 0.4578125
19 0.41875 0.391796875 0.3546875 0.391796875 0.3546875 0.4609375 0.41875 0.4609375 0.41875 0.391796875
19 0.419140625 0.4015625 0.419140625 0.459375 0.4796875 0.459375 0.4796875 0.4015625 0.419140625 0.4015625
19 0.56875 0.45625 0.56875 0.42265625 0.521484375 0.42265625 0.521484375 0.45625 0.56875 0.45625
19 0.528125 0.4546875 0.528125 0.421484375 0.480078125 0.421484375 0.480078125 0.4546875 0.528125 0.4546875
19 0.796875 0.484375 0.796875 0.43203125 0.74921875 0.43203125 0.74921875 0.484375 0.796875 0.484375
19 0.8 0.540625 0.8 0.493359375 0.746875 0.493359375 0.746875 0.540625 0.8 0.540625
19 0.7984375 0.578125 0.745703125 0.578125 0.745703125 0.628125 0.7984375 0.628125 0.7984375 0.578125