19 0.65859375 0.275 0.56875 0.275 0.56875 0.346875 0.65859375 0.346875 0.65859375 0.275
19 0.86015625 0.275 0.7625 0.275 0.7625 0.34609375 0.86015625 0.34609375 0.86015625 0.275
19 0.759375 0.278125 0.665625 0.278125 0.665625 0.34765625 0.759375 0.34765625 0.759375 0.278125
19 0.953125 0.278125 0.8609375 0.278125 0.8609375 0.346875 0.953125 0.346875 0.953125 0.278125
19 0.96171875 0.378125 0.890625 0.378125 0.890625 0.41328125 0.96171875 0.41328125 0.96171875 0.378125
19 0.88359375 0.3765625 0.8125 0.3765625 0.8125 0.41484375 0.88359375 0.41484375 0.88359375 0.3765625
19 0.809375 0.378125 0.7328125 0.378125 0.7328125 0.41640625 0.809375 0.41640625 0.809375 0.378125
19 0.6484375 0.3796875 0.584375 0.3796875 0.584375 0.415625 0.6484375 0.415625 0.6484375 0.3796875
19 0.7296875 0.38125 0.65625 0.38125 0.65625 0.41640625 0.7296875 0.41640625 0.7296875 0.38125
19 0.45703125 0.3890625 0.4171875 0.3890625 0.4171875 0.4109375 0.45703125 0.4109375 0.45703125 0.3890625
19 0.41171875 0.3890625 0.371875 0.3890625 0.371875 0.4109375 0.41171875 0.4109375 0.41171875 0.3890625
19 0.57421875 0.38125 0.515625 0.38125 0.515625 0.4171875 0.57421875 0.4171875 0.57421875 0.38125
19 0.3671875 0.3890625 0.325 0.3890625 0.325 0.4109375 0.3671875 0.4109375 0.3671875 0.3890625
19 0.50546875 0.3890625 0.465625 0.3890625 0.465625 0.4109375 0.50546875 0.4109375 0.50546875 0.3890625
19 0.4109375 0.4109375 0.3625 0.4109375 0.3625 0.43828125 0.4109375 0.43828125 0.4109375 0.4109375
19 0.35859375 0.4109375 0.315625 0.4109375 0.315625 0.43828125 0.35859375 0.43828125 0.35859375 0.4109375
19 0.46171875 0.4125 0.40625 0.4125 0.40625 0.43984375 0.46171875 0.43984375 0.46171875 0.4125
19 0.50390625 0.415625 0.4640625 0.415625 0.4640625 0.4375 0.50390625 0.4375 0.50390625 0.415625
19 0.57578125 0.4171875 0.509375 0.4171875 0.509375 0.4625 0.57578125 0.4625 0.57578125 0.4171875
19 0.9609375 0.415625 0.8875 0.415625 0.8875 0.4640625 0.9609375 0.4640625 0.9609375 0.415625
19 0.8796875 0.4171875 0.8125 0.4171875 0.8125 0.465625 0.8796875 0.465625 0.8796875 0.4171875
19 0.65 0.41875 0.5828125 0.41875 0.5828125 0.4640625 0.65 0.4640625 0.65 0.41875
19 0.8109375 0.41875 0.7375 0.41875 0.7375 0.465625 0.8109375 0.465625 0.8109375 0.41875
19 0.73125 0.4203125 0.6578125 0.4203125 0.6578125 0.465625 0.73125 0.465625 0.73125 0.4203125
19 0.196875 0.425 0.1390625 0.425 0.1390625 0.465625 0.196875 0.465625 0.196875 0.425
19 0.2546875 0.4234375 0.196875 0.4234375 0.196875 0.46640625 0.2546875 0.46640625 0.2546875 0.4234375
19 0.309375 0.425 0.2578125 0.425 0.2578125 0.4671875 0.309375 0.4671875 0.309375 0.425
19 0.13828125 0.4265625 0.0828125 0.4265625 0.0828125 0.4671875 0.13828125 0.4671875 0.13828125 0.4265625
19 0.409375 0.440625 0.3671875 0.440625 0.3671875 0.465625 0.409375 0.465625 0.409375 0.440625
19 0.4609375 0.440625 0.41875 0.440625 0.41875 0.46484375 0.4609375 0.46484375 0.4609375 0.440625
19 0.36015625 0.440625 0.3171875 0.440625 0.3171875 0.465625 0.36015625 0.465625 0.36015625 0.440625
19 0.50546875 0.4421875 0.4671875 0.4421875 0.4671875 0.46640625 0.50546875 0.46640625 0.50546875 0.4421875