19 0.7375 0.484375 0.7375 0.4372891859375 0.5628720234375 0.4372891859375 0.5628720234375 0.484375 0.7375 0.484375
19 0.8703125 0.5046875 0.8703125 0.466046625 0.750632440625 0.466046625 0.750632440625 0.5046875 0.8703125 0.5046875
19 0.825 0.5046875 0.825 0.4661334328125 0.705394346875 0.4661334328125 0.705394346875 0.5046875 0.825 0.5046875
19 0.4140625 0.7 0.21825396718749998 0.7 0.21825396718749998 0.749751984375 0.4140625 0.749751984375 0.4140625 0.7
19 1 0.6890873015625 0.870659721875 0.6890873015625 0.870659721875 0.7640625 1 0.7640625 1 0.6890873015625
19 0.9171875 0.809375 0.9171875 0.6504960328125 0.8277529765624999 0.6504960328125 0.8277529765624999 0.809375 0.9171875 0.809375
19 0.4921875 0.821875 0.4921875 0.6517981171875 0.4099578390625 0.6517981171875 0.4099578390625 0.821875 0.4921875 0.821875
19 0.740625 0.8203125 0.8234375 0.8203125 0.8234375 0.6869791671875001 0.740625 0.6869791671875001 0.740625 0.8203125
19 0.221875 0.8375 0.221875 0.6727182546875 0.160193453125 0.6727182546875 0.160193453125 0.8375 0.221875 0.8375
19 0.34375 0.8296875 0.409375 0.8296875 0.409375 0.6890625 0.34375 0.6890625 0.34375 0.8296875
19 0.7734375 0.7875 0.7734375 0.737115575 0.653757440625 0.737115575 0.653757440625 0.7875 0.7734375 0.7875
19 0.3125 0.8 0.3125 0.748065475 0.19326636875 0.7480654765625 0.19326636875 0.8 0.3125 0.8
19 0.175 0.8109375 0.175 0.7708829374999999 0.10448908750000001 0.7708829374999999 0.10448908750000001 0.8109375 0.175 0.8109375