19 0.2203125 0.1859375 0.2734375 0.1859375 0.2734375 0.09031249999999999 0.2203125 0.09031249999999999 0.2203125 0.1859375
19 0.13125 0.16875 0.228125 0.16875 0.228125 0.1134375 0.13125 0.1134375 0.13125 0.16875
19 0.4671875 0.1176041671875 0.3859375 0.1176041671875 0.3859375 0.1671875 0.4671875 0.1671875 0.4671875 0.1176041671875
19 0.08343749843750001 0.0953125 0.08343749843750001 0.1921875 0.145104165625 0.1921875 0.145104165625 0.0953125 0.08343749843750001 0.0953125
19 0.3546875 0.1671875 0.3546875 0.120677084375 0.2737499984375 0.120677084375 0.2737499984375 0.1671875 0.3546875 0.1671875
19 0.3921875 0.1859375 0.3921875 0.103125 0.3453645828125 0.103125 0.3453645828125 0.1859375 0.3921875 0.1859375
19 0.696875 0.1734375 0.7421875 0.1734375 0.7421875 0.115625 0.696875 0.115625 0.696875 0.1734375
19 0.79375 0.175 0.79375 0.1160416671875 0.7515625 0.1160416671875 0.7515625 0.175 0.79375 0.175
19 0.0115104171875 0.1 0.0115104171875 0.196875 0.0681770828125 0.196875 0.0681770828125 0.1 0.0115104171875 0.1
19 0.6765625 0.1765625 0.6765625 0.118854165625 0.6317708328125 0.118854165625 0.6317708328125 0.1765625 0.6765625 0.1765625
19 0.1828125 0.35625 0.1828125 0.264947915625 0.11229166718750001 0.264947915625 0.11229166718750001 0.35625 0.1828125 0.35625
19 0.2734375 0.3421875 0.2734375 0.2811458328125 0.1770833328125 0.2811458328125 0.1770833328125 0.3421875 0.2734375 0.3421875
19 0.4578125 0.2828645828125 0.3984375 0.2828645828125 0.3984375 0.3561979171875 0.4578125 0.3561979171875 0.4578125 0.2828645828125
19 0.396875 0.346875 0.396875 0.29359375 0.3232291671875 0.29359375 0.3232291671875 0.346875 0.396875 0.346875
19 0.2568229171875 0.2921875 0.2568229171875 0.35 0.3326562515625 0.35 0.3326562515625 0.2921875 0.2568229171875 0.2921875
19 0.8390625 0.3546875 0.8390625 0.291614584375 0.7514062499999999 0.291614584375 0.7514062499999999 0.3546875 0.8390625 0.3546875
19 0.999791665625 0.3546875 0.999791665625 0.29171874999999997 0.9564583328125 0.29171874999999997 0.9564583328125 0.3546875 0.999791665625 0.3546875
19 0.9421875 0.3546875 0.9421875 0.2911979171875 0.8570312515625 0.2911979171875 0.8570312515625 0.3546875 0.9421875 0.3546875
19 0.6328125 0.35 0.6328125 0.305104165625 0.5747916671875 0.305104165625 0.5747916671875 0.35 0.6328125 0.35
19 0.5125 0.3578125 0.5125 0.3015625 0.46687500000000004 0.3015625 0.46687500000000004 0.3578125 0.5125 0.3578125
19 0.5703125 0.3578125 0.5703125 0.3019791671875 0.521458334375 0.3019791671875 0.521458334375 0.3578125 0.5703125 0.3578125
19 0.7265625 0.3625 0.7265625 0.31484375 0.6941145843750001 0.31484375 0.6941145843750001 0.3625 0.7265625 0.3625
19 0.675 0.3609375 0.675 0.31609375 0.641770834375 0.31609375 0.641770834375 0.3609375 0.675 0.3609375
19 0.3788020828125 0.41276041562500004 0.3788020828125 0.48859375 0.46380208281249996 0.48859375 0.46380208281249996 0.41276041562500004 0.3788020828125 0.41276041562500004
19 0.55 0.41182291718749997 0.462604165625 0.41182291718749997 0.462604165625 0.4934895828125 0.55 0.4934895828125 0.55 0.41182291718749997
19 0.096875 0.4859375 0.096875 0.4285416671875 0.0357291671875 0.4285416671875 0.0357291671875 0.4859375 0.096875 0.4859375
19 0.175 0.4921875 0.2390625 0.4921875 0.2390625 0.421875 0.175 0.421875 0.175 0.4921875
19 0.3109375 0.490625 0.3109375 0.42854166562499996 0.24828125 0.42854166562499996 0.24828125 0.490625 0.3109375 0.490625
19 0.31875 0.4890625 0.3828125 0.4890625 0.3828125 0.42984375 0.31875 0.42984375 0.31875 0.4890625
19 0.1717187515625 0.490625 0.1717187515625 0.43197916718749996 0.105052084375 0.43197916718749996 0.105052084375 0.490625 0.1717187515625 0.490625
19 0.7791666671875 0.49375 0.7791666671875 0.4378125 0.7333333328125 0.4378125 0.7333333328125 0.49375 0.7791666671875 0.49375
19 0.721875 0.49375 0.721875 0.438229165625 0.674947915625 0.438229165625 0.674947915625 0.49375 0.721875 0.49375
19 0.60765625 0.4921875 0.60765625 0.4411979171875 0.56015625 0.4411979171875 0.56015625 0.4921875 0.60765625 0.4921875
19 0.6671875 0.4890625 0.6671875 0.4434375015625 0.6148958328125 0.4434375015625 0.6148958328125 0.4890625 0.6671875 0.4890625
19 0.840625 0.4984375 0.840625 0.4403125 0.790572915625 0.4403125 0.790572915625 0.4984375 0.840625 0.4984375
19 0.90625 0.4459895828125 0.8473958328125001 0.4459895828125 0.8473958328125001 0.4934895828125 0.90625 0.4934895828125 0.90625 0.4459895828125
19 1 0.43968749999999995 0.98015625 0.43968749999999995 0.98015625 0.4984375 1 0.4984375 1 0.43968749999999995
19 0.965625 0.4953125 0.965625 0.4437500015625 0.9078645828124999 0.4437500015625 0.9078645828124999 0.4953125 0.965625 0.4953125