19 0.640625 0.615625 0.615625 0.615625 0.615625 0.65078125 0.640625 0.65078125 0.640625 0.615625
19 0.53125 0.615625 0.5046875 0.615625 0.5046875 0.64921875 0.53125 0.64921875 0.53125 0.615625
19 0.5859375 0.615625 0.5609375 0.615625 0.5609375 0.64921875 0.5859375 0.64921875 0.5859375 0.615625
19 0.61328125 0.615625 0.5890625 0.615625 0.5890625 0.64921875 0.61328125 0.64921875 0.61328125 0.615625
19 0.696875 0.6171875 0.671875 0.6171875 0.671875 0.65078125 0.696875 0.65078125 0.696875 0.6171875
19 0.55859375 0.6140625 0.534375 0.6140625 0.534375 0.64921875 0.55859375 0.64921875 0.55859375 0.6140625
19 0.66796875 0.6140625 0.64375 0.6140625 0.64375 0.64921875 0.66796875 0.64921875 0.66796875 0.6140625
19 0.77890625 0.615625 0.75625 0.615625 0.75625 0.65078125 0.77890625 0.65078125 0.77890625 0.615625
19 0.72421875 0.6140625 0.7015625 0.6140625 0.7015625 0.64921875 0.72421875 0.64921875 0.72421875 0.6140625
19 0.75234375 0.615625 0.7296875 0.615625 0.7296875 0.65078125 0.75234375 0.65078125 0.75234375 0.615625
19 0.8046875 0.6171875 0.784375 0.6171875 0.784375 0.65078125 0.8046875 0.65078125 0.8046875 0.6171875
19 0.85078125 0.628125 0.8328125 0.628125 0.8328125 0.65 0.85078125 0.65 0.85078125 0.628125
19 0.82890625 0.628125 0.8109375 0.628125 0.8109375 0.65 0.82890625 0.65 0.82890625 0.628125
19 0.87578125 0.628125 0.85625 0.628125 0.85625 0.65 0.87578125 0.65 0.87578125 0.628125
19 0.92265625 0.6296875 0.9046875 0.6296875 0.9046875 0.64921875 0.92265625 0.64921875 0.92265625 0.6296875
19 0.903125 0.63125 0.8828125 0.63125 0.8828125 0.6515625 0.903125 0.6515625 0.903125 0.63125
19 0.7359375 0.6703125 0.6953125 0.6703125 0.6953125 0.72578125 0.7359375 0.72578125 0.7359375 0.6703125
19 0.7828125 0.671875 0.734375 0.671875 0.734375 0.72578125 0.7828125 0.72578125 0.7828125 0.671875
19 0.82578125 0.6734375 0.7828125 0.6734375 0.7828125 0.7265625 0.82578125 0.7265625 0.82578125 0.6734375
19 0.69296875 0.6734375 0.6484375 0.6734375 0.6484375 0.7265625 0.69296875 0.7265625 0.69296875 0.6734375
19 0.9109375 0.671875 0.86875 0.671875 0.86875 0.72578125 0.9109375 0.72578125 0.9109375 0.671875
19 0.86953125 0.675 0.825 0.675 0.825 0.728125 0.86953125 0.728125 0.86953125 0.675
19 0.64765625 0.6796875 0.603125 0.6796875 0.603125 0.72421875 0.64765625 0.72421875 0.64765625 0.6796875
19 0.59921875 0.6765625 0.55625 0.6765625 0.55625 0.72578125 0.59921875 0.72578125 0.59921875 0.6765625
19 0.55546875 0.678125 0.5109375 0.678125 0.5109375 0.725 0.55546875 0.725 0.55546875 0.678125
19 0.68671875 0.75 0.6421875 0.75 0.6421875 0.7953125 0.68671875 0.7953125 0.68671875 0.75
19 0.73125 0.7484375 0.6890625 0.7484375 0.6890625 0.796875 0.73125 0.796875 0.73125 0.7484375
19 0.7734375 0.7515625 0.73125 0.7515625 0.73125 0.796875 0.7734375 0.796875 0.7734375 0.7515625
19 0.9140625 0.753125 0.871875 0.753125 0.871875 0.7953125 0.9140625 0.7953125 0.9140625 0.753125
19 0.59765625 0.753125 0.553125 0.753125 0.553125 0.7984375 0.59765625 0.7984375 0.59765625 0.753125
19 0.82109375 0.7515625 0.778125 0.7515625 0.778125 0.8 0.82109375 0.8 0.82109375 0.7515625
19 0.871875 0.7546875 0.8296875 0.7546875 0.8296875 0.79765625 0.871875 0.79765625 0.871875 0.7546875
19 0.64296875 0.75625 0.6 0.75625 0.6 0.7984375 0.64296875 0.7984375 0.64296875 0.75625
19 0.5515625 0.765625 0.509375 0.765625 0.509375 0.7984375 0.5515625 0.7984375 0.5515625 0.765625
19 0.72421875 0.8421875 0.690625 0.8421875 0.690625 0.87578125 0.72421875 0.87578125 0.72421875 0.8421875
19 0.61171875 0.8421875 0.578125 0.8421875 0.578125 0.87734375 0.61171875 0.87734375 0.61171875 0.8421875
19 0.68671875 0.8421875 0.653125 0.8421875 0.653125 0.878125 0.68671875 0.878125 0.68671875 0.8421875
19 0.575 0.84375 0.54375 0.84375 0.54375 0.8796875 0.575 0.8796875 0.575 0.84375
19 0.64921875 0.84375 0.6140625 0.84375 0.6140625 0.87890625 0.64921875 0.87890625 0.64921875 0.84375
19 0.74453125 0.846875 0.7265625 0.846875 0.7265625 0.8765625 0.74453125 0.8765625 0.74453125 0.846875
19 0.53984375 0.846875 0.5046875 0.846875 0.5046875 0.878125 0.53984375 0.878125 0.53984375 0.846875
19 0.77109375 0.8484375 0.746875 0.8484375 0.746875 0.878125 0.77109375 0.878125 0.77109375 0.8484375
19 0.82421875 0.8484375 0.8 0.8484375 0.8 0.87734375 0.82421875 0.87734375 0.82421875 0.8484375
19 0.85234375 0.8484375 0.8296875 0.8484375 0.8296875 0.878125 0.85234375 0.878125 0.85234375 0.8484375
19 0.88046875 0.8484375 0.85625 0.8484375 0.85625 0.88125 0.88046875 0.88125 0.88046875 0.8484375
19 0.90703125 0.8484375 0.884375 0.8484375 0.884375 0.88125 0.90703125 0.88125 0.90703125 0.8484375
19 0.79921875 0.85 0.7765625 0.85 0.7765625 0.87734375 0.79921875 0.87734375 0.79921875 0.85
19 0.58671875 0.5 0.5515625 0.5 0.5515625 0.55859375 0.58671875 0.55859375 0.58671875 0.5
19 0.54375 0.4984375 0.50625 0.4984375 0.50625 0.55859375 0.54375 0.55859375 0.54375 0.4984375
19 0.66875 0.5 0.6328125 0.5 0.6328125 0.55859375 0.66875 0.55859375 0.66875 0.5
19 0.62578125 0.5 0.590625 0.5 0.590625 0.56015625 0.62578125 0.56015625 0.62578125 0.5
19 0.8171875 0.603125 0.803125 0.603125 0.803125 0.6203125 0.8171875 0.6203125 0.8171875 0.603125
19 0.8453125 0.6015625 0.8234375 0.6015625 0.8234375 0.6234375 0.8453125 0.6234375 0.8453125 0.6015625
19 0.86640625 0.603125 0.8484375 0.603125 0.8484375 0.6234375 0.86640625 0.6234375 0.86640625 0.603125
19 0.90859375 0.6046875 0.890625 0.6046875 0.890625 0.62265625 0.90859375 0.62265625 0.90859375 0.6046875
19 0.88828125 0.6046875 0.8703125 0.6046875 0.8703125 0.62265625 0.88828125 0.62265625 0.88828125 0.6046875