19 0.315625 0.147265625 0.258203125 0.147265625 0.258203125 0.201171875 0.315625 0.201171875 0.315625 0.147265625
19 0.4046875 0.3203125 0.4046875 0.244921875 0.344921875 0.244921875 0.344921875 0.3203125 0.4046875 0.3203125
19 0.5390625 0.321875 0.5390625 0.2484375 0.481640625 0.2484375 0.481640625 0.321875 0.5390625 0.321875
19 0.4140625 0.2515625 0.4140625 0.325 0.475 0.325 0.475 0.2515625 0.4140625 0.2515625
19 0.6109375 0.315625 0.6109375 0.258203125 0.537109375 0.258203125 0.537109375 0.315625 0.6109375 0.315625
19 0.303125 0.3109375 0.303125 0.26484375 0.23671875 0.26484375 0.23671875 0.3109375 0.303125 0.3109375
19 0.2984375 0.2546875 0.2984375 0.3234375 0.340625 0.3234375 0.340625 0.2546875 0.2984375 0.2546875
19 0.14375 0.265625 0.14375 0.31875 0.171875 0.31875 0.171875 0.265625 0.14375 0.265625
19 0.103515625 0.2671875 0.103515625 0.3203125 0.1359375 0.3203125 0.1359375 0.2671875 0.103515625 0.2671875
19 0.21875 0.2796875 0.166015625 0.2796875 0.166015625 0.3078125 0.21875 0.3078125 0.21875 0.2796875
19 0.2125 0.26875 0.2125 0.321875 0.24375 0.321875 0.24375 0.26875 0.2125 0.26875
19 0.409375 0.35 0.369140625 0.35 0.369140625 0.384375 0.409375 0.384375 0.409375 0.35
19 0.40625 0.353125 0.40625 0.384375 0.446875 0.384375 0.446875 0.353125 0.40625 0.353125
19 0.237890625 0.371875 0.237890625 0.4015625 0.265625 0.4015625 0.265625 0.371875 0.237890625 0.371875
19 0.196875 0.371875 0.196875 0.403125 0.2328125 0.403125 0.2328125 0.371875 0.196875 0.371875
19 0.2703125 0.3734375 0.2703125 0.403125 0.3 0.403125 0.3 0.3734375 0.2703125 0.3734375
19 0.304296875 0.375 0.304296875 0.40390625 0.3328125 0.40390625 0.3328125 0.375 0.304296875 0.375
19 0.3375 0.375 0.3375 0.4046875 0.3671875 0.4046875 0.3671875 0.375 0.3375 0.375
19 0.784375 0.4296875 0.784375 0.373046875 0.715234375 0.373046875 0.715234375 0.4296875 0.784375 0.4296875
19 0.655078125 0.3765625 0.655078125 0.434375 0.71875 0.434375 0.71875 0.3765625 0.655078125 0.3765625
19 0.491015625 0.375 0.491015625 0.4390625 0.534375 0.4390625 0.534375 0.375 0.491015625 0.375
19 0.6546875 0.434375 0.6546875 0.37890625 0.59140625 0.37890625 0.59140625 0.434375 0.6546875 0.434375
19 0.4453125 0.375 0.4453125 0.4390625 0.4875 0.4390625 0.4875 0.375 0.4453125 0.375
19 0.89375 0.4296875 0.89375 0.38828125 0.838671875 0.38828125 0.838671875 0.4296875 0.89375 0.4296875
19 0.590625 0.38359375 0.533203125 0.38359375 0.533203125 0.4328125 0.590625 0.4328125 0.590625 0.38359375
19 0.8390625 0.383203125 0.781640625 0.383203125 0.781640625 0.433984375 0.8390625 0.433984375 0.8390625 0.383203125
19 0.360546875 0.3984375 0.360546875 0.42734375 0.4078125 0.42734375 0.4078125 0.3984375 0.360546875 0.3984375
19 0.4453125 0.39609375 0.398046875 0.39609375 0.398046875 0.43125 0.4453125 0.43125 0.4453125 0.39609375
19 0.194921875 0.403125 0.194921875 0.43828125 0.2234375 0.43828125 0.2234375 0.403125 0.194921875 0.403125
19 0.231640625 0.40625 0.231640625 0.4359375 0.2578125 0.4359375 0.2578125 0.40625 0.231640625 0.40625
19 0.2640625 0.4078125 0.2640625 0.4375 0.29375 0.4375 0.29375 0.4078125 0.2640625 0.4078125
19 0.326171875 0.434375 0.326171875 0.408203125 0.297265625 0.408203125 0.297265625 0.434375 0.326171875 0.434375
19 0.3625 0.4375 0.3625 0.406640625 0.334375 0.406640625 0.334375 0.4375 0.3625 0.4375