19 1 0.2521114859375 0.876752534375 0.2521114859375 0.876752534375 0.3734375 1 0.3734375 1 0.2521114859375
19 0.8796875 0.2551309125 0.76875 0.2551309125 0.76875 0.3716849671875 0.8796875 0.3716849671875 0.8796875 0.2551309125
19 0.1671875 0.35 0.1671875 0.2828125 0.0713260140625 0.2828125 0.0713260140625 0.35 0.1671875 0.35
19 0 0.340625 0.0510979734375 0.340625 0.0510979734375 0.3130489875 0 0.3130489875 0 0.340625
19 0.753125 0.36875 0.753125 0.29030827656249997 0.6523859796875 0.29030827656249997 0.6523859796875 0.36875 0.753125 0.36875
19 0.646875 0.36875 0.646875 0.2956503375 0.5887668921875 0.2956503375 0.5887668921875 0.36875 0.646875 0.36875
19 0.584375 0.2973184109375 0.5273015203125 0.2973184109375 0.5273015203125 0.36995354687500004 0.584375 0.36995354687500004 0.584375 0.2973184109375
19 0.0859375 0.36875 0.0859375 0.3235853046875 0.0458614875 0.3235853046875 0.0458614875 0.36875 0.0859375 0.36875
19 0.7828125 0.4319467890625 0.6875 0.4319467890625 0.6875 0.49191300625 0.7828125 0.49191300625 0.7828125 0.4319467890625
19 0.715625 0.4890625 0.715625 0.434733953125 0.6228040546875 0.434733953125 0.6228040546875 0.4890625 0.715625 0.4890625
19 0.646875 0.4984375 0.646875 0.45141469531249995 0.582010134375 0.45141469531249995 0.582010134375 0.4984375 0.646875 0.4984375
19 0.5421875 0.509375 0.5875 0.509375 0.5875 0.44375 0.5421875 0.44375 0.5421875 0.509375
19 0.25 0.6015625 0.25 0.53944256875 0.1624366546875 0.53944256875 0.1624366546875 0.6015625 0.25 0.6015625
19 0.2953125 0.615625 0.2953125 0.549028715625 0.240033784375 0.549028715625 0.240033784375 0.615625 0.2953125 0.615625
19 0.35625 0.6140625 0.35625 0.5572423984375 0.294552365625 0.5572423984375 0.294552365625 0.6140625 0.35625 0.6140625
19 0.4171875 0.61875 0.4171875 0.5653505062499999 0.3550253390625 0.5653505062499999 0.3550253390625 0.61875 0.4171875 0.61875
19 0.4765625 0.628125 0.4765625 0.5626266890625 0.41545608125 0.5626266890625 0.41545608125 0.628125 0.4765625 0.628125
19 0.54375 0.6265625 0.54375 0.56836993125 0.477090371875 0.56836993125 0.477090371875 0.6265625 0.54375 0.6265625