19 0.9984375 0.3734375 0.9984375 0.2513302359375 0.8766891890625 0.2513302359375 0.8766891890625 0.3734375 0.9984375 0.3734375
19 0.8796875 0.2551309125 0.76875 0.2551309125 0.76875 0.3716849671875 0.8796875 0.3716849671875 0.8796875 0.2551309125
19 0.1671875 0.35 0.1671875 0.283340371875 0.0722550671875 0.283340371875 0.0722550671875 0.35 0.1671875 0.35
19 0 0.3640625 0.028125 0.3640625 0.028125 0.2909628375 0 0.2909628375 0 0.3640625
19 0.7421663859375001 0.3796875 0.7421663859375001 0.2792018578125 0.66277449375 0.2792018578125 0.66277449375 0.3796875 0.7421663859375001 0.3796875
19 0.646875 0.36875 0.646875 0.295565878125 0.5885979734375 0.295565878125 0.5885979734375 0.36875 0.646875 0.36875
19 0.584375 0.2973184109375 0.5273015203125 0.2973184109375 0.5273015203125 0.36995354687500004 0.584375 0.36995354687500004 0.584375 0.2973184109375
19 0.0859375 0.36875 0.0859375 0.32421875 0.046199325 0.32421875 0.046199325 0.36875 0.0859375 0.36875
19 0.7828125 0.4320734796875 0.6875 0.4320734796875 0.6875 0.49203969687500004 0.7828125 0.49203969687500004 0.7828125 0.4320734796875
19 0.715625 0.4890625 0.715625 0.434733953125 0.6228040546875 0.434733953125 0.6228040546875 0.4890625 0.715625 0.4890625
19 0.646875 0.45061233125 0.581841215625 0.45061233125 0.581841215625 0.4984375 0.646875 0.4984375 0.646875 0.45061233125
19 0.596875 0.4984375 0.596875 0.454581925 0.5314611484375 0.454581925 0.5314611484375 0.4984375 0.596875 0.4984375
19 0.25 0.6015625 0.25 0.5399493234375 0.16188766875 0.5399493234375 0.16188766875 0.6015625 0.25 0.6015625
19 0.2953125 0.615625 0.2953125 0.549028715625 0.240033784375 0.549028715625 0.240033784375 0.615625 0.2953125 0.615625
19 0.35625 0.6140625 0.35625 0.5567778718749999 0.29413006875000003 0.5567778718749999 0.29413006875000003 0.6140625 0.35625 0.6140625
19 0.4125 0.6234375 0.4125 0.5609375 0.3592694265625 0.5609375 0.3592694265625 0.6234375 0.4125 0.6234375
19 0.4765625 0.628125 0.4765625 0.5626266890625 0.41545608125 0.5626266890625 0.41545608125 0.628125 0.4765625 0.628125
19 0.5390625 0.63125 0.5390625 0.5640625 0.4809543921875 0.5640625 0.4809543921875 0.63125 0.5390625 0.63125