19 0.271875 0.4078125 0.271875 0.37329522656249997 0.1829397953125 0.37329522656249997 0.1829397953125 0.4078125 0.271875 0.4078125
19 0.20142521875 0.434375 0.20142521875 0.34661291875 0.1694763375 0.34661291875 0.1694763375 0.434375 0.20142521875 0.434375
19 0.24876447656249998 0.353125 0.24876447656249998 0.434375 0.2902980234375 0.434375 0.2902980234375 0.353125 0.24876447656249998 0.353125
19 0.7951053328125 0.43125 0.7951053328125 0.3929387984375 0.7383960671875001 0.3929387984375 0.7383960671875001 0.43125 0.7951053328125 0.43125
19 0.788361121875 0.39375 0.788361121875 0.42942541875 0.8450703875000001 0.42942541875 0.8450703875000001 0.39375 0.788361121875 0.39375
19 0.728125 0.5609375 0.728125 0.48580521093750006 0.6470896578125 0.48580521093750006 0.6470896578125 0.5609375 0.728125 0.5609375
19 0.7921875 0.565625 0.7921875 0.4918779953125 0.7363543328125 0.4918779953125 0.7363543328125 0.565625 0.7921875 0.565625
19 0.2703125 0.5578125 0.2703125 0.504709965625 0.22558656250000003 0.504709965625 0.22558656250000003 0.5578125 0.2703125 0.5578125
19 0.219638578125 0.5578125 0.219638578125 0.5048747015624999 0.174111421875 0.5048747015624999 0.174111421875 0.5578125 0.219638578125 0.5578125
19 0.31875 0.559375 0.31875 0.5051093265625 0.2762430125 0.5051093265625 0.2762430125 0.559375 0.31875 0.559375
19 0.4734375 0.5609375 0.4734375 0.503259784375 0.4125998390625 0.503259784375 0.4125998390625 0.5609375 0.4734375 0.5609375
19 0.5546875 0.511142171875 0.48121006250000004 0.511142171875 0.48121006250000004 0.563857828125 0.5546875 0.563857828125 0.5546875 0.511142171875
19 0.6265625 0.571875 0.6265625 0.5041533546875 0.5727411140625 0.5041533546875 0.5727411140625 0.571875 0.6265625 0.571875
19 0.3609375 0.5609375 0.3609375 0.5214307109375 0.3279852234375 0.5214307109375 0.3279852234375 0.5609375 0.3609375 0.5609375
19 0.4046875 0.525014975 0.3675494203125 0.525014975 0.3675494203125 0.5593600234375 0.4046875 0.5593600234375 0.4046875 0.525014975