19 0.2171875 0.362109375 0.171875 0.362109375 0.171875 0.4203125 0.2171875 0.4203125 0.2171875 0.362109375
19 0.16875 0.41875 0.16875 0.36796875 0.11640625 0.36796875 0.11640625 0.41875 0.16875 0.41875
19 0.109375 0.366796875 0.0609375 0.366796875 0.0609375 0.4203125 0.109375 0.4203125 0.109375 0.366796875
19 0.2109375 0.3984375 0.2109375 0.4875 0.3140625 0.4875 0.3140625 0.3984375 0.2109375 0.3984375
19 0.412109375 0.4921875 0.412109375 0.391796875 0.322265625 0.391796875 0.322265625 0.4921875 0.412109375 0.4921875
19 0.4421875 0.3984375 0.4421875 0.496875 0.51875 0.496875 0.51875 0.3984375 0.4421875 0.3984375
19 0.79375 0.4078125 0.79375 0.4875 0.8765625 0.4875 0.8765625 0.4078125 0.79375 0.4078125
19 0.2078125 0.4796875 0.2078125 0.424609375 0.15 0.424609375 0.15 0.4796875 0.2078125 0.4796875
19 0.0984375 0.4234375 0.0984375 0.484375 0.153125 0.484375 0.153125 0.4234375 0.0984375 0.4234375
19 0.0390625 0.421875 0.0390625 0.4859375 0.090625 0.4859375 0.090625 0.421875 0.0390625 0.421875
19 0.5921875 0.4859375 0.5921875 0.424609375 0.53515625 0.424609375 0.53515625 0.4859375 0.5921875 0.4859375
19 0.6640625 0.4265625 0.6640625 0.4890625 0.7203125 0.4890625 0.7203125 0.4265625 0.6640625 0.4265625
19 0.784375 0.4890625 0.784375 0.425390625 0.726953125 0.425390625 0.726953125 0.4890625 0.784375 0.4890625
19 0.883203125 0.4296875 0.883203125 0.4859375 0.9375 0.4859375 0.9375 0.4296875 0.883203125 0.4296875
19 0.6 0.428125 0.6 0.4890625 0.6578125 0.4890625 0.6578125 0.428125 0.6 0.428125
19 1 0.4515625 0.946875 0.4515625 0.946875 0.4890625 1 0.4890625 1 0.4515625
19 0.4421875 0.54609375 0.339453125 0.54609375 0.339453125 0.6375 0.4421875 0.6375 0.4421875 0.54609375
19 0.153515625 0.540625 0.153515625 0.64375 0.25 0.64375 0.25 0.540625 0.153515625 0.540625
19 0.3484375 0.640625 0.3484375 0.54375 0.245703125 0.54375 0.245703125 0.640625 0.3484375 0.640625
19 0.15625 0.6375 0.15625 0.54609375 0.05703125 0.54609375 0.05703125 0.6375 0.15625 0.6375
19 0.9703125 0.544921875 0.88359375 0.544921875 0.88359375 0.653125 0.9703125 0.653125 0.9703125 0.544921875
19 0.774609375 0.5515625 0.774609375 0.64921875 0.8625 0.64921875 0.8625 0.5515625 0.774609375 0.5515625
19 0.50625 0.6453125 0.50625 0.56953125 0.43828125 0.56953125 0.43828125 0.6453125 0.50625 0.6453125
19 0.51875 0.5734375 0.51875 0.6421875 0.5953125 0.6421875 0.5953125 0.5734375 0.51875 0.5734375
19 0.671875 0.64375 0.671875 0.57265625 0.60546875 0.57265625 0.60546875 0.64375 0.671875 0.64375
19 0.6921875 0.575 0.6921875 0.6484375 0.759375 0.6484375 0.759375 0.575 0.6921875 0.575
19 0.215625 0.7859375 0.215625 0.69921875 0.12734375 0.69921875 0.12734375 0.7859375 0.215625 0.7859375
19 0.301953125 0.6953125 0.301953125 0.790625 0.3875 0.790625 0.3875 0.6953125 0.301953125 0.6953125
19 0.2140625 0.6984375 0.2140625 0.7875 0.30625 0.7875 0.30625 0.6984375 0.2140625 0.6984375
19 0.1265625 0.698828125 0.04375 0.698828125 0.04375 0.7875 0.1265625 0.7875 0.1265625 0.698828125
19 0.5375 0.7890625 0.5375 0.720703125 0.46875 0.720703125 0.46875 0.7890625 0.5375 0.7890625
19 0.6078125 0.79375 0.6078125 0.716015625 0.5390625 0.716015625 0.5390625 0.79375 0.6078125 0.79375
19 0.390625 0.7203125 0.390625 0.7921875 0.4625 0.7921875 0.4625 0.7203125 0.390625 0.7203125