19 0.692578125 0.1140625 0.692578125 0.2015625 0.746875 0.2015625 0.746875 0.1140625 0.692578125 0.1140625
19 0.6046875 0.2375 0.6046875 0.321875 0.65 0.321875 0.65 0.2375 0.6046875 0.2375
19 0.6984375 0.3234375 0.6984375 0.237890625 0.656640625 0.237890625 0.656640625 0.3234375 0.6984375 0.3234375
19 0.6171875 0.258203125 0.530859375 0.258203125 0.530859375 0.302734375 0.6171875 0.302734375 0.6171875 0.258203125
19 0.5640625 0.3078125 0.5640625 0.26015625 0.47734375 0.26015625 0.47734375 0.3078125 0.5640625 0.3078125
19 0.85625 0.3203125 0.884375 0.3203125 0.884375 0.270703125 0.85625 0.270703125 0.85625 0.3203125
19 0.8609375 0.3109375 0.8609375 0.280078125 0.8109375 0.280078125 0.8109375 0.3109375 0.8609375 0.3109375
19 0.8109375 0.31875 0.8109375 0.2703125 0.784765625 0.2703125 0.784765625 0.31875 0.8109375 0.31875
19 0.7390625 0.273828125 0.7078125 0.273828125 0.7078125 0.321875 0.7390625 0.321875 0.7390625 0.273828125
19 0.7875 0.3140625 0.7875 0.283203125 0.7375 0.283203125 0.7375 0.3140625 0.7875 0.3140625
19 0.2796875 0.474609375 0.21328125 0.474609375 0.21328125 0.5375 0.2796875 0.5375 0.2796875 0.474609375
19 0.359375 0.475 0.359375 0.54375 0.4203125 0.54375 0.4203125 0.475 0.359375 0.475
19 0.796875 0.5296875 0.796875 0.489453125 0.7375 0.489453125 0.7375 0.5296875 0.796875 0.5296875
19 0.8359375 0.479296875 0.7984375 0.479296875 0.7984375 0.5390625 0.8359375 0.5390625 0.8359375 0.479296875
19 0.684375 0.490625 0.684375 0.5328125 0.7484375 0.5328125 0.7484375 0.490625 0.684375 0.490625
19 0.640625 0.540625 0.640625 0.481640625 0.597265625 0.481640625 0.597265625 0.540625 0.640625 0.540625
19 0.148828125 0.4796875 0.148828125 0.54375 0.2125 0.54375 0.2125 0.4796875 0.148828125 0.4796875
19 0.5921875 0.481640625 0.5515625 0.481640625 0.5515625 0.540625 0.5921875 0.540625 0.5921875 0.481640625
19 0.14375 0.5421875 0.14375 0.479296875 0.078125 0.479296875 0.078125 0.5421875 0.14375 0.5421875
19 0.6984375 0.48828125 0.636328125 0.48828125 0.636328125 0.5328125 0.6984375 0.5328125 0.6984375 0.48828125
19 0.3515625 0.481640625 0.2890625 0.481640625 0.2890625 0.540625 0.3515625 0.540625 0.3515625 0.481640625
19 0.426171875 0.49375 0.426171875 0.5421875 0.4796875 0.5421875 0.4796875 0.49375 0.426171875 0.49375
19 0.5421875 0.54375 0.5421875 0.49140625 0.49453125 0.49140625 0.49453125 0.54375 0.5421875 0.54375