19 0.8311016609375 0.234375 0.8311016609375 0.20448971562499998 0.7923358390625 0.20448971562499998 0.7923358390625 0.234375 0.8311016609375 0.234375
19 0.78125 0.2390625 0.78125 0.2043413765625 0.7531151109375 0.2043413765625 0.7531151109375 0.2390625 0.78125 0.2390625
19 0.8921875 0.17517800625 0.8355715984375 0.17517800625 0.8355715984375 0.27169699375 0.8921875 0.27169699375 0.8921875 0.17517800625
19 0.5624307734375 0.25625 0.5624307734375 0.1916534796875 0.46749406562500007 0.1916534796875 0.46749406562500007 0.25625 0.5624307734375 0.25625
19 0.1890625 0.2546875 0.1890625 0.1972013453125 0.0906843359375 0.1972013453125 0.0906843359375 0.2546875 0.1890625 0.2546875
19 0.15 0.2546875 0.2328125 0.2546875 0.2328125 0.21039359218749998 0.15 0.21039359218749998 0.15 0.2546875
19 0.60625 0.26875 0.6578125 0.26875 0.6578125 0.19641020468749998 0.60625 0.19641020468749998 0.60625 0.26875
19 0.6140625 0.2609375 0.6140625 0.21100672343750002 0.5385383703125 0.21100672343750002 0.5385383703125 0.2609375 0.6140625 0.2609375
19 0.7046875 0.2671875 0.7046875 0.216287578125 0.6649129765625 0.216287578125 0.6649129765625 0.2671875 0.7046875 0.2671875
19 0.75 0.2625 0.75 0.220797071875 0.6990605203125 0.220797071875 0.6990605203125 0.2625 0.75 0.2625
19 0.30142405 0.2703125 0.30142405 0.2147151890625 0.26107595 0.2147151890625 0.26107595 0.2703125 0.30142405 0.2703125
19 0.79590585625 0.2359375 0.79590585625 0.2671875 0.8322982609375 0.2671875 0.8322982609375 0.2359375 0.79590585625 0.2359375
19 0.790625 0.271875 0.790625 0.240625 0.755033625 0.240625 0.755033625 0.271875 0.790625 0.271875
19 0.540625 0.39375 0.540625 0.3592266625 0.512292325 0.3592266625 0.512292325 0.39375 0.540625 0.39375
19 0.5015625 0.3953125 0.5015625 0.3608880546875 0.47670095 0.3608880546875 0.47670095 0.3953125 0.5015625 0.3953125
19 0.8359375 0.4109375 0.8359375 0.350623021875 0.7495253171875 0.350623021875 0.7495253171875 0.4109375 0.8359375 0.4109375
19 0.815625 0.4125 0.9 0.4125 0.9 0.35305577499999996 0.815625 0.35305577499999996 0.815625 0.4125
19 0.7375 0.3708662984375 0.665625 0.3708662984375 0.665625 0.4040941453125 0.7375 0.4040941453125 0.7375 0.3708662984375
19 0.609375 0.425 0.609375 0.3664556953125 0.553678796875 0.3664556953125 0.553678796875 0.425 0.609375 0.425
19 0.675 0.4234375 0.675 0.3701443828125 0.6169699375000001 0.3701443828125 0.6169699375000001 0.4234375 0.675 0.4234375
19 0.765625 0.4203125 0.765625 0.379242484375 0.71565466875 0.379242484375 0.71565466875 0.4203125 0.765625 0.4203125
19 0.509375 0.394017009375 0.4741989703125 0.394017009375 0.4741989703125 0.42328916093749996 0.509375 0.42328916093749996 0.509375 0.394017009375
19 0.546875 0.428125 0.546875 0.396034415625 0.511441853125 0.396034415625 0.511441853125 0.428125 0.546875 0.428125
19 0.796716771875 0.5671875 0.796716771875 0.5007021359375 0.7160205687500001 0.5007021359375 0.7160205687500001 0.5671875 0.796716771875 0.5671875