19 0.0859375 0.159375 0.0078125 0.159375 0.0078125 0.28671875 0.0859375 0.28671875 0.0859375 0.159375
19 0.16953125 0.1640625 0.09375 0.1640625 0.09375 0.29140625 0.16953125 0.29140625 0.16953125 0.1640625
19 0.2296875 0.1921875 0.171875 0.1921875 0.171875 0.2953125 0.2296875 0.2953125 0.2296875 0.1921875
19 0.28828125 0.190625 0.228125 0.190625 0.228125 0.2984375 0.28828125 0.2984375 0.28828125 0.190625
19 0.34609375 0.1921875 0.2875 0.1921875 0.2875 0.29765625 0.34609375 0.29765625 0.34609375 0.1921875
19 0.5828125 0.2109375 0.515625 0.2109375 0.515625 0.30234375 0.5828125 0.30234375 0.5828125 0.2109375
19 0.65234375 0.2109375 0.5828125 0.2109375 0.5828125 0.303125 0.65234375 0.303125 0.65234375 0.2109375
19 0.39921875 0.2265625 0.3546875 0.2265625 0.3546875 0.2984375 0.39921875 0.2984375 0.39921875 0.2265625
19 0.87734375 0.225 0.8125 0.225 0.8125 0.30703125 0.87734375 0.30703125 0.87734375 0.225
19 0.803125 0.2328125 0.7234375 0.2328125 0.7234375 0.30625 0.803125 0.30625 0.803125 0.2328125
19 0.946875 0.2296875 0.884375 0.2296875 0.884375 0.309375 0.946875 0.309375 0.946875 0.2296875
19 0.70703125 0.240625 0.653125 0.240625 0.653125 0.3046875 0.70703125 0.3046875 0.70703125 0.240625
19 0.98984375 0.2703125 0.95 0.2703125 0.95 0.3078125 0.98984375 0.3078125 0.98984375 0.2703125
19 0.77734375 0.390625 0.7109375 0.390625 0.7109375 0.46015625 0.77734375 0.46015625 0.77734375 0.390625
19 0.7125 0.3921875 0.6453125 0.3921875 0.6453125 0.46171875 0.7125 0.46171875 0.7125 0.3921875
19 0.6359375 0.390625 0.5671875 0.390625 0.5671875 0.4625 0.6359375 0.4625 0.6359375 0.390625
19 0.46875 0.39375 0.384375 0.39375 0.384375 0.46328125 0.46875 0.46328125 0.46875 0.39375
19 0.559375 0.396875 0.48125 0.396875 0.48125 0.465625 0.559375 0.465625 0.559375 0.396875
19 0.10859375 0.3984375 0.053125 0.3984375 0.053125 0.465625 0.10859375 0.465625 0.10859375 0.3984375
19 0.23359375 0.4015625 0.178125 0.4015625 0.178125 0.465625 0.23359375 0.465625 0.23359375 0.4015625
19 0.37890625 0.3953125 0.29375 0.3953125 0.29375 0.4671875 0.37890625 0.4671875 0.37890625 0.3953125
19 0.2875 0.3984375 0.2359375 0.3984375 0.2359375 0.46484375 0.2875 0.46484375 0.2875 0.3984375
19 0.1734375 0.4 0.115625 0.4 0.115625 0.4671875 0.1734375 0.4671875 0.1734375 0.4