19 0.798234578125 0.1046875 0.798234578125 0.0345982140625 0.767390421875 0.0345982140625 0.767390421875 0.1046875 0.798234578125 0.1046875
19 0.759375 0.1046875 0.759375 0.0339894484375 0.7303672890625 0.0339894484375 0.7303672890625 0.1046875 0.759375 0.1046875
19 0.71875 0.1046875 0.71875 0.0341923703125 0.690046671875 0.0341923703125 0.690046671875 0.1046875 0.71875 0.1046875
19 0.6828125 0.10625 0.6828125 0.0357548703125 0.6561079546874999 0.0357548703125 0.6561079546874999 0.10625 0.6828125 0.10625
19 0.6873173703125001 0.2765625 0.6873173703125001 0.2016944 0.6345576296875 0.2016944 0.6345576296875 0.2765625 0.6873173703125001 0.2765625
19 0.6375 0.2128043828125 0.575629059375 0.2128043828125 0.575629059375 0.2590706171875 0.6375 0.2590706171875 0.6375 0.2128043828125
19 0.575 0.26875 0.575 0.20625 0.5295860390625 0.20625 0.5295860390625 0.26875 0.575 0.26875
19 0.975 0.3875 0.975 0.320190746875 0.9076907468750001 0.320190746875 0.9076907468750001 0.3875 0.975 0.3875
19 0.9015625 0.384375 0.9015625 0.3183137171875 0.8348924500000001 0.3183137171875 0.8348924500000001 0.384375 0.9015625 0.384375
19 0.828125 0.3203125 0.7601663953125 0.3203125 0.7601663953125 0.38746956250000003 0.828125 0.38746956250000003 0.828125 0.3203125
19 0.753125 0.3890625 0.753125 0.3234375 0.6901887171875 0.3234375 0.6901887171875 0.3890625 0.753125 0.3890625
19 0.234375 0.384375 0.290625 0.384375 0.290625 0.33458806874999997 0.234375 0.33458806874999997 0.234375 0.384375
19 0.30350040625 0.3328125 0.30350040625 0.390625 0.36681209375 0.390625 0.36681209375 0.3328125 0.30350040625 0.3328125
19 0.434375 0.39375 0.434375 0.3307325484375 0.377729303125 0.3307325484375 0.377729303125 0.39375 0.434375 0.39375
19 0.1671875 0.39375 0.2265625 0.39375 0.2265625 0.3328125 0.1671875 0.3328125 0.1671875 0.39375
19 0.55 0.3875 0.55 0.341477271875 0.499584009375 0.341477271875 0.499584009375 0.3875 0.55 0.3875
19 0.1640625 0.396875 0.1640625 0.3367796265625 0.10382508125 0.3367796265625 0.10382508125 0.396875 0.1640625 0.396875
19 0.4953125 0.390625 0.4953125 0.3409699671875 0.444328328125 0.3409699671875 0.444328328125 0.390625 0.4953125 0.390625
19 0.68125 0.3440543828125 0.6219054374999999 0.3440543828125 0.6219054374999999 0.3903206171875 0.68125 0.3903206171875 0.68125 0.3440543828125
19 0.6078125 0.396875 0.6078125 0.3375913140625 0.5621956171875 0.3375913140625 0.562195615625 0.396875 0.6078125 0.396875
19 0.81875 0.6296875 0.8734375 0.6296875 0.8734375 0.58125 0.81875 0.58125 0.81875 0.6296875
19 0.68125 0.5858056015625001 0.644724025 0.5858056015625001 0.644724025 0.6296875 0.68125 0.6296875 0.68125 0.5858056015625001
19 0.8918120921874999 0.58125 0.8918120921874999 0.63125 0.9515625 0.63125 0.9515625 0.58125 0.8918120921874999 0.58125
19 0.7359375 0.63125 0.7671875 0.63125 0.7671875 0.5845576296874999 0.7359375 0.5845576296874999 0.7359375 0.63125
19 0.64375 0.6234375 0.64375 0.5914062515625 0.6000101453125 0.5914062515625 0.6000101453125 0.6234375 0.64375 0.6234375
19 0.71875 0.63125 0.71875 0.587865259375 0.68816964375 0.587865259375 0.68816964375 0.63125 0.71875 0.63125
19 0.8140625 0.6265625 0.8140625 0.5916700484375 0.7709009734375 0.5916700484375 0.7709009734375 0.6265625 0.8140625 0.6265625
19 0.675 0.7 0.675 0.66414366875 0.64948255 0.66414366875 0.64948255 0.7 0.675 0.7
19 0.7171875 0.6953125 0.7171875 0.6689123375 0.68203125 0.6689123375 0.68203125 0.6953125 0.7171875 0.6953125
19 0.759375 0.696875 0.759375 0.6667613640625001 0.7222199671875 0.6667613640625001 0.7222199671875 0.696875 0.759375 0.696875
19 0.7984375 0.6688311687499999 0.764427759375 0.6688311687499999 0.764427759375 0.6964285718750001 0.7984375 0.6964285718750001 0.7984375 0.6688311687499999
19 0.896875 0.6985389609375 0.875588475 0.6985389609375 0.875588475 0.7293831171875 0.896875 0.7293831171875 0.896875 0.6985389609375
19 0.834375 0.7265625 0.834375 0.7021002421875 0.8114346578125 0.7021002421875 0.8114346578125 0.7265625 0.834375 0.7265625
19 0.86875 0.7265625 0.86875 0.702800325 0.8396814125000001 0.702800325 0.8396814125000001 0.7265625 0.86875 0.7265625
19 0.9171875 0.734375 0.9375 0.734375 0.9375 0.6984679375 0.9171875 0.6984679375 0.9171875 0.734375
19 0.6890625 0.7578125 0.6890625 0.7269480515625 0.6480012171875 0.7269480515625 0.6480012171875 0.7578125 0.6890625 0.7578125
19 0.7265625 0.765625 0.7265625 0.721875 0.6934862015625 0.721875 0.6934862015625 0.765625 0.7265625 0.765625
19 0.73125 0.7625 0.7728794640625 0.7625 0.7728794640625 0.7297991078125 0.73125 0.7297991078125 0.73125 0.7625
19 0.775852271875 0.73125 0.775852271875 0.7625 0.815625 0.7625 0.815625 0.73125 0.775852271875 0.73125
19 0.9217329546874999 0.7640625 0.9217329546874999 0.7421367703125 0.8876420453125 0.7421367703125 0.8876420453125 0.7640625 0.9217329546874999 0.7640625
19 0.8203125 0.765625 0.8515625 0.765625 0.8515625 0.7436992703125 0.8203125 0.7436992703125 0.8203125 0.765625
19 0.8540280031249999 0.74375 0.8540280031249999 0.765625 0.8824370953124999 0.765625 0.8824370953124999 0.74375 0.8540280031249999 0.74375
19 0.9515625 0.771875 0.9515625 0.7404119312499999 0.9299512999999999 0.7404119312499999 0.9299512999999999 0.771875 0.9515625 0.771875