19 0.1375 0.6953125 0.1375 0.612890625 0.0890625 0.612890625 0.0890625 0.6953125 0.1375 0.6953125
19 0.501953125 0.7 0.501953125 0.7421875 0.5671875 0.7421875 0.5671875 0.7 0.501953125 0.7
19 0.4953125 0.700390625 0.434375 0.700390625 0.434375 0.7421875 0.4953125 0.7421875 0.4953125 0.700390625
19 0.415625 0.6984375 0.375390625 0.6984375 0.375390625 0.7515625 0.415625 0.7515625 0.415625 0.6984375
19 0.308203125 0.70625 0.308203125 0.746875 0.3625 0.746875 0.3625 0.70625 0.308203125 0.70625
19 0.238671875 0.70625 0.238671875 0.746875 0.2984375 0.746875 0.2984375 0.70625 0.238671875 0.70625
19 0.182421875 0.709375 0.182421875 0.75 0.2359375 0.75 0.2359375 0.709375 0.182421875 0.709375
19 0.120703125 0.709375 0.120703125 0.7515625 0.178125 0.7515625 0.178125 0.709375 0.120703125 0.709375
19 0.1109375 0.708984375 0.0484375 0.708984375 0.0484375 0.7515625 0.1109375 0.7515625 0.1109375 0.708984375
19 0.6328125 0.220703125 0.5703125 0.220703125 0.5703125 0.2953125 0.6328125 0.2953125 0.6328125 0.220703125
19 0.5625 0.219140625 0.4984375 0.219140625 0.4984375 0.29375 0.5625 0.29375 0.5625 0.219140625
19 0.7109375 0.2875 0.7109375 0.23203125 0.63515625 0.23203125 0.63515625 0.2875 0.7109375 0.2875
19 0.420703125 0.21875 0.420703125 0.2984375 0.490625 0.2984375 0.490625 0.21875 0.420703125 0.21875
19 0.70625 0.2921875 0.78125 0.2921875 0.78125 0.226171875 0.70625 0.226171875 0.70625 0.2921875
19 0.8359375 0.29375 0.8359375 0.243359375 0.773046875 0.243359375 0.773046875 0.29375 0.8359375 0.29375
19 1 0.24375 0.941015625 0.24375 0.941015625 0.2921875 1 0.2921875 1 0.24375
19 0.834375 0.234375 0.834375 0.2984375 0.884375 0.2984375 0.884375 0.234375 0.834375 0.234375
19 0.9453125 0.2984375 0.9453125 0.234765625 0.891015625 0.234765625 0.891015625 0.2984375 0.9453125 0.2984375
19 0.7140625 0.378125 0.7140625 0.336328125 0.656640625 0.336328125 0.656640625 0.378125 0.7140625 0.378125
19 0.7671875 0.378125 0.7671875 0.33515625 0.707421875 0.33515625 0.707421875 0.378125 0.7671875 0.378125
19 0.653125 0.3875 0.653125 0.345703125 0.614453125 0.345703125 0.614453125 0.3875 0.653125 0.3875
19 0.566015625 0.3453125 0.566015625 0.3875 0.609375 0.3875 0.609375 0.3453125 0.566015625 0.3453125
19 0.3125 0.4859375 0.334375 0.4859375 0.334375 0.441796875 0.3125 0.441796875 0.3125 0.4859375
19 0.4078125 0.5015625 0.4078125 0.446484375 0.348046875 0.446484375 0.348046875 0.5015625 0.4078125 0.5015625
19 0.240625 0.5046875 0.240625 0.446484375 0.186328125 0.446484375 0.186328125 0.5046875 0.240625 0.5046875
19 0.4625 0.460546875 0.4171875 0.460546875 0.4171875 0.4984375 0.4625 0.4984375 0.4625 0.460546875
19 0.5671875 0.461328125 0.521875 0.461328125 0.521875 0.5 0.5671875 0.5 0.5671875 0.461328125
19 0.2953125 0.45859375 0.253515625 0.45859375 0.253515625 0.5015625 0.2953125 0.5015625 0.2953125 0.45859375
19 0.571484375 0.4609375 0.571484375 0.5015625 0.6203125 0.5015625 0.6203125 0.4609375 0.571484375 0.4609375
19 0.46875 0.5 0.5125 0.5 0.5125 0.4609375 0.46875 0.4609375 0.46875 0.5
19 0.3453125 0.5015625 0.3453125 0.480078125 0.303515625 0.480078125 0.303515625 0.5015625 0.3453125 0.5015625
19 0.2078125 0.609375 0.2078125 0.52734375 0.15546875 0.52734375 0.15546875 0.609375 0.2078125 0.609375
19 0.11875 0.530078125 0.0640625 0.530078125 0.0640625 0.609375 0.11875 0.609375 0.11875 0.530078125