19 0.9217252390624999 0.485623003125 0.85303514375 0.485623003125 0.85303514375 0.5886581468750001 0.9217252390624999 0.5886581468750001 0.9217252390624999 0.485623003125
19 0.99840255625 0.485623003125 0.929712459375 0.485623003125 0.929712459375 0.587859425 0.99840255625 0.587859425 0.99840255625 0.485623003125
19 0.70766773125 0.49361022343750005 0.6118210859375 0.49361022343750005 0.6118210859375 0.5894568687499999 0.70766773125 0.5894568687499999 0.70766773125 0.49361022343750005
19 0.6102236421875 0.4952076671875 0.5207667734375 0.4952076671875 0.5207667734375 0.5894568687499999 0.6102236421875 0.5894568687499999 0.6102236421875 0.4952076671875
19 0.512779553125 0.49361022343750005 0.42172523906250003 0.49361022343750005 0.42172523906250003 0.5894568687499999 0.512779553125 0.5894568687499999 0.512779553125 0.49361022343750005
19 0.76837060625 0.515974440625 0.7132587859374999 0.515974440625 0.7132587859374999 0.5870607031249999 0.76837060625 0.5870607031249999 0.76837060625 0.515974440625
19 0.8402555906250001 0.517571884375 0.782747603125 0.517571884375 0.782747603125 0.587859425 0.8402555906250001 0.587859425 0.8402555906250001 0.517571884375
19 0.2156549515625 0.514376996875 0.115015975 0.514376996875 0.115015975 0.590255590625 0.2156549515625 0.590255590625 0.2156549515625 0.514376996875
19 0.3178913734375 0.515974440625 0.21964856250000003 0.515974440625 0.21964856250000003 0.5894568687499999 0.3178913734375 0.5894568687499999 0.3178913734375 0.515974440625
19 0.41693290781250003 0.512779553125 0.3170926515625 0.512779553125 0.3170926515625 0.5886581468750001 0.41693290781250003 0.5886581468750001 0.41693290781250003 0.512779553125
19 0 0.5870607031249999 0.041533546875 0.5870607031249999 0.041533546875 0.546325878125 0 0.546325878125 0 0.5870607031249999
19 0.105431309375 0.5479233234375 0.0575079875 0.5479233234375 0.0575079875 0.5870607031249999 0.105431309375 0.5870607031249999 0.105431309375 0.5479233234375
19 0.5223642171875 0.61980830625 0.40175718906249996 0.61980830625 0.40175718906249996 0.7140575078125 0.5223642171875 0.7140575078125 0.5223642171875 0.61980830625
19 1 0.61980830625 0.9472843453124999 0.61980830625 0.9472843453124999 0.7140575078125 1 0.7140575078125 1 0.61980830625
19 0.82428115 0.6182108625 0.72124600625 0.6182108625 0.72124600625 0.7204472843749999 0.82428115 0.7204472843749999 0.82428115 0.6182108625
19 0.9392971250000001 0.6182108625 0.8314696484375 0.6182108625 0.8314696484375 0.7180511187499999 0.9392971250000001 0.7180511187499999 0.9392971250000001 0.6182108625
19 0.61980830625 0.6261980828125 0.531150159375 0.6261980828125 0.531150159375 0.7180511187499999 0.61980830625 0.7180511187499999 0.61980830625 0.6261980828125
19 0.7156549515624999 0.6277955265624999 0.6261980828125 0.6277955265624999 0.6261980828125 0.717252396875 0.7156549515624999 0.717252396875 0.7156549515624999 0.6277955265624999
19 0.399361021875 0.64376996875 0.2891373796875 0.64376996875 0.2891373796875 0.7148562296875001 0.399361021875 0.7148562296875001 0.399361021875 0.64376996875