19 0.4375 0.10625 0.4375 0.0606821890625 0.38594771250000004 0.0606821890625 0.38594771250000004 0.10625 0.4375 0.10625
19 0.49842728750000004 0.1078125 0.49842728750000004 0.060646446875 0.4453227125 0.060646446875 0.4453227125 0.1078125 0.49842728750000004 0.1078125
19 0.08150531093749999 0.0328125 0.08150531093749999 0.1484375 0.1591196890625 0.1484375 0.1591196890625 0.0328125 0.08150531093749999 0.0328125
19 0.24375 0.15 0.24375 0.032955475 0.1702308 0.032955475 0.1702308 0.15 0.24375 0.15
19 0.378125 0.1546875 0.378125 0.0721762671875 0.32327410156249997 0.0721762671875 0.32327410156249997 0.1546875 0.378125 0.1546875
19 0.915625 0.159375 0.915625 0.0609375 0.83923100625 0.0609375 0.83923100625 0.159375 0.915625 0.159375
19 0.25 0.1515625 0.3125 0.1515625 0.3125 0.0703125 0.25 0.0703125 0.25 0.1515625
19 0.740625 0.1515625 0.85 0.1515625 0.85 0.078400734375 0.740625 0.078400734375 0.740625 0.1515625
19 0.7640625 0.09387255 0.6870200171875 0.09387255 0.6870200171875 0.152696078125 0.7640625 0.152696078125 0.7640625 0.09387255
19 0.68125 0.08333333281250001 0.62888071875 0.08333333281250001 0.62888071875 0.1666666671875 0.68125 0.1666666671875 0.68125 0.08333333281250001
19 0.4375 0.159375 0.4375 0.112826796875 0.38753574375 0.112826796875 0.38753574375 0.159375 0.4375 0.159375
19 0.490625 0.1625 0.490625 0.11369485312500001 0.44383680468750003 0.11369485312500001 0.44383680468750003 0.1625 0.490625 0.1625
19 0.771875 0.665625 0.8546875 0.665625 0.8546875 0.575342115625 0.771875 0.575342115625 0.771875 0.665625
19 0.7578125 0.659375 0.7578125 0.5786866828125 0.6628319046875 0.5786866828125 0.6628319046875 0.659375 0.7578125 0.659375
19 0.6609375 0.66875 0.6609375 0.586335784375 0.58262356875 0.586335784375 0.58262356875 0.66875 0.6609375 0.66875
19 0.403125 0.66875 0.471875 0.66875 0.471875 0.5923202625 0.403125 0.5923202625 0.403125 0.66875
19 0.3828125 0.6671875 0.3828125 0.598881740625 0.3100337 0.598881740625 0.3100337 0.6671875 0.3828125 0.6671875
19 0.5640625 0.6734375 0.5640625 0.5927900328125 0.49058415 0.5927900328125 0.49058415 0.6734375 0.5640625 0.6734375
19 0.6171875 0.8203125 0.6171875 0.745654615625 0.5507506125 0.745654615625 0.5507506125 0.8203125 0.6171875 0.8203125