19 0.1359375 0.1484375 0.09375 0.1484375 0.09375 0.21796875 0.1359375 0.21796875 0.1359375 0.1484375
19 0.1796875 0.15 0.1375 0.15 0.1375 0.21484375 0.1796875 0.21484375 0.1796875 0.15
19 0.21796875 0.153125 0.1796875 0.153125 0.1796875 0.2140625 0.21796875 0.2140625 0.21796875 0.153125
19 0.26484375 0.15 0.2265625 0.15 0.2265625 0.21875 0.26484375 0.21875 0.26484375 0.15
19 0.18203125 0.2203125 0.14375 0.2203125 0.14375 0.28515625 0.18203125 0.28515625 0.18203125 0.2203125
19 0.2703125 0.21875 0.2328125 0.21875 0.2328125 0.28515625 0.2703125 0.28515625 0.2703125 0.21875
19 0.225 0.221875 0.184375 0.221875 0.184375 0.28671875 0.225 0.28671875 0.225 0.221875
19 0.13828125 0.2203125 0.1 0.2203125 0.1 0.28671875 0.13828125 0.28671875 0.13828125 0.2203125
19 0.5546875 0.3140625 0.5171875 0.3140625 0.5171875 0.36484375 0.5546875 0.36484375 0.5546875 0.3140625
19 0.509375 0.3171875 0.46875 0.3171875 0.46875 0.365625 0.509375 0.365625 0.509375 0.3171875
19 0.60625 0.315625 0.5640625 0.315625 0.5640625 0.36875 0.60625 0.36875 0.60625 0.315625
19 0.52734375 0.0015625 0.4609375 0.0015625 0.4609375 0.07109375 0.52734375 0.07109375 0.52734375 0.0015625
19 0.3890625 0 0.3890625 0.071875 0.44765625 0.071875 0.44765625 0 0.3890625 0
19 0.73984375 0.328125 0.6796875 0.328125 0.6796875 0.42578125 0.73984375 0.42578125 0.73984375 0.328125
19 0.1796875 0.3296875 0.103125 0.3296875 0.103125 0.42578125 0.1796875 0.42578125 0.1796875 0.3296875
19 0.2625 0.33125 0.184375 0.33125 0.184375 0.425 0.2625 0.425 0.2625 0.33125
19 0.678125 0.3296875 0.6140625 0.3296875 0.6140625 0.428125 0.678125 0.428125 0.678125 0.3296875
19 0.33828125 0.3328125 0.2625 0.3328125 0.2625 0.42421875 0.33828125 0.42421875 0.33828125 0.3328125
19 0.81015625 0.3296875 0.74375 0.3296875 0.74375 0.428125 0.81015625 0.428125 0.81015625 0.3296875
19 0.403125 0.3546875 0.3421875 0.3546875 0.3421875 0.42421875 0.403125 0.42421875 0.403125 0.3546875
19 0.4703125 0.35625 0.4078125 0.35625 0.4078125 0.42734375 0.4703125 0.42734375 0.4703125 0.35625
19 0.3859375 0.0078125 0.3390625 0.0078125 0.3390625 0.07265625 0.3859375 0.07265625 0.3859375 0.0078125
19 0.5125 0.371875 0.475 0.371875 0.475 0.4234375 0.5125 0.4234375 0.5125 0.371875
19 0.60390625 0.36875 0.5609375 0.36875 0.5609375 0.42421875 0.60390625 0.42421875 0.60390625 0.36875
19 0.55625 0.3703125 0.5140625 0.3703125 0.5140625 0.42578125 0.55625 0.42578125 0.55625 0.3703125
19 0.5796875 0.4515625 0.5421875 0.4515625 0.5421875 0.4828125 0.5796875 0.4828125 0.5796875 0.4515625
19 0.48671875 0.4515625 0.459375 0.4515625 0.459375 0.4828125 0.48671875 0.4828125 0.48671875 0.4515625
19 0.534375 0.4546875 0.4984375 0.4546875 0.4984375 0.48203125 0.534375 0.48203125 0.534375 0.4546875
19 0.6203125 0.4546875 0.5828125 0.4546875 0.5828125 0.484375 0.6203125 0.484375 0.6203125 0.4546875
19 0.409375 0.453125 0.3734375 0.453125 0.3734375 0.484375 0.409375 0.484375 0.409375 0.453125
19 0.453125 0.45625 0.415625 0.45625 0.415625 0.4828125 0.453125 0.4828125 0.453125 0.45625
19 0.28515625 0.0265625 0.2421875 0.0265625 0.2421875 0.071875 0.28515625 0.071875 0.28515625 0.0265625
19 0.7046875 0.4796875 0.6734375 0.4796875 0.6734375 0.50390625 0.7046875 0.50390625 0.7046875 0.4796875
19 0.7390625 0.48125 0.7078125 0.48125 0.7078125 0.50546875 0.7390625 0.50546875 0.7390625 0.48125
19 0.77734375 0.4828125 0.75 0.4828125 0.75 0.509375 0.77734375 0.509375 0.77734375 0.4828125
19 0.33046875 0.03125 0.2875 0.03125 0.2875 0.071875 0.33046875 0.071875 0.33046875 0.03125
19 0.175 0.484375 0.1234375 0.484375 0.1234375 0.55078125 0.175 0.55078125 0.175 0.484375
19 0.23359375 0.484375 0.184375 0.484375 0.184375 0.54921875 0.23359375 0.54921875 0.23359375 0.484375
19 0.28828125 0.484375 0.2390625 0.484375 0.2390625 0.55078125 0.28828125 0.55078125 0.28828125 0.484375
19 0.34140625 0.484375 0.2921875 0.484375 0.2921875 0.5515625 0.34140625 0.5515625 0.34140625 0.484375
19 0.484375 0.496875 0.44375 0.496875 0.44375 0.55234375 0.484375 0.55234375 0.484375 0.496875
19 0.39609375 0.496875 0.3578125 0.496875 0.3578125 0.55234375 0.39609375 0.55234375 0.39609375 0.496875
19 0.4390625 0.4984375 0.4015625 0.4984375 0.4015625 0.55234375 0.4390625 0.55234375 0.4390625 0.4984375
19 0.53046875 0.5 0.4921875 0.5 0.4921875 0.553125 0.53046875 0.553125 0.53046875 0.5
19 0.66484375 0.496875 0.6265625 0.496875 0.6265625 0.55234375 0.66484375 0.55234375 0.66484375 0.496875
19 0.61953125 0.496875 0.5796875 0.496875 0.5796875 0.55234375 0.61953125 0.55234375 0.61953125 0.496875
19 0.5734375 0.5015625 0.5359375 0.5015625 0.5359375 0.553125 0.5734375 0.553125 0.5734375 0.5015625
19 0.7015625 0.5203125 0.66875 0.5203125 0.66875 0.54765625 0.7015625 0.54765625 0.7015625 0.5203125
19 0.74140625 0.521875 0.70625 0.521875 0.70625 0.55078125 0.74140625 0.55078125 0.74140625 0.521875
19 0.7796875 0.5234375 0.7484375 0.5234375 0.7484375 0.55234375 0.7796875 0.55234375 0.7796875 0.5234375
19 0.61875 0.5828125 0.55625 0.5828125 0.55625 0.665625 0.61875 0.665625 0.61875 0.5828125
19 0.47890625 0.5828125 0.409375 0.5828125 0.409375 0.66484375 0.47890625 0.66484375 0.47890625 0.5828125
19 0.4078125 0.584375 0.334375 0.584375 0.334375 0.66484375 0.4078125 0.66484375 0.4078125 0.584375
19 0.54765625 0.5859375 0.4890625 0.5859375 0.4890625 0.665625 0.54765625 0.665625 0.54765625 0.5859375
19 0.26171875 0.584375 0.203125 0.584375 0.203125 0.66875 0.26171875 0.66875 0.26171875 0.584375
19 0.19375 0.5859375 0.1375 0.5859375 0.1375 0.6703125 0.19375 0.6703125 0.19375 0.5859375
19 0.32265625 0.5859375 0.2671875 0.5859375 0.2671875 0.66875 0.32265625 0.66875 0.32265625 0.5859375
19 0.73203125 0.603125 0.678125 0.603125 0.678125 0.66796875 0.73203125 0.66796875 0.73203125 0.603125
19 0.79375 0.603125 0.7359375 0.603125 0.7359375 0.66796875 0.79375 0.66796875 0.79375 0.603125
19 0.678125 0.6 0.621875 0.6 0.621875 0.6734375 0.678125 0.6734375 0.678125 0.6
19 0.6625 0.7171875 0.6 0.7171875 0.6 0.78203125 0.6625 0.78203125 0.6625 0.7171875
19 0.75 0.7171875 0.6890625 0.7171875 0.6890625 0.78203125 0.75 0.78203125 0.75 0.7171875