19 0.15559440625 0.797202796875 0.24125874062500002 0.797202796875 0.24125874062500002 0.7517482515625 0.15559440625 0.7517482515625 0.15559440625 0.797202796875
19 0.34440559375 0.7989510484375 0.41608391562499997 0.7989510484375 0.41608391562499997 0.7517482515625 0.34440559375 0.7517482515625 0.34440559375 0.7989510484375
19 0.5139860140625 0.796328671875 0.5856643359375 0.796328671875 0.5856643359375 0.7534965031249999 0.5139860140625 0.7534965031249999 0.5139860140625 0.796328671875
19 0.258741259375 0.8006993 0.3304195796875 0.8006993 0.3304195796875 0.7552447546875001 0.258741259375 0.7552447546875001 0.258741259375 0.8006993
19 0.4388111890625 0.48951048906250005 0.53059440625 0.48951048906250005 0.53059440625 0.41258741250000003 0.4388111890625 0.41258741250000003 0.4388111890625 0.48951048906250005
19 0.34090909062499997 0.491258740625 0.43269230781249995 0.491258740625 0.43269230781249995 0.4143356640625 0.34090909062499997 0.4143356640625 0.34090909062499997 0.491258740625
19 0.53146853125 0.491258740625 0.6267482515625 0.491258740625 0.6267482515625 0.4143356640625 0.53146853125 0.4143356640625 0.53146853125 0.491258740625
19 0.10839160781249998 0.48863636406250005 0.15646853125 0.48863636406250005 0.15646853125 0.44405594375 0.10839160781249998 0.44405594375 0.10839160781249998 0.48863636406250005
19 0.1678321671875 0.48863636406250005 0.21853146875 0.48863636406250005 0.21853146875 0.4458041953125 0.1678321671875 0.4458041953125 0.1678321671875 0.48863636406250005
19 0.2867132859375 0.4877622375 0.33479020937500004 0.4877622375 0.33479020937500004 0.44755244687499995 0.2867132859375 0.44755244687499995 0.2867132859375 0.4877622375
19 0.225524475 0.490384615625 0.2797202796875 0.490384615625 0.2797202796875 0.44755244687499995 0.225524475 0.44755244687499995 0.225524475 0.490384615625
19 0.3304195796875 0.5865384609375 0.41958042031250004 0.5865384609375 0.41958042031250004 0.5209790203125 0.3304195796875 0.5209790203125 0.3304195796875 0.5865384609375
19 0.234265734375 0.5874125875 0.3243007 0.5874125875 0.3243007 0.5244755249999999 0.234265734375 0.5244755249999999 0.234265734375 0.5874125875
19 0.421328671875 0.5865384609375 0.5104895109375 0.5865384609375 0.5104895109375 0.5244755249999999 0.421328671875 0.5244755249999999 0.421328671875 0.5865384609375
19 0.134615384375 0.5874125875 0.22989510468750002 0.5874125875 0.22989510468750002 0.527972028125 0.134615384375 0.527972028125 0.134615384375 0.5874125875
19 0.5174825171874999 0.5882867140625 0.60664335625 0.5882867140625 0.60664335625 0.5262237765625 0.5174825171874999 0.5262237765625 0.5174825171874999 0.5882867140625
19 0.20804195781249998 0.684440559375 0.28059440625 0.684440559375 0.28059440625 0.6363636359375 0.20804195781249998 0.6363636359375 0.20804195781249998 0.684440559375
19 0.29895104843750003 0.684440559375 0.3645104890625 0.684440559375 0.3645104890625 0.6363636359375 0.29895104843750003 0.6363636359375 0.29895104843750003 0.684440559375
19 0.4632867140625 0.6835664328125 0.5332167828125 0.6835664328125 0.5332167828125 0.6381118875 0.4632867140625 0.6381118875 0.4632867140625 0.6835664328125
19 0.6381118875 0.6826923078125 0.7106643359375 0.6826923078125 0.7106643359375 0.639860140625 0.6381118875 0.639860140625 0.6381118875 0.6826923078125
19 0.3793706296875 0.684440559375 0.44930070000000005 0.684440559375 0.44930070000000005 0.6363636359375 0.3793706296875 0.6363636359375 0.3793706296875 0.684440559375
19 0.5454545453125 0.6826923078125 0.61800699375 0.6826923078125 0.61800699375 0.6381118875 0.5454545453125 0.6381118875 0.5454545453125 0.6826923078125
19 0.127622378125 0.6870629375 0.197552446875 0.6870629375 0.197552446875 0.6363636359375 0.127622378125 0.6363636359375 0.127622378125 0.6870629375
19 0.596153846875 0.7823426578125 0.6678321671874999 0.7823426578125 0.6678321671874999 0.7395104890625 0.596153846875 0.7395104890625 0.596153846875 0.7823426578125
19 0.4300699296875 0.797202796875 0.5 0.797202796875 0.5 0.75 0.4300699296875 0.75 0.4300699296875 0.797202796875