19 0.1296875 0.175 0.1296875 0.092578125 0.01875 0.092578125 0.01875 0.175 0.1296875 0.175
19 0.11875 0.084375 0.11875 0.1890625 0.2015625 0.1890625 0.2015625 0.084375 0.11875 0.084375
19 0.5984375 0.109765625 0.49375 0.109765625 0.49375 0.1734375 0.5984375 0.1734375 0.5984375 0.109765625
19 0.6671875 0.108203125 0.562109375 0.108203125 0.562109375 0.177734375 0.6671875 0.177734375 0.6671875 0.108203125
19 0.7046875 0.103125 0.7046875 0.196875 0.7765625 0.196875 0.7765625 0.103125 0.7046875 0.103125
19 0.4375 0.125 0.4375 0.19375 0.509375 0.19375 0.509375 0.125 0.4375 0.125
19 0.4421875 0.184375 0.4421875 0.138671875 0.37890625 0.138671875 0.37890625 0.184375 0.4421875 0.184375
19 0.3390625 0.1296875 0.3390625 0.196875 0.3875 0.196875 0.3875 0.1296875 0.3390625 0.1296875
19 0.475 0.465625 0.475 0.5234375 0.54375 0.5234375 0.54375 0.465625 0.475 0.465625
19 0.47421875 0.5234375 0.47421875 0.463671875 0.4140625 0.463671875 0.4140625 0.5234375 0.47421875 0.5234375
19 0.6078125 0.525 0.6078125 0.466015625 0.548828125 0.466015625 0.548828125 0.525 0.6078125 0.525
19 0.325 0.4671875 0.325 0.525 0.36875 0.525 0.36875 0.4671875 0.325 0.4671875
19 0.3734375 0.4671875 0.3734375 0.525 0.4125 0.525 0.4125 0.4671875 0.3734375 0.4671875
19 0.1484375 0.525 0.1484375 0.4921875 0.111328125 0.4921875 0.111328125 0.525 0.1484375 0.525
19 0.10625 0.525 0.10625 0.48828125 0.07421875 0.48828125 0.07421875 0.525 0.10625 0.525