19 0.7389937109375 0.194182390625 0.7948113203125 0.194182390625 0.7948113203125 0.08647798749999999 0.7389937109375 0.08647798749999999 0.7389937109375 0.194182390625
19 0.8443396218749999 0.19654088125 0.9001572328125 0.19654088125 0.9001572328125 0.0880503140625 0.8443396218749999 0.0880503140625 0.8443396218749999 0.19654088125
19 0.790880503125 0.19261006249999998 0.8474842765625 0.19261006249999998 0.8474842765625 0.09119496875000001 0.790880503125 0.09119496875000001 0.790880503125 0.19261006249999998
19 0.68710691875 0.19654088125 0.7389937109375 0.19654088125 0.7389937109375 0.09119496875000001 0.68710691875 0.09119496875000001 0.68710691875 0.19654088125
19 0.48584905625 0.42531446562499997 0.5243710687500001 0.42531446562499997 0.5243710687500001 0.35062893125 0.48584905625 0.35062893125 0.48584905625 0.42531446562499997
19 0.526729559375 0.4261006296875 0.5668238999999999 0.4261006296875 0.5668238999999999 0.3522012578125 0.526729559375 0.3522012578125 0.526729559375 0.4261006296875
19 0.569182390625 0.4331761 0.6124213843749999 0.4331761 0.6124213843749999 0.35849056562500003 0.569182390625 0.35849056562500003 0.569182390625 0.4331761
19 0.6147798734375 0.43789308125000004 0.6572327046875001 0.43789308125000004 0.6572327046875001 0.3616352203125 0.6147798734375 0.3616352203125 0.6147798734375 0.43789308125000004
19 0.7059748421875 0.444968553125 0.75471698125 0.444968553125 0.75471698125 0.3616352203125 0.7059748421875 0.3616352203125 0.7059748421875 0.444968553125
19 0.65880503125 0.44339622656250005 0.7059748421875 0.44339622656250005 0.7059748421875 0.36477987343749996 0.65880503125 0.36477987343749996 0.65880503125 0.44339622656250005
19 0.290880503125 0.5125786156250001 0.315251571875 0.5125786156250001 0.315251571875 0.45597484218749995 0.290880503125 0.45597484218749995 0.290880503125 0.5125786156250001
19 0.48270440312499996 0.5393081765625001 0.5031446546875 0.5393081765625001 0.5031446546875 0.47484276718749996 0.48270440312499996 0.47484276718749996 0.48270440312499996 0.5393081765625001
19 0.3160377359375 0.5345911953125 0.33569182343750004 0.5345911953125 0.33569182343750004 0.487421384375 0.3160377359375 0.487421384375 0.3160377359375 0.5345911953125
19 0.5062893078124999 0.56289308125 0.52358490625 0.56289308125 0.52358490625 0.5094339625 0.5062893078124999 0.5094339625 0.5062893078124999 0.56289308125
19 0.5283018875 0.564465409375 0.545597484375 0.564465409375 0.545597484375 0.5110062890625 0.5283018875 0.5110062890625 0.5283018875 0.564465409375
19 0.272012578125 0.594339621875 0.2948113203125 0.594339621875 0.2948113203125 0.531446540625 0.272012578125 0.531446540625 0.272012578125 0.594339621875
19 0.42924528281249996 0.5754716984375 0.44339622656250005 0.5754716984375 0.44339622656250005 0.5487421390625 0.42924528281249996 0.5487421390625 0.42924528281249996 0.5754716984375
19 0.3207547171875 0.6053459125 0.3451257859375 0.6053459125 0.3451257859375 0.536163521875 0.3207547171875 0.536163521875 0.3207547171875 0.6053459125
19 0.34591194999999997 0.6069182390625001 0.3710691828125 0.6069182390625001 0.3710691828125 0.5377358484375 0.34591194999999997 0.5377358484375 0.34591194999999997 0.6069182390625001
19 0.4481132078125 0.6234276734375 0.47248427656249997 0.6234276734375 0.47248427656249997 0.531446540625 0.4481132078125 0.531446540625 0.4481132078125 0.6234276734375
19 0.3742138359375 0.6092767296875 0.39858490625 0.6092767296875 0.39858490625 0.5393081765625001 0.3742138359375 0.5393081765625001 0.3742138359375 0.6092767296875
19 0.295597484375 0.6006289312499999 0.3160377359375 0.6006289312499999 0.3160377359375 0.55345911875 0.295597484375 0.55345911875 0.295597484375 0.6006289312499999
19 0.47484276718749996 0.6242138359375 0.4968553453125 0.6242138359375 0.4968553453125 0.545597484375 0.47484276718749996 0.545597484375 0.47484276718749996 0.6242138359375
19 0.40094339687499997 0.6171383640625 0.422955975 0.6171383640625 0.422955975 0.56289308125 0.40094339687499997 0.56289308125 0.40094339687499997 0.6171383640625
19 0.5 0.6257861640625 0.5204402515625 0.6257861640625 0.5204402515625 0.57232704375 0.5 0.57232704375 0.5 0.6257861640625
19 0.422955975 0.6155660375 0.44339622656250005 0.6155660375 0.44339622656250005 0.5864779875 0.422955975 0.5864779875 0.422955975 0.6155660375
19 0.522012578125 0.632075471875 0.5400943390624999 0.632075471875 0.5400943390624999 0.5754716984375 0.522012578125 0.5754716984375 0.522012578125 0.632075471875
19 0.7531446546875 0.6713836484375 0.7916666671875 0.6713836484375 0.7916666671875 0.6037735843750001 0.7531446546875 0.6037735843750001 0.7531446546875 0.6713836484375
19 0.8018867921874999 0.6792452828125 0.8443396218749999 0.6792452828125 0.8443396218749999 0.61006289375 0.8018867921874999 0.61006289375 0.8018867921874999 0.6792452828125
19 0.38522012656250004 0.8105345906249999 0.4166666671875 0.8105345906249999 0.4166666671875 0.7594339625 0.38522012656250004 0.7594339625 0.38522012656250004 0.8105345906249999
19 0.422955975 0.8191823906250001 0.45283018906250005 0.8191823906250001 0.45283018906250005 0.7704402515625 0.422955975 0.7704402515625 0.422955975 0.8191823906250001