19 0.815625 0.234375 0.7734574671875001 0.234375 0.7734574671875001 0.274975040625 0.815625 0.274975040625 0.815625 0.234375
19 0.734375 0.275 0.734375 0.2353284734375 0.7009784328124999 0.2353284734375 0.7009784328124999 0.275 0.734375 0.275
19 0.6953125 0.2734375 0.6953125 0.23933206875000002 0.6522963265625 0.23933206875000002 0.6522963265625 0.2734375 0.6953125 0.2734375
19 0.774935103125 0.278125 0.774935103125 0.23536341875 0.7413887781249999 0.23536341875 0.7413887781249999 0.278125 0.774935103125 0.278125
19 0.6546875 0.2734375 0.6546875 0.2430011984375 0.613610721875 0.2430011984375 0.613610721875 0.2734375 0.6546875 0.2734375
19 0.9328125 0.290625 0.9328125 0.258563796875 0.903951178125 0.258563796875 0.903951178125 0.290625 0.9328125 0.290625
19 0.9015625 0.290625 0.9015625 0.258563796875 0.8676218062500001 0.258563796875 0.8676218062500001 0.290625 0.9015625 0.290625
19 0.8609375 0.296875 0.8609375 0.25695886562500003 0.8304412937500001 0.25695886562500003 0.8304412937500001 0.296875 0.8609375 0.296875
19 0.3640625 0.3171875 0.3640625 0.2564322078125 0.2751996796875 0.2564322078125 0.2751996796875 0.3171875 0.3640625 0.3171875
19 0.336701278125 0.2578125 0.336701278125 0.3171875 0.42615814687500003 0.3171875 0.42615814687500003 0.2578125 0.336701278125 0.2578125
19 0.4703125 0.33125 0.4703125 0.24323332656250002 0.41204572656250005 0.24323332656250002 0.41204572656250005 0.33125 0.4703125 0.33125
19 0.2181259984375 0.259375 0.2181259984375 0.3184105421875 0.3075828671875 0.3184105421875 0.3075828671875 0.259375 0.2181259984375 0.259375
19 0.2453125 0.3203125 0.2453125 0.2566917921875 0.1566244015625 0.2566917921875 0.1566244015625 0.3203125 0.2453125 0.3203125
19 0.5203125 0.328125 0.5203125 0.2637280359375 0.47289586562499997 0.2637280359375 0.47289586562499997 0.328125 0.5203125 0.328125
19 0.621875 0.328125 0.621875 0.26181359843749996 0.5720547140625001 0.26181359843749996 0.5720547140625001 0.328125 0.621875 0.328125
19 0.58125 0.271033846875 0.5137280343749999 0.271033846875 0.5137280343749999 0.321353334375 0.58125 0.321353334375 0.58125 0.271033846875
19 0.7030051921875 0.315625 0.7030051921875 0.281052815625 0.666263978125 0.281052815625 0.666263978125 0.315625 0.7030051921875 0.315625
19 0.825 0.3265625 0.825 0.277545928125 0.7892147546875 0.277545928125 0.7892147546875 0.3265625 0.825 0.3265625
19 0.7903254796875 0.3203125 0.7903254796875 0.28399560625000003 0.7408047140625 0.28399560625000003 0.7408047140625 0.3203125 0.7903254796875 0.3203125
19 0.7484375 0.321875 0.7484375 0.287779553125 0.7012355218749999 0.287779553125 0.7012355218749999 0.321875 0.7484375 0.321875
19 0.659375 0.328125 0.659375 0.283087059375 0.624997503125 0.283087059375 0.624997503125 0.328125 0.659375 0.328125
19 0.8625 0.321875 0.8984375 0.321875 0.8984375 0.297376696875 0.8625 0.297376696875 0.8625 0.321875
19 0.934375 0.2953973640625 0.9043380593749999 0.2953973640625 0.9043380593749999 0.32335263593749997 0.934375 0.32335263593749997 0.934375 0.2953973640625
19 0.8578125 0.3234375 0.8578125 0.2940420328125 0.828791434375 0.2940420328125 0.828791434375 0.3234375 0.8578125 0.3234375
19 0.42642771562500004 0.4421875 0.42642771562500004 0.3754293140625 0.36732228437500003 0.3754293140625 0.36732228437500003 0.4421875 0.42642771562500004 0.4421875
19 0.4859375 0.44375 0.4859375 0.37383186875 0.42983975625 0.37383186875 0.42983975625 0.44375 0.4859375 0.44375
19 0.234375 0.44375 0.234375 0.373771965625 0.16984325 0.373771965625 0.16984325 0.44375 0.234375 0.44375
19 0.2953125 0.3750124796875 0.2364541734375 0.3750124796875 0.2364541734375 0.4453000203125 0.2953125 0.4453000203125 0.2953125 0.3750124796875
19 0.490625 0.44375 0.55 0.44375 0.55 0.373771965625 0.490625 0.373771965625 0.490625 0.44375
19 0.3609375 0.375404353125 0.3017546921875 0.375404353125 0.3017546921875 0.446490615625 0.3609375 0.446490615625 0.3609375 0.375404353125
19 0.60625 0.440625 0.60625 0.388029153125 0.55001248125 0.388029153125 0.55001248125 0.440625 0.60625 0.440625
19 0.8964381984375001 0.4421875 0.8964381984375001 0.38963658125 0.8397289328124999 0.38963658125 0.8397289328124999 0.4421875 0.8964381984375001 0.4421875
19 0.721875 0.44375 0.721875 0.3905326484375 0.6671875 0.3905326484375 0.6671875 0.44375 0.721875 0.44375
19 0.834375 0.3899211265625 0.7828599234375 0.3899211265625 0.7828599234375 0.44503294843749996 0.834375 0.44503294843749996 0.834375 0.3899211265625
19 0.7810228625 0.44375 0.7810228625 0.3894294140625 0.724313596875 0.3894294140625 0.724313596875 0.44375 0.7810228625 0.44375
19 0.6625 0.45 0.6625 0.3887579875 0.61171875 0.3887579875 0.61171875 0.45 0.6625 0.45
19 0.846875 0.521875 0.846875 0.47725389375000005 0.812068190625 0.47725389375000005 0.812068190625 0.521875 0.846875 0.521875
19 0.7703125 0.525 0.7703125 0.4796875 0.7352760578125 0.4796875 0.7352760578125 0.525 0.7703125 0.525
19 0.8890625 0.51875 0.8890625 0.482984725 0.8446660343750001 0.482984725 0.8446660343750001 0.51875 0.8890625 0.51875
19 0.734375 0.5203125 0.734375 0.4848467453125 0.6897489015625 0.4848467453125 0.6897489015625 0.5203125 0.734375 0.5203125
19 0.8078125 0.525 0.8078125 0.4796875 0.773435003125 0.4796875 0.773435003125 0.525 0.8078125 0.525
19 0.653125 0.521875 0.653125 0.4866638375 0.6083141953125 0.4866638375 0.6083141953125 0.521875 0.653125 0.521875
19 0.6921875 0.521875 0.6921875 0.48580770624999997 0.647052215625 0.48580770624999997 0.647052215625 0.521875 0.6921875 0.521875
19 0.37362470000000003 0.57797274375 0.4279377984375 0.57797274375 0.4279377984375 0.52046475625 0.37362470000000003 0.52046475625 0.37362470000000003 0.57797274375
19 0.6125 0.5765625 0.6125 0.5206694296875 0.55541883125 0.5206694296875 0.55541883125 0.5765625 0.6125 0.5765625
19 0.36875 0.578125 0.36875 0.5195387390625 0.3126023359375 0.5195387390625 0.3126023359375 0.578125 0.36875 0.578125
19 0.4890625 0.578125 0.4890625 0.521068790625 0.431235025 0.521068790625 0.431235025 0.578125 0.4890625 0.578125
19 0.490625 0.5765625 0.5515625 0.5765625 0.5515625 0.5206694296875 0.490625 0.5206694296875 0.490625 0.5765625
19 0.309375 0.575 0.309375 0.51926916875 0.2526632390625 0.51926916875 0.2526632390625 0.575 0.309375 0.575
19 0.2483751 0.58125 0.2483751 0.52262879375 0.191665834375 0.52262879375 0.191665834375 0.58125 0.2483751 0.58125
19 0.8206744203125 0.5778504390625 0.859013078125 0.5778504390625 0.859013078125 0.5315245609375 0.8206744203125 0.5315245609375 0.8206744203125 0.5778504390625
19 0.7375 0.5375 0.6940470249999999 0.5375 0.6940470249999999 0.5731304921875 0.7375 0.5731304921875 0.7375 0.5375
19 0.8984375 0.578125 0.8984375 0.5323732031249999 0.8607453078124999 0.5323732031249999 0.8607453078124999 0.578125 0.8984375 0.578125
19 0.6515625 0.533486421875 0.6187649765625001 0.533486421875 0.6187649765625001 0.579013578125 0.6515625 0.579013578125 0.6515625 0.533486421875
19 0.7796875 0.575 0.7796875 0.5373826875 0.734484825 0.5373826875 0.734484825 0.575 0.7796875 0.575
19 0.6921875 0.5796875 0.6921875 0.5340055921875 0.6568515359375 0.5340055921875 0.6568515359375 0.5796875 0.6921875 0.5796875
19 0.8140625 0.5315245609375 0.779685003125 0.5315245609375 0.779685003125 0.5778504390625 0.8140625 0.5778504390625 0.8140625 0.5315245609375
19 0.7625 0.602236421875 0.7351886984375 0.602236421875 0.7351886984375 0.647763578125 0.7625 0.647763578125 0.7625 0.602236421875
19 0.7296875 0.6018370609375 0.7016298921875 0.6018370609375 0.7016298921875 0.6481629390625 0.7296875 0.6481629390625 0.7296875 0.6018370609375
19 0.840625 0.6390625 0.840625 0.6109449875 0.794728434375 0.6109449875 0.794728434375 0.6390625 0.840625 0.6390625
19 0.865625 0.6453125 0.865625 0.6022189499999999 0.8381689296875001 0.6022189499999999 0.8381689296875001 0.6453125 0.865625 0.6453125
19 0.796875 0.6018370609375 0.768817390625 0.6018370609375 0.768817390625 0.6481629390625 0.796875 0.6481629390625 0.796875 0.6018370609375
19 0.6609375 0.65 0.6609375 0.6042681703125 0.6322958265625 0.6042681703125 0.6322958265625 0.65 0.6609375 0.65
19 0.666056809375 0.64774610625 0.698005690625 0.64774610625 0.698005690625 0.6038163937500001 0.666056809375 0.6038163937500001 0.666056809375 0.64774610625
19 0.734375 0.6828125 0.734375 0.654165834375 0.693892271875 0.654165834375 0.693892271875 0.6828125 0.734375 0.6828125
19 0.90625 0.6859375 0.90625 0.65712110625 0.8636681296875001 0.65712110625 0.8636681296875001 0.6859375 0.90625 0.6859375
19 0.6965455281249999 0.6953125 0.6965455281249999 0.6500449265625 0.666194090625 0.6500449265625 0.666194090625 0.6953125 0.6965455281249999 0.6953125
19 0.7624326078125 0.6953125 0.7624326078125 0.6502745609375 0.7328798921875 0.6502745609375 0.7328798921875 0.6953125 0.7624326078125 0.6953125
19 0.8734375 0.6859375 0.8734375 0.6588208859375 0.827990215625 0.6588208859375 0.827990215625 0.6859375 0.8734375 0.6859375
19 0.803125 0.6875 0.803125 0.6574480828125 0.757872403125 0.6574480828125 0.757872403125 0.6875 0.803125 0.6875
19 0.83125 0.6953125 0.83125 0.6502745609375 0.80201178125 0.6502745609375 0.80201178125 0.6953125 0.83125 0.6953125
19 0.6328125 0.696875 0.6625 0.696875 0.6625 0.6515625 0.6328125 0.6515625 0.6328125 0.696875