19 0.621875 0.3375 0.621875 0.375 0.6734375 0.375 0.6734375 0.3375 0.621875 0.3375
19 0.725 0.375 0.725 0.336328125 0.675390625 0.336328125 0.675390625 0.375 0.725 0.375
19 0.728125 0.3375 0.728125 0.375 0.7765625 0.375 0.7765625 0.3375 0.728125 0.3375
19 0.9296875 0.334765625 0.894921875 0.334765625 0.894921875 0.377734375 0.9296875 0.377734375 0.9296875 0.334765625
19 0.8765625 0.33671875 0.840234375 0.33671875 0.840234375 0.3796875 0.8765625 0.3796875 0.8765625 0.33671875
19 0.7875 0.340625 0.7875 0.375 0.8296875 0.375 0.8296875 0.340625 0.7875 0.340625
19 0.94375 0.340625 0.94375 0.378125 0.9921875 0.378125 0.9921875 0.340625 0.94375 0.340625
19 0.256640625 0.3453125 0.256640625 0.4140625 0.3296875 0.4140625 0.3296875 0.3453125 0.256640625 0.3453125
19 0.40625 0.41875 0.40625 0.33984375 0.33828125 0.33984375 0.33828125 0.41875 0.40625 0.41875
19 0.171875 0.346875 0.171875 0.415625 0.25625 0.415625 0.25625 0.346875 0.171875 0.346875
19 0.0875 0.342578125 0.0171875 0.342578125 0.0171875 0.41875 0.0875 0.41875 0.0875 0.342578125
19 0.0921875 0.346875 0.0921875 0.415625 0.1703125 0.415625 0.1703125 0.346875 0.0921875 0.346875
19 0.4765625 0.3546875 0.423828125 0.3546875 0.423828125 0.4234375 0.4765625 0.4234375 0.4765625 0.3546875
19 0.6140625 0.4203125 0.6140625 0.35703125 0.56171875 0.35703125 0.56171875 0.4203125 0.6140625 0.4203125
19 0.4859375 0.3609375 0.4859375 0.415625 0.55 0.415625 0.55 0.3609375 0.4859375 0.3609375
19 0.6671875 0.4203125 0.6671875 0.369140625 0.628125 0.369140625 0.628125 0.4203125 0.6671875 0.4203125
19 0.686328125 0.3703125 0.686328125 0.4234375 0.7234375 0.4234375 0.7234375 0.3703125 0.686328125 0.3703125
19 0.8390625 0.380078125 0.7921875 0.380078125 0.7921875 0.4140625 0.8390625 0.4140625 0.8390625 0.380078125
19 0.8890625 0.415625 0.8890625 0.378515625 0.846484375 0.378515625 0.846484375 0.415625 0.8890625 0.415625
19 0.7828125 0.4140625 0.7828125 0.380078125 0.730078125 0.380078125 0.730078125 0.4140625 0.7828125 0.4140625
19 0.903125 0.378125 0.903125 0.415625 0.95 0.415625 0.95 0.378125 0.903125 0.378125
19 0.9921875 0.415625 0.9921875 0.378515625 0.958203125 0.378515625 0.958203125 0.415625 0.9921875 0.415625
19 0.24765625 0.53125 0.24765625 0.454296875 0.1921875 0.454296875 0.1921875 0.53125 0.24765625 0.53125
19 0.073046875 0.534375 0.073046875 0.452734375 0.017578125 0.452734375 0.017578125 0.534375 0.073046875 0.534375
19 0.1625 0.455078125 0.10703125 0.455078125 0.10703125 0.53125 0.1625 0.53125 0.1625 0.455078125
19 0.264453125 0.465625 0.264453125 0.521875 0.3453125 0.521875 0.3453125 0.465625 0.264453125 0.465625
19 0.4375 0.5234375 0.4375 0.465234375 0.356640625 0.465234375 0.356640625 0.5234375 0.4375 0.5234375
19 0.58125 0.5390625 0.58125 0.46015625 0.53515625 0.46015625 0.53515625 0.5390625 0.58125 0.5390625
19 0.5 0.540625 0.5 0.461328125 0.4515625 0.461328125 0.4515625 0.540625 0.5 0.540625
19 0.759375 0.4828125 0.759375 0.525 0.8234375 0.525 0.8234375 0.4828125 0.759375 0.4828125
19 0.8890625 0.525 0.8890625 0.483203125 0.830859375 0.483203125 0.830859375 0.525 0.8890625 0.525
19 0.659375 0.5359375 0.659375 0.47265625 0.61953125 0.47265625 0.61953125 0.5359375 0.659375 0.5359375
19 0.7515625 0.486328125 0.684375 0.486328125 0.684375 0.525 0.7515625 0.525 0.7515625 0.486328125
19 0.8453125 0.6703125 0.8453125 0.7234375 0.921875 0.7234375 0.921875 0.6703125 0.8453125 0.6703125
19 0.8265625 0.7359375 0.8265625 0.665625 0.775390625 0.665625 0.775390625 0.7359375 0.8265625 0.7359375
19 0.675 0.7265625 0.675 0.673046875 0.601953125 0.673046875 0.601953125 0.7265625 0.675 0.7265625
19 0.746875 0.663671875 0.69609375 0.663671875 0.69609375 0.7390625 0.746875 0.7390625 0.746875 0.663671875
19 0.428125 0.7296875 0.428125 0.674609375 0.355078125 0.674609375 0.355078125 0.7296875 0.428125 0.7296875
19 0.199609375 0.665625 0.199609375 0.73984375 0.2546875 0.73984375 0.2546875 0.665625 0.199609375 0.665625
19 0.096875 0.7375 0.096875 0.66953125 0.040234375 0.66953125 0.040234375 0.7375 0.096875 0.7375
19 0.3390625 0.7390625 0.3390625 0.66640625 0.28359375 0.66640625 0.28359375 0.7390625 0.3390625 0.7390625
19 0.58125 0.74375 0.58125 0.66484375 0.52890625 0.66484375 0.52890625 0.74375 0.58125 0.74375
19 0.43125 0.73125 0.5125 0.73125 0.5125 0.6765625 0.43125 0.6765625 0.43125 0.73125
19 0.178125 0.7421875 0.178125 0.669140625 0.1203125 0.669140625 0.1203125 0.7421875 0.178125 0.7421875
19 0.8359375 0.7453125 0.8359375 0.7921875 0.909375 0.7921875 0.909375 0.7453125 0.8359375 0.7453125
19 1 0.741015625 0.9375 0.741015625 0.9375 0.7953125 1 0.7953125 1 0.741015625
19 0.765625 0.7328125 0.765625 0.80625 0.8140625 0.80625 0.8140625 0.7328125 0.765625 0.7328125
19 0.6765625 0.79375 0.75 0.79375 0.75 0.7453125 0.6765625 0.7453125 0.6765625 0.79375
19 0.599609375 0.746875 0.599609375 0.79375 0.6703125 0.79375 0.6703125 0.746875 0.599609375 0.746875
19 0.50625 0.8109375 0.50625 0.73203125 0.45390625 0.73203125 0.45390625 0.8109375 0.50625 0.8109375
19 0.5921875 0.796875 0.5921875 0.747265625 0.521484375 0.747265625 0.521484375 0.796875 0.5921875 0.796875
19 0.365625 0.746875 0.365625 0.7984375 0.4390625 0.7984375 0.4390625 0.746875 0.365625 0.746875
19 0.3578125 0.796875 0.3578125 0.747265625 0.287109375 0.747265625 0.287109375 0.796875 0.3578125 0.796875
19 0.209765625 0.746875 0.209765625 0.8 0.2796875 0.8 0.2796875 0.746875 0.209765625 0.746875
19 0.1296875 0.7984375 0.203125 0.7984375 0.203125 0.748828125 0.1296875 0.748828125 0.1296875 0.7984375
19 0.053515625 0.7515625 0.053515625 0.803125 0.121875 0.803125 0.121875 0.7515625 0.053515625 0.7515625