19 0.5234375 0.41875 0.5234375 0.340625 0.446251065625 0.340625 0.446251065625 0.41875 0.5234375 0.41875
19 0.696875 0.41875 0.696875 0.344576578125 0.6199178765625 0.344576578125 0.6199178765625 0.41875 0.696875 0.41875
19 0.6125 0.4203125 0.6125 0.344771225 0.5329084890625 0.344771225 0.5329084890625 0.4203125 0.6125 0.4203125
19 0.70625 0.4234375 0.771875 0.4234375 0.771875 0.3640625 0.70625 0.3640625 0.70625 0.4234375
19 0.8513891859375 0.421875 0.8513891859375 0.3655210109375 0.781423315625 0.3655210109375 0.781423315625 0.421875 0.8513891859375 0.421875
19 0.865625 0.43125 0.9234375 0.43125 0.9234375 0.359548315625 0.865625 0.359548315625 0.865625 0.43125
19 0 0.5234375 0.0203125 0.5234375 0.0203125 0.44375 0 0.44375 0 0.5234375
19 0.090625 0.51875 0.090625 0.459047034375 0.027221096875 0.459047034375 0.027221096875 0.51875 0.090625 0.51875
19 0.3546875 0.521875 0.3546875 0.4609375 0.29708564531250004 0.4609375 0.29708564531250004 0.521875 0.3546875 0.521875
19 0.159375 0.5203125 0.159375 0.46111614687499997 0.097336284375 0.46111614687499997 0.097336284375 0.5203125 0.159375 0.5203125
19 0.221875 0.51875 0.221875 0.46267597968749996 0.1620547140625 0.46267598125 0.1620547140625 0.51875 0.221875 0.51875
19 0.2875 0.5203125 0.2875 0.46038555781249996 0.22896224375 0.46038555781249996 0.22896224375 0.5203125 0.2875 0.5203125
19 0.41875 0.5171875 0.41875 0.4629719484375 0.3595803109375 0.46297195 0.3595803109375 0.5171875 0.41875 0.5171875
19 0.5265625 0.5203125 0.5265625 0.4776770484375 0.4803754265625 0.4776770484375 0.4803754265625 0.5203125 0.5265625 0.5203125
19 0.471875 0.5234375 0.471875 0.4796875 0.4301914453125 0.4796875 0.4301914453125 0.5234375 0.471875 0.5234375
19 0.575 0.5234375 0.575 0.48223389531249994 0.5305060796875 0.48223389531249994 0.5305060796875 0.5234375 0.575 0.5234375
19 0.871875 0.5265625 0.871875 0.4787676 0.8274344062500001 0.4787676 0.8274344062500001 0.5265625 0.871875 0.5265625
19 0.7609375 0.525 0.7609375 0.4820925765625 0.7182913828124999 0.4820925765625 0.7182913828124999 0.525 0.7609375 0.525
19 0.815625 0.5234375 0.815625 0.48056740624999994 0.7697632234375 0.48056740624999994 0.7697632234375 0.5234375 0.815625 0.5234375
19 0.6139905078125001 0.528125 0.6139905078125001 0.4902863703125 0.587539996875 0.4902863703125 0.587539996875 0.528125 0.6139905078125001 0.528125
19 0.628125 0.521875 0.66875 0.521875 0.66875 0.49624306875 0.628125 0.49624306875 0.628125 0.521875
19 0.7171875 0.521875 0.7171875 0.49624306875 0.6769891218749999 0.49624306875 0.6769891218749999 0.521875 0.7171875 0.521875
19 0.034375 0.6328125 0.034375 0.5646757671875 0.0003039671875 0.5646757671875 0.0003039671875 0.6328125 0.034375 0.6328125
19 0.1984375 0.6375 0.1984375 0.5682353875 0.13298848125 0.5682353890625 0.13298848125 0.6375 0.1984375 0.6375
19 0.2875 0.6375 0.2875 0.560265571875 0.204844815625 0.560265571875 0.204844815625 0.6375 0.2875 0.6375
19 0.11875 0.6359375 0.11875 0.5703125 0.0481122015625 0.5703125 0.0481122015625 0.6359375 0.11875 0.6359375
19 0.284398996875 0.637188034375 0.367163503125 0.637188034375 0.367163503125 0.561249465625 0.284398996875 0.561249465625 0.284398996875 0.637188034375
19 0.440625 0.64375 0.440625 0.565625 0.37824765312499997 0.565625 0.37824765312499997 0.64375 0.440625 0.64375
19 0.7578125 0.634375 0.7578125 0.5768131390625 0.6843323375 0.5768131390625 0.6843323375 0.634375 0.7578125 0.634375
19 0.6765625 0.576741146875 0.6059247015625 0.576741146875 0.6059247015625 0.637321353125 0.6765625 0.637321353125 0.6765625 0.576741146875
19 0.5171875 0.6453125 0.5171875 0.5685580203125 0.457388546875 0.5685580203125 0.457388546875 0.6453125 0.5171875 0.6453125
19 0.5921875 0.64375 0.5921875 0.5724509390625 0.537665315625 0.5724509390625 0.537665315625 0.64375 0.5921875 0.64375
19 0.828125 0.65 0.828125 0.5832497875 0.7758905734375 0.5832497875 0.7758905734375 0.65 0.828125 0.65
19 0.9171875 0.64375 0.9171875 0.5922994874999999 0.8465497015624999 0.5922994874999999 0.8465497015624999 0.64375 0.9171875 0.64375