19 0.437908496875 0.2736928109375 0.5212418296875 0.2736928109375 0.5212418296875 0.215686275 0.437908496875 0.215686275 0.437908496875 0.2736928109375
19 0.186274509375 0.28349673124999997 0.26633986875 0.28349673124999997 0.26633986875 0.2254901953125 0.186274509375 0.2254901953125 0.186274509375 0.28349673124999997
19 0.098039215625 0.2859477125 0.1813725484375 0.2859477125 0.1813725484375 0.2271241828125 0.098039215625 0.2271241828125 0.098039215625 0.2859477125
19 0.5228758171875 0.364379084375 0.6029411765625 0.364379084375 0.6029411765625 0.2647058828125 0.5228758171875 0.2647058828125 0.5228758171875 0.364379084375
19 0.43137254843750006 0.3602941171875 0.5171568625 0.3602941171875 0.5171568625 0.27450980468749997 0.43137254843750006 0.27450980468749997 0.43137254843750006 0.3602941171875
19 0.6111111109375 0.365196078125 0.6462418296875 0.365196078125 0.6462418296875 0.2712418296875 0.6111111109375 0.2712418296875 0.6111111109375 0.365196078125
19 0.27777777812500004 0.35539215625 0.349673203125 0.35539215625 0.349673203125 0.2826797390625 0.27777777812500004 0.2826797390625 0.27777777812500004 0.35539215625
19 0.0866013078125 0.3537581703125 0.16584967343749998 0.3537581703125 0.16584967343749998 0.28431372499999996 0.0866013078125 0.28431372499999996 0.0866013078125 0.3537581703125
19 0.1797385625 0.3537581703125 0.257352940625 0.3537581703125 0.257352940625 0.28431372499999996 0.1797385625 0.28431372499999996 0.1797385625 0.3537581703125
19 0.6503267968750001 0.366013071875 0.689542484375 0.366013071875 0.689542484375 0.27450980468749997 0.6503267968750001 0.27450980468749997 0.6503267968750001 0.366013071875
19 0.6944444437499999 0.366830065625 0.73120915 0.366830065625 0.73120915 0.2728758171875 0.6944444437499999 0.2728758171875 0.6944444437499999 0.366830065625
19 0.3513071890625 0.35620915000000003 0.419117646875 0.35620915000000003 0.419117646875 0.28431372499999996 0.3513071890625 0.28431372499999996 0.3513071890625 0.35620915000000003
19 0.7352941171875 0.366830065625 0.7745098046875001 0.366830065625 0.7745098046875001 0.2728758171875 0.7352941171875 0.2728758171875 0.7352941171875 0.366830065625
19 0.7794117640625 0.3684640515625 0.8161764703125 0.3684640515625 0.8161764703125 0.27450980468749997 0.7794117640625 0.27450980468749997 0.7794117640625 0.3684640515625
19 0.8202614374999999 0.3709150328125 0.8578431375 0.3709150328125 0.8578431375 0.27777777812500004 0.8202614374999999 0.27777777812500004 0.8202614374999999 0.3709150328125
19 0.8627450984375 0.3709150328125 0.901960784375 0.3709150328125 0.901960784375 0.27777777812500004 0.8627450984375 0.27777777812500004 0.8627450984375 0.3709150328125
19 0.9068627453125 0.3709150328125 0.9444444437499999 0.3709150328125 0.9444444437499999 0.27777777812500004 0.9068627453125 0.27777777812500004 0.9068627453125 0.3709150328125
19 0.385620915625 0.46568627500000004 0.4223856203125 0.46568627500000004 0.4223856203125 0.4052287578125 0.385620915625 0.4052287578125 0.385620915625 0.46568627500000004
19 0.3431372546875 0.46405228750000005 0.3799019609375 0.46405228750000005 0.3799019609375 0.4166666671875 0.3431372546875 0.4166666671875 0.3431372546875 0.46405228750000005
19 0.5359477125 0.5375816999999999 0.59150326875 0.5375816999999999 0.59150326875 0.43464052343750004 0.5359477125 0.43464052343750004 0.5359477125 0.5375816999999999
19 0.060457515625 0.5294117640625 0.1217320265625 0.5294117640625 0.1217320265625 0.44607843125 0.060457515625 0.44607843125 0.060457515625 0.5294117640625
19 0.5996732031249999 0.5383986921874999 0.6552287578125 0.5383986921874999 0.6552287578125 0.436274509375 0.5996732031249999 0.436274509375 0.5996732031249999 0.5383986921874999
19 0.1307189546875 0.528594771875 0.188725490625 0.528594771875 0.188725490625 0.44444444375 0.1307189546875 0.44444444375 0.1307189546875 0.528594771875
19 0.19607843125 0.5310457515625 0.257352940625 0.5310457515625 0.257352940625 0.44771241875 0.19607843125 0.44771241875 0.19607843125 0.5310457515625
19 0.6633986921874999 0.5400326796875 0.71650326875 0.5400326796875 0.71650326875 0.437908496875 0.6633986921874999 0.437908496875 0.6633986921874999 0.5400326796875
19 0.2712418296875 0.5310457515625 0.332516340625 0.5310457515625 0.332516340625 0.44934640468750003 0.2712418296875 0.44934640468750003 0.2712418296875 0.5310457515625
19 0.7271241828125 0.542483659375 0.78513071875 0.542483659375 0.78513071875 0.437908496875 0.7271241828125 0.437908496875 0.7271241828125 0.542483659375
19 0.4787581703125 0.5359477125 0.5236928109375001 0.5359477125 0.5236928109375001 0.44934640468750003 0.4787581703125 0.44934640468750003 0.4787581703125 0.5359477125
19 0.7973856203125 0.544117646875 0.8529411765624999 0.544117646875 0.8529411765624999 0.439542484375 0.7973856203125 0.439542484375 0.7973856203125 0.544117646875
19 0.8594771234374999 0.5473856203125 0.9125816999999999 0.5473856203125 0.9125816999999999 0.44281045781249995 0.8594771234374999 0.44281045781249995 0.8594771234374999 0.5473856203125
19 0.33986928125000004 0.5318627453125 0.37745097968749997 0.5318627453125 0.37745097968749997 0.4705882359375 0.33986928125000004 0.4705882359375 0.33986928125000004 0.5318627453125
19 0.382352940625 0.53349673125 0.419117646875 0.53349673125 0.419117646875 0.47222222187499996 0.382352940625 0.47222222187499996 0.382352940625 0.53349673125