19 0.640625 0.26875 0.640625 0.1698784734375 0.5511284734374999 0.1698784734375 0.5511284734374999 0.26875 0.640625 0.26875
19 0.1875 0.1734375 0.1875 0.2671875 0.26875 0.2671875 0.26875 0.1734375 0.1875 0.1734375
19 0.5453125 0.2640625 0.5453125 0.175 0.4576388890625 0.175 0.4576388890625 0.2640625 0.5453125 0.2640625
19 0.3609375 0.2609375 0.3609375 0.1828993046875 0.2677083328125 0.1828993046875 0.2677083328125 0.2609375 0.3609375 0.2609375
19 0.4545138890625 0.1766493046875 0.37204861093749997 0.1766493046875 0.37204861093749997 0.26866319375000003 0.4545138890625 0.26866319375000003 0.4545138890625 0.1766493046875
19 0.1859375 0.26875 0.1859375 0.1810763890625 0.10772569531250001 0.1810763890625 0.10772569531250001 0.26875 0.1859375 0.26875
19 0.5359375 0.4328125 0.5359375 0.349479165625 0.43802083437499995 0.349479165625 0.43802083437499995 0.4328125 0.5359375 0.4328125
19 0.1921875 0.35538194375 0.0988715265625 0.35538194375 0.0988715265625 0.43263888906250003 0.1921875 0.43263888906250003 0.1921875 0.35538194375
19 0.8140625 0.35972222187499997 0.703125 0.35972222187499997 0.703125 0.4291666671875 0.8140625 0.4291666671875 0.8140625 0.35972222187499997
19 0.359375 0.434375 0.359375 0.35251736093749997 0.26571180625 0.35251736093749997 0.26571180625 0.434375 0.359375 0.434375
19 0.8890625 0.3615451390625 0.7828125 0.3615451390625 0.7828125 0.42925347187499996 0.8890625 0.42925347187499996 0.8890625 0.3615451390625
19 0.3578125 0.4453125 0.4390625 0.4453125 0.4390625 0.3473958328125 0.3578125 0.3473958328125 0.3578125 0.4453125
19 0.275 0.434375 0.275 0.3556423609375 0.1828125 0.3556423609375 0.1828125 0.434375 0.275 0.434375
19 0.6265625 0.440625 0.6265625 0.35703125 0.5316840265625 0.35703125 0.5316840265625 0.440625 0.6265625 0.440625
19 0.71875 0.446875 0.71875 0.3522569453125 0.634635415625 0.3522569453125 0.634635415625 0.446875 0.71875 0.446875
19 0.6649305562500001 0.537847221875 0.6085069437499999 0.537847221875 0.6085069437499999 0.616840278125 0.6649305562500001 0.616840278125 0.6649305562500001 0.537847221875
19 0.396875 0.609375 0.396875 0.5505208328125 0.35789930625 0.5505208328125 0.35789930625 0.609375 0.396875 0.609375
19 0.3375 0.5501736109375 0.297135415625 0.5501736109375 0.297135415625 0.6092013890625 0.3375 0.6092013890625 0.3375 0.5501736109375
19 0.7265625 0.6171875 0.7265625 0.5422743046875 0.6705729171875 0.5422743046875 0.6705729171875 0.6171875 0.7265625 0.6171875
19 0.45130208281249995 0.5501736109375 0.40963541562500005 0.5501736109375 0.40963541562500005 0.6092013890625 0.45130208281249995 0.6092013890625 0.45130208281249995 0.5501736109375
19 0.5078125 0.603125 0.5078125 0.562760415625 0.44913194531249995 0.562760415625 0.44913194531249995 0.603125 0.5078125 0.603125
19 0.8 0.6109375 0.8 0.554947915625 0.7245659718749999 0.554947915625 0.7245659718749999 0.6109375 0.8 0.6109375
19 0.7890625 0.55625 0.7890625 0.6152777781250001 0.8703125 0.6152777781250001 0.8703125 0.55625 0.7890625 0.55625
19 0.5578125 0.6046875 0.5578125 0.5644965296875 0.5 0.5644965296875 0.5 0.6046875 0.5578125 0.6046875
19 0.6109375 0.565104165625 0.5518229171875 0.565104165625 0.5518229171875 0.609375 0.6109375 0.609375 0.6109375 0.565104165625