19 0.9 0.665625 0.9 0.6419270828125 0.88046875 0.6419270828125 0.88046875 0.665625 0.9 0.665625
19 0.925 0.6640625 0.925 0.6442708328125 0.9064236109375001 0.6442708328125 0.9064236109375001 0.6640625 0.925 0.6640625
19 0.9515625 0.6438368062500001 0.93125 0.6438368062500001 0.93125 0.6655381953124999 0.9515625 0.6655381953124999 0.9515625 0.6438368062500001
19 0.9796875 0.66875 0.9796875 0.6449652765625 0.9575520828125 0.6449652765625 0.9575520828125 0.66875 0.9796875 0.66875
19 1 0.6461805546875 0.9861979171874999 0.6461805546875 0.9861979171874999 0.665625 1 0.665625 1 0.6461805546875
19 0.890625 0.6953125 0.890625 0.66788194375 0.8517361109375001 0.66788194375 0.8517361109375001 0.6953125 0.890625 0.6953125
19 0.821875 0.6610243046875001 0.7954861109375 0.6610243046875001 0.7954861109375 0.6983506937499999 0.821875 0.6983506937499999 0.821875 0.6610243046875001
19 0.6671875 0.69375 0.6671875 0.6674479171875001 0.62743055625 0.6674479171875001 0.62743055625 0.69375 0.6671875 0.69375
19 0.696875 0.6953125 0.696875 0.6660590281250001 0.6581597203125 0.6660590281250001 0.6581597203125 0.6953125 0.696875 0.6953125
19 0.603125 0.6953125 0.603125 0.6662326375000001 0.5615451375 0.6662326375000001 0.5615451375 0.6953125 0.603125 0.6953125
19 0.6001736109375 0.7012152781250001 0.6279513890625 0.7012152781250001 0.6279513890625 0.661284721875 0.6001736109375 0.661284721875 0.6001736109375 0.7012152781250001
19 0.7234375 0.7015625 0.7234375 0.659375 0.6982638890625 0.659375 0.6982638890625 0.7015625 0.7234375 0.7015625
19 0.8546875 0.661284721875 0.825 0.661284721875 0.825 0.7012152781250001 0.8546875 0.7012152781250001 0.8546875 0.661284721875
19 0.56875 0.69375 0.56875 0.667447915625 0.5302951390625 0.667447915625 0.5302951390625 0.69375 0.56875 0.69375
19 0.7578125 0.661284721875 0.7297743046875 0.661284721875 0.7297743046875 0.7012152781250001 0.7578125 0.7012152781250001 0.7578125 0.661284721875
19 0.7921875 0.696875 0.7921875 0.6660590281250001 0.7566840265625 0.6660590281250001 0.7566840265625 0.696875 0.7921875 0.696875
19 0.9125 0.675347221875 0.8873263890624999 0.675347221875 0.8873263890624999 0.699652778125 0.9125 0.699652778125 0.9125 0.675347221875
19 0.9671875 0.6984375 0.9671875 0.6765625 0.9461805562500001 0.6765625 0.9461805562500001 0.6984375 0.9671875 0.6984375
19 0.940625 0.6769965265625 0.91875 0.6769965265625 0.91875 0.699565971875 0.940625 0.699565971875 0.940625 0.6769965265625
19 0.996875 0.7 0.996875 0.67942708125 0.9763020812500001 0.67942708125 0.9763020812500001 0.7 0.996875 0.7
19 0.6921875 0.778125 0.754253471875 0.778125 0.754253471875 0.7314236109375 0.6921875 0.7314236109375 0.6921875 0.778125
19 0.70625 0.7296875 0.641840278125 0.7296875 0.641840278125 0.7794270828125 0.70625 0.7794270828125 0.70625 0.7296875
19 0.596875 0.7890625 0.596875 0.7223958328125 0.541232640625 0.7223958328125 0.541232640625 0.7890625 0.596875 0.7890625
19 0.5986979171875 0.725 0.5986979171875 0.7875 0.648177084375 0.7875 0.648177084375 0.725 0.5986979171875 0.725
19 1 0.7263888875 0.96875 0.7263888875 0.96875 0.7875 1 0.7875 1 0.7263888875
19 0.859375 0.7256944437499999 0.8048611125 0.7256944437499999 0.8048611125 0.7899305562500001 0.859375 0.7899305562500001 0.859375 0.7256944437499999
19 0.9109375 0.7859375 0.9109375 0.7346354171875 0.8651041656249999 0.7346354171875 0.8651041656249999 0.7859375 0.9109375 0.7859375
19 0.80625 0.7875 0.80625 0.7336805562500001 0.7509548609375 0.7336805562500001 0.7509548609375 0.7875 0.80625 0.7875
19 0.9703125 0.784375 0.9703125 0.7361111109375 0.9115451390624999 0.7361111109375 0.9115451390624999 0.784375 0.9703125 0.784375
19 0.7984375 0.8703125 0.7984375 0.81414930625 0.7519097218749999 0.81414930625 0.7519097218749999 0.8703125 0.7984375 0.8703125
19 0.8515625 0.86875 0.8515625 0.8158854156249999 0.801996528125 0.8158854156249999 0.801996528125 0.86875 0.8515625 0.86875
19 0.753125 0.8671875 0.753125 0.8205729156249999 0.6944444453124999 0.8205729171874999 0.6944444453124999 0.8671875 0.753125 0.8671875
19 1 0.8266493046875001 0.957465278125 0.8266493046875001 0.957465278125 0.8609375 1 0.8609375 1 0.8266493046875001
19 0.85625 0.8734375 0.9046875 0.8734375 0.9046875 0.819704859375 0.85625 0.819704859375 0.85625 0.8734375
19 0.6453125 0.8703125 0.6453125 0.821875 0.5918402765625 0.8218749984375 0.5918402765625 0.8703125 0.6453125 0.8703125
19 0.9625 0.8734375 0.9625 0.821527778125 0.916753471875 0.821527778125 0.916753471875 0.8734375 0.9625 0.8734375
19 0.6984375 0.8228298609375001 0.6454861109375 0.8228298609375001 0.6454861109375 0.8731770843750001 0.6984375 0.8731770843750001 0.6984375 0.8228298609375001
19 0.537934028125 0.8375 0.537934028125 0.8734375 0.5917534734375 0.8734375 0.5917534734375 0.8375 0.537934028125 0.8375
19 0.7984375 0.9640625 0.7984375 0.9238715265625 0.753559028125 0.9238715265625 0.753559028125 0.9640625 0.7984375 0.9640625
19 0.7119791671875 0.921875 0.7119791671875 0.96875 0.7515625 0.96875 0.7515625 0.921875 0.7119791671875 0.921875
19 0.6234375 0.965625 0.6671875 0.965625 0.6671875 0.9246527765625 0.6234375 0.9246527765625 0.6234375 0.965625
19 0.66875 0.96875 0.709375 0.96875 0.709375 0.9236979171874999 0.66875 0.9236979171874999 0.66875 0.96875
19 0.62335069375 0.9703125 0.62335069375 0.9256076390624999 0.5816840265625001 0.9256076390624999 0.5816840265625001 0.9703125 0.62335069375 0.9703125
19 0.98125 0.9609375 0.98125 0.93411458125 0.9454861109375001 0.93411458125 0.9454861109375001 0.9609375 0.98125 0.9609375
19 0.9453125 0.9282118046875001 0.916840278125 0.9282118046875001 0.916840278125 0.9655381953125 0.9453125 0.9655381953125 0.9453125 0.9282118046875001
19 0.8828125 0.9609375 0.9199652796875 0.9609375 0.9199652796875 0.9322916671874999 0.8828125 0.9322916671874999 0.8828125 0.9609375
19 1 0.9390625 0.9709201406249999 0.9390625 0.9709201406249999 0.959375 1 0.959375 1 0.9390625
19 0.8578125 0.9609375 0.8578125 0.9349826374999999 0.8197048609375001 0.9349826374999999 0.8197048609375001 0.9609375 0.8578125 0.9609375
19 0.884375 0.965625 0.884375 0.930989584375 0.8579861109375001 0.930989584375 0.8579861109375001 0.965625 0.884375 0.965625
19 0.796875 0.9671875 0.821875 0.9671875 0.821875 0.93125 0.796875 0.93125 0.796875 0.9671875
19 0.578125 0.9291666671875 0.5392361109375 0.9291666656249999 0.5392361109375 0.9717013906249999 0.578125 0.9717013906249999 0.578125 0.9291666671875
19 0.8692708328125001 0.5375 0.8692708328125001 0.578125 0.9390625 0.578125 0.9390625 0.5375 0.8692708328125001 0.5375
19 0.9984375 0.522222221875 0.9810763890624999 0.522222221875 0.9810763890624999 0.593402778125 0.9984375 0.593402778125 0.9984375 0.522222221875
19 0.975 0.5921875 0.975 0.522829859375 0.9338541671874999 0.522829859375 0.9338541671874999 0.5921875 0.975 0.5921875
19 0.7734375 0.5921875 0.7734375 0.5263020828125 0.7297743046875 0.5263020828125 0.7297743046875 0.5921875 0.7734375 0.5921875
19 0.8375 0.5796875 0.8375 0.5391493046875 0.7679687515625 0.5391493046875 0.7679687515625 0.5796875 0.8375 0.5796875
19 0.8734375 0.59375 0.8734375 0.524045140625 0.8321180546875 0.524045140625 0.8321180546875 0.59375 0.8734375 0.59375