19 0.0578125 0.0234375 0.0578125 0.23125 0.13125 0.23125 0.13125 0.0234375 0.0578125 0.0234375
19 0.5875 0.1703125 0.5875 0.091015625 0.3921875 0.091015625 0.3921875 0.1703125 0.5875 0.1703125
19 0.2203125 0.234375 0.2203125 0.028515625 0.133984375 0.028515625 0.133984375 0.234375 0.2203125 0.234375
19 0.496875 0.09609375 0.305859375 0.09609375 0.305859375 0.178125 0.496875 0.178125 0.496875 0.09609375
19 0.4015625 0.1921875 0.4015625 0.128515625 0.259375 0.128515625 0.259375 0.1921875 0.4015625 0.1921875
19 0.226171875 0.0890625 0.226171875 0.234375 0.2921875 0.234375 0.2921875 0.0890625 0.226171875 0.0890625
19 0.531640625 0.0921875 0.531640625 0.2328125 0.590625 0.2328125 0.590625 0.0921875 0.531640625 0.0921875
19 0.6640625 0.164453125 0.590625 0.164453125 0.590625 0.2125 0.6640625 0.2125 0.6640625 0.164453125
19 0.728125 0.2140625 0.728125 0.166796875 0.646875 0.166796875 0.646875 0.2140625 0.728125 0.2140625
19 0.369921875 0.375 0.369921875 0.5265625 0.4703125 0.5265625 0.4703125 0.375 0.369921875 0.375
19 0.5796875 0.528125 0.5796875 0.384375 0.483203125 0.384375 0.483203125 0.528125 0.5796875 0.528125
19 0.5578125 0.4140625 0.5578125 0.503125 0.709375 0.503125 0.709375 0.4140625 0.5578125 0.4140625
19 0.3875 0.50625 0.3875 0.413671875 0.2453125 0.413671875 0.2453125 0.50625 0.3875 0.50625
19 0.2765625 0.644921875 0.1671875 0.644921875 0.1671875 0.8359375 0.2765625 0.8359375 0.2765625 0.644921875
19 0.4203125 0.796875 0.4203125 0.706640625 0.261328125 0.706640625 0.261328125 0.796875 0.4203125 0.796875