19 0.421875 0.4984375 0.421875 0.3976670625 0.3410683390625 0.3976670625 0.3410683390625 0.4984375 0.421875 0.4984375
19 0.6328125 0.4984375 0.6328125 0.3976670625 0.5600481187499999 0.3976670625 0.5600481187499999 0.4984375 0.6328125 0.4984375
19 0.5671875 0.4875 0.5671875 0.4299335 0.4801362453125 0.4299335 0.4801362453125 0.4875 0.5671875 0.4875
19 0.334375 0.496875 0.334375 0.42086667499999997 0.2534926484375 0.42086667499999997 0.2534926484375 0.496875 0.334375 0.496875
19 0.25 0.49375 0.25 0.422010165625 0.1715965609375 0.422010165625 0.1715965609375 0.49375 0.25 0.49375
19 0.7609375 0.484375 0.7609375 0.4334153328125 0.6739078703125 0.4334153328125 0.6739078703125 0.484375 0.7609375 0.484375
19 0.7015625 0.48125 0.7015625 0.4357807078125 0.6168982484375001 0.4357807078125 0.6168982484375001 0.48125 0.7015625 0.48125
19 0.09375 0.496875 0.09375 0.4359375 0.039073314062499996 0.4359375 0.0390733125 0.496875 0.09375 0.496875
19 0.1625 0.496875 0.1625 0.4359375 0.10574448593750001 0.4359375 0.10574448593750001 0.496875 0.1625 0.496875
19 0.4875 0.4953125 0.4875 0.44007893593749997 0.42779249531249997 0.44007893593749997 0.42779249531249997 0.4953125 0.4875 0.4953125
19 0.0328125 0.456828503125 0.0000297359375 0.456828503125 0.0000297359375 0.49662089062500003 0.0328125 0.49662089062500003 0.0328125 0.456828503125
19 0.3765625 0.6671875 0.3765625 0.5621431671875 0.2964154421875 0.5621431671875 0.2964154421875 0.6671875 0.3765625 0.6671875
19 0.284375 0.6671875 0.284375 0.5624243078125 0.19728860312500002 0.5624243078125 0.19728860312500002 0.6671875 0.284375 0.6671875
19 0.6890625 0.675 0.6890625 0.57574610625 0.5909142515625 0.57574610625 0.5909142515625 0.675 0.6890625 0.675
19 0.1890625 0.5846912843750001 0.11384894062499999 0.5846912843750001 0.11384894062499999 0.666871215625 0.1890625 0.666871215625 0.1890625 0.5846912843750001
19 0.8 0.68125 0.8 0.5709477734374999 0.707347534375 0.5709477734374999 0.707347534375 0.68125 0.8 0.68125
19 0.9140625 0.684375 0.9140625 0.576976103125 0.8285250859375 0.576976103125 0.8285250859375 0.684375 0.9140625 0.684375
19 0.1078125 0.6640625 0.1078125 0.604749675 0.04657223125 0.6047496765625 0.04657223125 0.6640625 0.1078125 0.6640625
19 0 0.653125 0.05 0.653125 0.05 0.614254434375 0 0.614254434375 0 0.653125
19 0.4640625 0.5908926250000001 0.3979644234375 0.5908926250000001 0.3979644234375 0.6825881265625 0.4640625 0.6825881265625 0.4640625 0.5908926250000001
19 0.5828125 0.6703125 0.5828125 0.602035575 0.48405601249999997 0.602035575 0.48405601249999997 0.6703125 0.5828125 0.6703125