19 0.302734375 0.5125 0.302734375 0.58125 0.396875 0.58125 0.396875 0.5125 0.302734375 0.5125
19 0.262109375 0.5796875 0.262109375 0.515234375 0.164453125 0.515234375 0.164453125 0.5796875 0.262109375 0.5796875
19 0.246875 0.5 0.246875 0.5984375 0.315625 0.5984375 0.315625 0.5 0.246875 0.5
19 0.440625 0.590625 0.440625 0.542578125 0.3859375 0.542578125 0.3859375 0.590625 0.440625 0.590625
19 0.483203125 0.5390625 0.483203125 0.5953125 0.53125 0.5953125 0.53125 0.5390625 0.483203125 0.5390625
19 0.409375 0.67109375 0.318359375 0.67109375 0.318359375 0.746875 0.409375 0.746875 0.409375 0.67109375
19 0.409375 0.659375 0.409375 0.75625 0.4828125 0.75625 0.4828125 0.659375 0.409375 0.659375
19 0.25 0.6609375 0.25 0.759375 0.3265625 0.759375 0.3265625 0.6609375 0.25 0.6609375
19 0.5625 0.7578125 0.5625 0.660546875 0.489453125 0.660546875 0.489453125 0.7578125 0.5625 0.7578125
19 0.6515625 0.7515625 0.6515625 0.67890625 0.55859375 0.67890625 0.55859375 0.7515625 0.6515625 0.7515625
19 0.6453125 0.6953125 0.6453125 0.7640625 0.71875 0.7640625 0.71875 0.6953125 0.6453125 0.6953125
19 0.784375 0.69765625 0.723046875 0.69765625 0.723046875 0.7625 0.784375 0.7625 0.784375 0.69765625
19 0.7984375 0.7015625 0.7984375 0.7625 0.871875 0.7625 0.871875 0.7015625 0.7984375 0.7015625