19 0.31875 0.1890625 0.31875 0.133039315625 0.22908266249999998 0.133039315625 0.22908266249999998 0.1890625 0.31875 0.1890625
19 0.4125 0.2640625 0.326209678125 0.2640625 0.326209678125 0.31073588750000003 0.4125 0.31073588750000003 0.4125 0.2640625
19 0.29579133125 0.24375 0.29579133125 0.3328125 0.3401461703125 0.3328125 0.3401461703125 0.24375 0.29579133125 0.24375
19 0.46875 0.3109375 0.46875 0.2657006046875 0.38067036249999997 0.2657006046875 0.38067036249999997 0.3109375 0.46875 0.3109375
19 0.5046875 0.24702620937500003 0.4546875 0.24702620937500003 0.4546875 0.3359375 0.5046875 0.3359375 0.5046875 0.24702620937500003
19 0.1328125 0.328125 0.1328125 0.2776965734375 0.1046118953125 0.2776965734375 0.1046118953125 0.328125 0.1328125 0.328125
19 0.1796875 0.31875 0.1796875 0.2875 0.1283518140625 0.2875 0.1283518140625 0.31875 0.1796875 0.31875
19 0.16875 0.315625 0.21875 0.315625 0.21875 0.2885080640625 0.16875 0.2885080640625 0.16875 0.315625
19 0.2859375 0.3296875 0.2859375 0.280443546875 0.25471270156250003 0.280443546875 0.25471270156250003 0.3296875 0.2859375 0.3296875
19 0.2046875 0.321875 0.25625 0.321875 0.25625 0.2909022171875 0.2046875 0.2909022171875 0.2046875 0.321875
19 0.7953125 0.5546875 0.7953125 0.48760080625 0.730997984375 0.48760080625 0.730997984375 0.5546875 0.7953125 0.5546875
19 0.6453125 0.559375 0.6453125 0.4891129046875 0.5841733875 0.4891129046875 0.5841733875 0.559375 0.6453125 0.559375
19 0.2467489921875 0.5546875 0.2467489921875 0.49395161249999997 0.20481350781250002 0.49395161249999997 0.20481350781250002 0.5546875 0.2467489921875 0.5546875
19 0.1921875 0.5546875 0.1921875 0.4931451625 0.1548135078125 0.4931451625 0.1548135078125 0.5546875 0.1921875 0.5546875
19 0.25635080625 0.49375 0.25635080625 0.559375 0.29989919375 0.559375 0.29989919375 0.49375 0.25635080625 0.49375
19 0.4 0.55625 0.4 0.49480846874999995 0.35536794375 0.49480846874999995 0.35536794375 0.55625 0.4 0.55625
19 0.7970010078125 0.49375 0.7970010078125 0.559375 0.8639364921875 0.559375 0.8639364921875 0.49375 0.7970010078125 0.49375
19 0.4578125 0.546875 0.4578125 0.505317540625 0.39672379062499996 0.505317540625 0.39672379062499996 0.546875 0.4578125 0.546875
19 0.935408265625 0.559375 0.935408265625 0.49228830781250005 0.869279234375 0.49228830781250005 0.869279234375 0.559375 0.935408265625 0.559375
19 0.359375 0.5484375 0.359375 0.503125 0.2963961703125 0.503125 0.2963961703125 0.5484375 0.359375 0.5484375
19 0.7171875 0.5578125 0.7171875 0.49432963750000003 0.656401209375 0.49432963750000003 0.656401209375 0.5578125 0.7171875 0.5578125
19 0.5734375 0.504838709375 0.5243447578125 0.504838709375 0.5243447578125 0.5604838703125 0.5734375 0.5604838703125 0.5734375 0.504838709375
19 0.50625 0.559375 0.50625 0.505418346875 0.45751007968749996 0.505418346875 0.45751007968749996 0.559375 0.50625 0.559375