19 0.5426229515625 0.440163934375 0.58032786875 0.440163934375 0.58032786875 0.4 0.5426229515625 0.4 0.5426229515625 0.440163934375
19 0.5049180328125 0.4426229515625 0.53770491875 0.4426229515625 0.53770491875 0.4 0.5049180328125 0.4 0.5049180328125 0.4426229515625
19 0.591803278125 0.46311475468749996 0.620491803125 0.46311475468749996 0.620491803125 0.4344262296875 0.591803278125 0.4344262296875 0.591803278125 0.46311475468749996
19 0.65901639375 0.46393442656249995 0.690163934375 0.46393442656249995 0.690163934375 0.43278688593750003 0.65901639375 0.43278688593750003 0.65901639375 0.46393442656249995
19 0.6245901640625 0.46393442656249995 0.6573770484375 0.46393442656249995 0.6573770484375 0.43278688593750003 0.6245901640625 0.43278688593750003 0.6245901640625 0.46393442656249995
19 0.3393442625 0.5057377046875 0.39836065625 0.5057377046875 0.39836065625 0.41147540937500005 0.3393442625 0.41147540937500005 0.3393442625 0.5057377046875
19 0.290163934375 0.509836065625 0.33770491874999997 0.509836065625 0.33770491874999997 0.41147540937500005 0.290163934375 0.41147540937500005 0.290163934375 0.509836065625
19 0.8180327875 0.499180328125 0.881147540625 0.499180328125 0.881147540625 0.42622950781249996 0.8180327875 0.42622950781249996 0.8180327875 0.499180328125
19 0.7540983609375 0.50163934375 0.8180327875 0.50163934375 0.8180327875 0.4245901640625 0.7540983609375 0.4245901640625 0.7540983609375 0.50163934375
19 0.45573770468749997 0.5057377046875 0.5073770484375 0.5057377046875 0.5073770484375 0.4360655734375 0.45573770468749997 0.4360655734375 0.45573770468749997 0.5057377046875
19 0.69836065625 0.5024590156250001 0.7524590156250001 0.5024590156250001 0.7524590156250001 0.4344262296875 0.69836065625 0.4344262296875 0.69836065625 0.5024590156250001
19 0.4049180328125 0.5040983609375 0.4540983609375 0.5040983609375 0.4540983609375 0.4360655734375 0.4049180328125 0.4360655734375 0.4049180328125 0.5040983609375
19 0.5131147546875 0.50163934375 0.5532786890625 0.50163934375 0.5532786890625 0.452459015625 0.5131147546875 0.452459015625 0.5131147546875 0.50163934375
19 0.552459015625 0.50163934375 0.5942622953125001 0.50163934375 0.5942622953125001 0.452459015625 0.552459015625 0.452459015625 0.552459015625 0.50163934375
19 0.6639344265625 0.5024590156250001 0.6950819671875 0.5024590156250001 0.6950819671875 0.4672131140625 0.6639344265625 0.4672131140625 0.6639344265625 0.5024590156250001
19 0.5950819671875001 0.5040983609375 0.6278688531250001 0.5040983609375 0.6278688531250001 0.46885245937500003 0.5950819671875001 0.46885245937500003 0.5950819671875001 0.5040983609375
19 0.631147540625 0.5040983609375 0.659836065625 0.5040983609375 0.659836065625 0.46885245937500003 0.631147540625 0.46885245937500003 0.631147540625 0.5040983609375
19 0.8262295078124999 0.6393442625 0.8680327875 0.6393442625 0.8680327875 0.5852459015625 0.8262295078124999 0.5852459015625 0.8262295078124999 0.6393442625
19 0.41475409843750005 0.649180328125 0.47786885312500005 0.649180328125 0.47786885312500005 0.5770491796874999 0.41475409843750005 0.5770491796874999 0.41475409843750005 0.649180328125
19 0.7737704921875 0.6409836062500001 0.8213114750000001 0.6409836062500001 0.8213114750000001 0.5868852453125 0.7737704921875 0.5868852453125 0.7737704921875 0.6409836062500001
19 0.721311475 0.6401639343750001 0.7663934421875 0.6401639343750001 0.7663934421875 0.588524590625 0.721311475 0.588524590625 0.721311475 0.6401639343750001
19 0.48032786875 0.6434426234374999 0.5442622953125 0.6434426234374999 0.5442622953125 0.5852459015625 0.48032786875 0.5852459015625 0.48032786875 0.6434426234374999
19 0.3459016390625 0.6540983609375 0.41147540937500005 0.6540983609375 0.41147540937500005 0.5770491796874999 0.3459016390625 0.5770491796874999 0.3459016390625 0.6540983609375
19 0.547540984375 0.6442622953125 0.608196721875 0.6442622953125 0.608196721875 0.5852459015625 0.547540984375 0.5852459015625 0.547540984375 0.6442622953125
19 0.672131146875 0.6426229515624999 0.7172131140625 0.6426229515624999 0.7172131140625 0.5934426234375 0.672131146875 0.5934426234375 0.672131146875 0.6426229515624999
19 0.611475409375 0.6434426234374999 0.65901639375 0.6434426234374999 0.65901639375 0.591803278125 0.611475409375 0.591803278125 0.611475409375 0.6434426234374999
19 0.6967213109375 0.879508196875 0.720491803125 0.879508196875 0.720491803125 0.8377049187500001 0.6967213109375 0.8377049187500001 0.6967213109375 0.879508196875
19 0.6655737703125 0.879508196875 0.69098360625 0.879508196875 0.69098360625 0.8377049187500001 0.6655737703125 0.8377049187500001 0.6655737703125 0.879508196875
19 0.6344262296875 0.8836065578125 0.6606557375000001 0.8836065578125 0.6606557375000001 0.84098360625 0.6344262296875 0.84098360625 0.6344262296875 0.8836065578125
19 0.80163934375 0.9967213109375 0.8434426234375 0.9967213109375 0.8434426234375 0.94098360625 0.80163934375 0.94098360625 0.80163934375 0.9967213109375
19 0.802459015625 1 0.802459015625 0.94098360625 0.7557377046875 0.94098360625 0.7557377046875 1 0.802459015625 1
19 0.7557377046875 1 0.7557377046875 0.9442622953124999 0.7131147546875 0.9442622953124999 0.7131147546875 1 0.7557377046875 1
19 0.7147540984375 1 0.7147540984375 0.9459016390625001 0.670491803125 0.9459016390625001 0.670491803125 1 0.7147540984375 1
19 0.620491803125 1 0.620491803125 0.9426229515625 0.5688524593750001 0.9426229515625 0.5688524593750001 1 0.620491803125 1
19 0.5663934421875 1 0.5663934421875 0.9442622953124999 0.508196721875 0.9442622953124999 0.508196721875 1 0.5663934421875 1
19 0.6680327875 1 0.6680327875 0.947540984375 0.6262295078125 0.947540984375 0.6262295078125 1 0.6680327875 1
19 0.5073770484375 1 0.5073770484375 0.9508196718749999 0.4540983609375 0.9508196718749999 0.4540983609375 1 0.5073770484375 1
19 0.45 1 0.45 0.9524590156249999 0.3934426234375 0.9524590156249999 0.3934426234375 1 0.45 1
19 0.39016393437499997 1 0.39016393437499997 0.9573770484375 0.3360655734375 0.9573770484375 0.3360655734375 1 0.39016393437499997 1
19 0.33770491874999997 1 0.33770491874999997 0.95901639375 0.278688525 0.95901639375 0.278688525 1 0.33770491874999997 1