19 1 0.13531353125 0.9166666671874999 0.13531353125 0.9166666671874999 0.2854785484375 1 0.2854785484375 1 0.13531353125
19 0.9026402640625 0.14356435625 0.81518151875 0.14356435625 0.81518151875 0.28300329999999996 0.9026402640625 0.28300329999999996 0.9026402640625 0.14356435625
19 0.8085808578125 0.15181518125 0.7145214515625 0.15181518125 0.7145214515625 0.28877887812499997 0.8085808578125 0.28877887812499997 0.8085808578125 0.15181518125
19 0.7128712875 0.153465346875 0.6262376234375 0.153465346875 0.6262376234375 0.29207920781249996 0.7128712875 0.29207920781249996 0.7128712875 0.153465346875
19 0.5445544546875001 0.40594059375 0.502475246875 0.40594059375 0.502475246875 0.4480198015625 0.5445544546875001 0.4480198015625 0.5445544546875001 0.40594059375
19 0.40594059375 0.4092409234375 0.371287128125 0.4092409234375 0.371287128125 0.44966996718749996 0.40594059375 0.44966996718749996 0.40594059375 0.4092409234375
19 0.4966996703125 0.407590759375 0.46204620468749996 0.407590759375 0.46204620468749996 0.45297029687499996 0.4966996703125 0.45297029687499996 0.4966996703125 0.407590759375
19 0.45214521406249997 0.4092409234375 0.41501650156250003 0.4092409234375 0.41501650156250003 0.45214521406249997 0.45214521406249997 0.45214521406249997 0.45214521406249997 0.4092409234375
19 0.0462046203125 0.42244224375000006 0.0132013203125 0.42244224375000006 0.0132013203125 0.47689768906249996 0.0462046203125 0.47689768906249996 0.0462046203125 0.42244224375000006
19 0.08415841562500001 0.42244224375000006 0.053630362499999994 0.42244224375000006 0.053630362499999994 0.4785478546875 0.08415841562500001 0.4785478546875 0.08415841562500001 0.42244224375000006
19 0.128712871875 0.42409240937500003 0.0932343234375 0.42409240937500003 0.0932343234375 0.4785478546875 0.128712871875 0.4785478546875 0.128712871875 0.42409240937500003
19 0.8663366343750001 0.4009900984375 0.7879537953125 0.4009900984375 0.7879537953125 0.502475246875 0.8663366343750001 0.502475246875 0.8663366343750001 0.4009900984375
19 0.22112211249999997 0.42409240937500003 0.1856435640625 0.42409240937500003 0.1856435640625 0.4826732671875 0.22112211249999997 0.4826732671875 0.22112211249999997 0.42409240937500003
19 0.2656765671875 0.42079207968750004 0.2260726078125 0.42079207968750004 0.2260726078125 0.4843234328125 0.2656765671875 0.4843234328125 0.2656765671875 0.42079207968750004
19 0.363036303125 0.42079207968750004 0.325907590625 0.42079207968750004 0.325907590625 0.4884488453125 0.363036303125 0.4884488453125 0.363036303125 0.42079207968750004
19 0.1749174921875 0.42409240937500003 0.137788778125 0.42409240937500003 0.137788778125 0.4826732671875 0.1749174921875 0.4826732671875 0.1749174921875 0.42409240937500003
19 0.3118811875 0.42079207968750004 0.274752475 0.42079207968750004 0.274752475 0.4867986796875 0.3118811875 0.4867986796875 0.3118811875 0.42079207968750004
19 0.653465346875 0.4273927390625 0.6056105609375 0.4273927390625 0.6056105609375 0.4958745875 0.653465346875 0.4958745875 0.653465346875 0.4273927390625
19 0.5957095703124999 0.4273927390625 0.5536303625000001 0.4273927390625 0.5536303625000001 0.4958745875 0.5957095703124999 0.4958745875 0.5957095703124999 0.4273927390625
19 0.7805280531250001 0.4273927390625 0.7293729375 0.4273927390625 0.7293729375 0.5 0.7805280531250001 0.5 0.7805280531250001 0.4273927390625
19 0.7194719468749999 0.4273927390625 0.6674917484375 0.4273927390625 0.6674917484375 0.5 0.7194719468749999 0.5 0.7194719468749999 0.4273927390625
19 0.407590759375 0.457095709375 0.37293729375 0.457095709375 0.37293729375 0.48597359687499997 0.407590759375 0.48597359687499997 0.407590759375 0.457095709375
19 0.5478547859375 0.4554455453125 0.5033003296875 0.4554455453125 0.5033003296875 0.49257425781249997 0.5478547859375 0.49257425781249997 0.5478547859375 0.4554455453125
19 0.4950495046875 0.457095709375 0.45957095781249996 0.457095709375 0.45957095781249996 0.494224421875 0.4950495046875 0.494224421875 0.4950495046875 0.457095709375
19 0.45049504999999995 0.4603960390625 0.415841584375 0.4603960390625 0.415841584375 0.493399340625 0.45049504999999995 0.493399340625 0.45049504999999995 0.4603960390625
19 0.7458745875 0.5643564359375 0.6592409234375001 0.5643564359375 0.6592409234375001 0.6650165015625 0.7458745875 0.6650165015625 0.7458745875 0.5643564359375
19 0.8448844890625 0.56930693125 0.7549504953125 0.56930693125 0.7549504953125 0.6749174921875001 0.8448844890625 0.6749174921875001 0.8448844890625 0.56930693125
19 0.9554455453124999 0.567656765625 0.8514851484375001 0.567656765625 0.8514851484375001 0.6815181515625001 0.9554455453124999 0.6815181515625001 0.9554455453124999 0.567656765625
19 0.1551155109375 0.6749174921875001 0.09405940625 0.6749174921875001 0.09405940625 0.752475246875 0.1551155109375 0.752475246875 0.1551155109375 0.6749174921875001
19 0.2128712875 0.6732673265625 0.153465346875 0.6732673265625 0.153465346875 0.7574257421875 0.2128712875 0.7574257421875 0.2128712875 0.6732673265625
19 0.27887788750000003 0.6831683171875 0.21699670000000001 0.6831683171875 0.21699670000000001 0.7673267328125 0.27887788750000003 0.7673267328125 0.27887788750000003 0.6831683171875
19 0.3448844890625 0.6897689765624999 0.27887788750000003 0.6897689765624999 0.27887788750000003 0.776402640625 0.3448844890625 0.776402640625 0.3448844890625 0.6897689765624999
19 0.42409240937500003 0.6996699671875 0.3539603953125 0.6996699671875 0.3539603953125 0.7863036296875 0.42409240937500003 0.7863036296875 0.42409240937500003 0.6996699671875
19 0.5033003296875 0.7079207921874999 0.428217821875 0.7079207921874999 0.428217821875 0.792904290625 0.5033003296875 0.792904290625 0.5033003296875 0.7079207921874999
19 0.5841584156249999 0.7178217828125 0.5041254125 0.7178217828125 0.5041254125 0.80693069375 0.5841584156249999 0.80693069375 0.5841584156249999 0.7178217828125
19 0.6749174921875001 0.7211221125 0.588283828125 0.7211221125 0.588283828125 0.8160066 0.6749174921875001 0.8160066 0.6749174921875001 0.7211221125
19 0.760726071875 0.7326732671875 0.675742575 0.7326732671875 0.675742575 0.8242574250000001 0.760726071875 0.8242574250000001 0.760726071875 0.7326732671875
19 0.8613861390625001 0.735973596875 0.7698019796875 0.735973596875 0.7698019796875 0.8374587453125001 0.8613861390625001 0.8374587453125001 0.8613861390625001 0.735973596875
19 0.958745875 0.7425742578125 0.8696369640625001 0.7425742578125 0.8696369640625001 0.8465346531250001 0.958745875 0.8465346531250001 0.958745875 0.7425742578125
19 0.66006600625 0.8844884484375 0.5866336640625 0.8844884484375 0.5866336640625 0.9480198015625 0.66006600625 0.9480198015625 0.66006600625 0.8844884484375
19 0.7541254125 0.89768976875 0.6691419140625 0.89768976875 0.6691419140625 0.9620462046875 0.7541254125 0.9620462046875 0.7541254125 0.89768976875
19 0.8481848187500001 0.9092409234375 0.7656765671875 0.9092409234375 0.7656765671875 0.977722771875 0.8481848187500001 0.977722771875 0.8481848187500001 0.9092409234375
19 0.93894389375 0.9207920796875 0.8613861390625001 0.9207920796875 0.8613861390625001 0.9867986796875 0.93894389375 0.9867986796875 0.93894389375 0.9207920796875