19 0.418359375 0.81875 0.418359375 0.86328125 0.459375 0.86328125 0.459375 0.81875 0.418359375 0.81875
19 0.365625 0.8203125 0.365625 0.8625 0.4125 0.8625 0.4125 0.8203125 0.365625 0.8203125
19 0.1734375 0.81875 0.1734375 0.8671875 0.215625 0.8671875 0.215625 0.81875 0.1734375 0.81875
19 0.2640625 0.865625 0.2640625 0.81953125 0.22265625 0.81953125 0.22265625 0.865625 0.2640625 0.865625
19 0.1203125 0.8203125 0.1203125 0.8625 0.1671875 0.8625 0.1671875 0.8203125 0.1203125 0.8203125
19 0.3140625 0.820703125 0.26875 0.820703125 0.26875 0.8625 0.3140625 0.8625 0.3140625 0.820703125
19 0.4671875 0.81875 0.4671875 0.865625 0.5078125 0.865625 0.5078125 0.81875 0.4671875 0.81875
19 0.359375 0.8640625 0.359375 0.8203125 0.319140625 0.8203125 0.319140625 0.8640625 0.359375 0.8640625
19 0.5640625 0.820703125 0.5171875 0.820703125 0.5171875 0.8625 0.5640625 0.8625 0.5640625 0.820703125
19 0.6078125 0.8625 0.6078125 0.81640625 0.56640625 0.81640625 0.56640625 0.8625 0.6078125 0.8625
19 0.21875 0.4484375 0.21875 0.5203125 0.2875 0.5203125 0.2875 0.4484375 0.21875 0.4484375
19 0.075 0.4484375 0.075 0.5203125 0.146875 0.5203125 0.146875 0.4484375 0.075 0.4484375
19 0.2859375 0.45 0.2859375 0.521875 0.3578125 0.521875 0.3578125 0.45 0.2859375 0.45
19 0.427734375 0.5203125 0.427734375 0.451171875 0.356640625 0.451171875 0.356640625 0.5203125 0.427734375 0.5203125
19 0.215625 0.51875 0.215625 0.45 0.147265625 0.45 0.147265625 0.51875 0.215625 0.51875
19 0.499609375 0.5203125 0.499609375 0.450390625 0.430078125 0.450390625 0.430078125 0.5203125 0.499609375 0.5203125
19 0.461328125 0.54375 0.461328125 0.6078125 0.525 0.6078125 0.525 0.54375 0.461328125 0.54375
19 0.3265625 0.5484375 0.3265625 0.609375 0.390625 0.609375 0.390625 0.5484375 0.3265625 0.5484375
19 0.39375 0.5484375 0.39375 0.609375 0.45625 0.609375 0.45625 0.5484375 0.39375 0.5484375
19 0.628125 0.559375 0.628125 0.60625 0.68125 0.60625 0.68125 0.559375 0.628125 0.559375
19 0.628125 0.559765625 0.5796875 0.559765625 0.5796875 0.609375 0.628125 0.609375 0.628125 0.559765625
19 0.5765625 0.559765625 0.53125 0.559765625 0.53125 0.609375 0.5765625 0.609375 0.5765625 0.559765625
19 0.2078125 0.5625 0.2078125 0.609375 0.265625 0.609375 0.265625 0.5625 0.2078125 0.5625
19 0.148046875 0.5609375 0.148046875 0.609375 0.2078125 0.609375 0.2078125 0.5609375 0.148046875 0.5609375
19 0.265625 0.5640625 0.265625 0.609375 0.321875 0.609375 0.321875 0.5640625 0.265625 0.5640625
19 0.1390625 0.615625 0.1390625 0.55859375 0.09296875 0.55859375 0.09296875 0.615625 0.1390625 0.615625
19 0.7171875 0.6078125 0.7171875 0.570703125 0.679296875 0.570703125 0.679296875 0.6078125 0.7171875 0.6078125
19 0.490625 0.64375 0.490625 0.6953125 0.5265625 0.6953125 0.5265625 0.64375 0.490625 0.64375
19 0.2859375 0.646875 0.2859375 0.6953125 0.3234375 0.6953125 0.3234375 0.646875 0.2859375 0.646875
19 0.45 0.6953125 0.484375 0.6953125 0.484375 0.645703125 0.45 0.645703125 0.45 0.6953125
19 0.328125 0.646875 0.328125 0.696875 0.365625 0.696875 0.365625 0.646875 0.328125 0.646875
19 0.4046875 0.645703125 0.36875 0.645703125 0.36875 0.6953125 0.4046875 0.6953125 0.4046875 0.645703125
19 0.4546875 0.652734375 0.40390625 0.652734375 0.40390625 0.6875 0.4546875 0.6875 0.4546875 0.652734375
19 0.1421875 0.659375 0.1421875 0.696875 0.175 0.696875 0.175 0.659375 0.1421875 0.659375
19 0.1765625 0.6609375 0.1765625 0.696875 0.209375 0.696875 0.209375 0.6609375 0.1765625 0.6609375
19 0.250390625 0.659375 0.250390625 0.696875 0.2828125 0.696875 0.2828125 0.659375 0.250390625 0.659375
19 0.246875 0.6953125 0.246875 0.6625 0.211328125 0.6625 0.211328125 0.6953125 0.246875 0.6953125
19 0.10625 0.6625 0.10625 0.6984375 0.1390625 0.6984375 0.1390625 0.6625 0.10625 0.6625