19 0.340625 0.06127161875 0.2672169796875 0.06127161875 0.2672169796875 0.08878734218749999 0.340625 0.08878734218749999 0.340625 0.06127161875
19 0.309375 0.0890625 0.309375 0.060775354687500005 0.23828616406249997 0.060775354687500005 0.23828616406249997 0.0890625 0.309375 0.0890625
19 0.3703125 0.090625 0.3703125 0.0640625 0.29765625 0.0640625 0.29765625 0.090625 0.3703125 0.090625
19 0.3625 0.8143671375 0.3328125 0.8143671375 0.3328125 0.8418828609375 0.3625 0.8418828609375 0.3625 0.8143671375
19 0.190625 0.84375 0.21875 0.84375 0.21875 0.8149616749999999 0.190625 0.8149616749999999 0.190625 0.84375
19 0.425 0.8421875 0.425 0.81502555 0.3963296 0.81502555 0.3963296 0.8421875 0.425 0.8421875
19 0.325 0.846875 0.325 0.813689071875 0.29649665937499997 0.813689071875 0.29649665937499997 0.846875 0.325 0.846875
19 0.39375 0.8453125 0.39375 0.8165438281249999 0.365197521875 0.8165438281249999 0.365197521875 0.8453125 0.39375 0.8453125
19 0.2875 0.8484375 0.2875 0.81313384375 0.2595469734375 0.81313384375 0.2595469734375 0.8484375 0.2875 0.8484375
19 0.2546875 0.846875 0.2546875 0.8171875 0.2249017296875 0.8171875 0.2249017296875 0.846875 0.2546875 0.846875
19 0.3046875 0.8859375 0.3046875 0.8544074281249999 0.27125589687499996 0.8544074281249999 0.27125589687499996 0.8859375 0.3046875 0.8859375
19 0.3359375 0.8875 0.3359375 0.8525599453125 0.307050903125 0.8525599453125 0.307050903125 0.8875 0.3359375 0.8875
19 0.431235259375 0.884375 0.431235259375 0.8563875796874999 0.39978871875 0.8563875796874999 0.39978871875 0.884375 0.431235259375 0.884375
19 0.2747395828125 0.8875 0.2747395828125 0.8545204406250001 0.237003734375 0.8545204406250001 0.237003734375 0.8875 0.2747395828125 0.8875
19 0.3671875 0.853409984375 0.3359375 0.853409984375 0.3359375 0.8872150156249999 0.3671875 0.8872150156249999 0.3671875 0.853409984375
19 0.2109375 0.884375 0.2109375 0.8564956765625 0.1733244890625 0.8564956765625 0.1733244890625 0.884375 0.2109375 0.884375
19 0.4013463046875 0.8890625 0.4013463046875 0.8569772 0.36832743749999997 0.8569772015625 0.36832743749999997 0.8890625 0.4013463046875 0.8890625
19 0.2390625 0.8565349843750001 0.2092767296875 0.8565349843750001 0.2092767296875 0.8903400156249999 0.2390625 0.8903400156249999 0.2390625 0.8565349843750001
19 0.425 0.9359375 0.425 0.9003881687499999 0.3967325078125 0.9003881687499999 0.3967325078125 0.9359375 0.425 0.9359375
19 0.3859375 0.934375 0.3859375 0.90603871875 0.3585986625 0.90603871875 0.3585986625 0.934375 0.3859375 0.934375
19 0.353125 0.9328125 0.353125 0.90555228125 0.319329796875 0.90555228125 0.319329796875 0.9328125 0.353125 0.9328125
19 0.2484375 0.934375 0.275 0.934375 0.275 0.9061271625 0.2484375 0.9061271625 0.2484375 0.934375
19 0.2015625 0.934375 0.2015625 0.9098958328125001 0.169413325 0.9098958328125001 0.169413325 0.934375 0.2015625 0.934375
19 0.28125 0.934375 0.3125 0.934375 0.3125 0.907330975 0.28125 0.907330975 0.28125 0.934375
19 0.2390625 0.9390625 0.2390625 0.9069919421874999 0.2109964609375 0.9069919421874999 0.2109964609375 0.9390625 0.2390625 0.9390625
19 0.803125 0.2125 0.803125 0.1625 0.778557390625 0.1625 0.778557390625 0.2125 0.803125 0.2125
19 0.78125 0.2640625 0.78125 0.193268475 0.7485210312499999 0.193268475 0.7485210312499999 0.2640625 0.78125 0.2640625
19 0.740625 0.2640625 0.740625 0.19665880625 0.7092718171875 0.19665880625 0.7092718171875 0.2640625 0.740625 0.2640625
19 0.7234375 0.246875 0.7234375 0.21736438749999998 0.6524076265625001 0.21736438749999998 0.6524076265625001 0.246875 0.7234375 0.246875
19 0.821875 0.253125 0.821875 0.224749409375 0.7724695359375 0.224749409375 0.7724695359375 0.253125 0.821875 0.253125
19 0.4890625 0.3703125 0.546875 0.3703125 0.546875 0.296875 0.4890625 0.296875 0.4890625 0.3703125
19 0.496875 0.3609375 0.496875 0.3078125 0.423211478125 0.3078125 0.423211478125 0.3609375 0.496875 0.3609375
19 0.3875 0.3703125 0.3875 0.3024272796875 0.3494054625 0.3024272796875 0.3494054625 0.3703125 0.3875 0.3703125
19 0.6046875 0.3033117125 0.5515625 0.3033117125 0.5515625 0.3685632875 0.6046875 0.3685632875 0.6046875 0.3033117125
19 0.3015625 0.371875 0.3015625 0.3020391109375 0.2612028296875 0.3020391109375 0.2612028296875 0.371875 0.3015625 0.371875
19 0.359375 0.35625 0.359375 0.31595911875 0.290639740625 0.31595911875 0.290639740625 0.35625 0.359375 0.35625
19 0.2140625 0.3703125 0.2140625 0.3015625 0.173304834375 0.3015625 0.173304834375 0.3703125 0.2140625 0.3703125
19 0.4453125 0.3578125 0.4453125 0.31875 0.37641018125 0.31875 0.37641018125 0.3578125 0.4453125 0.3578125
19 0.2703125 0.3191086875 0.20345420625 0.3191086875 0.20345420625 0.35763069999999997 0.2703125 0.35763069999999997 0.2703125 0.3191086875
19 0.4921875 0.428125 0.42727004687500003 0.428125 0.42727004687500003 0.4498329390625 0.4921875 0.4498329390625 0.4921875 0.428125
19 0.4421875 0.471875 0.4421875 0.40917354531249994 0.42180621093750004 0.40917354531249994 0.42180621093750004 0.471875 0.4421875 0.471875
19 0.496875 0.471875 0.496875 0.4107409578125 0.476493709375 0.4107409578125 0.476493709375 0.471875 0.496875 0.471875
19 0.675 0.46875 0.675 0.4156200859375 0.6159296390625 0.4156200859375 0.6159296390625 0.46875 0.675 0.46875
19 0.4171875 0.475 0.4171875 0.4116008265625 0.38145145468749997 0.4116008265625 0.38145145468749997 0.475 0.4171875 0.475
19 0.571875 0.45625 0.571875 0.4321246078125 0.5110505109375 0.4321246078125 0.5110505109375 0.45625 0.571875 0.45625
19 0.671875 0.46875 0.7296875 0.46875 0.7296875 0.41657822187500004 0.671875 0.41657822187500004 0.671875 0.46875
19 0.6171875 0.46875 0.6171875 0.4187942203125 0.5600972875 0.4187942203125 0.5600972875 0.46875 0.6171875 0.46875
19 0.384375 0.465625 0.384375 0.4238698890625 0.3227692609375 0.4238698890625 0.3227692609375 0.465625 0.384375 0.465625
19 0.484375 0.45625 0.5421875 0.45625 0.5421875 0.432694575 0.484375 0.432694575 0.484375 0.45625
19 0.328125 0.4765625 0.328125 0.41318297968750006 0.2908657625 0.41318297968750006 0.2908657625 0.4765625 0.328125 0.4765625
19 0.2890625 0.56875 0.3359375 0.56875 0.3359375 0.5109375 0.2890625 0.5109375 0.2890625 0.56875
19 0.2875 0.56875 0.2875 0.5171875 0.23302869531249998 0.5171875 0.23302869531249998 0.56875 0.2875 0.56875
19 0.36875 0.565625 0.36875 0.5207104953125 0.3371216578125 0.5207104953125 0.3371216578125 0.565625 0.36875 0.565625
19 0.3709954796875 0.5203125 0.3709954796875 0.565625 0.4024420203125 0.565625 0.4024420203125 0.5203125 0.3709954796875 0.5203125
19 0.5046875 0.5625 0.5046875 0.5237028296874999 0.47646914218749997 0.5237028296874999 0.47646914218749997 0.5625 0.5046875 0.5625
19 0.44375 0.559375 0.44375 0.5265625 0.4000343953125 0.5265625 0.4000343953125 0.559375 0.44375 0.559375
19 0.1734375 0.571875 0.228125 0.571875 0.228125 0.519152909375 0.1734375 0.519152909375 0.1734375 0.571875
19 0.471875 0.565625 0.471875 0.523693003125 0.4436566421875 0.523693003125 0.4436566421875 0.565625 0.471875 0.565625
19 0.4372199296875 0.6578125 0.4372199296875 0.627898978125 0.3900501171875 0.627898978125 0.3900501171875 0.6578125 0.4372199296875 0.6578125
19 0.471875 0.628125 0.4251916265625 0.628125 0.4251916265625 0.6608441421875 0.471875 0.6608441421875 0.471875 0.628125
19 0.3616204796875 0.6665487421875 0.3930670203125 0.6665487421875 0.3930670203125 0.6209512578124999 0.3616204796875 0.6209512578124999 0.3616204796875 0.6665487421875
19 0.3234375 0.621196934375 0.2928164296875 0.621196934375 0.2928164296875 0.669939071875 0.3234375 0.669939071875 0.3234375 0.621196934375
19 0.31813089687499996 0.628351021875 0.31813089687499996 0.662156053125 0.366873034375 0.662156053125 0.366873034375 0.628351021875 0.31813089687499996 0.628351021875
19 0.2515625 0.6640625 0.29653596875 0.6640625 0.29653596875 0.631923153125 0.2515625 0.631923153125 0.2515625 0.6640625
19 0.2578125 0.6640625 0.2578125 0.6319919421875 0.214470321875 0.6319919421875 0.214470321875 0.6640625 0.2578125 0.6640625
19 0.2234375 0.6625 0.2234375 0.634375 0.1782183578125 0.634375 0.1782183578125 0.6625 0.2234375 0.6625
19 0.534375 0.7703125 0.534375 0.7287293625 0.478773584375 0.7287293625 0.478773584375 0.7703125 0.534375 0.7703125
19 0.48125 0.771875 0.48125 0.730065840625 0.4288423734375 0.730065840625 0.4288423734375 0.771875 0.48125 0.771875
19 0.2375 0.78125 0.2375 0.7228970140625 0.1931849453125 0.7228970140625 0.1931849453125 0.78125 0.2375 0.78125
19 0.2328125 0.7734375 0.2890625 0.7734375 0.2890625 0.7328125 0.2328125 0.7328125 0.2328125 0.7734375
19 0.434375 0.7734375 0.434375 0.7301592 0.380090409375 0.7301592 0.380090409375 0.7734375 0.434375 0.7734375
19 0.3359375 0.7331073109374999 0.2842275953125 0.7331073109374999 0.2842275953125 0.7763463046875 0.3359375 0.7763463046875 0.3359375 0.7331073109374999
19 0.384375 0.73319575625 0.333760809375 0.7331957546875 0.333760809375 0.7764347500000001 0.384375 0.7764347500000001 0.384375 0.73319575625
19 0.4 0.0859375 0.4 0.060853970312500005 0.325795990625 0.060853970312500005 0.325795990625 0.0859375 0.4 0.0859375
19 0.2546875 0.109375 0.2546875 0.0375 0.231171384375 0.0375 0.231171384375 0.109375 0.2546875 0.109375
19 0.196875 0.0392344734375 0.169830975 0.0392344734375 0.169830975 0.1092030265625 0.196875 0.1092030265625 0.196875 0.0392344734375
19 0.2265625 0.039386793749999996 0.201036753125 0.039386793749999996 0.201036753125 0.11092767343750001 0.2265625 0.11092767343750001 0.2265625 0.039386793749999996