19 0.19375 0.6046875 0.1625 0.6046875 0.1625 0.65 0.19375 0.65 0.19375 0.6046875
19 0.2671875 0.6046875 0.2359375 0.6046875 0.2359375 0.6515625 0.2671875 0.6515625 0.2671875 0.6046875
19 0.303125 0.6046875 0.271875 0.6046875 0.271875 0.6515625 0.303125 0.6515625 0.303125 0.6046875
19 0.2328125 0.6046875 0.19921875 0.6046875 0.19921875 0.6515625 0.2328125 0.6515625 0.2328125 0.6046875
19 0.775 0.6078125 0.74375 0.6078125 0.74375 0.65078125 0.775 0.65078125 0.775 0.6078125
19 0.853125 0.609375 0.8203125 0.609375 0.8203125 0.6515625 0.853125 0.6515625 0.853125 0.609375
19 0.8140625 0.609375 0.7828125 0.609375 0.7828125 0.6515625 0.8140625 0.6515625 0.8140625 0.609375
19 0.7390625 0.609375 0.70390625 0.609375 0.70390625 0.6515625 0.7390625 0.6515625 0.7390625 0.609375
19 0.4796875 0.69375 0.4484375 0.69375 0.4484375 0.7203125 0.4796875 0.7203125 0.4796875 0.69375
19 0.284375 0.7015625 0.25703125 0.7015625 0.25703125 0.7171875 0.284375 0.7171875 0.284375 0.7015625
19 0.3171875 0.69375 0.28984375 0.69375 0.28984375 0.71875 0.3171875 0.71875 0.3171875 0.69375
19 0.3828125 0.6953125 0.353125 0.6953125 0.353125 0.71796875 0.3828125 0.71796875 0.3828125 0.6953125
19 0.4453125 0.69375 0.415625 0.69375 0.415625 0.72109375 0.4453125 0.72109375 0.4453125 0.69375
19 0.4171875 0.6953125 0.3859375 0.6953125 0.3859375 0.7203125 0.4171875 0.7203125 0.4171875 0.6953125
19 0.35 0.6953125 0.3203125 0.6953125 0.3203125 0.71953125 0.35 0.71953125 0.35 0.6953125
19 0.7921875 0.6875 0.73359375 0.6875 0.73359375 0.759375 0.7921875 0.759375 0.7921875 0.6875
19 0.8546875 0.6921875 0.79453125 0.6921875 0.79453125 0.75703125 0.8546875 0.75703125 0.8546875 0.6921875
19 0.38125 0.7265625 0.35234375 0.7265625 0.35234375 0.75078125 0.38125 0.75078125 0.38125 0.7265625
19 0.4796875 0.728125 0.446875 0.728125 0.446875 0.75078125 0.4796875 0.75078125 0.4796875 0.728125
19 0.3171875 0.725 0.2859375 0.725 0.2859375 0.75 0.3171875 0.75 0.3171875 0.725
19 0.41875 0.7265625 0.38515625 0.7265625 0.38515625 0.74921875 0.41875 0.74921875 0.41875 0.7265625
19 0.284375 0.7234375 0.2515625 0.7234375 0.2515625 0.74765625 0.284375 0.74765625 0.284375 0.7234375
19 0.4453125 0.7265625 0.41875 0.7265625 0.41875 0.7515625 0.4453125 0.7515625 0.4453125 0.7265625
19 0.35 0.725 0.31875 0.725 0.31875 0.75 0.35 0.75 0.35 0.725
19 0.8171875 0.846875 0.75625 0.846875 0.75625 0.90703125 0.8171875 0.90703125 0.8171875 0.846875
19 0.8859375 0.8484375 0.8234375 0.8484375 0.8234375 0.90625 0.8859375 0.90625 0.8859375 0.8484375
19 0.6796875 0.84375 0.61328125 0.84375 0.61328125 0.91015625 0.6796875 0.91015625 0.6796875 0.84375
19 0.7515625 0.846875 0.68203125 0.846875 0.68203125 0.9109375 0.7515625 0.9109375 0.7515625 0.846875
19 0.6078125 0.8515625 0.54375 0.8515625 0.54375 0.91171875 0.6078125 0.91171875 0.6078125 0.8515625
19 0.8171875 0.3609375 0.77265625 0.3609375 0.77265625 0.4453125 0.8171875 0.4453125 0.8171875 0.3609375
19 0.86875 0.3609375 0.82578125 0.3609375 0.82578125 0.44375 0.86875 0.44375 0.86875 0.3609375
19 0.209375 0.371875 0.16015625 0.371875 0.16015625 0.4390625 0.209375 0.4390625 0.209375 0.371875
19 0.259375 0.371875 0.2140625 0.371875 0.2140625 0.4390625 0.259375 0.4390625 0.259375 0.371875
19 0.7296875 0.3734375 0.696875 0.3734375 0.696875 0.44296875 0.7296875 0.44296875 0.7296875 0.3734375
19 0.76875 0.375 0.73359375 0.375 0.73359375 0.44375 0.76875 0.44375 0.76875 0.375
19 0.678125 0.50625 0.6296875 0.50625 0.6296875 0.5640625 0.678125 0.5640625 0.678125 0.50625
19 0.725 0.50625 0.68046875 0.50625 0.68046875 0.56484375 0.725 0.56484375 0.725 0.50625
19 0.81875 0.50625 0.77578125 0.50625 0.77578125 0.5671875 0.81875 0.5671875 0.81875 0.50625
19 0.7703125 0.50625 0.728125 0.50625 0.728125 0.5671875 0.7703125 0.5671875 0.7703125 0.50625
19 0.865625 0.50625 0.825 0.50625 0.825 0.5671875 0.865625 0.5671875 0.865625 0.50625
19 0.546875 0.515625 0.51171875 0.515625 0.51171875 0.5609375 0.546875 0.5609375 0.546875 0.515625
19 0.628125 0.5171875 0.59453125 0.5171875 0.59453125 0.5625 0.628125 0.5625 0.628125 0.5171875
19 0.5890625 0.5140625 0.553125 0.5140625 0.553125 0.5625 0.5890625 0.5625 0.5890625 0.5140625