19 0.1625 0.502734375 0.06171875 0.502734375 0.06171875 0.56875 0.1625 0.56875 0.1625 0.502734375
19 0.003125 0.4859375 0.003125 0.5859375 0.0703125 0.5859375 0.0703125 0.4859375 0.003125 0.4859375
19 0.2875 0.49375 0.2875 0.5875 0.38125 0.5875 0.38125 0.49375 0.2875 0.49375
19 0.3828125 0.4953125 0.3828125 0.5875 0.4703125 0.5875 0.4703125 0.4953125 0.3828125 0.4953125
19 0.478125 0.49375 0.478125 0.5875 0.5671875 0.5875 0.5671875 0.49375 0.478125 0.49375
19 0.228125 0.584375 0.28125 0.584375 0.28125 0.515625 0.228125 0.515625 0.228125 0.584375
19 0.1515625 0.5234375 0.1515625 0.5796875 0.2203125 0.5796875 0.2203125 0.5234375 0.1515625 0.5234375
19 0.8671875 0.514453125 0.76875 0.514453125 0.76875 0.5875 0.8671875 0.5875 0.8671875 0.514453125
19 0.680859375 0.503125 0.680859375 0.59921875 0.7515625 0.59921875 0.7515625 0.503125 0.680859375 0.503125
19 0.6578125 0.596875 0.6578125 0.501171875 0.583984375 0.501171875 0.583984375 0.596875 0.6578125 0.596875
19 0.984375 0.590625 0.984375 0.539453125 0.9453125 0.539453125 0.9453125 0.590625 0.984375 0.590625
19 0.9234375 0.547265625 0.8765625 0.547265625 0.8765625 0.584375 0.9234375 0.584375 0.9234375 0.547265625
19 0.469140625 0.6171875 0.469140625 0.709375 0.5859375 0.709375 0.5859375 0.6171875 0.469140625 0.6171875
19 0 0.6890625 0.071875 0.6890625 0.071875 0.63671875 0 0.63671875 0 0.6890625
19 0.2734375 0.715625 0.2734375 0.615625 0.173828125 0.615625 0.173828125 0.715625 0.2734375 0.715625
19 0.0609375 0.7125 0.165625 0.7125 0.165625 0.615625 0.0609375 0.615625 0.0609375 0.7125
19 0.4609375 0.7109375 0.4609375 0.625 0.372265625 0.625 0.372265625 0.7109375 0.4609375 0.7109375
19 0.2796875 0.625 0.2796875 0.7125 0.3671875 0.7125 0.3671875 0.625 0.2796875 0.625
19 0.696875 0.641015625 0.5890625 0.641015625 0.5890625 0.709375 0.696875 0.709375 0.696875 0.641015625