19 0.68125 0.8953125 0.68125 0.85975439375 0.650431809375 0.85975439375 0.650431809375 0.8953125 0.68125 0.8953125
19 0.7609375 0.8640625 0.7179462859375 0.8640625 0.7179462859375 0.8935428328125001 0.7609375 0.8935428328125001 0.7609375 0.8640625
19 0.71875 0.896875 0.71875 0.8627246390625001 0.686668828125 0.8627246390625001 0.686668828125 0.896875 0.71875 0.896875
19 0.7578973640625 0.8546875 0.7578973640625 0.90625 0.7858526359375 0.90625 0.7858526359375 0.8546875 0.7578973640625 0.8546875
19 0.628125 0.9109375 0.628125 0.8515625 0.593747503125 0.8515625 0.593747503125 0.9109375 0.628125 0.9109375
19 0.921875 0.90625 0.921875 0.865677415625 0.8953374609375 0.865677415625 0.8953374609375 0.90625 0.921875 0.90625
19 0.85625 0.9109375 0.85625 0.8661117218750001 0.8198482421875 0.8661117218750001 0.8198482421875 0.9109375 0.85625 0.9109375
19 0.8929712453124999 0.909375 0.8929712453124999 0.8690769765624999 0.8570287546875001 0.8690769765624999 0.8570287546875001 0.909375 0.8929712453124999 0.909375
19 0.9171875 0.1296875 0.9171875 0.052381190625 0.877520965625 0.052381190625 0.877520965625 0.1296875 0.9171875 0.1296875
19 0.8546875 0.072571384375 0.7774910140625 0.072571384375 0.7774910140625 0.1109100453125 0.8546875 0.1109100453125 0.8546875 0.072571384375
19 0.9578125 0.1296875 0.9578125 0.053125 0.918330671875 0.053125 0.918330671875 0.1296875 0.9578125 0.1296875
19 0.796875 0.1296875 0.796875 0.0546875 0.7581993812500001 0.0546875 0.7581993812500001 0.1296875 0.796875 0.1296875
19 0.8734375 0.128125 0.8734375 0.053978634375 0.8370407343749999 0.053978634375 0.8370407343749999 0.128125 0.8734375 0.128125
19 0.75625 0.1296875 0.75625 0.0578125 0.7173896765625 0.0578125 0.7173896765625 0.1296875 0.75625 0.1296875
19 0.73125 0.1140625 0.73125 0.07824730468749999 0.6618934703125 0.07824730468749999 0.6618934703125 0.1140625 0.73125 0.1140625
19 0.653125 0.0768345640625 0.5828199875 0.0768345640625 0.5828199875 0.1151732234375 0.653125 0.1151732234375 0.653125 0.0768345640625
19 0.6125 0.115625 0.6125 0.076427715625 0.5429787328125 0.076427715625 0.5429787328125 0.115625 0.6125 0.115625
19 0.690625 0.079103434375 0.6264027546875 0.079103434375 0.6264027546875 0.118240815625 0.690625 0.118240815625 0.690625 0.079103434375
19 0.796875 0.359375 0.81875 0.359375 0.81875 0.27207717656249997 0.796875 0.27207717656249997 0.796875 0.359375
19 0.9203125 0.359375 0.9453125 0.359375 0.9453125 0.271453175 0.9203125 0.271453175 0.9203125 0.359375
19 0.9155476234375 0.359375 0.9155476234375 0.271453175 0.8899885171875 0.271453175 0.8899885171875 0.359375 0.9155476234375 0.359375
19 0.85 0.3578125 0.85 0.2710363421875 0.825474240625 0.2710363421875 0.825474240625 0.3578125 0.85 0.3578125
19 0.88125 0.359375 0.88125 0.271453175 0.8585388375 0.271453175 0.8585388375 0.359375 0.88125 0.359375
19 0.665625 0.3578125 0.665625 0.2891823078125 0.62746855 0.2891823078125 0.62746855 0.3578125 0.665625 0.3578125
19 0.70463758125 0.3578125 0.70463758125 0.287185503125 0.6678963671875 0.287185503125 0.6678963671875 0.3578125 0.70463758125 0.3578125
19 0.7856105234374999 0.3578125 0.7856105234374999 0.29105431249999997 0.7440769765625 0.29105431249999997 0.7440769765625 0.3578125 0.7856105234374999 0.3578125
19 0.75625 0.3453125 0.75625 0.3109599625 0.695137778125 0.3109599625 0.695137778125 0.3453125 0.75625 0.3453125
19 0.8484375 0.5359375 0.86875 0.5359375 0.86875 0.4616438703125 0.8484375 0.4616438703125 0.8484375 0.5359375
19 0.971875 0.509375 0.971875 0.48814896250000006 0.8969823296874999 0.48814896250000006 0.8969823296874999 0.509375 0.971875 0.509375
19 0.9453125 0.509375 0.9453125 0.4876672328125 0.8709889171875 0.4876672328125 0.8709889171875 0.509375 0.9453125 0.509375
19 0.89375 0.45971695312499994 0.87201228125 0.45971695312499994 0.87201228125 0.535595546875 0.89375 0.535595546875 0.89375 0.45971695312499994
19 0.6734375 0.5140625 0.6734375 0.48647164531250003 0.6066468640625 0.48647164531250003 0.6066468640625 0.5140625 0.6734375 0.5140625
19 0.7125 0.534375 0.7125 0.465625 0.6865989406249999 0.465625 0.6865989406249999 0.534375 0.7125 0.534375
19 0.74375 0.534375 0.74375 0.465625 0.7164337046875 0.465625 0.7164337046875 0.534375 0.74375 0.534375
19 0.6453125 0.48670127812499997 0.5782922312500001 0.48670127812499997 0.5782922312500001 0.513857828125 0.6453125 0.513857828125 0.6453125 0.48670127812499997
19 0.6828125 0.5328125 0.6828125 0.4676867015625 0.657979734375 0.4676867015625 0.657979734375 0.5328125 0.6828125 0.5328125
19 0.8265625 0.5140625 0.8265625 0.4875 0.761217053125 0.4875 0.761217053125 0.5140625 0.8265625 0.5140625
19 0.7953125 0.5140625 0.8625 0.5140625 0.8625 0.48663638125 0.7953125 0.48663638125 0.7953125 0.5140625
19 0.7765625 0.534375 0.7765625 0.4677041734375 0.7503319687500001 0.4677041734375 0.7503319687500001 0.534375 0.7765625 0.534375
19 0.6796875 0.703125 0.6796875 0.6537440109375 0.6567467046875 0.6537440109375 0.6567467046875 0.703125 0.6796875 0.703125
19 0.7453125 0.6921875 0.7453125 0.6678664125 0.6960613015625 0.6678664125 0.6960613015625 0.6921875 0.7453125 0.6921875
19 0.7046875 0.6549770359375 0.68328175 0.6549770359375 0.68328175 0.704497803125 0.7046875 0.704497803125 0.7046875 0.6549770359375
19 0.75625 0.6549770359375 0.7335388390625 0.6549770359375 0.7335388390625 0.704497803125 0.75625 0.704497803125 0.75625 0.6549770359375
19 0.7921875 0.6921875 0.7921875 0.6705071874999999 0.7436701265625 0.6705071874999999 0.7436701265625 0.6921875 0.7921875 0.6921875
19 0.8515625 0.6566443671875 0.8351812109375001 0.6566443671875 0.8351812109375001 0.709360021875 0.8515625 0.709360021875 0.8515625 0.6566443671875
19 0.803125 0.70625 0.803125 0.657008784375 0.7829098421875 0.657008784375 0.7829098421875 0.70625 0.803125 0.70625
19 0.8921875 0.690625 0.8921875 0.6734375 0.8413762984375 0.6734375 0.8413762984375 0.690625 0.8921875 0.690625
19 0.8984375 0.7078125 0.8984375 0.65702625625 0.880541134375 0.65702625625 0.880541134375 0.7078125 0.8984375 0.7078125
19 0.9578125 0.690625 0.9578125 0.6740440296875 0.905845646875 0.6740440296875 0.905845646875 0.690625 0.9578125 0.690625
19 0.8296875 0.6564371999999999 0.808349140625 0.6564371999999999 0.808349140625 0.7107503000000001 0.8296875 0.7107503000000001 0.8296875 0.6564371999999999
19 0.9217477031250001 0.7078125 0.9217477031250001 0.65702625625 0.901779653125 0.65702625625 0.901779653125 0.7078125 0.9217477031250001 0.7078125
19 0.6124376 0.6953125 0.6124376 0.6791009375 0.5828848843750001 0.6791009375 0.5828848843750001 0.6953125 0.6124376 0.6953125
19 0.6513728046875 0.6719423921875001 0.6330021968749999 0.6719423921875001 0.6330021968749999 0.7014951078125 0.6513728046875 0.7014951078125 0.6513728046875 0.6719423921875001
19 0.5921875 0.67678464375 0.5636806109375 0.67678464375 0.5636806109375 0.6967526953125 0.5921875 0.6967526953125 0.5921875 0.67678464375
19 0.5515625 0.696875 0.5515625 0.67970746875 0.5201852031249999 0.67970746875 0.5201852031249999 0.696875 0.5515625 0.696875
19 0.5625 0.673522365625 0.5466828078125 0.673522365625 0.5466828078125 0.7014776359375 0.5625 0.7014776359375 0.5625 0.673522365625
19 0.6265625 0.6727236421875 0.60928514375 0.6727236421875 0.60928514375 0.70307508125 0.6265625 0.70307508125 0.6265625 0.6727236421875