19 0.0608990765625 0.19375 0.0608990765625 0.129303278125 0.0166367828125 0.129303278125 0.0166367828125 0.19375 0.0608990765625 0.19375
19 0.66875 0.359375 0.66875 0.2513319671875 0.6131275609375 0.2513319671875 0.6131275609375 0.359375 0.66875 0.359375
19 0.759375 0.334375 0.759375 0.28100666093750004 0.65043545 0.28100666093750004 0.65043545 0.334375 0.759375 0.334375
19 0.74375 0.3640625 0.8091700828124999 0.3640625 0.8091700828124999 0.290496925 0.74375 0.290496925 0.74375 0.3640625
19 0.89375 0.3609375 0.89375 0.298219775 0.8242699796874999 0.298219775 0.8242699796874999 0.3609375 0.89375 0.3609375
19 0.9703125 0.365625 0.9703125 0.2947233609375 0.91137295 0.2947233609375 0.91137295 0.365625 0.9703125 0.365625
19 0.284375 0.484375 0.284375 0.39167520312500004 0.196708503125 0.39167520312500004 0.196708503125 0.484375 0.284375 0.484375
19 0.1890625 0.484375 0.1890625 0.39167520312500004 0.103125 0.39167520312500004 0.103125 0.484375 0.1890625 0.484375
19 0.09375 0.4875 0.09375 0.40476434375 0.005289446875 0.40476434375 0.005289446875 0.4875 0.09375 0.4875
19 0.38125 0.49375 0.38125 0.39857838125 0.293276128125 0.39857838125 0.293276128125 0.49375 0.38125 0.49375
19 0.6828125 0.496875 0.6828125 0.4203125 0.6290343234375 0.4203125 0.6290343234375 0.496875 0.6828125 0.496875
19 0.6828125 0.4875 0.75625 0.4875 0.75625 0.4328125 0.6828125 0.4328125 0.6828125 0.4875
19 0.8234375 0.4875 0.8234375 0.43488729531250003 0.74610655625 0.43488729531250003 0.74610655625 0.4875 0.8234375 0.4875
19 0.871875 0.4984375 0.871875 0.4247950828125 0.8182248968750001 0.4247950828125 0.8182248968750001 0.4984375 0.871875 0.4984375
19 0.9386142421875 0.5015625 0.9386142421875 0.42613985625 0.8820568640625 0.42613985625 0.8820568640625 0.5015625 0.9386142421875 0.5015625
19 0.459375 0.4859375 0.459375 0.44227715156249997 0.40397028593749995 0.44227715156249997 0.40397028593749995 0.4859375 0.459375 0.4859375
19 0.5625 0.484375 0.5625 0.44595286874999995 0.5070184421875 0.44595286874999995 0.5070184421875 0.484375 0.5625 0.484375
19 0.6203125 0.4859375 0.6203125 0.44346823750000003 0.56320440625 0.44346823750000003 0.56320440625 0.4859375 0.6203125 0.4859375
19 0.509375 0.490625 0.509375 0.44227715156249997 0.45326588125 0.44227715156249997 0.45326588125 0.490625 0.509375 0.490625
19 0.9203125 0.7421875 0.9203125 0.7078125 0.8870645484375 0.7078125 0.8870645484375 0.7421875 0.9203125 0.7421875
19 0.8408171109374999 0.74217469375 0.8826203890625001 0.74217469375 0.8826203890625001 0.70938780625 0.8408171109374999 0.70938780625 0.8408171109374999 0.74217469375
19 0.865625 0.7828125 0.865625 0.7410220296875 0.8334400609375001 0.7410220296875 0.8334400609375001 0.7828125 0.865625 0.7828125
19 0.8754098359375 0.77811219375 0.9245901640625 0.77811219375 0.9245901640625 0.74532530625 0.8754098359375 0.74532530625 0.8754098359375 0.77811219375
19 0.921875 0.8737833 0.8569159828125 0.8737833 0.8569159828125 0.94345543125 0.921875 0.94345543125 0.921875 0.8737833
19 0.8493468249999999 0.9453125 0.8493468249999999 0.880020490625 0.7862320703125001 0.880020490625 0.7862320703125001 0.9453125 0.8493468249999999 0.9453125