19 0.065625 0.4625 0.1625 0.4625 0.1625 0.403515625 0.065625 0.403515625 0.065625 0.4625
19 0.24375 0.484375 0.24375 0.400390625 0.200390625 0.400390625 0.200390625 0.484375 0.24375 0.484375
19 0.1515625 0.3984375 0.1515625 0.48125 0.19375 0.48125 0.19375 0.3984375 0.1515625 0.3984375
19 0.230078125 0.421875 0.230078125 0.4609375 0.3125 0.4609375 0.3125 0.421875 0.230078125 0.421875
19 0.64375 0.416015625 0.5703125 0.416015625 0.5703125 0.4671875 0.64375 0.4671875 0.64375 0.416015625
19 0.5828125 0.46875 0.5828125 0.418359375 0.50859375 0.418359375 0.50859375 0.46875 0.5828125 0.46875
19 0.7203125 0.415625 0.7203125 0.4796875 0.784375 0.4796875 0.784375 0.415625 0.7203125 0.415625
19 0.6390625 0.4171875 0.6390625 0.48125 0.7125 0.48125 0.7125 0.4171875 0.6390625 0.4171875
19 0.1765625 0.5625 0.1765625 0.539453125 0.143359375 0.539453125 0.143359375 0.5625 0.1765625 0.5625
19 0.185546875 0.540625 0.185546875 0.5625 0.2203125 0.5625 0.2203125 0.540625 0.185546875 0.540625
19 0.227734375 0.540625 0.227734375 0.5625 0.2609375 0.5625 0.2609375 0.540625 0.227734375 0.540625
19 0.296875 0.533203125 0.2796875 0.533203125 0.2796875 0.56875 0.296875 0.56875 0.296875 0.533203125
19 0.4375 0.5609375 0.4375 0.596875 0.4953125 0.596875 0.4953125 0.5609375 0.4375 0.5609375
19 0.5328125 0.5953125 0.5328125 0.558203125 0.4796875 0.558203125 0.4796875 0.5953125 0.5328125 0.5953125
19 0.7578125 0.596875 0.7578125 0.5578125 0.706640625 0.5578125 0.706640625 0.596875 0.7578125 0.596875
19 0.803125 0.551953125 0.7625 0.551953125 0.7625 0.6046875 0.803125 0.6046875 0.803125 0.551953125
19 0.290625 0.6078125 0.290625 0.572265625 0.2640625 0.572265625 0.2640625 0.6078125 0.290625 0.6078125
19 0.1671875 0.60625 0.1671875 0.575390625 0.1390625 0.575390625 0.1390625 0.60625 0.1671875 0.60625
19 0.20625 0.6078125 0.20625 0.5734375 0.177734375 0.5734375 0.177734375 0.6078125 0.20625 0.6078125
19 0.2203125 0.575 0.2203125 0.6078125 0.253125 0.6078125 0.253125 0.575 0.2203125 0.575
19 0.724609375 0.6625 0.724609375 0.725 0.8046875 0.725 0.8046875 0.6625 0.724609375 0.6625
19 0.503125 0.8453125 0.503125 0.79609375 0.440234375 0.79609375 0.440234375 0.8453125 0.503125 0.8453125
19 0.5015625 0.79375 0.5015625 0.853125 0.5578125 0.853125 0.5578125 0.79375 0.5015625 0.79375
19 0.628125 0.8609375 0.628125 0.798828125 0.56875 0.798828125 0.56875 0.8609375 0.628125 0.8609375