19 0.36875 0.109375 0.36875 0.023046875 0.273828125 0.023046875 0.273828125 0.109375 0.36875 0.109375
19 0.7375 0.037890625 0.64765625 0.037890625 0.64765625 0.1015625 0.7375 0.1015625 0.7375 0.037890625
19 0.583203125 0.0265625 0.583203125 0.1140625 0.6484375 0.1140625 0.6484375 0.0265625 0.583203125 0.0265625
19 0.3796875 0.034375 0.3796875 0.1140625 0.46875 0.1140625 0.46875 0.034375 0.3796875 0.034375
19 0.5734375 0.1125 0.5734375 0.0390625 0.483203125 0.0390625 0.483203125 0.1125 0.5734375 0.1125
19 0.7921875 0.1 0.7921875 0.05390625 0.73203125 0.05390625 0.73203125 0.1 0.7921875 0.1
19 0.852734375 0.1015625 0.852734375 0.051171875 0.794140625 0.051171875 0.794140625 0.1015625 0.852734375 0.1015625
19 0.9203125 0.0640625 0.9203125 0.115625 0.95625 0.115625 0.95625 0.0640625 0.9203125 0.0640625
19 0.8578125 0.071875 0.8578125 0.109375 0.90625 0.109375 0.90625 0.071875 0.8578125 0.071875
19 0.30625 0.24375 0.30625 0.3046875 0.4109375 0.3046875 0.4109375 0.24375 0.30625 0.24375
19 0.484375 0.30625 0.484375 0.242578125 0.3796875 0.242578125 0.3796875 0.30625 0.484375 0.30625
19 0.5828125 0.3234375 0.5828125 0.239453125 0.533203125 0.239453125 0.533203125 0.3234375 0.5828125 0.3234375
19 0.4765625 0.2390625 0.4765625 0.328125 0.5234375 0.328125 0.5234375 0.2390625 0.4765625 0.2390625
19 0.734375 0.3140625 0.815625 0.3140625 0.815625 0.254296875 0.734375 0.254296875 0.734375 0.3140625
19 0.6921875 0.3125 0.6921875 0.273046875 0.634375 0.273046875 0.634375 0.3125 0.6921875 0.3125
19 0.740625 0.3125 0.740625 0.273046875 0.6828125 0.273046875 0.6828125 0.3125 0.740625 0.3125
19 0.590625 0.2625 0.590625 0.321875 0.6328125 0.321875 0.6328125 0.2625 0.590625 0.2625
19 0.8703125 0.31875 0.8703125 0.26640625 0.81328125 0.26640625 0.81328125 0.31875 0.8703125 0.31875
19 0.8765625 0.2625 0.8765625 0.321875 0.928125 0.321875 0.928125 0.2625 0.8765625 0.2625
19 0.5328125 0.372265625 0.442578125 0.372265625 0.442578125 0.462109375 0.5328125 0.462109375 0.5328125 0.372265625
19 0.540625 0.375 0.540625 0.4625 0.634375 0.4625 0.634375 0.375 0.540625 0.375
19 0.730078125 0.396875 0.730078125 0.4640625 0.815625 0.4640625 0.815625 0.396875 0.730078125 0.396875
19 0.715625 0.389453125 0.650390625 0.389453125 0.650390625 0.476171875 0.715625 0.476171875 0.715625 0.389453125