19 0.23801916875 0.3194888171875 0.2060702875 0.3194888171875 0.2060702875 0.385782746875 0.23801916875 0.385782746875 0.23801916875 0.3194888171875
19 0.2699680515625 0.32428115 0.2396166140625 0.32428115 0.2396166140625 0.385782746875 0.2699680515625 0.385782746875 0.2699680515625 0.32428115
19 0.33386581406250004 0.32907348281250004 0.30591054375 0.32907348281250004 0.30591054375 0.3865814703125 0.33386581406250004 0.3865814703125 0.33386581406250004 0.32907348281250004
19 0.3035143765625 0.32907348281250004 0.2739616609375 0.32907348281250004 0.2739616609375 0.385782746875 0.3035143765625 0.385782746875 0.3035143765625 0.32907348281250004
19 0.397763578125 0.32907348281250004 0.367412140625 0.32907348281250004 0.367412140625 0.3865814703125 0.397763578125 0.3865814703125 0.397763578125 0.32907348281250004
19 0.365814696875 0.32907348281250004 0.335463259375 0.32907348281250004 0.335463259375 0.3865814703125 0.365814696875 0.3865814703125 0.365814696875 0.32907348281250004
19 0.11980830625000001 0.5095846640625 0.0990415328125 0.5095846640625 0.0990415328125 0.5638977640625 0.11980830625000001 0.5638977640625 0.11980830625000001 0.5095846640625
19 0.14536741250000002 0.511182109375 0.1246006390625 0.511182109375 0.1246006390625 0.5654952078125 0.14536741250000002 0.5654952078125 0.14536741250000002 0.511182109375
19 0.2460063890625 0.5207667734375 0.23162939374999997 0.5207667734375 0.23162939374999997 0.5646964859375 0.2460063890625 0.5646964859375 0.2460063890625 0.5207667734375
19 0.22683706093749997 0.5207667734375 0.2124600640625 0.5207667734375 0.2124600640625 0.5638977640625 0.22683706093749997 0.5638977640625 0.22683706093749997 0.5207667734375
19 0.26198083125 0.5239616609375 0.247603834375 0.5239616609375 0.247603834375 0.5654952078125 0.26198083125 0.5654952078125 0.26198083125 0.5239616609375
19 0.20766773125000001 0.5239616609375 0.191693290625 0.5239616609375 0.191693290625 0.5646964859375 0.20766773125000001 0.5646964859375 0.20766773125000001 0.5239616609375
19 0.188498403125 0.5255591046875 0.1725239609375 0.5255591046875 0.1725239609375 0.5670926515625 0.188498403125 0.5670926515625 0.188498403125 0.5255591046875
19 0.1677316296875 0.5271565500000001 0.15015974375000002 0.5271565500000001 0.15015974375000002 0.5662939296875 0.1677316296875 0.5662939296875 0.1677316296875 0.5271565500000001
19 0.2028754 0.6134185296875 0.1821086265625 0.6134185296875 0.1821086265625 0.65015974375 0.2028754 0.65015974375 0.2028754 0.6134185296875
19 0.22683706093749997 0.61661341875 0.20447284375 0.61661341875 0.20447284375 0.6533546328125001 0.22683706093749997 0.6533546328125001 0.22683706093749997 0.61661341875
19 0.1805111828125 0.6182108625 0.1557507984375 0.6182108625 0.1557507984375 0.6549520765625 0.1805111828125 0.6549520765625 0.1805111828125 0.6182108625
19 0.21725239687500003 0.6869009578124999 0.1924920125 0.6869009578124999 0.1924920125 0.7396166140625 0.21725239687500003 0.7396166140625 0.21725239687500003 0.6869009578124999
19 0.276357828125 0.690095846875 0.249201278125 0.690095846875 0.249201278125 0.7420127796875 0.276357828125 0.7420127796875 0.276357828125 0.690095846875
19 0.2428115015625 0.690095846875 0.21725239687500003 0.690095846875 0.21725239687500003 0.7420127796875 0.2428115015625 0.7420127796875 0.2428115015625 0.690095846875
19 0.188498403125 0.691693290625 0.16373801875 0.691693290625 0.16373801875 0.7396166140625 0.188498403125 0.7396166140625 0.188498403125 0.691693290625
19 0.158146965625 0.6948881796874999 0.132587859375 0.6948881796874999 0.132587859375 0.7412140578125 0.158146965625 0.7412140578125 0.158146965625 0.6948881796874999
19 0.129392971875 0.6964856234375 0.102236421875 0.6964856234375 0.102236421875 0.7420127796875 0.129392971875 0.7420127796875 0.129392971875 0.6964856234375
19 0.2156549515625 0.8322683703125 0.1980830671875 0.8322683703125 0.1980830671875 0.8666134187500001 0.2156549515625 0.8666134187500001 0.2156549515625 0.8322683703125
19 0.2332268375 0.8322683703125 0.21725239687500003 0.8322683703125 0.21725239687500003 0.8666134187500001 0.2332268375 0.8666134187500001 0.2332268375 0.8322683703125
19 0.22843450468749998 0.8897763578125 0.2108626203125 0.8897763578125 0.2108626203125 0.9329073484375 0.22843450468749998 0.9329073484375 0.22843450468749998 0.8897763578125
19 0.20766773125000001 0.8913738015625 0.189297125 0.8913738015625 0.189297125 0.9329073484375 0.20766773125000001 0.9329073484375 0.20766773125000001 0.8913738015625
19 0.17092651718750002 0.9057507984375001 0.15734824218750001 0.9057507984375001 0.15734824218750001 0.9329073484375 0.17092651718750002 0.9329073484375 0.17092651718750002 0.9057507984375001
19 0.188498403125 0.9057507984375001 0.174920128125 0.9057507984375001 0.174920128125 0.9337060703125 0.188498403125 0.9337060703125 0.188498403125 0.9057507984375001
19 0.1389776359375 0.9057507984375001 0.1246006390625 0.9057507984375001 0.1246006390625 0.9337060703125 0.1389776359375 0.9337060703125 0.1389776359375 0.9057507984375001
19 0.1214057515625 0.9073482421874999 0.10702875468749999 0.9073482421874999 0.10702875468749999 0.9321086265625 0.1214057515625 0.9321086265625 0.1214057515625 0.9073482421874999
19 0.1549520765625 0.9073482421874999 0.14137380156249998 0.9073482421874999 0.14137380156249998 0.9345047921875 0.1549520765625 0.9345047921875 0.1549520765625 0.9073482421874999