19 0.034765625 0.159375 0.034765625 0.2890625 0.0984375 0.2890625 0.0984375 0.159375 0.034765625 0.159375
19 0.3625 0.2546875 0.3625 0.204296875 0.252734375 0.204296875 0.252734375 0.2546875 0.3625 0.2546875
19 0.2421875 0.25625 0.2421875 0.203515625 0.1359375 0.203515625 0.1359375 0.25625 0.2421875 0.25625
19 0.925 0.2515625 0.925 0.20859375 0.849609375 0.20859375 0.849609375 0.2515625 0.925 0.2515625
19 0.8546875 0.2703125 0.8546875 0.190234375 0.812109375 0.190234375 0.812109375 0.2703125 0.8546875 0.2703125
19 0.1953125 0.20625 0.1953125 0.259375 0.3046875 0.259375 0.3046875 0.20625 0.1953125 0.20625
19 0.106640625 0.18125 0.106640625 0.2859375 0.15625 0.2859375 0.15625 0.18125 0.106640625 0.18125
19 0.754296875 0.196875 0.754296875 0.2734375 0.7984375 0.2734375 0.7984375 0.196875 0.754296875 0.196875
19 0.440625 0.4015625 0.440625 0.4546875 0.5125 0.4546875 0.5125 0.4015625 0.440625 0.4015625
19 0.66875 0.387890625 0.6171875 0.387890625 0.6171875 0.4578125 0.66875 0.4578125 0.66875 0.387890625
19 0.5515625 0.3984375 0.5515625 0.45 0.625 0.45 0.625 0.3984375 0.5515625 0.3984375
19 0.50625 0.3890625 0.50625 0.4625 0.559375 0.4625 0.559375 0.3890625 0.50625 0.3890625
19 0.8140625 0.453125 0.8140625 0.409375 0.770703125 0.409375 0.770703125 0.453125 0.8140625 0.453125
19 0.715625 0.411328125 0.671484375 0.411328125 0.671484375 0.454296875 0.715625 0.454296875 0.715625 0.411328125
19 0.765625 0.40859375 0.725390625 0.40859375 0.725390625 0.453125 0.765625 0.453125 0.765625 0.40859375
19 0.3140625 0.5125 0.3140625 0.615625 0.390625 0.615625 0.390625 0.5125 0.3140625 0.5125
19 0.218359375 0.521875 0.218359375 0.60625 0.321875 0.60625 0.321875 0.521875 0.218359375 0.521875
19 0.4875 0.6046875 0.4875 0.526171875 0.387890625 0.526171875 0.387890625 0.6046875 0.4875 0.6046875
19 0.1421875 0.5234375 0.1421875 0.6171875 0.2296875 0.6171875 0.2296875 0.5234375 0.1421875 0.5234375
19 0.474609375 0.5453125 0.474609375 0.6046875 0.553125 0.6046875 0.553125 0.5453125 0.474609375 0.5453125
19 0.6203125 0.545703125 0.540625 0.545703125 0.540625 0.60625 0.6203125 0.60625 0.6203125 0.545703125
19 0.8 0.546875 0.8 0.6078125 0.8765625 0.6078125 0.8765625 0.546875 0.8 0.546875
19 0.7265625 0.6140625 0.7265625 0.540234375 0.662109375 0.540234375 0.662109375 0.6140625 0.7265625 0.6140625
19 0.8015625 0.6109375 0.8015625 0.547265625 0.73125 0.547265625 0.73125 0.6109375 0.8015625 0.6109375
19 0.6625 0.60625 0.6625 0.560546875 0.60546875 0.560546875 0.60546875 0.60625 0.6625 0.60625