19 0.9778521828125 0.190625 0.9778521828125 0.10992063437499999 0.9318204359375001 0.10992063437499999 0.9318204359375001 0.190625 0.9778521828125 0.190625
19 0.3015625 0.3546875 0.3015625 0.2500620046875 0.2316220234375 0.2500620046875 0.2316220234375 0.3546875 0.3015625 0.3546875
19 0.8703125 0.321875 0.8703125 0.28563988125 0.8381572421874999 0.28563988125 0.8381572421874999 0.321875 0.8703125 0.321875
19 0.375 0.3546875 0.375 0.2500620046875 0.3033978171875 0.2500620046875 0.3033978171875 0.3546875 0.375 0.3546875
19 0.9125 0.3203125 0.9125 0.2875 0.8735119046875001 0.2875 0.8735119046875001 0.3203125 0.9125 0.3203125
19 0.8359375 0.321875 0.8359375 0.2879960328125 0.8011036703125001 0.2879960328125 0.8011036703125001 0.321875 0.8359375 0.321875
19 0.4640625 0.3375 0.4640625 0.26964285781249997 0.36103670625 0.26964285781249997 0.36103670625 0.3375 0.4640625 0.3375
19 0.9515625 0.325 0.9515625 0.2842881953125 0.9173735125 0.2842881953125 0.9173735125 0.325 0.9515625 0.325
19 0.5055679578125 0.35625 0.5055679578125 0.27566964375 0.446044146875 0.27566964375 0.446044146875 0.35625 0.5055679578125 0.35625
19 0.575 0.3453125 0.575 0.28953373125000004 0.49274553593750003 0.28953373125000004 0.49274553593750003 0.3453125 0.575 0.3453125
19 0.6234375 0.359375 0.6234375 0.27769097343750004 0.563405259375 0.27769097343750004 0.563405259375 0.359375 0.6234375 0.359375
19 0.6856150796875 0.359375 0.6856150796875 0.277864584375 0.6268849203125 0.277864584375 0.6268849203125 0.359375 0.6856150796875 0.359375
19 0.8015625 0.3609375 0.8015625 0.280505953125 0.74601934375 0.280505953125 0.74601934375 0.3609375 0.8015625 0.3609375
19 0.7421875 0.3625 0.7421875 0.28296130937499997 0.687450396875 0.28296130937499997 0.687450396875 0.3625 0.7421875 0.3625
19 0.8453125 0.32668650781249997 0.8046875 0.32668650781249997 0.8046875 0.36081349218750003 0.8453125 0.36081349218750003 0.8453125 0.32668650781249997
19 0.884375 0.3640625 0.884375 0.326054065625 0.8488963296875 0.326054065625 0.8488963296875 0.3640625 0.884375 0.3640625
19 0.8890625 0.3625 0.9265625 0.3625 0.9265625 0.3302083328125 0.8890625 0.3302083328125 0.8890625 0.3625
19 0.9625 0.3640625 0.9625 0.32862103125000003 0.9301091265625001 0.32862103125000003 0.9301091265625001 0.3640625 0.9625 0.3640625
19 0.55625 0.4265625 0.55625 0.3922495046875 0.51769593125 0.3922495046875 0.51769593125 0.4265625 0.55625 0.4265625
19 0.6110491078125 0.39375 0.6110491078125 0.4296875 0.6467633937499999 0.4296875 0.6467633937499999 0.39375 0.6110491078125 0.39375
19 0.509375 0.390625 0.47244543749999995 0.390625 0.47244543749999995 0.4308283734375 0.509375 0.4308283734375 0.509375 0.390625
19 0.5984375 0.4296875 0.5984375 0.3925595234375 0.5625124015625 0.3925595234375 0.5625124015625 0.4296875 0.5984375 0.4296875
19 0.7390625 0.43125 0.7390625 0.39375 0.7016493046875001 0.39375 0.7016493046875001 0.43125 0.7390625 0.43125
19 0.88125 0.43125 0.88125 0.3934399796875 0.8418650796874999 0.3934399796875 0.8418650796874999 0.43125 0.88125 0.43125
19 0.69375 0.43125 0.69375 0.39384920625 0.656770834375 0.39384920625 0.656770834375 0.43125 0.69375 0.43125
19 0.790625 0.43125 0.790625 0.39131944375 0.7517733140625 0.39131944375 0.7517733140625 0.43125 0.790625 0.43125
19 0.8359375 0.43125 0.8359375 0.393117559375 0.795436509375 0.393117559375 0.795436509375 0.43125 0.8359375 0.43125
19 0.9265625 0.434375 0.9265625 0.3943204359375 0.8871279765625 0.3943204359375 0.8871279765625 0.434375 0.9265625 0.434375
19 0 0.45625 0.065625 0.45625 0.065625 0.42581845312500005 0 0.42581845312500005 0 0.45625
19 0.1421875 0.4609375 0.1421875 0.42785218281250004 0.0655505953125 0.42785218281250004 0.0655505953125 0.4609375 0.1421875 0.4609375
19 0.1046875 0.4625 0.1046875 0.42961309375 0.026649304687499997 0.4296130953125 0.026649304687499997 0.4625 0.1046875 0.4625
19 0.159375 0.484375 0.159375 0.4079861109375 0.12235863124999999 0.4079861109375 0.12235863124999999 0.484375 0.159375 0.484375
19 0.1671875 0.484375 0.1953125 0.484375 0.1953125 0.406411209375 0.1671875 0.406411209375 0.1671875 0.484375
19 0.2375 0.4875 0.2375 0.40796130937499997 0.2048115078125 0.40796130937499997 0.2048115078125 0.4875 0.2375 0.4875
19 0.2427083328125 0.4078125 0.2427083328125 0.4890625 0.2760416671875 0.4890625 0.2760416671875 0.4078125 0.2427083328125 0.4078125
19 0.334375 0.465625 0.334375 0.43101438437499995 0.2563368046875 0.43101438437499995 0.2563368046875 0.465625 0.334375 0.465625
19 0.4125 0.46875 0.4125 0.4313244046875 0.3333209328125 0.43132440625 0.3333209328125 0.46875 0.4125 0.46875
19 0.4484375 0.4625 0.4484375 0.43794642968749997 0.3698536703125 0.43794642968749997 0.3698536703125 0.4625 0.4484375 0.4625
19 0.3734375 0.4330853171875 0.29365079375 0.4330853171875 0.29365079375 0.46641865156250006 0.3734375 0.46641865156250006 0.3734375 0.4330853171875
19 0.484375 0.43485863125 0.40633680468750005 0.43485863125 0.40633680468750005 0.4666046640625 0.484375 0.4666046640625 0.484375 0.43485863125
19 0.5140625 0.4796875 0.5140625 0.444208828125 0.464471725 0.444208828125 0.464471725 0.4796875 0.5140625 0.4796875
19 0.5609375 0.44308035625000003 0.5097470234375 0.44308035625000003 0.5097470234375 0.4859375 0.5609375 0.4859375 0.5609375 0.44308035625000003
19 0.6 0.490625 0.6 0.440314978125 0.558420140625 0.440314978125 0.558420140625 0.490625 0.6 0.490625
19 0.6515625 0.4921875 0.6515625 0.43993055468750003 0.6060267859375 0.43993055468750003 0.6060267859375 0.4921875 0.6515625 0.4921875
19 0.7015625 0.4859375 0.7015625 0.4452008921875 0.6526289671875001 0.4452008921875 0.6526289671875001 0.4859375 0.7015625 0.4859375
19 0.746875 0.44098462187500004 0.7046875 0.44098462187500004 0.7046875 0.4949528765625 0.746875 0.4949528765625 0.746875 0.44098462187500004
19 0.7953125 0.442584325 0.7559275796875 0.442584325 0.7559275796875 0.491790675 0.7953125 0.491790675 0.7953125 0.442584325
19 0.8484375 0.4875 0.8484375 0.4480654765625 0.7951264874999999 0.4480654765625 0.7951264874999999 0.4875 0.8484375 0.4875
19 0.9359375 0.4425595234375 0.8985243046875 0.4425595234375 0.8985243046875 0.4949404765625 0.9359375 0.4949404765625 0.9359375 0.4425595234375
19 0.896875 0.4859375 0.896875 0.44873511875 0.84296875 0.44873511875 0.84296875 0.4859375 0.896875 0.4859375
19 0.0921875 0.6234375 0.1625 0.6234375 0.1625 0.5572792671875 0.0921875 0.5572792671875 0.0921875 0.6234375
19 0.23125 0.6296875 0.23125 0.557056053125 0.16626984218750002 0.557056053125 0.16626984218750002 0.6296875 0.23125 0.6296875
19 0.6171875 0.628125 0.6171875 0.5572420640625 0.5593005953125 0.5572420640625 0.5593005953125 0.628125 0.6171875 0.628125
19 0.553125 0.6296875 0.553125 0.5588045640625 0.48736359062499995 0.5588045640625 0.48736359062499995 0.6296875 0.553125 0.6296875
19 0.3044146828125 0.6265625 0.3044146828125 0.5623759921875 0.23933531718749998 0.5623759921875 0.23933531718749998 0.6265625 0.3044146828125 0.6265625
19 0.090625 0.6296875 0.090625 0.5586557546875001 0.02111855 0.5586557546875001 0.02111855 0.6296875 0.090625 0.6296875
19 0.3671875 0.5703125 0.3046875 0.5703125 0.3046875 0.62958829375 0.3671875 0.62958829375 0.3671875 0.5703125
19 0.6796875 0.6328125 0.6796875 0.56875 0.6210317453124999 0.56875 0.6210317453124999 0.6328125 0.6796875 0.6328125
19 0.425 0.63125 0.425 0.57178819375 0.369866071875 0.57178819375 0.369866071875 0.63125 0.425 0.63125
19 0.428125 0.63125 0.4828125 0.63125 0.4828125 0.5734375 0.428125 0.5734375 0.428125 0.63125
19 0.8 0.6359375 0.8 0.5734375 0.7412078359375001 0.5734375 0.7412078359375001 0.6359375 0.8 0.6359375
19 0.7359375 0.6359375 0.7359375 0.5734375 0.680704365625 0.5734375 0.680704365625 0.6359375 0.7359375 0.6359375
19 0.8609375 0.6359375 0.8609375 0.5717509921875 0.8034474203125 0.5717509921875 0.8034474203125 0.6359375 0.8609375 0.6359375
19 0.921875 0.6359375 0.921875 0.5734375 0.8629960328124999 0.5734375 0.8629960328124999 0.6359375 0.921875 0.6359375