19 0.35 0.8796875 0.35 0.84921875 0.31484375 0.84921875 0.31484375 0.8796875 0.35 0.8796875
19 0.247265625 0.8453125 0.247265625 0.8875 0.275 0.8875 0.275 0.8453125 0.247265625 0.8453125
19 0.3125 0.850390625 0.2796875 0.850390625 0.2796875 0.8828125 0.3125 0.8828125 0.3125 0.850390625
19 0.2546875 0.853515625 0.204296875 0.853515625 0.204296875 0.880859375 0.2546875 0.880859375 0.2546875 0.853515625
19 0.36875 0.896875 0.403125 0.896875 0.403125 0.8390625 0.36875 0.8390625 0.36875 0.896875
19 0.074609375 0.859375 0.074609375 0.88671875 0.1140625 0.88671875 0.1140625 0.859375 0.074609375 0.859375
19 0.1859375 0.8921875 0.1859375 0.857421875 0.1421875 0.857421875 0.1421875 0.8921875 0.1859375 0.8921875
19 0.1484375 0.85859375 0.108203125 0.85859375 0.108203125 0.89375 0.1484375 0.89375 0.1484375 0.85859375
19 0.14375 0.0765625 0.067578125 0.0765625 0.067578125 0.115625 0.14375 0.115625 0.14375 0.0765625
19 0.1671875 0.0578125 0.1671875 0.134375 0.2046875 0.134375 0.2046875 0.0578125 0.1671875 0.0578125
19 0.0859375 0.1328125 0.0859375 0.058203125 0.047265625 0.058203125 0.047265625 0.1328125 0.0859375 0.1328125
19 0.260546875 0.115625 0.260546875 0.077734375 0.186328125 0.077734375 0.186328125 0.115625 0.260546875 0.115625
19 0.1828125 0.1140625 0.1828125 0.07734375 0.11015625 0.07734375 0.11015625 0.1140625 0.1828125 0.1140625
19 0.298046875 0.115625 0.298046875 0.078515625 0.226953125 0.078515625 0.226953125 0.115625 0.298046875 0.115625
19 0.3359375 0.1171875 0.3359375 0.082421875 0.26796875 0.082421875 0.26796875 0.1171875 0.3359375 0.1171875
19 0.4140625 0.11875 0.4140625 0.081640625 0.3453125 0.081640625 0.3453125 0.11875 0.4140625 0.11875
19 0.4515625 0.11875 0.4515625 0.080078125 0.383984375 0.080078125 0.383984375 0.11875 0.4515625 0.11875
19 0.3578125 0.134375 0.3578125 0.0703125 0.320703125 0.0703125 0.320703125 0.134375 0.3578125 0.134375
19 0.2375 0.303515625 0.151171875 0.303515625 0.151171875 0.326171875 0.2375 0.326171875 0.2375 0.303515625
19 0.059375 0.271875 0.059375 0.359375 0.084375 0.359375 0.084375 0.271875 0.059375 0.271875
19 0.0578125 0.303125 0.0578125 0.328125 0.1453125 0.328125 0.1453125 0.303125 0.0578125 0.303125
19 0.1515625 0.271875 0.1515625 0.35625 0.1765625 0.35625 0.1765625 0.271875 0.1515625 0.271875
19 0.1203125 0.271875 0.1203125 0.359375 0.14375 0.359375 0.14375 0.271875 0.1203125 0.271875
19 0.318359375 0.303125 0.318359375 0.34140625 0.384375 0.34140625 0.384375 0.303125 0.318359375 0.303125
19 0.346875 0.3390625 0.346875 0.304296875 0.278125 0.304296875 0.278125 0.3390625 0.346875 0.3390625
19 0.215625 0.290625 0.215625 0.35625 0.25625 0.35625 0.25625 0.290625 0.215625 0.290625
19 0.243359375 0.309375 0.243359375 0.34375 0.303125 0.34375 0.303125 0.309375 0.243359375 0.309375
19 0.1078125 0.484375 0.1078125 0.5046875 0.18125 0.5046875 0.18125 0.484375 0.1078125 0.484375
19 0.059375 0.4578125 0.059375 0.53125 0.08125 0.53125 0.08125 0.4578125 0.059375 0.4578125
19 0.13125 0.5046875 0.13125 0.48359375 0.058984375 0.48359375 0.058984375 0.5046875 0.13125 0.5046875
19 0.109375 0.5296875 0.13125 0.5296875 0.13125 0.456640625 0.109375 0.456640625 0.109375 0.5296875
19 0.390625 0.48203125 0.323828125 0.48203125 0.323828125 0.509375 0.390625 0.509375 0.390625 0.48203125
19 0.2859375 0.4609375 0.2859375 0.5296875 0.3125 0.5296875 0.3125 0.4609375 0.2859375 0.4609375
19 0.303125 0.509375 0.303125 0.48125 0.234765625 0.48125 0.234765625 0.509375 0.303125 0.509375
19 0.371875 0.4625 0.371875 0.528125 0.3984375 0.528125 0.3984375 0.4625 0.371875 0.4625
19 0.315625 0.4640625 0.315625 0.528125 0.340625 0.528125 0.340625 0.4640625 0.315625 0.4640625
19 0.19375 0.4640625 0.19375 0.528125 0.2203125 0.528125 0.2203125 0.4640625 0.19375 0.4640625
19 0.2046875 0.509375 0.2046875 0.482421875 0.140234375 0.482421875 0.140234375 0.509375 0.2046875 0.509375
19 0.26953125 0.509375 0.26953125 0.483984375 0.203125 0.483984375 0.203125 0.509375 0.26953125 0.509375
19 0.353125 0.6796875 0.353125 0.658203125 0.305859375 0.658203125 0.305859375 0.6796875 0.353125 0.6796875
19 0.2671875 0.646875 0.2671875 0.6953125 0.290625 0.6953125 0.290625 0.646875 0.2671875 0.646875
19 0.29375 0.646875 0.29375 0.6953125 0.315625 0.6953125 0.315625 0.646875 0.29375 0.646875
19 0.244140625 0.646875 0.244140625 0.6953125 0.265625 0.6953125 0.265625 0.646875 0.244140625 0.646875
19 0.221875 0.6484375 0.221875 0.696875 0.24375 0.696875 0.24375 0.6484375 0.221875 0.6484375
19 0.15 0.6484375 0.15 0.7 0.1671875 0.7 0.1671875 0.6484375 0.15 0.6484375
19 0.2328125 0.662890625 0.184375 0.662890625 0.184375 0.6828125 0.2328125 0.6828125 0.2328125 0.662890625
19 0.1265625 0.6984375 0.14375 0.6984375 0.14375 0.648828125 0.1265625 0.648828125 0.1265625 0.6984375
19 0.138671875 0.68125 0.138671875 0.664453125 0.087890625 0.664453125 0.087890625 0.68125 0.138671875 0.68125
19 0.0640625 0.6484375 0.0640625 0.7 0.08125 0.7 0.08125 0.6484375 0.0640625 0.6484375
19 0.171875 0.6484375 0.171875 0.7015625 0.19375 0.7015625 0.19375 0.6484375 0.171875 0.6484375
19 0.1171875 0.6828125 0.1171875 0.663671875 0.067578125 0.663671875 0.067578125 0.6828125 0.1171875 0.6828125
19 0.41328125 0.6859375 0.41328125 0.669921875 0.384375 0.669921875 0.384375 0.6859375 0.41328125 0.6859375
19 0.3640625 0.6921875 0.3640625 0.664453125 0.347265625 0.664453125 0.347265625 0.6921875 0.3640625 0.6921875
19 0.428125 0.6921875 0.428125 0.663671875 0.409765625 0.663671875 0.409765625 0.6921875 0.428125 0.6921875
19 0.475 0.6875 0.475 0.67109375 0.44453125 0.67109375 0.44453125 0.6875 0.475 0.6875
19 0.45 0.665234375 0.4328125 0.665234375 0.4328125 0.6921875 0.45 0.6921875 0.45 0.665234375
19 0.39375 0.6703125 0.364453125 0.6703125 0.364453125 0.6875 0.39375 0.6875 0.39375 0.6703125