19 0.6828125 0.93125 0.7390625 0.93125 0.7390625 0.8972783906249999 0.6828125 0.8972783906249999 0.6828125 0.93125
19 0.6078125 0.9359375 0.6078125 0.896875 0.5606464453125 0.896875 0.5606464453125 0.9359375 0.6078125 0.9359375
19 0.6734272875 0.9328125 0.6734272875 0.8988408906249999 0.6203227124999999 0.8988408906249999 0.6203227124999999 0.9328125 0.6734272875 0.9328125
19 0 0.975 0.075 0.975 0.075 0.9 0 0.9 0 0.975
19 0.1609375 0.9765625 0.1609375 0.90244076875 0.0798866421875 0.90244076875 0.0798866421875 0.9765625 0.1609375 0.9765625
19 0.5171875 0.98125 0.5171875 0.8976511453124999 0.4388327203125 0.8976511453124999 0.4388327203125 0.98125 0.5171875 0.98125
19 0.25 0.9765625 0.25 0.9015625 0.17008782656250002 0.9015625 0.17008782656250002 0.9765625 0.25 0.9765625
19 0.33125 0.9796875 0.33125 0.9027471406249999 0.2591656453125 0.9027471406249999 0.2591656453125 0.9796875 0.33125 0.9796875
19 0.4203125 0.905014296875 0.3431883171875 0.905014296875 0.3431883171875 0.979360703125 0.4203125 0.979360703125 0.4203125 0.905014296875
19 0.571875 0.9859375 0.571875 0.9371119296874999 0.5341962828125 0.937111928125 0.5341962828125 0.9859375 0.571875 0.9859375
19 0.628125 0.98125 0.628125 0.94375 0.581775940625 0.94375 0.581775940625 0.98125 0.628125 0.98125
19 0.759375 0.98125 0.759375 0.944771240625 0.7026092734375 0.944771240625 0.7026092734375 0.98125 0.759375 0.98125
19 0.6854677296875 0.9890625 0.6854677296875 0.9373161765625 0.6462520421875 0.9373161765625 0.6462520421875 0.9890625 0.6854677296875 0.9890625
19 0.5453125 0.6625 0.4402471390625 0.6625 0.4402471390625 0.752573528125 0.5453125 0.752573528125 0.5453125 0.6625
19 0.64375 0.759375 0.64375 0.6606924015625 0.559012459375 0.6606924015625 0.559012459375 0.759375 0.64375 0.759375
19 0.7796875 0.7625 0.8890625 0.7625 0.8890625 0.6671875 0.7796875 0.6671875 0.7796875 0.7625
19 0.99375 0.664123775 0.903125 0.664123775 0.903125 0.76706495 0.99375 0.76706495 0.99375 0.664123775
19 0.7734375 0.7609375 0.7734375 0.6703125 0.6623774499999999 0.6703125 0.6623774499999999 0.7609375 0.7734375 0.7609375
19 0.44818219062500003 0.75625 0.44818219062500003 0.6799428109375001 0.370567809375 0.6799428109375001 0.370567809375 0.75625 0.44818219062500003 0.75625
19 0.29375 0.759375 0.365625 0.759375 0.365625 0.6796875 0.29375 0.6796875 0.29375 0.759375
19 0.2140625 0.75625 0.2828125 0.75625 0.2828125 0.6999029828125 0.2140625 0.6999029828125 0.2140625 0.75625
19 0.15 0.7609375 0.2078125 0.7609375 0.2078125 0.7013939953125 0.15 0.7013939953125 0.15 0.7609375
19 0.08125 0.7609375 0.08125 0.6990298203124999 0.01956699375 0.6990298203124999 0.01956699375 0.7609375 0.08125 0.7609375
19 0.14375 0.7609375 0.14375 0.7005667890625 0.086580884375 0.7005667890625 0.086580884375 0.7609375 0.14375 0.7609375