19 0.421875 0.59375 0.421875 0.6671875 0.5640625 0.6671875 0.5640625 0.59375 0.421875 0.59375
19 0.6078125 0.6984375 0.6078125 0.555859375 0.532421875 0.555859375 0.532421875 0.6984375 0.6078125 0.6984375
19 0.6140625 0.578125 0.6140625 0.7078125 0.6765625 0.7078125 0.6765625 0.578125 0.6140625 0.578125
19 0.1484375 0.589453125 0.075 0.589453125 0.075 0.7015625 0.1484375 0.7015625 0.1484375 0.589453125
19 0.4546875 0.0578125 0.4546875 0.0984375 0.6109375 0.0984375 0.6109375 0.0578125 0.4546875 0.0578125
19 0.564453125 0 0.564453125 0.1578125 0.60625 0.1578125 0.60625 0 0.564453125 0
19 0.1859375 0.865625 0.1859375 0.81796875 0.02421875 0.81796875 0.02421875 0.865625 0.1859375 0.865625
19 0.328125 0.8859375 0.328125 0.8359375 0.196484375 0.8359375 0.196484375 0.8859375 0.328125 0.8859375
19 0.2953125 0.8 0.2953125 0.9234375 0.3484375 0.9234375 0.3484375 0.8 0.2953125 0.8
19 0.3140625 0.8359375 0.3140625 0.8875 0.440625 0.8875 0.440625 0.8359375 0.3140625 0.8359375
19 0.259375 0.896875 0.259375 0.855859375 0.1625 0.855859375 0.1625 0.896875 0.259375 0.896875
19 0.2109375 0.855078125 0.116015625 0.855078125 0.116015625 0.899609375 0.2109375 0.899609375 0.2109375 0.855078125
19 0.4609375 0.876953125 0.402734375 0.876953125 0.402734375 0.912109375 0.4609375 0.912109375 0.4609375 0.876953125
19 0.454296875 0.865625 0.454296875 0.9265625 0.4921875 0.9265625 0.4921875 0.865625 0.454296875 0.865625
19 0.3484375 0.0390625 0.3484375 0.15625 0.3859375 0.15625 0.3859375 0.0390625 0.3484375 0.0390625
19 0.3828125 0.11875 0.3828125 0.08125 0.260546875 0.08125 0.260546875 0.11875 0.3828125 0.11875