19 0.0152542375 0.230508475 0.0957627125 0.230508475 0.0957627125 0.0050847453125 0.0152542375 0.0050847453125 0.0152542375 0.230508475
19 0.44067796562500006 0.2279661015625 0.52711864375 0.2279661015625 0.52711864375 0.0152542375 0.44067796562500006 0.0152542375 0.44067796562500006 0.2279661015625
19 0.09830508437499999 0.2347457625 0.19237288125000002 0.2347457625 0.19237288125000002 0.0101694921875 0.09830508437499999 0.0101694921875 0.09830508437499999 0.2347457625
19 0.344067796875 0.23220338906250002 0.43305084687499995 0.23220338906250002 0.43305084687499995 0.0237288140625 0.344067796875 0.0237288140625 0.344067796875 0.23220338906250002
19 0.2762711859375 0.23135593281250003 0.3457627125 0.23135593281250003 0.3457627125 0.0762711859375 0.2762711859375 0.0762711859375 0.2762711859375 0.23135593281250003
19 0.198305084375 0.2338983046875 0.2703389828125 0.2338983046875 0.2703389828125 0.0762711859375 0.198305084375 0.0762711859375 0.198305084375 0.2338983046875
19 0.528813559375 0.23220338906250002 0.594067796875 0.23220338906250002 0.594067796875 0.0796610171875 0.528813559375 0.0796610171875 0.528813559375 0.23220338906250002
19 0.6067796609375 0.224576271875 0.6593220343749999 0.224576271875 0.6593220343749999 0.144067796875 0.6067796609375 0.144067796875 0.6067796609375 0.224576271875
19 0.67288135625 0.23135593281250003 0.725423728125 0.23135593281250003 0.725423728125 0.14237288125 0.67288135625 0.14237288125 0.67288135625 0.23135593281250003
19 0.3542372875 0.5508474578125 0.46355932187500004 0.5508474578125 0.46355932187500004 0.386440678125 0.3542372875 0.386440678125 0.3542372875 0.5508474578125
19 0.4762711859375 0.55338983125 0.5822033890625 0.55338983125 0.5822033890625 0.39661016875 0.4762711859375 0.39661016875 0.4762711859375 0.55338983125
19 0.5915254234375 0.5593220343749999 0.68813559375 0.5593220343749999 0.68813559375 0.3949152546875 0.5915254234375 0.3949152546875 0.5915254234375 0.5593220343749999
19 0.2457627125 0.5567796609375 0.3474576265625 0.5567796609375 0.3474576265625 0.401694915625 0.2457627125 0.401694915625 0.2457627125 0.5567796609375
19 0.1338983046875 0.8872881359375 0.25254237343749997 0.8872881359375 0.25254237343749997 0.6796610171874999 0.1338983046875 0.6796610171874999 0.1338983046875 0.8872881359375
19 0.27288135625 0.8822033890625001 0.3720338984375 0.8822033890625001 0.3720338984375 0.7084745765625 0.27288135625 0.7084745765625 0.27288135625 0.8822033890625001