19 0.459375 0.81953125 0.418359375 0.81953125 0.418359375 0.8640625 0.459375 0.8640625 0.459375 0.81953125
19 0.4125 0.820703125 0.365625 0.820703125 0.365625 0.8625 0.4125 0.8625 0.4125 0.820703125
19 0.1734375 0.81875 0.1734375 0.8671875 0.215625 0.8671875 0.215625 0.81875 0.1734375 0.81875
19 0.2640625 0.865625 0.2640625 0.81953125 0.22265625 0.81953125 0.22265625 0.865625 0.2640625 0.865625
19 0.1640625 0.8640625 0.1640625 0.818359375 0.12265625 0.818359375 0.12265625 0.8640625 0.1640625 0.8640625
19 0.3125 0.8640625 0.3125 0.819140625 0.2703125 0.819140625 0.2703125 0.8640625 0.3125 0.8640625
19 0.4640625 0.821875 0.4640625 0.8625 0.5109375 0.8625 0.5109375 0.821875 0.4640625 0.821875
19 0.359375 0.81953125 0.319140625 0.81953125 0.319140625 0.8640625 0.359375 0.8640625 0.359375 0.81953125
19 0.5609375 0.8640625 0.5609375 0.818359375 0.51875 0.818359375 0.51875 0.8640625 0.5609375 0.8640625
19 0.6078125 0.8625 0.6078125 0.81640625 0.56640625 0.81640625 0.56640625 0.8625 0.6078125 0.8625
19 0.2171875 0.45 0.2171875 0.51875 0.2890625 0.51875 0.2890625 0.45 0.2171875 0.45
19 0.075 0.4484375 0.075 0.5203125 0.146875 0.5203125 0.146875 0.4484375 0.075 0.4484375
19 0.2859375 0.45 0.2859375 0.521875 0.3578125 0.521875 0.3578125 0.45 0.2859375 0.45
19 0.4265625 0.5203125 0.4265625 0.450390625 0.358203125 0.450390625 0.358203125 0.5203125 0.4265625 0.5203125
19 0.215625 0.51875 0.215625 0.450390625 0.147265625 0.450390625 0.147265625 0.51875 0.215625 0.51875
19 0.5 0.5203125 0.5 0.451171875 0.430078125 0.451171875 0.430078125 0.5203125 0.5 0.5203125
19 0.461328125 0.54375 0.461328125 0.6078125 0.525 0.6078125 0.525 0.54375 0.461328125 0.54375
19 0.3265625 0.5484375 0.3265625 0.609375 0.390625 0.609375 0.390625 0.5484375 0.3265625 0.5484375
19 0.39375 0.5484375 0.39375 0.609375 0.45625 0.609375 0.45625 0.5484375 0.39375 0.5484375
19 0.628125 0.559375 0.628125 0.60625 0.68125 0.60625 0.68125 0.559375 0.628125 0.559375
19 0.628125 0.6078125 0.628125 0.560546875 0.57890625 0.560546875 0.57890625 0.6078125 0.628125 0.6078125
19 0.578125 0.60625 0.578125 0.562109375 0.52890625 0.562109375 0.52890625 0.60625 0.578125 0.60625
19 0.2078125 0.5625 0.2078125 0.609375 0.265625 0.609375 0.265625 0.5625 0.2078125 0.5625
19 0.148046875 0.5609375 0.148046875 0.609375 0.2078125 0.609375 0.2078125 0.5609375 0.148046875 0.5609375
19 0.315625 0.6140625 0.315625 0.55859375 0.27109375 0.55859375 0.27109375 0.6140625 0.315625 0.6140625
19 0.1390625 0.615625 0.1390625 0.55859375 0.09296875 0.55859375 0.09296875 0.615625 0.1390625 0.615625
19 0.7171875 0.6078125 0.7171875 0.569921875 0.679296875 0.569921875 0.679296875 0.6078125 0.7171875 0.6078125
19 0.4828125 0.6515625 0.4828125 0.6875 0.534375 0.6875 0.534375 0.6515625 0.4828125 0.6515625
19 0.2859375 0.646875 0.2859375 0.6953125 0.3234375 0.6953125 0.3234375 0.646875 0.2859375 0.646875
19 0.4921875 0.6875 0.4921875 0.653125 0.441796875 0.653125 0.441796875 0.6875 0.4921875 0.6875
19 0.371875 0.653515625 0.321875 0.653515625 0.321875 0.690625 0.371875 0.690625 0.371875 0.653515625
19 0.41171875 0.6875 0.41171875 0.652734375 0.3609375 0.652734375 0.3609375 0.6875 0.41171875 0.6875
19 0.4546875 0.652734375 0.40390625 0.652734375 0.40390625 0.6875 0.4546875 0.6875 0.4546875 0.652734375
19 0.1421875 0.659375 0.1421875 0.696875 0.175 0.696875 0.175 0.659375 0.1421875 0.659375
19 0.175 0.6625 0.175 0.6953125 0.2109375 0.6953125 0.2109375 0.6625 0.175 0.6625
19 0.250390625 0.659375 0.250390625 0.696875 0.2828125 0.696875 0.2828125 0.659375 0.250390625 0.659375
19 0.246875 0.66171875 0.211328125 0.66171875 0.211328125 0.6953125 0.246875 0.6953125 0.246875 0.66171875
19 0.1046875 0.6640625 0.1046875 0.696875 0.140625 0.696875 0.140625 0.6640625 0.1046875 0.6640625