19 0.8670008546875 0.6875 0.8670008546875 0.6330044781249999 0.8209257687499999 0.6330044781249999 0.8209257687499999 0.6875 0.8670008546875 0.6875
19 0.9296875 0.6859375 0.9296875 0.6350655921875 0.8775917249999999 0.6350655921875 0.8775917249999999 0.6859375 0.9296875 0.6859375
19 0.0652997015625 0 0.0652997015625 0.0578125 0.1359375 0.0578125 0.1359375 0 0.0652997015625 0
19 0.221875 0.05625 0.2921875 0.05625 0.2921875 0.0003226328125 0.221875 0.00032263125 0.221875 0.05625
19 0.147786903125 0 0.147786903125 0.065625 0.20625 0.065625 0.20625 0 0.147786903125 0
19 0.3052127765625 0 0.3052127765625 0.0640625 0.365625 0.0640625 0.365625 0 0.3052127765625 0
19 0.5238934515625 0 0.5238934515625 0.0609375 0.5953125 0.0609375 0.5953125 0 0.5238934515625 0
19 0.68533223125 0 0.68533223125 0.065625 0.7453125 0.065625 0.7453125 0 0.68533223125 0
19 0.840625 0 0.840625 0.06875 0.903125 0.06875 0.903125 0 0.840625 0
19 0.44690433125 0 0.44690433125 0.0609375 0.52028316875 0.0609375 0.52028316875 0 0.44690433125 0
19 0.7626919796875 0 0.7626919796875 0.06875 0.825 0.06875 0.825 0 0.7626919796875 0
19 0.37169635156249997 0 0.37169635156249997 0.0625 0.44375 0.0625 0.44375 0 0.37169635156249997 0
19 0.60625 0.0578125 0.6734375 0.0578125 0.6734375 0.000250640625 0.60625 0.0002506390625 0.60625 0.0578125
19 0.9129826156249999 0 0.9129826156249999 0.0640625 0.9855082140625001 0.0640625 0.9855082140625001 0 0.9129826156249999 0
19 0.725 0.9203684937500001 0.65625 0.9203684937500001 0.65625 0.9843616671875 0.725 0.9843616671875 0.725 0.9203684937500001
19 0.7359375 0.9859375 0.8012851968750001 0.9859375 0.8012851968750001 0.9210537546875001 0.7359375 0.9210537546875001 0.7359375 0.9859375
19 0.8051487843749999 0.925 0.8051487843749999 0.9859375 0.8682887156250001 0.9859375 0.8682887156250001 0.925 0.8051487843749999 0.925
19 0.934375 0.9953125 0.934375 0.9328418296875001 0.8757519203124999 0.9328418296875001 0.8757519203124999 0.9953125 0.934375 0.9953125
19 0.9328125 0.371875 0.9328125 0.30143984687500003 0.8846976312500001 0.30143984687500003 0.8846976312500001 0.371875 0.9328125 0.371875
19 0.4203125 0.403125 0.503125 0.403125 0.503125 0.33947578906250003 0.4203125 0.33947578906250003 0.4203125 0.403125
19 0.565625 0.336177475 0.49655236875000003 0.336177475 0.49655236875000003 0.41382252499999994 0.565625 0.41382252499999994 0.565625 0.336177475
19 0.875 0.4109375 0.875 0.3414115828125 0.798352175 0.3414115828125 0.798352175 0.4109375 0.875 0.4109375
19 0.7953125 0.4140625 0.7953125 0.3419501921875 0.726602496875 0.3419501921875 0.726602496875 0.4140625 0.7953125 0.4140625
19 0.6390625 0.415625 0.6390625 0.34201151875 0.569872546875 0.34201151875 0.569872546875 0.415625 0.6390625 0.415625
19 0.7140625 0.4140625 0.7140625 0.3425821234375 0.6446165749999999 0.3425821234375 0.6446165749999999 0.4140625 0.7140625 0.4140625
19 0.946875 0.359625640625 0.8807140562500001 0.359625640625 0.8807140562500001 0.418499359375 0.946875 0.418499359375 0.946875 0.359625640625
19 0.19375 0.5265625 0.19375 0.459375 0.14677634374999998 0.459375 0.14677634374999998 0.5265625 0.19375 0.5265625
19 0.1421875 0.528125 0.1421875 0.458540421875 0.0958404453125 0.458540421875 0.0958404453125 0.528125 0.1421875 0.528125
19 0.2640625 0.5203125 0.2640625 0.46937660000000003 0.1958137796875 0.4693765984375 0.1958137796875 0.5203125 0.2640625 0.5203125
19 0.3015625 0.5203125 0.3015625 0.487089378125 0.2504212875 0.487089378125 0.2504212875 0.5203125 0.3015625 0.5203125
19 0.3375 0.53125 0.36875 0.53125 0.36875 0.48143398125000003 0.3375 0.48143398125000003 0.3375 0.53125
19 0.34375 0.521875 0.34375 0.48947045781250004 0.2915315703125 0.48947045625 0.2915315703125 0.521875 0.34375 0.521875
19 0.4180620734375 0.5328125 0.4180620734375 0.48136198906249994 0.3788129265625 0.48136198906249994 0.3788129265625 0.5328125 0.4180620734375 0.5328125
19 0.4671875 0.5265625 0.4671875 0.49118760625 0.4146651015625 0.49118760625 0.4146651015625 0.5265625 0.4671875 0.5265625
19 0.5109375 0.4910249578125 0.4594603234375 0.4910249578125 0.4594603234375 0.5277143765625001 0.5109375 0.5277143765625001 0.5109375 0.4910249578125
19 0.596875 0.534375 0.6359375 0.534375 0.6359375 0.4875 0.596875 0.4875 0.596875 0.534375
19 0.5546875 0.5296875 0.5546875 0.49377933125 0.504919475 0.49377933125 0.504919475 0.5296875 0.5546875 0.5296875
19 0.553125 0.5359375 0.5890625 0.5359375 0.5890625 0.48650277343750004 0.553125 0.48650277343750004 0.553125 0.5359375
19 0.6875 0.5296875 0.6875 0.49433927187500004 0.6389505125 0.49433927187500004 0.6389505125 0.5296875 0.6875 0.5296875
19 0.73125 0.5296875 0.73125 0.492056846875 0.6785276234375 0.492056846875 0.6785276234375 0.5296875 0.73125 0.5296875
19 0.725122653125 0.538939846875 0.7592523453125 0.538939846875 0.7592523453125 0.5048101546875 0.725122653125 0.5048101546875 0.725122653125 0.538939846875
19 0.7656756625 0.5436993390625 0.8015118375 0.5436993390625 0.8015118375 0.5078631625 0.7656756625 0.5078631625 0.7656756625 0.5436993390625
19 0.84375 0.506655290625 0.8089990406249999 0.506655290625 0.8089990406249999 0.543344709375 0.84375 0.543344709375 0.84375 0.506655290625
19 0.8796875 0.54375 0.8796875 0.5125 0.8476135875 0.5125 0.8476135875 0.54375 0.8796875 0.54375