19 0.9742765265625 0.2717041796875 0.893890675 0.2717041796875 0.893890675 0.370578778125 0.9742765265625 0.370578778125 0.9742765265625 0.2717041796875
19 0.8794212218749999 0.27652733125 0.79662379375 0.27652733125 0.79662379375 0.3713826359375 0.8794212218749999 0.3713826359375 0.8794212218749999 0.27652733125
19 0.78778135 0.297427653125 0.7274919609375 0.297427653125 0.7274919609375 0.3713826359375 0.78778135 0.3713826359375 0.78778135 0.297427653125
19 0.71221865 0.3006430875 0.649517684375 0.3006430875 0.649517684375 0.3762057875 0.71221865 0.3762057875 0.71221865 0.3006430875
19 0.32958199375 0.3006430875 0.23553054687500002 0.3006430875 0.23553054687500002 0.3810289390625 0.32958199375 0.3810289390625 0.32958199375 0.3006430875
19 0.421221865625 0.3054662375 0.3368167203125 0.3054662375 0.3368167203125 0.379421221875 0.421221865625 0.379421221875 0.421221865625 0.3054662375
19 0.520900321875 0.3038585203125 0.4284565921875 0.3038585203125 0.4284565921875 0.3754019296875 0.520900321875 0.3754019296875 0.520900321875 0.3038585203125
19 0.226688103125 0.3070739546875 0.131832796875 0.3070739546875 0.131832796875 0.3874598078125 0.226688103125 0.3874598078125 0.226688103125 0.3070739546875
19 0.6398713828125 0.3215434078125 0.587620578125 0.3215434078125 0.587620578125 0.3745980703125 0.6398713828125 0.3745980703125 0.6398713828125 0.3215434078125
19 0.1334405140625 0.323151125 0.05948553125 0.323151125 0.05948553125 0.3890675234375 0.1334405140625 0.3890675234375 0.1334405140625 0.323151125
19 0.578778134375 0.344051446875 0.5329582 0.344051446875 0.5329582 0.3762057875 0.578778134375 0.3762057875 0.578778134375 0.344051446875
19 0.9935691312499999 0.461414790625 0.9067524109375 0.461414790625 0.9067524109375 0.5458199359375 0.9935691312499999 0.5458199359375 0.9935691312499999 0.461414790625
19 0.8954983921874999 0.467845659375 0.8110932468750001 0.467845659375 0.8110932468750001 0.54421221875 0.8954983921874999 0.54421221875 0.8954983921874999 0.467845659375
19 0.8006430874999999 0.46623794218750003 0.7186495171875 0.46623794218750003 0.7186495171875 0.5450160765625001 0.8006430874999999 0.5450160765625001 0.8006430874999999 0.46623794218750003
19 0.702572346875 0.47106109375000005 0.618167203125 0.47106109375000005 0.618167203125 0.5490353703124999 0.702572346875 0.5490353703124999 0.702572346875 0.47106109375000005
19 0.614147909375 0.4774919609375 0.5200964625 0.4774919609375 0.5200964625 0.5490353703124999 0.614147909375 0.5490353703124999 0.614147909375 0.4774919609375
19 0.50643086875 0.4823151125 0.417202571875 0.4823151125 0.417202571875 0.5514469453124999 0.50643086875 0.5514469453124999 0.50643086875 0.4823151125
19 0.40675241093750003 0.4871382640625 0.323954984375 0.4871382640625 0.323954984375 0.5554662375 0.40675241093750003 0.5554662375 0.40675241093750003 0.4871382640625
19 0.29421221875 0.4951768484375 0.217845659375 0.4951768484375 0.217845659375 0.5554662375 0.29421221875 0.5554662375 0.29421221875 0.4951768484375
19 0.2009646296875 0.5016077171875 0.11897106093750001 0.5016077171875 0.11897106093750001 0.558681671875 0.2009646296875 0.558681671875 0.2009646296875 0.5016077171875