19 0.0359375 0.4171875 0.084375 0.4171875 0.084375 0.2125 0.0359375 0.2125 0.0359375 0.4171875
19 0.0875 0.4171875 0.1328125 0.4171875 0.1328125 0.2125 0.0875 0.2125 0.0875 0.4171875
19 0.1390625 0.4203125 0.18203125 0.4203125 0.18203125 0.2171875 0.1390625 0.2171875 0.1390625 0.4203125
19 0.409375 0.428125 0.4703125 0.428125 0.4703125 0.225 0.409375 0.225 0.409375 0.428125
19 0.4734375 0.43359375 0.52890625 0.43359375 0.52890625 0.253125 0.4734375 0.253125 0.4734375 0.43359375
19 0.5875 0.4328125 0.640625 0.4328125 0.640625 0.25625 0.5875 0.25625 0.5875 0.4328125
19 0.5328125 0.434375 0.58359375 0.434375 0.58359375 0.2578125 0.5328125 0.2578125 0.5328125 0.434375
19 0.1890625 0.42421875 0.2265625 0.42421875 0.2265625 0.2765625 0.1890625 0.2765625 0.1890625 0.42421875
19 0.6453125 0.440625 0.6828125 0.440625 0.6828125 0.3046875 0.6453125 0.3046875 0.6453125 0.440625
19 0.8046875 0.44453125 0.8609375 0.44453125 0.8609375 0.30625 0.8046875 0.30625 0.8046875 0.44453125
19 0.6828125 0.43671875 0.71796875 0.43671875 0.71796875 0.3515625 0.6828125 0.3515625 0.6828125 0.43671875
19 0.721875 0.43984375 0.7578125 0.43984375 0.7578125 0.353125 0.721875 0.353125 0.721875 0.43984375
19 0.7609375 0.44375 0.796875 0.44375 0.796875 0.3609375 0.7609375 0.3609375 0.7609375 0.44375
19 0.053125 0.6421875 0.1296875 0.6421875 0.1296875 0.4796875 0.053125 0.4796875 0.053125 0.6421875
19 0.1296875 0.6453125 0.20625 0.6453125 0.20625 0.4796875 0.1296875 0.4796875 0.1296875 0.6453125
19 0.2078125 0.6453125 0.28125 0.6453125 0.28125 0.484375 0.2078125 0.484375 0.2078125 0.6453125
19 0.284375 0.6484375 0.35390625 0.6484375 0.35390625 0.4875 0.284375 0.4875 0.284375 0.6484375
19 0.35625 0.6453125 0.425 0.6453125 0.425 0.4890625 0.35625 0.4890625 0.35625 0.6453125
19 0.4296875 0.653125 0.48046875 0.653125 0.48046875 0.4921875 0.4296875 0.4921875 0.4296875 0.653125
19 0.4828125 0.653125 0.53359375 0.653125 0.53359375 0.490625 0.4828125 0.490625 0.4828125 0.653125
19 0.6234375 0.65 0.6796875 0.65 0.6796875 0.525 0.6234375 0.525 0.6234375 0.65
19 0.690625 0.6484375 0.75078125 0.6484375 0.75078125 0.525 0.690625 0.525 0.690625 0.6484375
19 0.578125 0.65625 0.61640625 0.65625 0.61640625 0.5359375 0.578125 0.5359375 0.578125 0.65625
19 0.5375 0.65390625 0.575 0.65390625 0.575 0.5375 0.5375 0.5375 0.5375 0.65390625