19 0.26015625 0.0953125 0.2 0.0953125 0.2 0.17109375 0.26015625 0.17109375 0.26015625 0.0953125
19 0.3296875 0.1046875 0.26875 0.1046875 0.26875 0.171875 0.3296875 0.171875 0.3296875 0.1046875
19 0.5890625 0.10625 0.5328125 0.10625 0.5328125 0.175 0.5890625 0.175 0.5890625 0.10625
19 0.64765625 0.1125 0.59375 0.1125 0.59375 0.17109375 0.64765625 0.17109375 0.64765625 0.1125
19 0.37734375 0.1109375 0.334375 0.1109375 0.334375 0.175 0.37734375 0.175 0.37734375 0.1109375
19 0.4203125 0.1125 0.3796875 0.1125 0.3796875 0.1734375 0.4203125 0.1734375 0.4203125 0.1125
19 0.76171875 0.115625 0.7078125 0.115625 0.7078125 0.17421875 0.76171875 0.17421875 0.76171875 0.115625
19 0.815625 0.11875 0.7640625 0.11875 0.7640625 0.175 0.815625 0.175 0.815625 0.11875
19 0.703125 0.1203125 0.65 0.1203125 0.65 0.17578125 0.703125 0.17578125 0.703125 0.1203125
19 0.26171875 0.209375 0.234375 0.209375 0.234375 0.2734375 0.26171875 0.2734375 0.26171875 0.209375
19 0.2921875 0.209375 0.2609375 0.209375 0.2609375 0.2734375 0.2921875 0.2734375 0.2921875 0.209375
19 0.2046875 0.209375 0.178125 0.209375 0.178125 0.27578125 0.2046875 0.27578125 0.2046875 0.209375
19 0.3484375 0.2125 0.31875 0.2125 0.31875 0.2734375 0.3484375 0.2734375 0.3484375 0.2125
19 0.65703125 0.209375 0.6015625 0.209375 0.6015625 0.278125 0.65703125 0.278125 0.65703125 0.209375
19 0.59921875 0.209375 0.54375 0.209375 0.54375 0.278125 0.59921875 0.278125 0.59921875 0.209375
19 0.234375 0.2109375 0.2078125 0.2109375 0.2078125 0.27734375 0.234375 0.27734375 0.234375 0.2109375
19 0.31953125 0.2125 0.2921875 0.2125 0.2921875 0.27734375 0.31953125 0.27734375 0.31953125 0.2125
19 0.39140625 0.215625 0.3484375 0.215625 0.3484375 0.27421875 0.39140625 0.27421875 0.39140625 0.215625
19 0.43828125 0.2171875 0.39375 0.2171875 0.39375 0.27578125 0.43828125 0.27578125 0.43828125 0.2171875
19 0.75703125 0.2203125 0.70625 0.2203125 0.70625 0.2765625 0.75703125 0.2765625 0.75703125 0.2203125
19 0.7046875 0.2203125 0.6578125 0.2203125 0.6578125 0.2765625 0.7046875 0.2765625 0.7046875 0.2203125
19 0.8125 0.2203125 0.7609375 0.2203125 0.7609375 0.2765625 0.8125 0.2765625 0.8125 0.2203125
19 0.8703125 0.221875 0.81875 0.221875 0.81875 0.27734375 0.8703125 0.27734375 0.8703125 0.221875
19 0.47265625 0.2328125 0.4390625 0.2328125 0.4390625 0.27734375 0.47265625 0.27734375 0.47265625 0.2328125
19 0.53984375 0.234375 0.5046875 0.234375 0.5046875 0.275 0.53984375 0.275 0.53984375 0.234375
19 0.50625 0.234375 0.475 0.234375 0.475 0.2765625 0.50625 0.2765625 0.50625 0.234375
19 0.82421875 0.3125 0.7734375 0.3125 0.7734375 0.3578125 0.82421875 0.3578125 0.82421875 0.3125
19 0.70546875 0.3234375 0.678125 0.3234375 0.678125 0.3484375 0.70546875 0.3484375 0.70546875 0.3234375
19 0.6484375 0.325 0.621875 0.325 0.621875 0.35 0.6484375 0.35 0.6484375 0.325
19 0.675 0.325 0.65 0.325 0.65 0.35 0.675 0.35 0.675 0.325
19 0.21796875 0.3140625 0.1828125 0.3140625 0.1828125 0.3671875 0.21796875 0.3671875 0.21796875 0.3140625
19 0.2546875 0.3140625 0.21875 0.3140625 0.21875 0.36953125 0.2546875 0.36953125 0.2546875 0.3140625
19 0.39375 0.3203125 0.3515625 0.3203125 0.3515625 0.371875 0.39375 0.371875 0.39375 0.3203125
19 0.43828125 0.3203125 0.3953125 0.3203125 0.3953125 0.3734375 0.43828125 0.3734375 0.43828125 0.3203125
19 0.48125 0.3203125 0.4390625 0.3203125 0.4390625 0.37421875 0.48125 0.37421875 0.48125 0.3203125
19 0.52265625 0.3203125 0.4796875 0.3203125 0.4796875 0.37421875 0.52265625 0.37421875 0.52265625 0.3203125
19 0.284375 0.33125 0.253125 0.33125 0.253125 0.37109375 0.284375 0.37109375 0.284375 0.33125
19 0.346875 0.3328125 0.3140625 0.3328125 0.3140625 0.37265625 0.346875 0.37265625 0.346875 0.3328125
19 0.3171875 0.3328125 0.2859375 0.3328125 0.2859375 0.37109375 0.3171875 0.37109375 0.3171875 0.3328125
19 0.765625 0.33125 0.7171875 0.33125 0.7171875 0.3765625 0.765625 0.3765625 0.765625 0.33125
19 0.56015625 0.3359375 0.525 0.3359375 0.525 0.37421875 0.56015625 0.37421875 0.56015625 0.3359375
19 0.6234375 0.334375 0.5921875 0.334375 0.5921875 0.375 0.6234375 0.375 0.6234375 0.334375
19 0.8765625 0.3328125 0.8234375 0.3328125 0.8234375 0.37734375 0.8765625 0.37734375 0.8765625 0.3328125
19 0.5921875 0.3359375 0.559375 0.3359375 0.559375 0.3765625 0.5921875 0.3765625 0.5921875 0.3359375
19 0.6546875 0.35 0.628125 0.35 0.628125 0.375 0.6546875 0.375 0.6546875 0.35
19 0.6828125 0.3515625 0.65625 0.3515625 0.65625 0.37578125 0.6828125 0.37578125 0.6828125 0.3515625
19 0.71328125 0.3515625 0.6859375 0.3515625 0.6859375 0.37578125 0.71328125 0.37578125 0.71328125 0.3515625