19 0.5078125 0.2859375 0.5078125 0.2031352140625 0.45073018906250006 0.2031352140625 0.45073018906250006 0.2859375 0.5078125 0.2859375
19 0.196875 0.29375 0.2546875 0.29375 0.2546875 0.21498672187499998 0.196875 0.21498672187499998 0.196875 0.29375
19 0.1796875 0.226838234375 0.098177084375 0.226838234375 0.098177084375 0.285661765625 0.1796875 0.285661765625 0.1796875 0.226838234375
19 0.6125 0.353125 0.6125 0.27488255625 0.5135518796875 0.27488255625 0.5135518796875 0.353125 0.6125 0.353125
19 0.43125 0.359375 0.5165900734375 0.359375 0.5165900734375 0.2744638484375 0.43125 0.2744638484375 0.43125 0.359375
19 0.58125 0.3359375 0.675 0.3359375 0.675 0.300883375 0.58125 0.300883375 0.58125 0.3359375
19 0.3484375 0.3546875 0.3484375 0.2829656859375 0.27744076875 0.2829656859375 0.27744076875 0.3546875 0.3484375 0.3546875
19 0.159375 0.3578125 0.159375 0.2798560046875 0.0912173203125 0.2798560046875 0.0912173203125 0.3578125 0.159375 0.3578125
19 0.2515625 0.280024509375 0.18353758125 0.280024509375 0.18353758125 0.3576388875 0.2515625 0.3576388875 0.2515625 0.280024509375
19 0.7140625 0.3390625 0.7140625 0.3002502046875 0.6241319453124999 0.3002502046875 0.6241319453124999 0.3390625 0.7140625 0.3390625
19 0.759375 0.3375 0.759375 0.30179738437500003 0.66630923125 0.30179738437500003 0.66630923125 0.3375 0.759375 0.3375
19 0.3515625 0.3546875 0.41875 0.3546875 0.41875 0.2842626625 0.3515625 0.2842626625 0.3515625 0.3546875
19 0.7734375 0.365625 0.7734375 0.2733353765625 0.73586090625 0.2733353765625 0.73586090625 0.365625 0.7734375 0.365625
19 0.84375 0.3390625 0.84375 0.303125 0.750428921875 0.303125 0.750428921875 0.3390625 0.84375 0.3390625
19 0.85625 0.3703125 0.85625 0.278125 0.820251225 0.278125 0.820251225 0.3703125 0.85625 0.3703125
19 0.928125 0.3046875 0.8359375 0.3046875 0.8359375 0.34363255625 0.928125 0.34363255625 0.928125 0.3046875
19 0.94375 0.3703125 0.94375 0.278125 0.9075163390625001 0.278125 0.9075163390625001 0.3703125 0.94375 0.3703125
19 0.434375 0.453125 0.434375 0.4171875 0.3740757765625 0.4171875 0.3740757765625 0.453125 0.434375 0.453125
19 0.384375 0.4578125 0.384375 0.421875 0.3380923203125 0.421875 0.3380923203125 0.4578125 0.384375 0.4578125
19 0.6140625 0.5140625 0.6140625 0.45867034218749997 0.5124285140625 0.45867034218749997 0.5124285140625 0.5140625 0.6140625 0.5140625
19 0.1328125 0.5171875 0.1328125 0.4574193203125 0.049673203124999996 0.4574193203125 0.049673203124999996 0.5171875 0.1328125 0.5171875
19 0.6 0.5375 0.6546875 0.5375 0.6546875 0.436111109375 0.6 0.436111109375 0.6 0.5375
19 0.1875 0.528125 0.1875 0.44502655156250004 0.130284928125 0.44502655156250004 0.130284928125 0.528125 0.1875 0.528125
19 0.2571997546875 0.5296875 0.2571997546875 0.44817708281249996 0.1959252453125 0.44817708281249996 0.1959252453125 0.5296875 0.2571997546875 0.5296875
19 0.715625 0.5390625 0.715625 0.43800040781250005 0.6640727109375 0.43800040781250005 0.6640727109375 0.5390625 0.715625 0.5390625
19 0.33125 0.5296875 0.33125 0.44977532656249997 0.27170649375 0.44977532656249997 0.27170649375 0.5296875 0.33125 0.5296875
19 0.8078125 0.4609375 0.7041921984374999 0.4609375 0.7041921984374999 0.5185406453125 0.8078125 0.5185406453125 0.8078125 0.4609375
19 0.5232485703124999 0.534375 0.5232485703124999 0.44966809531249996 0.47831392968750003 0.44966809531249996 0.47831392968750003 0.534375 0.5232485703124999 0.534375
19 0.8765625 0.51875 0.8765625 0.46421568593750007 0.7724520015625 0.46421568593750007 0.7724520015625 0.51875 0.8765625 0.51875
19 0.9375 0.5203125 0.9375 0.4684538390625 0.8343086187500001 0.4684538390625 0.8343086187500001 0.5203125 0.9375 0.5203125
19 0.328125 0.51875 0.38885314531250004 0.51875 0.38885314531250004 0.48171977187500004 0.328125 0.48171977187500004 0.328125 0.51875
19 0.4296875 0.5203125 0.4296875 0.48452307968749997 0.37061376562500004 0.48452307968749997 0.37061376562500004 0.5203125 0.4296875 0.5203125