19 0.3359375 0.1328125 0.3359375 0.06640625 0.23671875 0.06640625 0.23671875 0.1328125 0.3359375 0.1328125
19 0.40625 0.07109375 0.312109375 0.07109375 0.312109375 0.1375 0.40625 0.1375 0.40625 0.07109375
19 0.216796875 0.53125 0.216796875 0.603125 0.2859375 0.603125 0.2859375 0.53125 0.216796875 0.53125
19 0.215625 0.6 0.215625 0.54921875 0.16015625 0.54921875 0.16015625 0.6 0.215625 0.6
19 0.1578125 0.562109375 0.1109375 0.562109375 0.1109375 0.6015625 0.1578125 0.6015625 0.1578125 0.562109375
19 0.0625 0.5640625 0.0625 0.6015625 0.10625 0.6015625 0.10625 0.5640625 0.0625 0.5640625
19 0.680859375 0.5671875 0.680859375 0.61171875 0.728125 0.61171875 0.728125 0.5671875 0.680859375 0.5671875
19 0.734375 0.55625 0.734375 0.615625 0.7984375 0.615625 0.7984375 0.55625 0.734375 0.55625
19 0.6765625 0.6125 0.6765625 0.5640625 0.628515625 0.5640625 0.628515625 0.6125 0.6765625 0.6125
19 0.543359375 0.7046875 0.543359375 0.633984375 0.483203125 0.633984375 0.483203125 0.7046875 0.543359375 0.7046875
19 0.6328125 0.7 0.6328125 0.640625 0.558203125 0.640625 0.558203125 0.7 0.6328125 0.7
19 0.0140625 0.040625 0.0140625 0.1046875 0.121875 0.1046875 0.121875 0.040625 0.0140625 0.040625
19 0.21875 0.715625 0.21875 0.63671875 0.151171875 0.63671875 0.151171875 0.715625 0.21875 0.715625
19 0.0578125 0.6453125 0.0578125 0.709375 0.140625 0.709375 0.140625 0.6453125 0.0578125 0.6453125