19 0.7734375 0.8234375 0.7734375 0.7744959671875 0.695186490625 0.7744959671875 0.695186490625 0.8234375 0.7734375 0.8234375
19 0.828125 0.8265625 0.828125 0.7726562484375 0.750403225 0.7726562484375 0.750403225 0.8265625 0.828125 0.8265625
19 0.8068296374999999 0.775 0.8068296374999999 0.8265625 0.8826360875000001 0.8265625 0.8826360875000001 0.775 0.8068296374999999 0.775
19 0.70625 0.8359375 0.70625 0.777973790625 0.66376008125 0.777973790625 0.66376008125 0.8359375 0.70625 0.8359375
19 0.578125 0.83125 0.578125 0.7859375 0.5192540328125 0.7859375 0.5192540328125 0.83125 0.578125 0.83125
19 0.6203125 0.8359375 0.659375 0.8359375 0.659375 0.7785030234375 0.6203125 0.7785030234375 0.6203125 0.8359375
19 0.571875 0.8359375 0.615625 0.8359375 0.615625 0.7795614921875 0.571875 0.7795614921875 0.571875 0.8359375
19 0.5234375 0.8390625 0.5234375 0.7805947578125 0.4802923375 0.7805947578125 0.4802923375 0.8390625 0.5234375 0.8390625
19 0.4765625 0.8375 0.4765625 0.7791330640624999 0.43329133124999997 0.7791330640624999 0.43329133124999997 0.8375 0.4765625 0.8375
19 0.428125 0.8390625 0.428125 0.793296371875 0.3943296375 0.793296371875 0.3943296375 0.8390625 0.428125 0.8390625
19 0.2828125 0.8390625 0.2828125 0.7953125 0.242313509375 0.7953125 0.242313509375 0.8390625 0.2828125 0.8390625
19 0.3234375 0.8375 0.3234375 0.7975806453125001 0.2768145171875 0.7975806453125001 0.2768145171875 0.8375 0.3234375 0.8375
19 0.3984375 0.8359375 0.3984375 0.8015877015624999 0.3510332671875 0.8015877015624999 0.3510332671875 0.8359375 0.3984375 0.8359375
19 0.320564515625 0.7953125 0.320564515625 0.840625 0.3544354828125 0.840625 0.3544354828125 0.7953125 0.320564515625 0.7953125
19 0.165625 0.8390625 0.165625 0.8013860890625001 0.1203125 0.8013860890625001 0.1203125 0.8390625 0.165625 0.8390625
19 0.2390625 0.8421875 0.2390625 0.796622984375 0.203553428125 0.796622984375 0.203553428125 0.8421875 0.2390625 0.8421875
19 0.20625 0.840625 0.20625 0.8021421375 0.1603830640625 0.8021421375 0.1603830640625 0.840625 0.20625 0.840625
19 0.3890625 0.3859375 0.3890625 0.2937499984375 0.27167338750000003 0.2937499984375 0.27167338750000003 0.3859375 0.3890625 0.3859375
19 0.275 0.3921875 0.275 0.325730846875 0.21479334843750003 0.325730846875 0.21479334843750003 0.3921875 0.275 0.3921875
19 0.209375 0.39375 0.209375 0.341229840625 0.158644153125 0.341229840625 0.158644153125 0.39375 0.209375 0.39375
19 0.09561492031249999 0.34375 0.09561492031249999 0.3953125 0.15126008124999998 0.3953125 0.15126008124999998 0.34375 0.09561492031249999 0.34375
19 0.609375 0.4875 0.609375 0.44417842656250006 0.5297127015624999 0.44417842656250006 0.5297127015624999 0.4875 0.609375 0.4875
19 0.4421875 0.4875 0.4421875 0.451713709375 0.3744455640625 0.451713709375 0.3744455640625 0.4875 0.4421875 0.4875
19 0.3375 0.4875 0.40589717812500004 0.4875 0.40589717812500004 0.4520917328125 0.3375 0.4520917328125 0.3375 0.4875
19 0.4296875 0.5015625 0.46875 0.5015625 0.46875 0.43606350781250003 0.4296875 0.43606350781250003 0.4296875 0.5015625
19 0.521875 0.4875 0.521875 0.4520413296875 0.4537802421875 0.4520413296875 0.4537802421875 0.4875 0.521875 0.4875
19 0.3190272171875 0.4546875 0.3190272171875 0.5046875 0.35128528124999997 0.5046875 0.35128528124999997 0.4546875 0.3190272171875 0.4546875
19 0.315625 0.503125 0.315625 0.45660282187499995 0.28671875 0.45660282187499995 0.28671875 0.503125 0.315625 0.503125
19 0.5359375 0.5546875 0.4740423390625 0.5546875 0.4740423390625 0.6042338703125 0.5359375 0.6042338703125 0.5359375 0.5546875
19 0.4359375 0.6109375 0.4359375 0.54853830625 0.386693546875 0.54853830625 0.386693546875 0.6109375 0.4359375 0.6109375
19 0.396875 0.55675403125 0.334425403125 0.55675403125 0.334425403125 0.6027217734375 0.396875 0.6027217734375 0.396875 0.55675403125
19 0.5265625 0.6125 0.5734375 0.6125 0.5734375 0.548563509375 0.5265625 0.548563509375 0.5265625 0.6125
19 0.61875 0.55 0.61875 0.6125 0.66875 0.6125 0.66875 0.55 0.61875 0.55
19 0.715625 0.609375 0.715625 0.5497731859375 0.666633065625 0.5497731859375 0.666633065625 0.609375 0.715625 0.609375
19 0.6296875 0.6046875 0.6296875 0.5565272171875 0.56552419375 0.5565272171875 0.56552419375 0.6046875 0.6296875 0.6046875
19 0.48125 0.6125 0.48125 0.548563509375 0.4361895140625 0.548563509375 0.4361895140625 0.6125 0.48125 0.6125
19 0.7157258078125001 0.55 0.7157258078125001 0.6125 0.7592741937499999 0.6125 0.7592741937499999 0.55 0.7157258078125001 0.55
19 0.2640625 0.5656502015625 0.2275201609375 0.5656502015625 0.2275201609375 0.6140372984375 0.2640625 0.6140372984375 0.2640625 0.5656502015625
19 0.3015625 0.565675403125 0.26701108906250004 0.565675403125 0.26701108906250004 0.612449596875 0.3015625 0.612449596875 0.3015625 0.565675403125
19 0.3390625 0.6140625 0.3390625 0.5666078640625 0.303125 0.5666078640625 0.303125 0.6140625 0.3390625 0.6140625
19 0.225 0.609375 0.225 0.580519153125 0.191431453125 0.580519153125 0.191431453125 0.609375 0.225 0.609375
19 0.1875 0.609375 0.1875 0.5806199578125 0.1585937515625 0.5806199578125 0.1585937515625 0.609375 0.1875 0.609375
19 0.1234375 0.609375 0.159375 0.609375 0.159375 0.582762096875 0.1234375 0.582762096875 0.1234375 0.609375
19 0.41859879062500005 0.7265625 0.41859879062500005 0.66875 0.3444052421875 0.66875 0.3444052421875 0.7265625 0.41859879062500005 0.7265625
19 0.3578125 0.728125 0.3578125 0.668321571875 0.280997984375 0.668321571875 0.280997984375 0.728125 0.3578125 0.728125
19 0.2765625 0.7359375 0.2765625 0.68233366875 0.21781754062499997 0.68233366875 0.21781754062499997 0.7359375 0.2765625 0.7359375