19 0.725 0.415625 0.725 0.38125 0.669140625 0.38125 0.669140625 0.415625 0.725 0.415625
19 0.675 0.425 0.675 0.370703125 0.641015625 0.370703125 0.641015625 0.425 0.675 0.425
19 0.6078125 0.4140625 0.6078125 0.38125 0.553515625 0.38125 0.553515625 0.4140625 0.6078125 0.4140625
19 0.559375 0.372265625 0.5265625 0.372265625 0.5265625 0.425 0.559375 0.425 0.559375 0.372265625
19 0.5234375 0.373046875 0.4921875 0.373046875 0.4921875 0.4234375 0.5234375 0.4234375 0.5234375 0.373046875
19 0.6453125 0.415625 0.6453125 0.381640625 0.592578125 0.381640625 0.592578125 0.415625 0.6453125 0.415625
19 0.708984375 0.38125 0.708984375 0.41640625 0.759375 0.41640625 0.759375 0.38125 0.708984375 0.38125
19 0.6328125 0.5359375 0.6328125 0.5625 0.696875 0.5625 0.696875 0.5359375 0.6328125 0.5359375
19 0.66875 0.536328125 0.609375 0.536328125 0.609375 0.5609375 0.66875 0.5609375 0.66875 0.536328125
19 0.834375 0.5609375 0.834375 0.53515625 0.77265625 0.53515625 0.77265625 0.5609375 0.834375 0.5609375
19 0.6625 0.534375 0.6625 0.5609375 0.7234375 0.5609375 0.7234375 0.534375 0.6625 0.534375
19 0.778125 0.559375 0.778125 0.53515625 0.71796875 0.53515625 0.71796875 0.559375 0.778125 0.559375
19 0.80625 0.5609375 0.80625 0.53515625 0.74453125 0.53515625 0.74453125 0.5609375 0.80625 0.5609375
19 0.7078125 0.5171875 0.7078125 0.578125 0.7328125 0.578125 0.7328125 0.5171875 0.7078125 0.5171875
19 0.7203125 0.672265625 0.61953125 0.672265625 0.61953125 0.71875 0.7203125 0.71875 0.7203125 0.672265625
19 0.76875 0.7203125 0.76875 0.67421875 0.66484375 0.67421875 0.66484375 0.7203125 0.76875 0.7203125
19 0.7921875 0.645703125 0.74375 0.645703125 0.74375 0.7515625 0.7921875 0.7515625 0.7921875 0.645703125
19 0.86875 0.725 0.86875 0.67734375 0.76953125 0.67734375 0.76953125 0.725 0.86875 0.725
19 0.846875 0.653125 0.846875 0.753125 0.8953125 0.753125 0.8953125 0.653125 0.846875 0.653125
19 0.4953125 0.8375 0.4953125 0.946875 0.540625 0.946875 0.540625 0.8375 0.4953125 0.8375
19 0.4484375 0.8359375 0.4484375 0.946875 0.4953125 0.946875 0.4953125 0.8359375 0.4484375 0.8359375
19 0.5421875 0.8328125 0.5421875 0.94375 0.5875 0.94375 0.5875 0.8328125 0.5421875 0.8328125
19 0.665625 0.9140625 0.665625 0.871484375 0.560546875 0.871484375 0.560546875 0.9140625 0.665625 0.9140625
19 0.6078125 0.86875 0.6078125 0.9171875 0.71875 0.9171875 0.71875 0.86875 0.6078125 0.86875