19 0.6549520765625 0.9049520765624999 0.7420127796875 0.9049520765624999 0.7420127796875 0.8115015968750001 0.6549520765625 0.8115015968750001 0.6549520765625 0.9049520765624999
19 0.7507987218750001 0.9073482421874999 0.8482428109375 0.9073482421874999 0.8482428109375 0.8130990421875 0.7507987218750001 0.8130990421875 0.7507987218750001 0.9073482421874999
19 0.8594249203125001 0.9057507984375001 0.953674121875 0.9057507984375001 0.953674121875 0.8115015968750001 0.8594249203125001 0.8115015968750001 0.8594249203125001 0.9057507984375001
19 0.5575079875 0.9025559109374999 0.644568690625 0.9025559109374999 0.644568690625 0.8130990421875 0.5575079875 0.8130990421875 0.5575079875 0.9025559109374999
19 0.073482428125 0.897763578125 0.14856229999999998 0.897763578125 0.14856229999999998 0.8290734828125 0.073482428125 0.8290734828125 0.073482428125 0.897763578125
19 0.15015974375000002 0.90015974375 0.22284345 0.90015974375 0.22284345 0.8290734828125 0.15015974375000002 0.8290734828125 0.15015974375000002 0.90015974375
19 0.223642171875 0.9025559109374999 0.30591054375 0.9025559109374999 0.30591054375 0.8290734828125 0.223642171875 0.8290734828125 0.223642171875 0.9025559109374999
19 0.309904153125 0.9025559109374999 0.3738019171875 0.9025559109374999 0.3738019171875 0.8322683703125 0.309904153125 0.8322683703125 0.309904153125 0.9025559109374999
19 0.384984025 0.9033546328125001 0.46086262031249997 0.9033546328125001 0.46086262031249997 0.8322683703125 0.384984025 0.8322683703125 0.384984025 0.9033546328125001
19 0.47284344999999994 0.9033546328125001 0.5439297125 0.9033546328125001 0.5439297125 0.8306709265625001 0.47284344999999994 0.8306709265625001 0.47284344999999994 0.9033546328125001
19 0.3594249203125 0.6517571890625 0.40015974375 0.6517571890625 0.40015974375 0.6214057515625 0.3594249203125 0.6214057515625 0.3594249203125 0.6517571890625
19 0.41054313125 0.6533546328125001 0.4496805109375 0.6533546328125001 0.4496805109375 0.61980830625 0.41054313125 0.61980830625 0.41054313125 0.6533546328125001
19 0.8897763578125 0.6805111828125 0.967252396875 0.6805111828125 0.967252396875 0.5942492015624999 0.8897763578125 0.5942492015624999 0.8897763578125 0.6805111828125
19 0.4648562296875 0.6557507984375001 0.5039936109375 0.6557507984375001 0.5039936109375 0.61980830625 0.4648562296875 0.61980830625 0.4648562296875 0.6557507984375001
19 0.308306709375 0.6549520765625 0.35782747656249997 0.6549520765625 0.35782747656249997 0.6230031953124999 0.308306709375 0.6230031953124999 0.308306709375 0.6549520765625
19 0.7460063890625 0.6964856234375 0.81230031875 0.6964856234375 0.81230031875 0.615015975 0.7460063890625 0.615015975 0.7460063890625 0.6964856234375
19 0.8178913734375 0.6924920125 0.8857827468749999 0.6924920125 0.8857827468749999 0.61661341875 0.8178913734375 0.61661341875 0.8178913734375 0.6924920125
19 0.6821086265625 0.693290734375 0.737220446875 0.693290734375 0.737220446875 0.635782746875 0.6821086265625 0.635782746875 0.6821086265625 0.693290734375
19 0.61980830625 0.69408945625 0.6693290734375 0.69408945625 0.6693290734375 0.634185303125 0.61980830625 0.634185303125 0.61980830625 0.69408945625
19 0.49840255625 0.6964856234375 0.5487220453125 0.6964856234375 0.5487220453125 0.634185303125 0.49840255625 0.634185303125 0.49840255625 0.6964856234375
19 0.56230031875 0.69408945625 0.6078274765625 0.69408945625 0.6078274765625 0.634185303125 0.56230031875 0.634185303125 0.56230031875 0.69408945625
19 0.29552715625000003 0.691693290625 0.337060703125 0.691693290625 0.337060703125 0.6613418531249999 0.29552715625000003 0.6613418531249999 0.29552715625000003 0.691693290625
19 0.3450479234375 0.691693290625 0.3881789140625 0.691693290625 0.3881789140625 0.664536740625 0.3450479234375 0.664536740625 0.3450479234375 0.691693290625
19 0.394568690625 0.691693290625 0.4424920125 0.691693290625 0.4424920125 0.6661341859375 0.394568690625 0.6661341859375 0.394568690625 0.691693290625
19 0.4472843453125 0.6948881796874999 0.4904153359375 0.6948881796874999 0.4904153359375 0.6693290734375 0.4472843453125 0.6693290734375 0.4472843453125 0.6948881796874999