19 0.93125 0.340625 0.93125 0.2646865015625 0.8602136578125 0.2646865015625 0.8602136578125 0.340625 0.93125 0.340625
19 0.384375 0.2828125 0.309634584375 0.2828125 0.309634584375 0.33529352968750004 0.384375 0.33529352968750004 0.384375 0.2828125
19 0.321875 0.3359375 0.321875 0.28475688906249996 0.247369209375 0.28475688906249996 0.247369209375 0.3359375 0.321875 0.3359375
19 0.2453125 0.346875 0.2453125 0.2729283140625 0.1897963265625 0.2729283140625 0.1897963265625 0.346875 0.2453125 0.346875
19 0.49349291093750003 0.3453125 0.49349291093750003 0.2923747015625 0.4455695890625 0.2923747015625 0.4455695890625 0.3453125 0.49349291093750003 0.3453125
19 0.4390625 0.3453125 0.4390625 0.296765175 0.3857902359375 0.296765175 0.3857902359375 0.3453125 0.4390625 0.3453125
19 0.509375 0.415625 0.4501597453125 0.415625 0.4501597453125 0.4840804703125 0.509375 0.4840804703125 0.509375 0.415625
19 0.096875 0.484375 0.171875 0.484375 0.171875 0.428125 0.096875 0.428125 0.096875 0.484375
19 0.2625 0.4859375 0.2625 0.4296875 0.1858626203125 0.4296875 0.1858626203125 0.4859375 0.2625 0.4859375
19 0.4326178109375 0.484375 0.4326178109375 0.43331169999999997 0.389486821875 0.4333117015625 0.389486821875 0.484375 0.4326178109375 0.484375
19 0.375 0.4859375 0.375 0.437627296875 0.33230830624999996 0.437627296875 0.33230830624999996 0.4859375 0.375 0.4859375
19 0.31875 0.48125 0.31875 0.4573682109375 0.2681684296875 0.4573682109375 0.2681684296875 0.48125 0.31875 0.48125
19 0.3640625 0.575 0.3640625 0.519037040625 0.2824106421875 0.519037040625 0.2824106421875 0.575 0.3640625 0.575
19 0.19316593437500001 0.578125 0.19316593437500001 0.5224266171874999 0.103709065625 0.5224266171874999 0.103709065625 0.578125 0.19316593437500001 0.578125
19 0.1015625 0.578125 0.1015625 0.524298621875 0.011641374999999999 0.524298621875 0.011641374999999999 0.578125 0.1015625 0.578125
19 0.275 0.5271315890625 0.195202675 0.5271315890625 0.195202675 0.582243409375 0.275 0.582243409375 0.275 0.5271315890625
19 0.140625 0.6875 0.18125 0.6875 0.18125 0.617833965625 0.140625 0.617833965625 0.140625 0.6875
19 0.2140625 0.6765625 0.2796875 0.6765625 0.2796875 0.634375 0.2140625 0.634375 0.2140625 0.6765625
19 0.09375 0.69375 0.09375 0.6220896578125 0.057443090625000005 0.6220896578125 0.057443090625000005 0.69375 0.09375 0.69375
19 0.1421875 0.753125 0.1421875 0.7140899562499999 0.076345346875 0.7140899562499999 0.076345346875 0.753125 0.1421875 0.753125
19 0.365625 0.7671875 0.365625 0.703444490625 0.3293879796875 0.703444490625 0.3293879796875 0.7671875 0.365625 0.7671875
19 0.225 0.7515625 0.225 0.7185353437499999 0.16166383906249998 0.7185353437499999 0.16166383906249998 0.7515625 0.225 0.7515625
19 0.38594998125 0.7499326078124999 0.45623751874999996 0.7499326078124999 0.45623751874999996 0.7203798921875 0.38594998125 0.7203798921875 0.38594998125 0.7499326078124999
19 0.2875 0.76875 0.2875 0.702548421875 0.2547074671875 0.702548421875 0.2547074671875 0.76875 0.2875 0.76875