19 0.790625 0.1265625 0.790625 0.030859375 0.669921875 0.030859375 0.669921875 0.1265625 0.790625 0.1265625
19 0.65 0.796875 0.65 0.865625 0.7078125 0.865625 0.7078125 0.796875 0.65 0.796875
19 0.775 0.80625 0.711328125 0.80625 0.711328125 0.8640625 0.775 0.8640625 0.775 0.80625
19 0.5859375 0.8640625 0.64375 0.8640625 0.64375 0.809765625 0.5859375 0.809765625 0.5859375 0.8640625
19 0.5171875 0.865625 0.5171875 0.806640625 0.460546875 0.806640625 0.460546875 0.865625 0.5171875 0.865625
19 0.578125 0.865625 0.578125 0.808203125 0.528515625 0.808203125 0.528515625 0.865625 0.578125 0.865625
19 0.5765625 0.025 0.5765625 0.1453125 0.675 0.1453125 0.675 0.025 0.5765625 0.025
19 0.5859375 0.1390625 0.5859375 0.03984375 0.46328125 0.03984375 0.46328125 0.1390625 0.5859375 0.1390625
19 0.696875 0.909375 0.696875 0.9890625 0.7640625 0.9890625 0.7640625 0.909375 0.696875 0.909375
19 0.6296875 0.9140625 0.6296875 0.9875 0.696875 0.9875 0.696875 0.9140625 0.6296875 0.9140625
19 0.3671875 0.034375 0.3671875 0.1578125 0.465625 0.1578125 0.465625 0.034375 0.3671875 0.034375
19 0.684375 0.2375 0.684375 0.353125 0.7671875 0.353125 0.7671875 0.2375 0.684375 0.2375
19 0.574609375 0.259375 0.574609375 0.35 0.684375 0.35 0.684375 0.259375 0.574609375 0.259375
19 0.4890625 0.3640625 0.578125 0.3640625 0.578125 0.251953125 0.4890625 0.251953125 0.4890625 0.3640625
19 0.4796875 0.3671875 0.4796875 0.249609375 0.390234375 0.249609375 0.390234375 0.3671875 0.4796875 0.3671875
19 0.670703125 0.4609375 0.670703125 0.5265625 0.7578125 0.5265625 0.7578125 0.4609375 0.670703125 0.4609375
19 0.4921875 0.458203125 0.403515625 0.458203125 0.403515625 0.540234375 0.4921875 0.540234375 0.4921875 0.458203125
19 0.4953125 0.4578125 0.4953125 0.5453125 0.5796875 0.5453125 0.5796875 0.4578125 0.4953125 0.4578125
19 0.8703125 0.5234375 0.9234375 0.5234375 0.9234375 0.480078125 0.8703125 0.480078125 0.8703125 0.5234375
19 0.6734375 0.54375 0.6734375 0.459375 0.591796875 0.459375 0.591796875 0.54375 0.6734375 0.54375
19 0.9296875 0.4765625 0.9296875 0.5296875 0.978125 0.5296875 0.978125 0.4765625 0.9296875 0.4765625
19 0.8171875 0.475 0.8171875 0.5390625 0.859375 0.5390625 0.859375 0.475 0.8171875 0.475
19 0.7140625 0.6515625 0.7140625 0.69375 0.771875 0.69375 0.771875 0.6515625 0.7140625 0.6515625
19 0.71875 0.6953125 0.71875 0.649609375 0.6640625 0.649609375 0.6640625 0.6953125 0.71875 0.6953125
19 0.56875 0.6484375 0.56875 0.703125 0.615625 0.703125 0.615625 0.6484375 0.56875 0.6484375
19 0.665625 0.7 0.665625 0.6515625 0.611328125 0.6515625 0.611328125 0.7 0.665625 0.7
19 0.512109375 0.65625 0.512109375 0.6984375 0.5640625 0.6984375 0.5640625 0.65625 0.512109375 0.65625
19 0.46875 0.7015625 0.46875 0.655078125 0.415625 0.655078125 0.415625 0.7015625 0.46875 0.7015625
19 0.51875 0.7 0.51875 0.655859375 0.466015625 0.655859375 0.466015625 0.7 0.51875 0.7