19 0.9984375 0.284375 0.9984375 0.135854990625 0.9169270828125 0.135854990625 0.9169270828125 0.284375 0.9984375 0.284375
19 0.928125 0.25625 0.928125 0.169090346875 0.7891888406249999 0.169090346875 0.7891888406249999 0.25625 0.928125 0.25625
19 0.8296875 0.265625 0.8296875 0.172653671875 0.6930538359375 0.172653671875 0.6930538359375 0.265625 0.8296875 0.265625
19 0.6003635515625 0.1796875 0.6003635515625 0.265625 0.7389774124999999 0.265625 0.7389774124999999 0.1796875 0.6003635515625 0.1796875
19 0.54375 0.446875 0.54375 0.40523669375000004 0.5028387999999999 0.40523669375000004 0.5028387999999999 0.446875 0.54375 0.446875
19 0.4046875 0.4484375 0.4046875 0.40900886875 0.3708384890625 0.40900886875 0.3708384890625 0.4484375 0.4046875 0.4484375
19 0.4953125 0.4515625 0.4953125 0.4074025375 0.46173164218749996 0.4074025375 0.46173164218749996 0.4515625 0.4953125 0.4515625
19 0.45 0.4515625 0.45 0.40946524218749997 0.41500360937499997 0.40946524218749997 0.41500360937499997 0.4515625 0.45 0.4515625
19 0.05625 0.465625 0.05625 0.433152846875 0.0029264640625 0.433152846875 0.0029264640625 0.465625 0.05625 0.465625
19 0.096875 0.435086634375 0.0413366328125 0.435086634375 0.0413366328125 0.4656146875 0.096875 0.4656146875 0.096875 0.435086634375
19 0.1375 0.4671875 0.1375 0.43354476093749994 0.0842847578125 0.43354476093749994 0.0842847578125 0.4671875 0.1375 0.4671875
19 0.7875 0.5015625 0.865625 0.5015625 0.865625 0.401601175 0.7875 0.401601175 0.7875 0.5015625
19 0.2203125 0.4238345703125 0.18616697499999998 0.4238345703125 0.18616697499999998 0.48241542812500005 0.2203125 0.48241542812500005 0.2203125 0.4238345703125
19 0.2765625 0.471875 0.2765625 0.4328125 0.2138949046875 0.4328125 0.2138949046875 0.471875 0.2765625 0.471875
19 0.3609375 0.4875 0.3609375 0.42085911718749996 0.32596689375 0.42085911718749996 0.32596689375 0.4875 0.3609375 0.4875
19 0.175 0.4828125 0.175 0.4243502484375 0.1378919140625 0.4243502484375 0.1378919140625 0.4828125 0.175 0.4828125
19 0.3109375 0.4859375 0.3109375 0.42090295 0.27518564375 0.42090295 0.27518564375 0.4859375 0.3109375 0.4859375
19 0.6515625 0.49375 0.6515625 0.427477825 0.60576010625 0.427477825 0.60576010625 0.49375 0.6515625 0.49375
19 0.5953125 0.49375 0.5953125 0.427307653125 0.5540815796875 0.427307653125 0.5540815796875 0.49375 0.5953125 0.49375
19 0.790625 0.43760055781249996 0.7190129953125 0.43760055781249996 0.7190129953125 0.4887556734375 0.790625 0.4887556734375 0.790625 0.43760055781249996
19 0.6671875 0.4984375 0.71875 0.4984375 0.71875 0.4277588703125 0.6671875 0.4277588703125 0.6671875 0.4984375
19 0.40625 0.484375 0.40625 0.45743605625 0.3732982671875 0.45743605625 0.3732982671875 0.484375 0.40625 0.484375
19 0.546875 0.4921875 0.546875 0.456017946875 0.5030966375 0.456017946875 0.5030966375 0.4921875 0.546875 0.4921875
19 0.49375 0.4921875 0.49375 0.456974525 0.45953743906250005 0.456974525 0.45953743906250005 0.4921875 0.49375 0.4921875
19 0.4484375 0.49375 0.4484375 0.459375 0.41622060625 0.459375 0.41622060625 0.49375 0.4484375 0.49375
19 0.7530450703125 0.65625 0.7530450703125 0.5715836421875 0.652385003125 0.5715836421875 0.652385003125 0.65625 0.7530450703125 0.65625
19 0.8515625 0.577227721875 0.7473494234375 0.577227721875 0.7473494234375 0.667161715625 0.8515625 0.667161715625 0.8515625 0.577227721875
19 0.9546875 0.68125 0.9546875 0.5680254734375 0.8518254953125 0.5680254734375 0.8518254953125 0.68125 0.9546875 0.68125
19 0.1625 0.74375 0.1625 0.6835370265625 0.0861747109375 0.6835370265625 0.0861747109375 0.74375 0.1625 0.74375
19 0.2125 0.75625 0.2125 0.6729888609375 0.1538211640625 0.6729888609375 0.1538211640625 0.75625 0.2125 0.75625
19 0.2890625 0.7546875 0.2890625 0.6945879749999999 0.2056105609375 0.6945879749999999 0.2056105609375 0.7546875 0.2890625 0.7546875
19 0.34504692812500004 0.7765625 0.34504692812500004 0.690042284375 0.2790403265625 0.690042284375 0.2790403265625 0.7765625 0.34504692812500004 0.7765625
19 0.421875 0.7859375 0.421875 0.7 0.35399649218749996 0.7 0.35399649218749996 0.7859375 0.421875 0.7859375
19 0.5078125 0.7875 0.5078125 0.7127372109375 0.42367986718750006 0.7127372109375 0.42367986718750006 0.7875 0.5078125 0.7875
19 0.5828125 0.80625 0.5828125 0.7184792703125 0.5037360765625001 0.7184792703125 0.5037360765625001 0.80625 0.5828125 0.80625
19 0.6734375 0.8140625 0.6734375 0.72130775625 0.5887144171875 0.72130775625 0.5887144171875 0.8140625 0.6734375 0.8140625
19 0.7604604984375001 0.8234375 0.7604604984375001 0.7331141703124999 0.6754770015625 0.7331141703124999 0.6754770015625 0.8234375 0.7604604984375001 0.8234375
19 0.859375 0.8359375 0.859375 0.735976175 0.7698329203125 0.735976175 0.7698329203125 0.8359375 0.859375 0.8359375
19 0.965625 0.8390625 0.965625 0.75065233125 0.862234428125 0.75065233125 0.862234428125 0.8390625 0.965625 0.8390625
19 0.659375 0.946875 0.659375 0.8843363234374999 0.5873272484375 0.8843363234374999 0.5873272484375 0.946875 0.659375 0.946875
19 0.753125 0.9609375 0.753125 0.89829053125 0.669227 0.89829053125 0.669227 0.9609375 0.753125 0.9609375
19 0.840625 0.984375 0.840625 0.9021271640625 0.7729579203125 0.9021271640625 0.7729579203125 0.984375 0.840625 0.984375
19 0.9390625 0.9859375 0.9390625 0.9206812093750001 0.86155115625 0.9206812093750001 0.86155115625 0.9859375 0.9390625 0.9859375