19 0.621875 0.3375 0.621875 0.375 0.6734375 0.375 0.6734375 0.3375 0.621875 0.3375
19 0.71875 0.3796875 0.71875 0.330859375 0.680078125 0.330859375 0.680078125 0.3796875 0.71875 0.3796875
19 0.7703125 0.3796875 0.7703125 0.33203125 0.73359375 0.33203125 0.73359375 0.3796875 0.7703125 0.3796875
19 0.9328125 0.3734375 0.9328125 0.339453125 0.891015625 0.339453125 0.891015625 0.3734375 0.9328125 0.3734375
19 0.8765625 0.33671875 0.840234375 0.33671875 0.840234375 0.3796875 0.8765625 0.3796875 0.8765625 0.33671875
19 0.825 0.378125 0.825 0.337109375 0.79140625 0.337109375 0.79140625 0.378125 0.825 0.378125
19 0.9859375 0.3828125 0.9859375 0.33515625 0.94921875 0.33515625 0.94921875 0.3828125 0.9859375 0.3828125
19 0.3265625 0.34296875 0.258984375 0.34296875 0.258984375 0.4171875 0.3265625 0.4171875 0.3265625 0.34296875
19 0.40625 0.41875 0.40625 0.33984375 0.33828125 0.33984375 0.33828125 0.41875 0.40625 0.41875
19 0.171875 0.346875 0.171875 0.415625 0.25625 0.415625 0.25625 0.346875 0.171875 0.346875
19 0.0875 0.342578125 0.0171875 0.342578125 0.0171875 0.41875 0.0875 0.41875 0.0875 0.342578125
19 0.096875 0.3421875 0.096875 0.4203125 0.165625 0.4203125 0.165625 0.3421875 0.096875 0.3421875
19 0.416015625 0.3625 0.416015625 0.415625 0.484375 0.415625 0.484375 0.3625 0.416015625 0.3625
19 0.6140625 0.4203125 0.6140625 0.35703125 0.56171875 0.35703125 0.56171875 0.4203125 0.6140625 0.4203125
19 0.5453125 0.356640625 0.490625 0.356640625 0.490625 0.4203125 0.5453125 0.4203125 0.5453125 0.356640625
19 0.6734375 0.375390625 0.621875 0.375390625 0.621875 0.4140625 0.6734375 0.4140625 0.6734375 0.375390625
19 0.678515625 0.378125 0.678515625 0.415625 0.73125 0.415625 0.73125 0.378125 0.678515625 0.378125
19 0.8390625 0.380078125 0.7921875 0.380078125 0.7921875 0.4140625 0.8390625 0.4140625 0.8390625 0.380078125
19 0.8859375 0.375390625 0.848828125 0.375390625 0.848828125 0.418359375 0.8859375 0.418359375 0.8859375 0.375390625
19 0.7734375 0.4234375 0.7734375 0.369921875 0.739453125 0.369921875 0.739453125 0.4234375 0.7734375 0.4234375
19 0.9078125 0.3734375 0.9078125 0.4203125 0.9453125 0.4203125 0.9453125 0.3734375 0.9078125 0.3734375
19 0.9921875 0.415625 0.9921875 0.378515625 0.958203125 0.378515625 0.958203125 0.415625 0.9921875 0.415625
19 0.259375 0.466015625 0.18125 0.466015625 0.18125 0.5203125 0.259375 0.5203125 0.259375 0.466015625
19 0.073046875 0.534375 0.073046875 0.452734375 0.017578125 0.452734375 0.017578125 0.534375 0.073046875 0.534375
19 0.1734375 0.465234375 0.096875 0.465234375 0.096875 0.5203125 0.1734375 0.5203125 0.1734375 0.465234375
19 0.263671875 0.465625 0.263671875 0.521875 0.3453125 0.521875 0.3453125 0.465625 0.263671875 0.465625
19 0.35625 0.5234375 0.4375 0.5234375 0.4375 0.466015625 0.35625 0.466015625 0.35625 0.5234375
19 0.58125 0.5390625 0.58125 0.46015625 0.53515625 0.46015625 0.53515625 0.5390625 0.58125 0.5390625
19 0.5 0.540625 0.5 0.461328125 0.4515625 0.461328125 0.4515625 0.540625 0.5 0.540625
19 0.8125 0.5359375 0.8125 0.472265625 0.7703125 0.472265625 0.7703125 0.5359375 0.8125 0.5359375
19 0.8890625 0.525 0.8890625 0.483203125 0.830859375 0.483203125 0.830859375 0.525 0.8890625 0.525
19 0.659375 0.5359375 0.659375 0.47265625 0.61953125 0.47265625 0.61953125 0.5359375 0.659375 0.5359375
19 0.684375 0.4859375 0.684375 0.525 0.7515625 0.525 0.7515625 0.4859375 0.684375 0.4859375
19 0.8453125 0.6703125 0.8453125 0.7234375 0.921875 0.7234375 0.921875 0.6703125 0.8453125 0.6703125
19 0.765234375 0.675 0.765234375 0.7265625 0.8359375 0.7265625 0.8359375 0.675 0.765234375 0.675
19 0.675 0.7265625 0.675 0.673046875 0.601953125 0.673046875 0.601953125 0.7265625 0.675 0.7265625
19 0.759375 0.676953125 0.6828125 0.676953125 0.6828125 0.7265625 0.759375 0.7265625 0.759375 0.676953125
19 0.428125 0.7296875 0.428125 0.674609375 0.355078125 0.674609375 0.355078125 0.7296875 0.428125 0.7296875
19 0.2546875 0.66640625 0.199609375 0.66640625 0.199609375 0.740625 0.2546875 0.740625 0.2546875 0.66640625
19 0.040234375 0.66875 0.040234375 0.7375 0.096875 0.7375 0.096875 0.66875 0.040234375 0.66875
19 0.275 0.675 0.275 0.73125 0.3484375 0.73125 0.3484375 0.675 0.275 0.675
19 0.515625 0.678125 0.515625 0.73125 0.5953125 0.73125 0.5953125 0.678125 0.515625 0.678125
19 0.4984375 0.74375 0.4984375 0.662890625 0.444921875 0.662890625 0.444921875 0.74375 0.4984375 0.74375
19 0.1125 0.6765625 0.1125 0.734375 0.1859375 0.734375 0.1859375 0.6765625 0.1125 0.6765625
19 0.836328125 0.7453125 0.836328125 0.7921875 0.909375 0.7921875 0.909375 0.7453125 0.836328125 0.7453125
19 1 0.740234375 0.9375 0.740234375 0.9375 0.7953125 1 0.7953125 1 0.740234375
19 0.753125 0.7453125 0.753125 0.79375 0.8265625 0.79375 0.8265625 0.7453125 0.753125 0.7453125
19 0.6890625 0.80625 0.7375 0.80625 0.7375 0.733203125 0.6890625 0.733203125 0.6890625 0.80625
19 0.600390625 0.746875 0.600390625 0.79375 0.6703125 0.79375 0.6703125 0.746875 0.600390625 0.746875
19 0.50625 0.8109375 0.50625 0.73203125 0.45390625 0.73203125 0.45390625 0.8109375 0.50625 0.8109375
19 0.5921875 0.796875 0.5921875 0.747265625 0.521484375 0.747265625 0.521484375 0.796875 0.5921875 0.796875
19 0.365625 0.746875 0.365625 0.7984375 0.4390625 0.7984375 0.4390625 0.746875 0.365625 0.746875
19 0.346875 0.736328125 0.297265625 0.736328125 0.297265625 0.807421875 0.346875 0.807421875 0.346875 0.736328125
19 0.218359375 0.7375 0.218359375 0.80859375 0.2703125 0.80859375 0.2703125 0.7375 0.218359375 0.7375
19 0.191796875 0.809375 0.191796875 0.736328125 0.141015625 0.736328125 0.141015625 0.809375 0.191796875 0.809375
19 0.1125 0.8109375 0.1125 0.74296875 0.062109375 0.74296875 0.062109375 0.8109375 0.1125 0.8109375