19 0.9778521828125 0.190625 0.9778521828125 0.10992063437499999 0.9318204359375001 0.10992063437499999 0.9318204359375001 0.190625 0.9778521828125 0.190625
19 0.31875 0.26773313593750003 0.2154141859375 0.26773313593750003 0.2154141859375 0.33836805625 0.31875 0.33836805625 0.31875 0.26773313593750003
19 0.8365823406249999 0.2875 0.8365823406249999 0.3203125 0.8730902781250001 0.3203125 0.8730902781250001 0.2875 0.8365823406249999 0.2875
19 0.390625 0.3390625 0.390625 0.26728670625 0.2876364078125 0.26728670625 0.2876364078125 0.3390625 0.390625 0.3390625
19 0.909375 0.3234375 0.909375 0.284226190625 0.87664930625 0.284226190625 0.87664930625 0.3234375 0.909375 0.3234375
19 0.8359375 0.321875 0.8359375 0.2879960328125 0.8011036703125001 0.2879960328125 0.8011036703125001 0.321875 0.8359375 0.321875
19 0.3609375 0.3375 0.4640625 0.3375 0.4640625 0.26924603281250004 0.3609375 0.26924603281250004 0.3609375 0.3375
19 0.9546875 0.321875 0.9546875 0.28699156718749996 0.9140501000000001 0.28699156718749996 0.9140501000000001 0.321875 0.9546875 0.321875
19 0.50554315625 0.35625 0.50554315625 0.276711309375 0.4460193453125 0.276711309375 0.4460193453125 0.35625 0.50554315625 0.35625
19 0.575 0.3453125 0.575 0.28953373125000004 0.49274553593750003 0.28953373125000004 0.49274553593750003 0.3453125 0.575 0.3453125
19 0.634375 0.3484375 0.634375 0.288405259375 0.552864584375 0.288405259375 0.552864584375 0.3484375 0.634375 0.3484375
19 0.6858134921875 0.359375 0.6858134921875 0.27769097343750004 0.6270833328125 0.27769097343750004 0.6270833328125 0.359375 0.6858134921875 0.359375
19 0.8140625 0.2932415671875 0.7341765859375 0.2932415671875 0.7341765859375 0.349590775 0.8140625 0.349590775 0.8140625 0.2932415671875
19 0.7546875 0.35 0.7546875 0.2946924609375 0.6754216265624999 0.2946924609375 0.6754216265624999 0.35 0.7546875 0.35
19 0.8421626984374999 0.3640625 0.8421626984374999 0.32380952343749997 0.8080357140625001 0.32380952343749997 0.8080357140625001 0.3640625 0.8421626984374999 0.3640625
19 0.884375 0.3640625 0.884375 0.326054065625 0.8488963296875 0.326054065625 0.8488963296875 0.3640625 0.884375 0.3640625
19 0.8890625 0.3625 0.9265625 0.3625 0.9265625 0.3301091265625 0.8890625 0.3301091265625 0.8890625 0.3625
19 0.9640625 0.3625 0.9640625 0.3301091265625 0.928521825 0.3301091265625 0.928521825 0.3625 0.9640625 0.3625
19 0.55625 0.4265625 0.55625 0.3922495046875 0.51769593125 0.3922495046875 0.51769593125 0.4265625 0.55625 0.4265625
19 0.646875 0.4296875 0.646875 0.3938368046875 0.611173115625 0.3938368046875 0.611173115625 0.4296875 0.646875 0.4296875
19 0.509375 0.390625 0.47244543749999995 0.390625 0.47244543749999995 0.4308283734375 0.509375 0.4308283734375 0.509375 0.390625
19 0.5984375 0.4296875 0.5984375 0.3925595234375 0.5625124015625 0.3925595234375 0.5625124015625 0.4296875 0.5984375 0.4296875
19 0.7390625 0.43125 0.7390625 0.39375 0.7016493046875001 0.39375 0.7016493046875001 0.43125 0.7390625 0.43125
19 0.88113839375 0.43125 0.88113839375 0.3918650796875 0.8430431546875001 0.3918650796875 0.8430431546875001 0.43125 0.88113839375 0.43125
19 0.69375 0.43125 0.69375 0.39375 0.6569444453125 0.39375 0.6569444453125 0.43125 0.69375 0.43125
19 0.790625 0.4296875 0.790625 0.3922743046875 0.7512400796875001 0.3922743046875 0.7512400796875001 0.4296875 0.790625 0.4296875
19 0.8359375 0.43125 0.8359375 0.393117559375 0.795436509375 0.393117559375 0.795436509375 0.43125 0.8359375 0.43125
19 0.9265625 0.3937748015625 0.8866815484374999 0.3937748015625 0.8866815484374999 0.4342509921875 0.9265625 0.4342509921875 0.9265625 0.3937748015625
19 0.0109375 0.4796875 0.0421875 0.4796875 0.0421875 0.40172371093750003 0.0109375 0.40172371093750003 0.0109375 0.4796875
19 0.1203125 0.4828125 0.1203125 0.4062748015625 0.0869791671875 0.4062748015625 0.0869791671875 0.4828125 0.1203125 0.4828125
19 0.1046875 0.4625 0.1046875 0.42961309375 0.026649304687499997 0.4296130953125 0.026649304687499997 0.4625 0.1046875 0.4625
19 0.159375 0.484375 0.159375 0.4078869046875 0.1220858140625 0.4078869046875 0.1220858140625 0.484375 0.159375 0.484375
19 0.1671875 0.484375 0.1953125 0.484375 0.1953125 0.406411209375 0.1671875 0.406411209375 0.1671875 0.484375
19 0.2375 0.4875 0.2375 0.40796130937499997 0.2048115078125 0.40796130937499997 0.2048115078125 0.4875 0.2375 0.4875
19 0.2763392859375 0.4890625 0.2763392859375 0.40830853125 0.2430059515625 0.40830853125 0.2430059515625 0.4890625 0.2763392859375 0.4890625
19 0.334375 0.465625 0.334375 0.43101438437499995 0.2563368046875 0.43101438437499995 0.2563368046875 0.465625 0.334375 0.465625
19 0.390625 0.4111235125 0.35354662812500004 0.4111235125 0.35354662812500004 0.49048859218749996 0.390625 0.49048859218749996 0.390625 0.4111235125
19 0.421875 0.4111235125 0.39697420625 0.4111235125 0.39697420625 0.49048859218749996 0.421875 0.49048859218749996 0.421875 0.4111235125
19 0.3734375 0.4330853171875 0.29365079375 0.4330853171875 0.29365079375 0.46641865156250006 0.3734375 0.46641865156250006 0.3734375 0.4330853171875
19 0.4609375 0.41109871093750006 0.4302207328125 0.41109871093750006 0.4302207328125 0.49046379062499995 0.4609375 0.49046379062499995 0.4609375 0.41109871093750006
19 0.5140625 0.4796875 0.5140625 0.444208828125 0.464471725 0.444208828125 0.464471725 0.4796875 0.5140625 0.4796875
19 0.5609375 0.44263392812499996 0.5093005953125 0.44263392812499996 0.5093005953125 0.485491071875 0.5609375 0.485491071875 0.5609375 0.44263392812499996
19 0.6 0.490625 0.6 0.4390625 0.559040178125 0.4390625 0.559040178125 0.490625 0.6 0.490625
19 0.6515625 0.4394345234375 0.6066716265625 0.4394345234375 0.6066716265625 0.4918154765625 0.6515625 0.4918154765625 0.6515625 0.4394345234375
19 0.655915178125 0.440625 0.655915178125 0.490625 0.696875 0.490625 0.696875 0.440625 0.655915178125 0.440625
19 0.753125 0.4890625 0.753125 0.446875 0.699491565625 0.446875 0.699491565625 0.4890625 0.753125 0.4890625
19 0.8 0.4875 0.8 0.4471974203125 0.75186011875 0.4471974203125 0.75186011875 0.4875 0.8 0.4875
19 0.8484375 0.4875 0.8484375 0.4479662703125 0.7945560515625 0.4479662703125 0.7945560515625 0.4875 0.8484375 0.4875
19 0.9359375 0.4425595234375 0.8985243046875 0.4425595234375 0.8985243046875 0.4949404765625 0.9359375 0.4949404765625 0.9359375 0.4425595234375
19 0.8875 0.4953125 0.8875 0.4415550578125 0.850719246875 0.4415550578125 0.850719246875 0.4953125 0.8875 0.4953125
19 0.0921875 0.6234375 0.1625 0.6234375 0.1625 0.5572792671875 0.0921875 0.5572792671875 0.0921875 0.6234375
19 0.1625 0.6265625 0.2359375 0.6265625 0.2359375 0.5611111125 0.1625 0.5611111125 0.1625 0.6265625
19 0.6171875 0.628125 0.6171875 0.5572420640625 0.5593005953125 0.5572420640625 0.5593005953125 0.628125 0.6171875 0.628125
19 0.553125 0.6296875 0.553125 0.5586557546875001 0.48723958281249996 0.5586557546875001 0.48723958281249996 0.6296875 0.553125 0.6296875
19 0.3046875 0.6265625 0.3046875 0.562648809375 0.23975694375 0.562648809375 0.23975694375 0.6265625 0.3046875 0.6265625
19 0.090625 0.6296875 0.090625 0.5594370046875 0.019370040625 0.5594370046875 0.019370040625 0.6296875 0.090625 0.6296875
19 0.3671875 0.5703125 0.3046875 0.5703125 0.3046875 0.62958829375 0.3671875 0.62958829375 0.3671875 0.5703125
19 0.6796875 0.6328125 0.6796875 0.56875 0.6210317453124999 0.56875 0.6210317453124999 0.6328125 0.6796875 0.6328125
19 0.3674975203125 0.5734375 0.3674975203125 0.6296875 0.428125 0.6296875 0.428125 0.5734375 0.3674975203125 0.5734375
19 0.4828125 0.63125 0.4828125 0.5734375 0.4290550578125 0.5734375 0.4290550578125 0.63125 0.4828125 0.63125
19 0.8015625 0.634375 0.8015625 0.575062003125 0.73936011875 0.575062003125 0.73936011875 0.634375 0.8015625 0.634375
19 0.7390625 0.6328125 0.7390625 0.5768353171875 0.6774553578125 0.5768353171875 0.6774553578125 0.6328125 0.7390625 0.6328125
19 0.8609375 0.6359375 0.8609375 0.5711061515625 0.8029017859375 0.5711061515625 0.8029017859375 0.6359375 0.8609375 0.6359375
19 0.921875 0.6359375 0.921875 0.5734375 0.8629960328124999 0.5734375 0.8629960328124999 0.6359375 0.921875 0.6359375