19 1 0.3844884484375 0.895214521875 0.3844884484375 0.895214521875 0.46534653437499995 1 0.46534653437499995 1 0.3844884484375
19 0.891089109375 0.3943894390625 0.7904290421875 0.3943894390625 0.7904290421875 0.46287128749999995 0.891089109375 0.46287128749999995 0.891089109375 0.3943894390625
19 0.6914191421875 0.4042904296875 0.5948844890625 0.4042904296875 0.5948844890625 0.4603960390625 0.6914191421875 0.4603960390625 0.6914191421875 0.4042904296875
19 0.5907590765624999 0.407590759375 0.509900990625 0.407590759375 0.509900990625 0.46204620468749996 0.5907590765624999 0.46204620468749996 0.5907590765624999 0.407590759375
19 0.7854785484375 0.407590759375 0.6938943890625 0.407590759375 0.6938943890625 0.461221121875 0.7854785484375 0.461221121875 0.7854785484375 0.407590759375
19 0.17656765624999998 0.5049504953125 0.11963696406249999 0.5049504953125 0.11963696406249999 0.5618811874999999 0.17656765624999998 0.5618811874999999 0.17656765624999998 0.5049504953125
19 0.7227722765625 0.4950495046875 0.6419141921875 0.4950495046875 0.6419141921875 0.5750825078124999 0.7227722765625 0.5750825078124999 0.7227722765625 0.4950495046875
19 0.235973596875 0.506600659375 0.1790429046875 0.506600659375 0.1790429046875 0.56105610625 0.235973596875 0.56105610625 0.235973596875 0.506600659375
19 0.8102310234375001 0.498349834375 0.7301980203125 0.498349834375 0.7301980203125 0.5783828390625 0.8102310234375001 0.5783828390625 0.8102310234375001 0.498349834375
19 0.5643564359375 0.509900990625 0.498349834375 0.509900990625 0.498349834375 0.5709570953124999 0.5643564359375 0.5709570953124999 0.5643564359375 0.509900990625
19 0.11221122187499999 0.51650165 0.06930693125000001 0.51650165 0.06930693125000001 0.56105610625 0.11221122187499999 0.56105610625 0.11221122187499999 0.51650165
19 0.63531353125 0.5115511546875 0.5668316828125 0.5115511546875 0.5668316828125 0.5726072609374999 0.63531353125 0.5726072609374999 0.63531353125 0.5115511546875
19 0.38118811875 0.5214521453125001 0.33168316875000003 0.5214521453125001 0.33168316875000003 0.5684818484374999 0.38118811875 0.5684818484374999 0.38118811875 0.5214521453125001
19 0.43564356406250004 0.5231023109375 0.3844884484375 0.5231023109375 0.3844884484375 0.567656765625 0.43564356406250004 0.567656765625 0.43564356406250004 0.5231023109375
19 0.4884488453125 0.524752475 0.43894389375 0.524752475 0.43894389375 0.56930693125 0.4884488453125 0.56930693125 0.4884488453125 0.524752475
19 0.280528053125 0.5363036296875 0.2425742578125 0.5363036296875 0.2425742578125 0.5602310234375001 0.280528053125 0.5602310234375001 0.280528053125 0.5363036296875
19 0.32343234375 0.5363036296875 0.2838283828125 0.5363036296875 0.2838283828125 0.5618811874999999 0.32343234375 0.5618811874999999 0.32343234375 0.5363036296875
19 0.8712871281250001 0.5280528046875 0.8242574250000001 0.5280528046875 0.8242574250000001 0.5792079203125 0.8712871281250001 0.5792079203125 0.8712871281250001 0.5280528046875
19 0.98349835 0.5313531359375 0.9381188125 0.5313531359375 0.9381188125 0.5833333328125 0.98349835 0.5833333328125 0.98349835 0.5313531359375
19 0.9290429046875 0.5313531359375 0.8778877890624999 0.5313531359375 0.8778877890624999 0.5825082515625 0.9290429046875 0.5825082515625 0.9290429046875 0.5313531359375