19 0.64453125 0.3 0.59375 0.3 0.59375 0.35859375 0.64453125 0.35859375 0.64453125 0.3
19 0.73671875 0.3015625 0.6921875 0.3015625 0.6921875 0.35703125 0.73671875 0.35703125 0.73671875 0.3015625
19 0.690625 0.3015625 0.6453125 0.3015625 0.6453125 0.3578125 0.690625 0.3578125 0.690625 0.3015625
19 0.47578125 0.3171875 0.409375 0.3171875 0.409375 0.415625 0.47578125 0.415625 0.47578125 0.3171875
19 0.99453125 0.3375 0.9515625 0.3375 0.9515625 0.41953125 0.99453125 0.41953125 0.99453125 0.3375
19 0.53359375 0.3390625 0.475 0.3390625 0.475 0.41875 0.53359375 0.41875 0.53359375 0.3390625
19 0.90078125 0.3375 0.8578125 0.3375 0.8578125 0.421875 0.90078125 0.421875 0.90078125 0.3375
19 0.59375 0.340625 0.5359375 0.340625 0.5359375 0.4203125 0.59375 0.4203125 0.59375 0.340625
19 0.946875 0.3390625 0.9046875 0.3390625 0.9046875 0.42109375 0.946875 0.42109375 0.946875 0.3390625
19 0.78984375 0.3421875 0.7359375 0.3421875 0.7359375 0.41796875 0.78984375 0.41796875 0.78984375 0.3421875
19 0.84609375 0.34375 0.7921875 0.34375 0.7921875 0.41953125 0.84609375 0.41953125 0.84609375 0.34375
19 0.68359375 0.3609375 0.640625 0.3609375 0.640625 0.41875 0.68359375 0.41875 0.68359375 0.3609375
19 0.6390625 0.3609375 0.5921875 0.3609375 0.5921875 0.4171875 0.6390625 0.4171875 0.6390625 0.3609375
19 0.734375 0.3609375 0.6859375 0.3609375 0.6859375 0.4171875 0.734375 0.4171875 0.734375 0.3609375
19 0.76015625 0.4515625 0.721875 0.4515625 0.721875 0.48671875 0.76015625 0.48671875 0.76015625 0.4515625
19 0.809375 0.453125 0.76875 0.453125 0.76875 0.48828125 0.809375 0.48828125 0.809375 0.453125
19 0.85078125 0.4515625 0.815625 0.4515625 0.815625 0.4890625 0.85078125 0.4890625 0.85078125 0.4515625
19 0.9 0.4515625 0.859375 0.4515625 0.859375 0.4890625 0.9 0.4890625 0.9 0.4515625
19 0.94296875 0.4546875 0.9046875 0.4546875 0.9046875 0.48984375 0.94296875 0.48984375 0.94296875 0.4546875
19 0.05546875 0.4640625 0.0015625 0.4640625 0.0015625 0.5375 0.05546875 0.5375 0.05546875 0.4640625
19 0.56875 0.459375 0.5015625 0.459375 0.5015625 0.54375 0.56875 0.54375 0.56875 0.459375
19 0.1359375 0.4671875 0.0640625 0.4671875 0.0640625 0.5390625 0.1359375 0.5390625 0.1359375 0.4671875
19 0.64296875 0.4609375 0.5734375 0.4609375 0.5734375 0.54609375 0.64296875 0.54609375 0.64296875 0.4609375
19 0.38515625 0.4671875 0.3578125 0.4671875 0.3578125 0.54375 0.38515625 0.54375 0.38515625 0.4671875
19 0.42265625 0.465625 0.3890625 0.465625 0.3890625 0.5453125 0.42265625 0.5453125 0.42265625 0.465625
19 0.49375 0.465625 0.4625 0.465625 0.4625 0.54375 0.49375 0.54375 0.49375 0.465625
19 0.46015625 0.4671875 0.425 0.4671875 0.425 0.5453125 0.46015625 0.5453125 0.46015625 0.4671875
19 0.71796875 0.465625 0.6484375 0.465625 0.6484375 0.54609375 0.71796875 0.54609375 0.71796875 0.465625
19 0.309375 0.4875 0.271875 0.4875 0.271875 0.54140625 0.309375 0.54140625 0.309375 0.4875
19 0.265625 0.4859375 0.2296875 0.4859375 0.2296875 0.54140625 0.265625 0.54140625 0.265625 0.4859375
19 0.35 0.4890625 0.3140625 0.4890625 0.3140625 0.53984375 0.35 0.53984375 0.35 0.4890625
19 0.75859375 0.496875 0.7203125 0.496875 0.7203125 0.55078125 0.75859375 0.55078125 0.75859375 0.496875
19 0.853125 0.496875 0.8125 0.496875 0.8125 0.55234375 0.853125 0.55234375 0.853125 0.496875
19 0.80625 0.4984375 0.7640625 0.4984375 0.7640625 0.5515625 0.80625 0.5515625 0.80625 0.4984375
19 0.90234375 0.4984375 0.859375 0.4984375 0.859375 0.5515625 0.90234375 0.5515625 0.90234375 0.4984375
19 0.94765625 0.4984375 0.9078125 0.4984375 0.9078125 0.5515625 0.94765625 0.5515625 0.94765625 0.4984375
19 0.8984375 0.61875 0.86875 0.61875 0.86875 0.6453125 0.8984375 0.6453125 0.8984375 0.61875
19 0.8640625 0.621875 0.8390625 0.621875 0.8390625 0.64609375 0.8640625 0.64609375 0.8640625 0.621875
19 0.9375 0.6203125 0.9078125 0.6203125 0.9078125 0.64765625 0.9375 0.64765625 0.9375 0.6203125
19 0.1359375 0.5984375 0.0640625 0.5984375 0.0640625 0.68046875 0.1359375 0.68046875 0.1359375 0.5984375
19 0.20546875 0.603125 0.1390625 0.603125 0.1390625 0.68125 0.20546875 0.68125 0.20546875 0.603125
19 0.2765625 0.603125 0.209375 0.603125 0.209375 0.6828125 0.2765625 0.6828125 0.2765625 0.603125
19 0.34765625 0.6015625 0.278125 0.6015625 0.278125 0.68359375 0.34765625 0.68359375 0.34765625 0.6015625
19 0.4703125 0.621875 0.4125 0.621875 0.4125 0.6859375 0.4703125 0.6859375 0.4703125 0.621875
19 0.41015625 0.621875 0.35 0.621875 0.35 0.68671875 0.41015625 0.68671875 0.41015625 0.621875
19 0.5296875 0.6265625 0.471875 0.6265625 0.471875 0.68671875 0.5296875 0.68671875 0.5296875 0.6265625
19 0.58828125 0.6265625 0.5296875 0.6265625 0.5296875 0.6890625 0.58828125 0.6890625 0.58828125 0.6265625
19 0.7109375 0.628125 0.6546875 0.628125 0.6546875 0.6890625 0.7109375 0.6890625 0.7109375 0.628125
19 0.6515625 0.6296875 0.590625 0.6296875 0.590625 0.690625 0.6515625 0.690625 0.6515625 0.6296875
19 0.77109375 0.6265625 0.7125 0.6265625 0.7125 0.6953125 0.77109375 0.6953125 0.77109375 0.6265625
19 0.83359375 0.63125 0.7734375 0.63125 0.7734375 0.6953125 0.83359375 0.6953125 0.83359375 0.63125
19 0.90234375 0.6640625 0.875 0.6640625 0.875 0.69140625 0.90234375 0.69140625 0.90234375 0.6640625
19 0.94609375 0.665625 0.9109375 0.665625 0.9109375 0.69296875 0.94609375 0.69296875 0.94609375 0.665625
19 0.86484375 0.6671875 0.8359375 0.6671875 0.8359375 0.6921875 0.86484375 0.6921875 0.86484375 0.6671875