19 0.72578125 0.8703125 0.671875 0.8703125 0.671875 0.90390625 0.72578125 0.90390625 0.72578125 0.8703125
19 0.6015625 0.8703125 0.5546875 0.8703125 0.5546875 0.9078125 0.6015625 0.9078125 0.6015625 0.8703125
19 0.66328125 0.871875 0.6125 0.871875 0.6125 0.90546875 0.66328125 0.90546875 0.66328125 0.871875
19 0.090625 0.8734375 0.01875 0.8734375 0.01875 0.9453125 0.090625 0.9453125 0.090625 0.8734375
19 0.1734375 0.875 0.0953125 0.875 0.0953125 0.946875 0.1734375 0.946875 0.1734375 0.875
19 0.51640625 0.8734375 0.4359375 0.8734375 0.4359375 0.94921875 0.51640625 0.94921875 0.51640625 0.8734375
19 0.259375 0.875 0.18125 0.875 0.18125 0.946875 0.259375 0.946875 0.259375 0.875
19 0.33828125 0.878125 0.2640625 0.878125 0.2640625 0.94765625 0.33828125 0.94765625 0.33828125 0.878125
19 0.42265625 0.878125 0.346875 0.878125 0.346875 0.94921875 0.42265625 0.94921875 0.42265625 0.878125
19 0.571875 0.9140625 0.5234375 0.9140625 0.5234375 0.9515625 0.571875 0.9515625 0.571875 0.9140625
19 0.6203125 0.915625 0.575 0.915625 0.575 0.9515625 0.6203125 0.9515625 0.6203125 0.915625
19 0.746875 0.915625 0.690625 0.915625 0.690625 0.95078125 0.746875 0.95078125 0.746875 0.915625
19 0.68125 0.915625 0.6296875 0.915625 0.6296875 0.953125 0.68125 0.953125 0.68125 0.915625
19 0.53359375 0.6390625 0.446875 0.6390625 0.446875 0.73984375 0.53359375 0.73984375 0.53359375 0.6390625
19 0.6421875 0.65 0.546875 0.65 0.546875 0.7328125 0.6421875 0.7328125 0.6421875 0.65
19 0.86953125 0.65 0.7640625 0.65 0.7640625 0.7421875 0.86953125 0.7421875 0.86953125 0.65
19 0.9796875 0.653125 0.8765625 0.653125 0.8765625 0.740625 0.9796875 0.740625 0.9796875 0.653125
19 0.759375 0.653125 0.6515625 0.653125 0.6515625 0.740625 0.759375 0.740625 0.759375 0.653125
19 0.44765625 0.6625 0.3734375 0.6625 0.3734375 0.73671875 0.44765625 0.73671875 0.44765625 0.6625
19 0.36875 0.6625 0.3 0.6625 0.3 0.7390625 0.36875 0.7390625 0.36875 0.6625
19 0.28984375 0.68125 0.2234375 0.68125 0.2234375 0.73671875 0.28984375 0.73671875 0.28984375 0.68125
19 0.21796875 0.6828125 0.1625 0.6828125 0.1625 0.74140625 0.21796875 0.74140625 0.21796875 0.6828125
19 0.0984375 0.68125 0.0375 0.68125 0.0375 0.74140625 0.0984375 0.74140625 0.0984375 0.68125
19 0.15703125 0.6828125 0.1015625 0.6828125 0.1015625 0.74140625 0.15703125 0.74140625 0.15703125 0.6828125