19 0.7265625 0.89375 0.7265625 0.803125 0.642578125 0.803125 0.642578125 0.89375 0.7265625 0.89375
19 0.7359375 0.8046875 0.7359375 0.896875 0.83125 0.896875 0.83125 0.8046875 0.7359375 0.8046875
19 0.8421875 0.803125 0.8421875 0.8953125 0.934375 0.8953125 0.934375 0.803125 0.8421875 0.803125
19 0.546875 0.8046875 0.546875 0.8921875 0.63125 0.8921875 0.63125 0.8046875 0.546875 0.8046875
19 0.0765625 0.8171875 0.0765625 0.890625 0.14375 0.890625 0.14375 0.8171875 0.0765625 0.8171875
19 0.21875 0.8890625 0.21875 0.819921875 0.148828125 0.819921875 0.148828125 0.8890625 0.21875 0.8890625
19 0.224609375 0.815625 0.224609375 0.8953125 0.2953125 0.8953125 0.2953125 0.815625 0.224609375 0.815625
19 0.3046875 0.8234375 0.3046875 0.8921875 0.3671875 0.8921875 0.3671875 0.8234375 0.3046875 0.8234375
19 0.449609375 0.8953125 0.449609375 0.821484375 0.380078125 0.821484375 0.380078125 0.8953125 0.449609375 0.8953125
19 0.5328125 0.8921875 0.5328125 0.821484375 0.463671875 0.821484375 0.463671875 0.8921875 0.5328125 0.8921875
19 0.3875 0.6515625 0.3875 0.6125 0.358203125 0.6125 0.358203125 0.6515625 0.3875 0.6515625
19 0.403515625 0.615625 0.403515625 0.6484375 0.440625 0.6484375 0.440625 0.615625 0.403515625 0.615625
19 0.872265625 0.590625 0.872265625 0.675 0.946875 0.675 0.946875 0.590625 0.872265625 0.590625
19 0.49375 0.65 0.49375 0.616015625 0.456640625 0.616015625 0.456640625 0.65 0.49375 0.65
19 0.303125 0.61875 0.303125 0.65 0.3515625 0.65 0.3515625 0.61875 0.303125 0.61875
19 0.731640625 0.6109375 0.731640625 0.690625 0.7953125 0.690625 0.7953125 0.6109375 0.731640625 0.6109375
19 0.8671875 0.6859375 0.8671875 0.612890625 0.801953125 0.612890625 0.801953125 0.6859375 0.8671875 0.6859375
19 0.667578125 0.6328125 0.667578125 0.6859375 0.7234375 0.6859375 0.7234375 0.6328125 0.667578125 0.6328125
19 0.6078125 0.6296875 0.6078125 0.6875 0.65625 0.6875 0.65625 0.6296875 0.6078125 0.6296875
19 0.483203125 0.6359375 0.483203125 0.684375 0.54375 0.684375 0.54375 0.6359375 0.483203125 0.6359375
19 0.5953125 0.6875 0.5953125 0.6296875 0.551953125 0.6296875 0.551953125 0.6875 0.5953125 0.6875
19 0.290625 0.65625 0.290625 0.6859375 0.33125 0.6859375 0.33125 0.65625 0.290625 0.65625
19 0.346875 0.6515625 0.346875 0.69375 0.3734375 0.69375 0.3734375 0.6515625 0.346875 0.6515625
19 0.3984375 0.65 0.3984375 0.696875 0.4234375 0.696875 0.4234375 0.65 0.3984375 0.65
19 0.471875 0.696875 0.471875 0.65546875 0.44765625 0.65546875 0.44765625 0.696875 0.471875 0.696875