19 0.496875 0.340625 0.496875 0.27222943125 0.44296875 0.27222943125 0.44296875 0.340625 0.496875 0.340625
19 0.5796875 0.3328125 0.5796875 0.280845646875 0.5162415124999999 0.280845646875 0.5162415124999999 0.3328125 0.5796875 0.3328125
19 0.1609375 0.334375 0.1609375 0.28086311875000003 0.0930860640625 0.28086311875000003 0.0930860640625 0.334375 0.1609375 0.334375
19 0.4265625 0.3375 0.4265625 0.2777780546875 0.3731155140625 0.2777780546875 0.3731155140625 0.3375 0.4265625 0.3375
19 0.36241763125 0.334375 0.36241763125 0.2814372 0.29851986875000003 0.2814372 0.29851986875000003 0.334375 0.36241763125 0.334375
19 0.290625 0.340625 0.290625 0.27587360312500003 0.2375074875 0.27587360312500003 0.2375074875 0.340625 0.290625 0.340625
19 0.22809504687499998 0.3359375 0.22809504687499998 0.2829997 0.159404953125 0.2829997 0.159404953125 0.3359375 0.22809504687499998 0.3359375
19 0.0265625 0.3421875 0.0828125 0.3421875 0.0828125 0.2765625 0.0265625 0.2765625 0.0265625 0.3421875
19 0.2859375 0.421875 0.2859375 0.388443490625 0.2431259984375 0.388443490625 0.2431259984375 0.421875 0.2859375 0.421875
19 0.175 0.4234375 0.175 0.390075878125 0.13726288125 0.390075878125 0.13726288125 0.4234375 0.175 0.4234375
19 0.228125 0.428125 0.228125 0.3846595453125 0.19478833906249998 0.3846595453125 0.19478833906249998 0.428125 0.228125 0.428125
19 0.11875 0.4359375 0.11875 0.3889751390625 0.09379243125 0.3889751390625 0.09379243125 0.4359375 0.11875 0.4359375
19 0.0484375 0.434375 0.0734375 0.434375 0.0734375 0.39160842812499996 0.0484375 0.39160842812499996 0.0484375 0.434375
19 0.5421875 0.61875 0.5421875 0.5589332078125 0.47684205156250004 0.5589332078125 0.47684205156250004 0.61875 0.5421875 0.61875
19 0.4776083265625 0.6203125 0.4776083265625 0.5578948687499999 0.4177041734375 0.5578948687499999 0.4177041734375 0.6203125 0.4776083265625 0.6203125
19 0.8953125 0.625 0.8953125 0.5642621812499999 0.85050419375 0.5642621812499999 0.85050419375 0.625 0.8953125 0.625
19 0.4078125 0.6171875 0.4078125 0.5813099046875 0.3741863015625 0.5813099046875 0.3741863015625 0.6171875 0.4078125 0.6171875
19 0.365625 0.61875 0.365625 0.583279253125 0.3293480421875 0.5832792515625 0.3293480421875 0.61875 0.365625 0.61875
19 0.2765625 0.61875 0.2765625 0.5829422921875 0.24184055624999998 0.5829422921875 0.24184055624999998 0.61875 0.2765625 0.61875
19 0.31875 0.6171875 0.31875 0.5846196078125 0.284087959375 0.5846196078125 0.284087959375 0.6171875 0.31875 0.6171875