19 0.6508474578125 0.3262711859375 0.6889830515625001 0.3262711859375 0.6889830515625001 0.30508474531249996 0.6508474578125 0.30508474531249996 0.6508474578125 0.3262711859375
19 0.774576271875 0.33389830468750004 0.8135593218749999 0.33389830468750004 0.8135593218749999 0.30677966093750003 0.774576271875 0.30677966093750003 0.774576271875 0.33389830468750004
19 0.6932203390625 0.336440678125 0.724576271875 0.336440678125 0.724576271875 0.30677966093750003 0.6932203390625 0.30677966093750003 0.6932203390625 0.336440678125
19 0.7355932203125 0.33813559375 0.7677966109375001 0.33813559375 0.7677966109375001 0.30677966093750003 0.7355932203125 0.30677966093750003 0.7355932203125 0.33813559375
19 0.2949152546875 0.39406779687500004 0.3720338984375 0.39406779687500004 0.3720338984375 0.28813559375 0.2949152546875 0.28813559375 0.2949152546875 0.39406779687500004
19 0.1915254234375 0.3974576265625 0.28305084687500004 0.3974576265625 0.28305084687500004 0.28813559375 0.1915254234375 0.28813559375 0.1915254234375 0.3974576265625
19 0.46101694843749996 0.38813559375 0.5220338984375 0.38813559375 0.5220338984375 0.313559321875 0.46101694843749996 0.313559321875 0.46101694843749996 0.38813559375
19 0.383050846875 0.390677965625 0.4525423734375 0.390677965625 0.4525423734375 0.313559321875 0.383050846875 0.313559321875 0.383050846875 0.390677965625
19 0.640677965625 0.3813559328125 0.678813559375 0.3813559328125 0.678813559375 0.328813559375 0.640677965625 0.328813559375 0.640677965625 0.3813559328125
19 0.58813559375 0.3813559328125 0.6322033890625 0.3813559328125 0.6322033890625 0.328813559375 0.58813559375 0.328813559375 0.58813559375 0.3813559328125
19 0.530508475 0.3838983046875 0.57711864375 0.3838983046875 0.57711864375 0.328813559375 0.530508475 0.328813559375 0.530508475 0.3838983046875
19 0.8135593218749999 0.3720338984375 0.8449152546875001 0.3720338984375 0.8449152546875001 0.3457627125 0.8135593218749999 0.3457627125 0.8135593218749999 0.3720338984375
19 0.7762711859375 0.3762711859375 0.805932203125 0.3762711859375 0.805932203125 0.3474576265625 0.7762711859375 0.3474576265625 0.7762711859375 0.3762711859375
19 0.7322033890624999 0.3779661015625 0.7703389828125 0.3779661015625 0.7703389828125 0.3508474578125 0.7322033890624999 0.3508474578125 0.7322033890624999 0.3779661015625
19 0.68813559375 0.3779661015625 0.7262711859375 0.3779661015625 0.7262711859375 0.3491525421875 0.68813559375 0.3491525421875 0.68813559375 0.3779661015625
19 0.7457627125 0.5186440671875 0.80338983125 0.5186440671875 0.80338983125 0.43389830468749996 0.7457627125 0.43389830468749996 0.7457627125 0.5186440671875
19 0.6610169484374999 0.5203389828125 0.73813559375 0.5203389828125 0.73813559375 0.4457627125 0.6610169484374999 0.4457627125 0.6610169484374999 0.5203389828125
19 0.5966101687500001 0.5262711859375 0.65762711875 0.5262711859375 0.65762711875 0.47118644062500004 0.5966101687500001 0.47118644062500004 0.5966101687500001 0.5262711859375
19 0.3084745765625 0.5542372875 0.378813559375 0.5542372875 0.378813559375 0.4508474578125 0.3084745765625 0.4508474578125 0.3084745765625 0.5542372875
19 0.52711864375 0.5355932203125 0.5855932203124999 0.5355932203125 0.5855932203124999 0.474576271875 0.52711864375 0.474576271875 0.52711864375 0.5355932203125
19 0.46101694843749996 0.54237288125 0.5186440671875 0.54237288125 0.5186440671875 0.4813559328125 0.46101694843749996 0.4813559328125 0.46101694843749996 0.54237288125
19 0.386440678125 0.5474576265625 0.45 0.5474576265625 0.45 0.48474576249999995 0.386440678125 0.48474576249999995 0.386440678125 0.5474576265625
19 0.2152542375 0.5652542375 0.3 0.5652542375 0.3 0.5067796609374999 0.2152542375 0.5067796609374999 0.2152542375 0.5652542375
19 0.11186440625 0.5737288140625 0.20338983124999999 0.5737288140625 0.20338983124999999 0.5135593218750001 0.11186440625 0.5135593218750001 0.11186440625 0.5737288140625
19 0 0.586440678125 0.09661016875 0.586440678125 0.09661016875 0.516949153125 0 0.516949153125 0 0.586440678125
19 0.2949152546875 0.655932203125 0.3415254234375 0.655932203125 0.3415254234375 0.60338983125 0.2949152546875 0.60338983125 0.2949152546875 0.655932203125
19 0.2372881359375 0.66186440625 0.27881355937499996 0.66186440625 0.27881355937499996 0.6084745765624999 0.2372881359375 0.6084745765624999 0.2372881359375 0.66186440625
19 0.1813559328125 0.669491525 0.225423728125 0.669491525 0.225423728125 0.6135593218750001 0.1813559328125 0.6135593218750001 0.1813559328125 0.669491525
19 0.301694915625 0.709322034375 0.3474576265625 0.709322034375 0.3474576265625 0.6627118640624999 0.301694915625 0.6627118640624999 0.301694915625 0.709322034375
19 0.1 0.7364406781249999 0.174576271875 0.7364406781249999 0.174576271875 0.6389830515625 0.1 0.6389830515625 0.1 0.7364406781249999
19 0.24237288124999998 0.7186440671875001 0.28813559375 0.7186440671875001 0.28813559375 0.669491525 0.24237288124999998 0.669491525 0.24237288124999998 0.7186440671875001
19 0.186440678125 0.72711864375 0.23305084687500002 0.72711864375 0.23305084687500002 0.6762711859375 0.186440678125 0.6762711859375 0.186440678125 0.72711864375