19 0.1375 0.7176619234375 0.05973081718749999 0.7176619234375 0.05973081718749999 0.7795431109375001 0.1375 0.7795431109375001 0.1375 0.7176619234375
19 0.1859375 0.7875 0.1859375 0.7098958343749999 0.1332044140625 0.7098958343749999 0.1332044140625 0.7875 0.1859375 0.7875
19 0.253125 0.790625 0.253125 0.7109375 0.198097153125 0.7109375 0.198097153125 0.790625 0.253125 0.790625
19 0.43125 0.790625 0.43125 0.7116774953125 0.3846792484375 0.7116774953125 0.3846792484375 0.790625 0.43125 0.790625
19 0.5078125 0.7765625 0.5078125 0.7296875 0.4238551984375 0.7296875 0.4238551984375 0.7765625 0.5078125 0.7765625
19 0.2609375 0.7890625 0.3140625 0.7890625 0.3140625 0.750879228125 0.2609375 0.750879228125 0.2609375 0.7890625
19 0.3765625 0.7890625 0.3765625 0.750879228125 0.32194719374999997 0.750879228125 0.32194719374999997 0.7890625 0.3765625 0.7890625
19 0.134375 0.9390625 0.134375 0.8553011546875 0.05242625937499999 0.8553011546875 0.05242625937499999 0.9390625 0.134375 0.9390625
19 0.1453125 0.9359375 0.225 0.9359375 0.225 0.8567940390625 0.1453125 0.8567940390625 0.1453125 0.9359375
19 0.321875 0.946875 0.321875 0.8563196171874999 0.23805177500000002 0.8563196171874999 0.23805177500000002 0.946875 0.321875 0.946875
19 0.1703125 0.3171875 0.1703125 0.178498865625 0.0542104984375 0.178498865625 0.0542104984375 0.3171875 0.1703125 0.3171875
19 0.290625 0.3203125 0.290625 0.18705651875 0.1765160875 0.18705651875 0.1765160875 0.3203125 0.290625 0.3203125
19 0.38125 0.328125 0.38125 0.211491853125 0.30426464375 0.211491853125 0.30426464375 0.328125 0.38125 0.328125
19 0.4859375 0.3125 0.4859375 0.23354733906249997 0.3687783609375 0.23354733906249997 0.3687783609375 0.3125 0.4859375 0.3125
19 0.5703125 0.3140625 0.5703125 0.2371751234375 0.45771194218750005 0.2371751234375 0.45771194218750005 0.3140625 0.5703125 0.3140625
19 0.1921875 0.4734375 0.1921875 0.3623349828125 0.081662540625 0.3623349828125 0.081662540625 0.4734375 0.1921875 0.4734375
19 0.3109375 0.365681725 0.20133818125 0.365681725 0.20133818125 0.48119327500000003 0.3109375 0.48119327500000003 0.3109375 0.365681725
19 0.3359375 0.6265625 0.3359375 0.5561210796875 0.22259436875 0.5561210796875 0.22259436875 0.6265625 0.3359375 0.6265625
19 0.1590191828125 0.63125 0.1590191828125 0.55381600625 0.05340862187499999 0.5538160078125001 0.05340862187499999 0.63125 0.1590191828125 0.63125
19 0.14375 0.6328125 0.24375 0.6328125 0.24375 0.5555486796875 0.14375 0.5555486796875 0.14375 0.6328125
19 0.415625 0.634375 0.415625 0.5597385515625 0.3074154296875 0.5597385515625 0.3074154296875 0.634375 0.415625 0.634375
19 0.496875 0.634375 0.496875 0.56178063125 0.38790480625 0.56178063125 0.38790480625 0.634375 0.496875 0.634375