19 0.71484375 0.3703125 0.6796875 0.3703125 0.6796875 0.4265625 0.71484375 0.4265625 0.71484375 0.3703125
19 0.67578125 0.3703125 0.640625 0.3703125 0.640625 0.42578125 0.67578125 0.42578125 0.67578125 0.3703125
19 0.59765625 0.3703125 0.5640625 0.3703125 0.5640625 0.42578125 0.59765625 0.42578125 0.59765625 0.3703125
19 0.559375 0.371875 0.5265625 0.371875 0.5265625 0.42578125 0.559375 0.42578125 0.559375 0.371875
19 0.5234375 0.3734375 0.4921875 0.3734375 0.4921875 0.42421875 0.5234375 0.42421875 0.5234375 0.3734375
19 0.63671875 0.371875 0.6015625 0.371875 0.6015625 0.42578125 0.63671875 0.42578125 0.63671875 0.371875
19 0.75234375 0.3734375 0.7171875 0.3734375 0.7171875 0.425 0.75234375 0.425 0.75234375 0.3734375
19 0.678125 0.5171875 0.6515625 0.5171875 0.6515625 0.58125 0.678125 0.58125 0.678125 0.5171875
19 0.6515625 0.51875 0.6265625 0.51875 0.6265625 0.57890625 0.6515625 0.57890625 0.6515625 0.51875
19 0.8171875 0.5171875 0.790625 0.5171875 0.790625 0.5796875 0.8171875 0.5796875 0.8171875 0.5171875
19 0.70625 0.5171875 0.6796875 0.5171875 0.6796875 0.578125 0.70625 0.578125 0.70625 0.5171875
19 0.7609375 0.5171875 0.7359375 0.5171875 0.7359375 0.578125 0.7609375 0.578125 0.7609375 0.5171875
19 0.7890625 0.5171875 0.7625 0.5171875 0.7625 0.5796875 0.7890625 0.5796875 0.7890625 0.5171875
19 0.7328125 0.5171875 0.7078125 0.5171875 0.7078125 0.578125 0.7328125 0.578125 0.7328125 0.5171875
19 0.69375 0.6453125 0.646875 0.6453125 0.646875 0.74609375 0.69375 0.74609375 0.69375 0.6453125
19 0.740625 0.6453125 0.69375 0.6453125 0.69375 0.75 0.740625 0.75 0.740625 0.6453125
19 0.7921875 0.6453125 0.74375 0.6453125 0.74375 0.75234375 0.7921875 0.75234375 0.7921875 0.6453125
19 0.84375 0.6515625 0.7953125 0.6515625 0.7953125 0.7515625 0.84375 0.7515625 0.84375 0.6515625
19 0.8953125 0.653125 0.846875 0.653125 0.846875 0.753125 0.8953125 0.753125 0.8953125 0.653125
19 0.540625 0.8375 0.4953125 0.8375 0.4953125 0.946875 0.540625 0.946875 0.540625 0.8375
19 0.4953125 0.8359375 0.4484375 0.8359375 0.4484375 0.946875 0.4953125 0.946875 0.4953125 0.8359375
19 0.5875 0.8328125 0.5421875 0.8328125 0.5421875 0.94453125 0.5875 0.94453125 0.5875 0.8328125
19 0.63515625 0.840625 0.590625 0.840625 0.590625 0.94609375 0.63515625 0.94609375 0.63515625 0.840625
19 0.6875 0.8375 0.6390625 0.8375 0.6390625 0.9484375 0.6875 0.9484375 0.6875 0.8375