19 0.5203125 0.2265625 0.440625 0.2265625 0.440625 0.28203125 0.5203125 0.28203125 0.5203125 0.2265625
19 0.2765625 0.2359375 0.2 0.2359375 0.2 0.29140625 0.2765625 0.29140625 0.2765625 0.2359375
19 0.1953125 0.2375 0.115625 0.2375 0.115625 0.29375 0.1953125 0.29375 0.1953125 0.2375
19 0.5984375 0.2734375 0.521875 0.2734375 0.521875 0.36875 0.5984375 0.36875 0.5984375 0.2734375
19 0.51640625 0.2828125 0.434375 0.2828125 0.434375 0.36484375 0.51640625 0.36484375 0.51640625 0.2828125
19 0.63984375 0.2796875 0.60625 0.2796875 0.60625 0.36953125 0.63984375 0.36953125 0.63984375 0.2796875
19 0.35625 0.290625 0.2875 0.290625 0.2875 0.36015625 0.35625 0.36015625 0.35625 0.290625
19 0.18046875 0.2921875 0.1046875 0.2921875 0.1046875 0.35859375 0.18046875 0.35859375 0.18046875 0.2921875
19 0.26796875 0.2921875 0.19375 0.2921875 0.19375 0.35859375 0.26796875 0.35859375 0.26796875 0.2921875
19 0.68125 0.2828125 0.64375 0.2828125 0.64375 0.3703125 0.68125 0.3703125 0.68125 0.2828125
19 0.72109375 0.28125 0.6859375 0.28125 0.6859375 0.37109375 0.72109375 0.37109375 0.72109375 0.28125
19 0.42265625 0.2921875 0.3578125 0.2921875 0.3578125 0.3609375 0.42265625 0.3609375 0.42265625 0.2921875
19 0.7625 0.28125 0.725 0.28125 0.725 0.37109375 0.7625 0.37109375 0.7625 0.28125
19 0.80234375 0.2828125 0.7671875 0.2828125 0.7671875 0.37265625 0.80234375 0.37265625 0.80234375 0.2828125
19 0.8421875 0.2859375 0.80625 0.2859375 0.80625 0.375 0.8421875 0.375 0.8421875 0.2859375
19 0.884375 0.2859375 0.846875 0.2859375 0.846875 0.375 0.884375 0.375 0.884375 0.2859375
19 0.925 0.2859375 0.8890625 0.2859375 0.8890625 0.375 0.925 0.375 0.925 0.2859375
19 0.42578125 0.4078125 0.390625 0.4078125 0.390625 0.465625 0.42578125 0.465625 0.42578125 0.4078125
19 0.38515625 0.41875 0.35 0.41875 0.35 0.4640625 0.38515625 0.4640625 0.38515625 0.41875
19 0.5875 0.4359375 0.534375 0.4359375 0.534375 0.534375 0.5875 0.534375 0.5875 0.4359375
19 0.13828125 0.446875 0.0796875 0.446875 0.0796875 0.5265625 0.13828125 0.5265625 0.13828125 0.446875
19 0.6484375 0.4375 0.5953125 0.4375 0.5953125 0.53515625 0.6484375 0.53515625 0.6484375 0.4375
19 0.20234375 0.4453125 0.146875 0.4453125 0.146875 0.52578125 0.20234375 0.52578125 0.20234375 0.4453125
19 0.26796875 0.4484375 0.209375 0.4484375 0.209375 0.528125 0.26796875 0.528125 0.26796875 0.4484375
19 0.70703125 0.4390625 0.65625 0.4390625 0.65625 0.53671875 0.70703125 0.53671875 0.70703125 0.4390625
19 0.33984375 0.45 0.28125 0.45 0.28125 0.528125 0.33984375 0.528125 0.33984375 0.45
19 0.77265625 0.4390625 0.7171875 0.4390625 0.7171875 0.5390625 0.77265625 0.5390625 0.77265625 0.4390625
19 0.52265625 0.45 0.4796875 0.45 0.4796875 0.5328125 0.52265625 0.5328125 0.52265625 0.45
19 0.8375 0.440625 0.784375 0.440625 0.784375 0.540625 0.8375 0.540625 0.8375 0.440625
19 0.89453125 0.44375 0.84375 0.44375 0.84375 0.54375 0.89453125 0.54375 0.89453125 0.44375
19 0.3828125 0.4703125 0.346875 0.4703125 0.346875 0.52890625 0.3828125 0.52890625 0.3828125 0.4703125
19 0.42265625 0.471875 0.3875 0.471875 0.3875 0.53046875 0.42265625 0.53046875 0.42265625 0.471875