19 0.7828125 0.1140625 0.711328125 0.1140625 0.711328125 0.1640625 0.7828125 0.1640625 0.7828125 0.1140625
19 0.781640625 0.10625 0.781640625 0.175 0.834375 0.175 0.834375 0.10625 0.781640625 0.10625
19 0.6484375 0.1109375 0.6484375 0.178125 0.7125 0.178125 0.7125 0.1109375 0.6484375 0.1109375
19 0.8296875 0.11875 0.8296875 0.171875 0.8921875 0.171875 0.8921875 0.11875 0.8296875 0.11875
19 0.685546875 0.23125 0.685546875 0.3140625 0.7234375 0.3140625 0.7234375 0.23125 0.685546875 0.23125
19 0.6796875 0.3171875 0.6796875 0.232421875 0.641796875 0.232421875 0.641796875 0.3171875 0.6796875 0.3171875
19 0.921875 0.2546875 0.921875 0.3171875 0.9515625 0.3171875 0.9515625 0.2546875 0.921875 0.2546875
19 0.828125 0.2546875 0.828125 0.3171875 0.8640625 0.3171875 0.8640625 0.2546875 0.828125 0.2546875
19 0.872265625 0.25625 0.872265625 0.31875 0.90625 0.31875 0.90625 0.25625 0.872265625 0.25625
19 0.690234375 0.378125 0.690234375 0.4125 0.71875 0.4125 0.71875 0.378125 0.690234375 0.378125
19 0.727734375 0.38125 0.727734375 0.4125 0.7671875 0.4125 0.7671875 0.38125 0.727734375 0.38125
19 0.6828125 0.4109375 0.6828125 0.383984375 0.649609375 0.383984375 0.649609375 0.4109375 0.6828125 0.4109375
19 0.175 0.4390625 0.175 0.375 0.076953125 0.375 0.076953125 0.4390625 0.175 0.4390625
19 0.1640625 0.4578125 0.228125 0.4578125 0.228125 0.358203125 0.1640625 0.358203125 0.1640625 0.4578125
19 0.025 0.4578125 0.090625 0.4578125 0.090625 0.358203125 0.025 0.358203125 0.025 0.4578125
19 0.5265625 0.4421875 0.5265625 0.38984375 0.45390625 0.38984375 0.45390625 0.4421875 0.5265625 0.4421875
19 0.3953125 0.3921875 0.3953125 0.44375 0.471875 0.44375 0.471875 0.3921875 0.3953125 0.3921875
19 0.4140625 0.44375 0.4140625 0.39140625 0.33828125 0.39140625 0.33828125 0.44375 0.4140625 0.44375
19 0.3578125 0.391015625 0.28203125 0.391015625 0.28203125 0.44375 0.3578125 0.44375 0.3578125 0.391015625
19 0.223046875 0.390625 0.223046875 0.44375 0.2984375 0.44375 0.2984375 0.390625 0.223046875 0.390625
19 0.610546875 0.396875 0.610546875 0.453125 0.6546875 0.453125 0.6546875 0.396875 0.610546875 0.396875
19 0.5125 0.403125 0.5125 0.45 0.56875 0.45 0.56875 0.403125 0.5125 0.403125
19 0.558984375 0.4046875 0.558984375 0.4484375 0.615625 0.4484375 0.615625 0.4046875 0.558984375 0.4046875
19 0.7375 0.4484375 0.775 0.4484375 0.775 0.416015625 0.7375 0.416015625 0.7375 0.4484375
19 0.690625 0.4515625 0.690625 0.412890625 0.657421875 0.412890625 0.657421875 0.4515625 0.690625 0.4515625
19 0.697265625 0.415625 0.697265625 0.4515625 0.7359375 0.4515625 0.7359375 0.415625 0.697265625 0.415625
19 0.634375 0.4828125 0.634375 0.5546875 0.684375 0.5546875 0.684375 0.4828125 0.634375 0.4828125
19 0.2703125 0.48125 0.2703125 0.5546875 0.346875 0.5546875 0.346875 0.48125 0.2703125 0.48125
19 0.1984375 0.4828125 0.1984375 0.55625 0.2671875 0.55625 0.2671875 0.4828125 0.1984375 0.4828125
19 0.6921875 0.484375 0.6921875 0.553125 0.74375 0.553125 0.74375 0.484375 0.6921875 0.484375
19 0.58125 0.484375 0.58125 0.55625 0.6296875 0.55625 0.6296875 0.484375 0.58125 0.484375
19 0.19375 0.482421875 0.1140625 0.482421875 0.1140625 0.5578125 0.19375 0.5578125 0.19375 0.482421875
19 0.796875 0.5453125 0.796875 0.50390625 0.74140625 0.50390625 0.74140625 0.5453125 0.796875 0.5453125
19 0.109375 0.559375 0.109375 0.489453125 0.036328125 0.489453125 0.036328125 0.559375 0.109375 0.559375
19 0.896875 0.50625 0.839453125 0.50625 0.839453125 0.5453125 0.896875 0.5453125 0.896875 0.50625
19 0.8953125 0.496875 0.8953125 0.553125 0.9359375 0.553125 0.9359375 0.496875 0.8953125 0.496875
19 0.350390625 0.4953125 0.350390625 0.5578125 0.403125 0.5578125 0.403125 0.4953125 0.350390625 0.4953125
19 0.84375 0.5453125 0.84375 0.505859375 0.78984375 0.505859375 0.78984375 0.5453125 0.84375 0.5453125
19 0.40625 0.4984375 0.40625 0.55625 0.459375 0.55625 0.459375 0.4984375 0.40625 0.4984375