19 0.6477987421875 0.3616352203125 0.5778301890625 0.3616352203125 0.5778301890625 0.469339621875 0.6477987421875 0.469339621875 0.6477987421875 0.3616352203125
19 0.57232704375 0.363207546875 0.5007861640625 0.363207546875 0.5007861640625 0.47169811250000004 0.57232704375 0.47169811250000004 0.57232704375 0.363207546875
19 0.49842767343750005 0.38522012656250004 0.440251571875 0.38522012656250004 0.440251571875 0.47091194999999997 0.49842767343750005 0.47091194999999997 0.49842767343750005 0.38522012656250004
19 0.6981132078125001 0.550314465625 0.6650943390624999 0.550314465625 0.6650943390624999 0.5880503140625 0.6981132078125001 0.5880503140625 0.6981132078125001 0.550314465625
19 0.5754716984375 0.5660377359375001 0.49842767343750005 0.5660377359375001 0.49842767343750005 0.6352201265625 0.5754716984375 0.6352201265625 0.5754716984375 0.5660377359375001
19 0.6619496859375 0.57232704375 0.579402515625 0.57232704375 0.579402515625 0.63993710625 0.6619496859375 0.63993710625 0.6619496859375 0.57232704375
19 0.8050314468750001 0.5801886796875 0.7555031453125001 0.5801886796875 0.7555031453125001 0.6383647796874999 0.8050314468750001 0.6383647796874999 0.8050314468750001 0.5801886796875
19 0.8584905656249999 0.58176100625 0.8066037734375 0.58176100625 0.8066037734375 0.63993710625 0.8584905656249999 0.63993710625 0.8584905656249999 0.58176100625
19 0.7515723265625 0.5801886796875 0.7059748421875 0.5801886796875 0.7059748421875 0.63915094375 0.7515723265625 0.63915094375 0.7515723265625 0.5801886796875
19 0.9103773578125001 0.5801886796875 0.8632075468749999 0.5801886796875 0.8632075468749999 0.641509434375 0.9103773578125001 0.641509434375 0.9103773578125001 0.5801886796875
19 0.7028301890625 0.599056603125 0.6619496859375 0.599056603125 0.6619496859375 0.6375786156250001 0.7028301890625 0.6375786156250001 0.7028301890625 0.599056603125