19 0.7640625 0.7296875 0.7640625 0.6694919421875001 0.7115566046875 0.6694919421875001 0.7115566046875 0.7296875 0.7640625 0.7296875
19 0.696875 0.6722680828125001 0.6447327046875 0.6722680828125001 0.6447327046875 0.7280856921875001 0.696875 0.7280856921875001 0.696875 0.6722680828125001
19 0.503125 0.7296875 0.503125 0.6703125 0.44323408124999997 0.6703125 0.44323408124999997 0.7296875 0.503125 0.7296875
19 0.628125 0.66770341875 0.5741990953125 0.66770341875 0.5741990953125 0.736885809375 0.628125 0.736885809375 0.628125 0.66770341875
19 0.7796875 0.7296875 0.8484375 0.7296875 0.8484375 0.6826601812499999 0.7796875 0.6826601812499999 0.7796875 0.7296875
19 0.5125 0.7328125 0.5640625 0.7328125 0.5640625 0.6810829390625 0.5125 0.6810829390625 0.5125 0.7328125
19 0.51875 0.7939858484375 0.49450668125 0.7939858484375 0.49450668125 0.8340801875 0.51875 0.8340801875 0.51875 0.7939858484375
19 0.4359375 0.83125 0.4359375 0.8 0.41153695 0.8 0.41153695 0.83125 0.4359375 0.83125
19 0.475 0.8296875 0.475 0.8004766125 0.450845125 0.8004766125 0.450845125 0.8296875 0.475 0.8296875
19 0.44375 0.871875 0.44375 0.84817216875 0.4047955984375 0.84817216875 0.4047955984375 0.871875 0.44375 0.871875
19 0.4796875 0.875 0.4796875 0.846133059375 0.44999017343750003 0.8461330578125 0.44999017343750003 0.875 0.4796875 0.875
19 0.5234375 0.845597484375 0.4875 0.845597484375 0.4875 0.8794025156249999 0.5234375 0.8794025156249999 0.5234375 0.845597484375
19 0.4109375 0.928125 0.4109375 0.8700373421875 0.351066234375 0.8700373421875 0.351066234375 0.928125 0.4109375 0.928125
19 0.34375 0.93125 0.34375 0.87320165 0.28341686093749996 0.87320165 0.28341686093749996 0.93125 0.34375 0.93125
19 0.271875 0.9328125 0.271875 0.8706367937499999 0.21366941874999998 0.8706367937499999 0.21366941874999998 0.9328125 0.271875 0.9328125
19 0.5234375 0.9234375 0.5234375 0.89605935625 0.4921875 0.89605935625 0.4921875 0.9234375 0.5234375 0.9234375
19 0.484375 0.9234375 0.484375 0.89605935625 0.4506584125 0.89605935625 0.4506584125 0.9234375 0.484375 0.9234375
19 0.4421875 0.925 0.4421875 0.8954893875 0.41453419843750006 0.8954893875 0.41453419843750006 0.925 0.4421875 0.925
19 0.9625 0.4359375 0.9625 0.3977053859375 0.8814170609374999 0.3977053859375 0.8814170609374999 0.4359375 0.9625 0.4359375
19 0.7390625 0.4609375 0.790625 0.4609375 0.790625 0.3856967375 0.7390625 0.3856967375 0.7390625 0.4609375
19 0.7325963062499999 0.4625 0.7325963062499999 0.3872592375 0.6767786953125 0.3872592375 0.6767786953125 0.4625 0.7325963062499999 0.4625
19 0.55625 0.4515625 0.55625 0.39846698125 0.4798791265625 0.39846698125 0.4798791265625 0.4515625 0.55625 0.4515625
19 0.4984375 0.395685928125 0.42209610781249995 0.395685928125 0.42209610781249995 0.4546481921875 0.4984375 0.4546481921875 0.4984375 0.395685928125
19 0.6046875 0.4515625 0.682714228125 0.4515625 0.682714228125 0.400039309375 0.6046875 0.400039309375 0.6046875 0.4515625
19 0.3609375 0.4515625 0.4390625 0.4515625 0.4390625 0.40078125 0.3609375 0.40078125 0.3609375 0.4515625
19 0.621875 0.4515625 0.621875 0.3998919015625 0.5444870296875 0.3998919015625 0.5444870296875 0.4515625 0.621875 0.4515625
19 0.803125 0.459375 0.8359375 0.459375 0.8359375 0.4036654859375 0.803125 0.4036654859375 0.803125 0.459375
19 0.8875 0.4625 0.8875 0.40410770312500005 0.850663325 0.40410770312500005 0.850663325 0.4625 0.8875 0.4625
19 0.5609375 0.590625 0.65 0.590625 0.65 0.516391509375 0.5609375 0.516391509375 0.5609375 0.590625
19 0.5578125 0.5921875 0.5578125 0.5213443390625 0.4784148984375 0.5213443390625 0.4784148984375 0.5921875 0.5578125 0.5921875
19 0.4796875 0.596875 0.4796875 0.520027515625 0.400525746875 0.520027515625 0.400525746875 0.596875 0.4796875 0.596875
19 0.896875 0.584375 0.896875 0.53332841875 0.8254913515625001 0.53332841875 0.8254913515625001 0.584375 0.896875 0.584375
19 0.8234375 0.596875 0.8234375 0.525 0.7744496859375001 0.525 0.7744496859375001 0.596875 0.8234375 0.596875
19 0.9421875 0.5953125 0.9421875 0.5265625 0.8920253546874999 0.5265625 0.8920253546874999 0.5953125 0.9421875 0.5953125
19 0.775 0.590625 0.775 0.55 0.720568003125 0.55 0.720568003125 0.590625 0.775 0.590625