19 0.5078125 0.2859375 0.5078125 0.2031352140625 0.45073018906250006 0.2031352140625 0.45073018906250006 0.2859375 0.5078125 0.2859375
19 0.2546875 0.29375 0.2546875 0.2140625 0.197891134375 0.2140625 0.197891134375 0.29375 0.2546875 0.29375
19 0.16875 0.296875 0.16875 0.21500715 0.110580065625 0.21500715 0.110580065625 0.296875 0.16875 0.296875
19 0.6015625 0.2642258984375 0.5232485703124999 0.2642258984375 0.5232485703124999 0.3638991 0.6015625 0.3638991 0.6015625 0.2642258984375
19 0.5171875 0.359375 0.5171875 0.274555759375 0.4319393390625 0.274555759375 0.4319393390625 0.359375 0.5171875 0.359375
19 0.6453125 0.3640625 0.6453125 0.27071078437499996 0.61088133125 0.27071078437499996 0.61088133125 0.3640625 0.6453125 0.3640625
19 0.3484375 0.3546875 0.3484375 0.2829656859375 0.27744076875 0.2829656859375 0.27744076875 0.3546875 0.3484375 0.3546875
19 0.0861570671875 0.284375 0.0861570671875 0.353125 0.1654054328125 0.353125 0.1654054328125 0.284375 0.0861570671875 0.284375
19 0.2515625 0.3578125 0.2515625 0.28043300625 0.1841094765625 0.28043300625 0.1841094765625 0.3578125 0.2515625 0.3578125
19 0.6890625 0.3640625 0.6890625 0.2744587421875 0.6507301875 0.2744587421875 0.6507301875 0.3640625 0.6890625 0.3640625
19 0.759375 0.3375 0.759375 0.30179738437500003 0.66630923125 0.30179738437500003 0.66630923125 0.3375 0.759375 0.3375
19 0.4203125 0.353125 0.4203125 0.286300040625 0.34921364375 0.286300040625 0.34921364375 0.353125 0.4203125 0.353125
19 0.7734375 0.365625 0.7734375 0.272416259375 0.734727328125 0.272416259375 0.734727328125 0.365625 0.7734375 0.365625
19 0.84375 0.3390625 0.84375 0.3032424421875 0.751205065625 0.3032424421875 0.751205065625 0.3390625 0.84375 0.3390625
19 0.884375 0.3421875 0.884375 0.30554534218749996 0.7923560046875 0.30554534218749996 0.7923560046875 0.3421875 0.884375 0.3421875
19 0.8625 0.3703125 0.9015625 0.3703125 0.9015625 0.278125 0.8625 0.278125 0.8625 0.3703125
19 0.9703125 0.3421875 0.9703125 0.3062091515625 0.8789573109375001 0.3062091515625 0.8789573109375001 0.3421875 0.9703125 0.3421875
19 0.434375 0.453125 0.434375 0.4171875 0.3740757765625 0.4171875 0.3740757765625 0.453125 0.434375 0.453125
19 0.378125 0.4625 0.378125 0.4164011453125 0.3429381125 0.4164011453125 0.3429381125 0.4625 0.378125 0.4625
19 0.590625 0.4344669125 0.536284721875 0.4344669125 0.536284721875 0.5374080875 0.590625 0.5374080875 0.590625 0.4344669125
19 0.1203125 0.4458333328125 0.06076899375 0.4458333328125 0.06076899375 0.529166665625 0.1203125 0.529166665625 0.1203125 0.4458333328125
19 0.678125 0.5140625 0.678125 0.4594515921875 0.5762254890625 0.4594515921875 0.5762254890625 0.5140625 0.678125 0.5140625
19 0.2015625 0.5140625 0.2015625 0.4579503671875 0.11822916562500001 0.4579503671875 0.11822916562500001 0.5140625 0.2015625 0.5140625
19 0.2575061265625 0.5296875 0.2575061265625 0.4472477546875 0.19623161718749998 0.4472477546875 0.19623161718749998 0.5296875 0.2575061265625 0.5296875
19 0.715625 0.5390625 0.715625 0.437816584375 0.6627246718750001 0.437816584375 0.6627246718750001 0.5390625 0.715625 0.5390625
19 0.33125 0.5296875 0.33125 0.44977532656249997 0.27170649375 0.44977532656249997 0.27170649375 0.5296875 0.33125 0.5296875
19 0.784375 0.5421875 0.784375 0.43826082499999997 0.727782884375 0.43826082499999997 0.727782884375 0.5421875 0.784375 0.5421875
19 0.5232485703124999 0.534375 0.5232485703124999 0.44966809531249996 0.47831392968750003 0.44966809531249996 0.47831392968750003 0.534375 0.5232485703124999 0.534375
19 0.853104575 0.54375 0.853104575 0.43996630000000003 0.7975490187500001 0.43996630000000003 0.7975490187500001 0.54375 0.853104575 0.54375
19 0.9375 0.5203125 0.9375 0.46863766250000005 0.8331750421875 0.46863766250000005 0.8331750421875 0.5203125 0.9375 0.5203125
19 0.3890625 0.51875 0.3890625 0.4831495109375 0.328467115625 0.4831495109375 0.328467115625 0.51875 0.3890625 0.51875
19 0.4296875 0.5203125 0.4296875 0.48452307968749997 0.37061376562500004 0.48452307968749997 0.37061376562500004 0.5203125 0.4296875 0.5203125