19 0.75625 0.1890625 0.75625 0.154296875 0.723828125 0.154296875 0.723828125 0.1890625 0.75625 0.1890625
19 0.1953125 0.215625 0.1953125 0.147265625 0.1140625 0.147265625 0.1140625 0.215625 0.1953125 0.215625
19 0.190625 0.1453125 0.190625 0.221875 0.2578125 0.221875 0.2578125 0.1453125 0.190625 0.1453125
19 0.39375 0.2203125 0.39375 0.144921875 0.328515625 0.144921875 0.328515625 0.2203125 0.39375 0.2203125
19 0.325 0.2203125 0.325 0.146484375 0.259765625 0.146484375 0.259765625 0.2203125 0.325 0.2203125
19 0.4671875 0.21875 0.4671875 0.151171875 0.39375 0.151171875 0.39375 0.21875 0.4671875 0.21875
19 0.471875 0.1546875 0.471875 0.2234375 0.5203125 0.2234375 0.5203125 0.1546875 0.471875 0.1546875
19 0.5125 0.165625 0.5125 0.2125 0.58125 0.2125 0.58125 0.165625 0.5125 0.165625
19 0.659375 0.1609375 0.659375 0.225 0.7125 0.225 0.7125 0.1609375 0.659375 0.1609375
19 0.578125 0.1703125 0.578125 0.221875 0.6109375 0.221875 0.6109375 0.1703125 0.578125 0.1703125
19 0.61875 0.1703125 0.61875 0.221875 0.653125 0.221875 0.653125 0.1703125 0.61875 0.1703125
19 0.753125 0.18984375 0.723828125 0.18984375 0.723828125 0.2234375 0.753125 0.2234375 0.753125 0.18984375
19 0.74375 0.259375 0.74375 0.3125 0.796875 0.3125 0.796875 0.259375 0.74375 0.259375
19 0.184375 0.3328125 0.184375 0.300390625 0.1296875 0.300390625 0.1296875 0.3328125 0.184375 0.3328125
19 0.2109375 0.289453125 0.178125 0.289453125 0.178125 0.34375 0.2109375 0.34375 0.2109375 0.289453125
19 0.2515625 0.289453125 0.21875 0.289453125 0.21875 0.34375 0.2515625 0.34375 0.2515625 0.289453125
19 0.284375 0.289453125 0.2546875 0.289453125 0.2546875 0.34375 0.284375 0.34375 0.284375 0.289453125
19 0.754296875 0.3109375 0.754296875 0.36875 0.79375 0.36875 0.79375 0.3109375 0.754296875 0.3109375
19 0.7453125 0.378125 0.7453125 0.4265625 0.8 0.4265625 0.8 0.378125 0.7453125 0.378125
19 0.286328125 0.384375 0.286328125 0.4640625 0.3515625 0.4640625 0.3515625 0.384375 0.286328125 0.384375
19 0.21875 0.4625 0.284375 0.4625 0.284375 0.3875 0.21875 0.3875 0.21875 0.4625
19 0.14375 0.3875 0.14375 0.4640625 0.209375 0.4640625 0.209375 0.3875 0.14375 0.3875
19 0.41875 0.391796875 0.3546875 0.391796875 0.3546875 0.4609375 0.41875 0.4609375 0.41875 0.391796875
19 0.4796875 0.4015625 0.419140625 0.4015625 0.419140625 0.459375 0.4796875 0.459375 0.4796875 0.4015625
19 0.56875 0.45625 0.56875 0.42265625 0.521484375 0.42265625 0.521484375 0.45625 0.56875 0.45625
19 0.528125 0.4546875 0.528125 0.420703125 0.480859375 0.420703125 0.480859375 0.4546875 0.528125 0.4546875
19 0.746875 0.434375 0.746875 0.4828125 0.8 0.4828125 0.8 0.434375 0.746875 0.434375
19 0.8 0.540625 0.8 0.493359375 0.74765625 0.493359375 0.74765625 0.540625 0.8 0.540625
19 0.746875 0.5765625 0.746875 0.6296875 0.796875 0.6296875 0.796875 0.5765625 0.746875 0.5765625