19 0.7203125 0.990625 0.7203125 0.8978298609375001 0.6266493046875 0.8978298609375001 0.6266493046875 0.990625 0.7203125 0.990625
19 0.621875 0.99375 0.621875 0.8980034703124999 0.5316840296875001 0.8980034703124999 0.5316840296875001 0.99375 0.621875 0.99375
19 0.1260416671875 0 0.1260416671875 0.0890625 0.2203125 0.0890625 0.2203125 0 0.1260416671875 0
19 0.023177084375 0 0.023177084375 0.0890625 0.11875 0.0890625 0.11875 0 0.023177084375 0
19 0.23081597187499997 0 0.23081597187499997 0.0953125 0.321875 0.0953125 0.321875 0 0.23081597187499997 0
19 0.3338541671875 0 0.3338541671875 0.096875 0.428125 0.096875 0.428125 0 0.3338541671875 0
19 0.7810763890625 0.1301215265625 0.6986111109375 0.1301215265625 0.6986111109375 0.21519097187499997 0.7810763890625 0.21519097187499997 0.7810763890625 0.1301215265625
19 0.8671875 0.2140625 0.8671875 0.1340277765625 0.7792534718749999 0.1340277765625 0.7792534718749999 0.2140625 0.8671875 0.2140625
19 0.178125 0.20625 0.2375 0.20625 0.2375 0.142447915625 0.178125 0.142447915625 0.178125 0.20625
19 0.96241319375 0.2234375 0.96241319375 0.13324652812499999 0.8660590265625 0.13324652812499999 0.8660590265625 0.2234375 0.96241319375 0.2234375
19 0.303125 0.2078125 0.303125 0.1477430546875 0.23203125 0.1477430546875 0.23203125 0.2078125 0.303125 0.2078125
19 0.6921875 0.2140625 0.6921875 0.1484375 0.6282986109375 0.1484375 0.6282986109375 0.2140625 0.6921875 0.2140625
19 0.5484375 0.2140625 0.5484375 0.1480902765625 0.48506944531249996 0.1480902765625 0.48506944531249996 0.2140625 0.5484375 0.2140625
19 0.6232638890625 0.2125 0.6232638890625 0.1491319453125 0.5564236109375 0.1491319453125 0.5564236109375 0.2125 0.6232638890625 0.2125
19 0.3484375 0.2140625 0.3484375 0.1646701390625 0.31006944375 0.1646701390625 0.31006944375 0.2140625 0.3484375 0.2140625
19 0.4109375 0.1665798609375 0.37118055625 0.1665798609375 0.37118055625 0.21692708437500002 0.4109375 0.21692708437500002 0.4109375 0.1665798609375
19 0.479253471875 0.209375 0.479253471875 0.1740451375 0.4289062484375 0.1740451375 0.4289062484375 0.209375 0.479253471875 0.209375
19 0 0.3390625 0.0765625 0.3390625 0.0765625 0.2806423609375 0 0.2806423609375 0 0.3390625
19 0.171875 0.3578125 0.171875 0.2625 0.0667534734375 0.2625 0.0667534734375 0.3578125 0.171875 0.3578125
19 0.2796875 0.36875 0.2796875 0.2580729171875 0.1842013890625 0.2580729171875 0.1842013890625 0.36875 0.2796875 0.36875
19 0.403125 0.365625 0.403125 0.266840278125 0.3046875 0.266840278125 0.3046875 0.365625 0.403125 0.365625
19 0.871527778125 0.269010415625 0.769097221875 0.269010415625 0.769097221875 0.365364584375 0.871527778125 0.365364584375 0.871527778125 0.269010415625
19 0.6421875 0.36875 0.6421875 0.2642361125 0.5465277765625001 0.2642361125 0.5465277765625001 0.36875 0.6421875 0.36875
19 0.75 0.3671875 0.75 0.26961805625 0.6543402781250001 0.26961805625 0.6543402781250001 0.3671875 0.75 0.3671875
19 0.990625 0.2705729171875 0.8828125 0.2705729171875 0.8828125 0.366927084375 0.990625 0.366927084375 0.990625 0.2705729171875
19 0.5203125 0.36875 0.5203125 0.2693576375 0.42213541718750003 0.2693576375 0.42213541718750003 0.36875 0.5203125 0.36875
19 0.86875 0.42881944375 0.775520834375 0.42881944375 0.775520834375 0.5086805562500001 0.86875 0.5086805562500001 0.86875 0.42881944375
19 0.759375 0.51875 0.759375 0.4201388875 0.678298609375 0.4201388875 0.678298609375 0.51875 0.759375 0.51875
19 1 0.430295140625 0.890625 0.430295140625 0.890625 0.5078125 1 0.5078125 1 0.430295140625
19 0.471614584375 0.51875 0.471614584375 0.43064236093749997 0.400434028125 0.43064236093749997 0.400434028125 0.51875 0.471614584375 0.51875
19 0.171875 0.5078125 0.171875 0.4407986109375 0.0865451390625 0.4407986109375 0.0865451390625 0.5078125 0.171875 0.5078125
19 0.3859375 0.509375 0.3859375 0.44105902812500003 0.2814236109375 0.44105902812500003 0.2814236109375 0.509375 0.3859375 0.509375
19 0.559375 0.515625 0.559375 0.4361979171875 0.4956597203125 0.4361979171875 0.4956597203125 0.515625 0.559375 0.515625
19 0.2640625 0.43177083281249995 0.19401041562500002 0.43177083281249995 0.19401041562500002 0.52118055625 0.2640625 0.52118055625 0.2640625 0.43177083281249995
19 0 0.509375 0.066840278125 0.509375 0.066840278125 0.44375 0 0.44375 0 0.509375
19 0.6484375 0.5265625 0.6484375 0.4310763890625 0.5901909734374999 0.4310763890625 0.5901909734374999 0.5265625 0.6484375 0.5265625
19 0.475 0.5578125 0.38350694375 0.5578125 0.38350694375 0.6484375 0.475 0.6484375 0.475 0.5578125
19 0.4828125 0.6484375 0.58125 0.6484375 0.58125 0.562847221875 0.4828125 0.562847221875 0.4828125 0.6484375
19 0.36875 0.6453125 0.36875 0.57005208125 0.275520834375 0.57005208125 0.275520834375 0.6453125 0.36875 0.6453125
19 0.709375 0.6515625 0.709375 0.590625 0.6584201375000001 0.590625 0.6584201375000001 0.6515625 0.709375 0.6515625
19 0.725 0.65 0.784375 0.65 0.784375 0.5916666671875 0.725 0.5916666671875 0.725 0.65
19 0.6484375 0.646875 0.6484375 0.5940972234374999 0.592447915625 0.5940972234374999 0.592447915625 0.646875 0.6484375 0.646875
19 0.7921875 0.6515625 0.8515625 0.6515625 0.8515625 0.5953125 0.7921875 0.5953125 0.7921875 0.6515625
19 0.9203125 0.653125 0.9203125 0.5921875 0.86171875 0.5921875 0.86171875 0.653125 0.9203125 0.653125
19 0.9295138875 0.5921875 0.9295138875 0.653125 0.990625 0.653125 0.990625 0.5921875 0.9295138875 0.5921875