19 0.759375 0.8375 0.759375 0.7596522171875 0.7099798374999999 0.7596522171875 0.7099798374999999 0.8375 0.759375 0.8375
19 0.7625 0.8390625 0.8171875 0.8390625 0.8171875 0.7609375 0.7625 0.7609375 0.7625 0.8390625
19 0.8068800406250001 0.775 0.8068800406250001 0.8265625 0.8826864921875 0.8265625 0.8826864921875 0.775 0.8068800406250001 0.775
19 0.70625 0.8359375 0.70625 0.7768649187500001 0.663659275 0.7768649187500001 0.663659275 0.8359375 0.70625 0.8359375
19 0.5265625 0.8375 0.571875 0.8375 0.571875 0.7791330640624999 0.5265625 0.7791330640624999 0.5265625 0.8375
19 0.6203125 0.8359375 0.659375 0.8359375 0.659375 0.7795614921875 0.6203125 0.7795614921875 0.6203125 0.8359375
19 0.571875 0.8359375 0.615625 0.8359375 0.615625 0.7795614921875 0.571875 0.7795614921875 0.571875 0.8359375
19 0.5234375 0.8390625 0.5234375 0.7805947578125 0.4802923375 0.7805947578125 0.4802923375 0.8390625 0.5234375 0.8390625
19 0.484375 0.7868699593749999 0.42510080625 0.7868699593749999 0.42510080625 0.8312247984375001 0.484375 0.8312247984375001 0.484375 0.7868699593749999
19 0.434375 0.7996219765625 0.3880544359375 0.7996219765625 0.3880544359375 0.8342993953125 0.434375 0.8342993953125 0.434375 0.7996219765625
19 0.284375 0.8375 0.284375 0.79674899375 0.24087701718750001 0.79674899375 0.24087701718750001 0.8375 0.284375 0.8375
19 0.3234375 0.8375 0.3234375 0.798387096875 0.277217740625 0.798387096875 0.277217740625 0.8375 0.3234375 0.8375
19 0.3984375 0.8359375 0.3984375 0.8015877015624999 0.3510332671875 0.8015877015624999 0.3510332671875 0.8359375 0.3984375 0.8359375
19 0.359375 0.834375 0.359375 0.8016129046874999 0.3147429421875 0.8016129046874999 0.3147429421875 0.834375 0.359375 0.834375
19 0.1625 0.8421875 0.1625 0.796622984375 0.1247731859375 0.796622984375 0.1247731859375 0.8421875 0.1625 0.8421875
19 0.2453125 0.8375 0.2453125 0.8024949593749999 0.1986391125 0.8024949593749999 0.1986391125 0.8375 0.2453125 0.8375
19 0.20625 0.840625 0.20625 0.8026965734375 0.1605846765625 0.8026965734375 0.1605846765625 0.840625 0.20625 0.840625
19 0.3765625 0.3984375 0.3765625 0.2809475796875 0.28487903281250004 0.2809475796875 0.28487903281250004 0.3984375 0.3765625 0.3984375
19 0.275 0.3921875 0.275 0.325730846875 0.21479334843750003 0.325730846875 0.21479334843750003 0.3921875 0.275 0.3921875
19 0.2109375 0.39375 0.2109375 0.3421875 0.158366934375 0.3421875 0.158366934375 0.39375 0.2109375 0.39375
19 0.1484375 0.396875 0.1484375 0.34228830625 0.09735383125 0.34228830625 0.09735383125 0.396875 0.1484375 0.396875
19 0.5296875 0.4875 0.609375 0.4875 0.609375 0.44372479687500005 0.5296875 0.44372479687500005 0.5296875 0.4875
19 0.4421875 0.4875 0.4421875 0.451713709375 0.3744455640625 0.451713709375 0.3744455640625 0.4875 0.4421875 0.4875
19 0.3375 0.4875 0.40589717812500004 0.4875 0.40589717812500004 0.4520917328125 0.3375 0.4520917328125 0.3375 0.4875
19 0.4828125 0.4875 0.4828125 0.44957157187499996 0.41670866875 0.44957157187499996 0.41670866875 0.4875 0.4828125 0.4875
19 0.521875 0.4875 0.521875 0.4520413296875 0.4537802421875 0.4520413296875 0.4537802421875 0.4875 0.521875 0.4875
19 0.359375 0.4953125 0.359375 0.46338205625000006 0.31063507968750004 0.46338205625000006 0.31063507968750004 0.4953125 0.359375 0.4953125
19 0.315625 0.45630040312500003 0.2859375 0.45630040312500003 0.2859375 0.503074596875 0.315625 0.503074596875 0.315625 0.45630040312500003
19 0.5359375 0.6046875 0.5359375 0.5554435484375 0.4743447578125 0.5554435484375 0.4743447578125 0.6046875 0.5359375 0.6046875
19 0.4421875 0.5546875 0.3804939515625 0.5546875 0.3804939515625 0.6044354828125 0.4421875 0.6044354828125 0.4421875 0.5546875
19 0.396875 0.55675403125 0.334425403125 0.55675403125 0.334425403125 0.6027217734375 0.396875 0.6027217734375 0.396875 0.55675403125
19 0.58125 0.603125 0.58125 0.5564516125 0.5179183468749999 0.5564516125 0.5179183468749999 0.603125 0.58125 0.603125
19 0.675 0.60625 0.675 0.5570564515624999 0.6127016125 0.5570564515624999 0.6127016125 0.60625 0.675 0.60625
19 0.715625 0.5502268156250001 0.665625 0.5502268156250001 0.665625 0.609375 0.715625 0.609375 0.715625 0.5502268156250001
19 0.6296875 0.6046875 0.6296875 0.5579889125 0.5651209671874999 0.5579889125 0.5651209671874999 0.6046875 0.6296875 0.6046875
19 0.48125 0.6125 0.48125 0.548563509375 0.4361895140625 0.548563509375 0.4361895140625 0.6125 0.48125 0.6125
19 0.76875 0.603125 0.76875 0.560080646875 0.70625 0.560080646875 0.70625 0.603125 0.76875 0.603125
19 0.2703125 0.6078125 0.2703125 0.5708669359375 0.2221018140625 0.5708669359375 0.2221018140625 0.6078125 0.2703125 0.6078125
19 0.3078125 0.60625 0.3078125 0.5714465734374999 0.262147178125 0.5714465734374999 0.262147178125 0.60625 0.3078125 0.60625
19 0.3453125 0.6078125 0.3453125 0.571875 0.2980594765625 0.571875 0.2980594765625 0.6078125 0.3453125 0.6078125
19 0.19375 0.6125 0.2234375 0.6125 0.2234375 0.579536290625 0.19375 0.5795362890625 0.19375 0.6125
19 0.1875 0.609375 0.1875 0.580519153125 0.15844254062500002 0.580519153125 0.15844254062500002 0.609375 0.1875 0.609375
19 0.1546875 0.6140625 0.1546875 0.5783518140624999 0.1279233875 0.5783518140624999 0.1279233875 0.6140625 0.1546875 0.6140625
19 0.3515625 0.734375 0.4109375 0.734375 0.4109375 0.661340725 0.3515625 0.661340725 0.3515625 0.734375
19 0.3578125 0.728125 0.3578125 0.6687752015624999 0.2802923390625 0.6687752015624999 0.2802923390625 0.728125 0.3578125 0.728125
19 0.2734375 0.7390625 0.2734375 0.6801663312499999 0.21983366875 0.6801663312499999 0.21983366875 0.7390625 0.2734375 0.7390625