19 0.509375 0.3390625 0.4203125 0.3390625 0.4203125 0.4234375 0.509375 0.4234375 0.509375 0.3390625
19 0.41796875 0.3390625 0.328125 0.3390625 0.328125 0.4234375 0.41796875 0.4234375 0.41796875 0.3390625
19 0.13046875 0.346875 0.0703125 0.346875 0.0703125 0.42109375 0.13046875 0.42109375 0.13046875 0.346875
19 0.2 0.346875 0.1375 0.346875 0.1375 0.42109375 0.2 0.42109375 0.2 0.346875
19 0.59375 0.35625 0.5140625 0.35625 0.5140625 0.4234375 0.59375 0.4234375 0.59375 0.35625
19 0.66953125 0.3578125 0.59375 0.3578125 0.59375 0.425 0.66953125 0.425 0.66953125 0.3578125
19 0.7484375 0.3578125 0.671875 0.3578125 0.671875 0.42421875 0.7484375 0.42421875 0.7484375 0.3578125
19 0.26171875 0.36875 0.20625 0.36875 0.20625 0.421875 0.26171875 0.421875 0.26171875 0.36875
19 0.31953125 0.36875 0.265625 0.36875 0.265625 0.421875 0.31953125 0.421875 0.31953125 0.36875
19 0.9484375 0.3703125 0.85625 0.3703125 0.85625 0.42421875 0.9484375 0.42421875 0.9484375 0.3703125
19 0.8015625 0.3953125 0.753125 0.3953125 0.753125 0.42265625 0.8015625 0.42265625 0.8015625 0.3953125
19 0.85078125 0.3953125 0.8 0.3953125 0.8 0.42265625 0.85078125 0.42265625 0.85078125 0.3953125
19 0.815625 0.4609375 0.7265625 0.4609375 0.7265625 0.53046875 0.815625 0.53046875 0.815625 0.4609375
19 0.4515625 0.4734375 0.3796875 0.4734375 0.3796875 0.53203125 0.4515625 0.53203125 0.4515625 0.4734375
19 0.375 0.4734375 0.3015625 0.4734375 0.3015625 0.53203125 0.375 0.53203125 0.375 0.4734375
19 0.63046875 0.4765625 0.5484375 0.4765625 0.5484375 0.53203125 0.63046875 0.53203125 0.63046875 0.4765625
19 0.546875 0.4765625 0.4625 0.4765625 0.4625 0.53203125 0.546875 0.53203125 0.546875 0.4765625
19 0.71640625 0.4765625 0.6359375 0.4765625 0.6359375 0.53046875 0.71640625 0.53046875 0.71640625 0.4765625
19 0.2328125 0.4875 0.1765625 0.4875 0.1765625 0.5328125 0.2328125 0.5328125 0.2328125 0.4875
19 0.29609375 0.4890625 0.2359375 0.4890625 0.2359375 0.534375 0.29609375 0.534375 0.29609375 0.4890625
19 0.16875 0.490625 0.1125 0.490625 0.1125 0.53359375 0.16875 0.53359375 0.16875 0.490625