19 0.316015625 0.625 0.316015625 0.6984375 0.4171875 0.6984375 0.4171875 0.625 0.316015625 0.625
19 0.2140625 0.6203125 0.2140625 0.696875 0.3140625 0.696875 0.3140625 0.6203125 0.2140625 0.6203125
19 0.005078125 0.6125 0.005078125 0.6921875 0.1015625 0.6921875 0.1015625 0.6125 0.005078125 0.6125
19 0.122265625 0.603125 0.122265625 0.7078125 0.1984375 0.7078125 0.1984375 0.603125 0.122265625 0.603125
19 0.441015625 0.6375 0.441015625 0.7015625 0.546875 0.7015625 0.546875 0.6375 0.441015625 0.6375
19 0.8890625 0.636328125 0.7859375 0.636328125 0.7859375 0.7 0.8890625 0.7 0.8890625 0.636328125
19 0.6453125 0.620703125 0.58671875 0.620703125 0.58671875 0.725 0.6453125 0.725 0.6453125 0.620703125
19 0.669140625 0.64375 0.669140625 0.7046875 0.775 0.7046875 0.775 0.64375 0.669140625 0.64375
19 0.903515625 0.6359375 0.903515625 0.703125 0.9984375 0.703125 0.9984375 0.6359375 0.903515625 0.6359375
19 0.2171875 0.8 0.2171875 0.7359375 0.120703125 0.7359375 0.120703125 0.8 0.2171875 0.8
19 0.0359375 0.71875 0.0359375 0.81875 0.0984375 0.81875 0.0984375 0.71875 0.0359375 0.71875
19 0.223828125 0.7390625 0.223828125 0.8015625 0.325 0.8015625 0.325 0.7390625 0.223828125 0.7390625
19 0.4328125 0.8046875 0.4328125 0.741015625 0.331640625 0.741015625 0.331640625 0.8046875 0.4328125 0.8046875
19 0.50546875 0.8078125 0.50546875 0.735546875 0.4453125 0.735546875 0.4453125 0.8078125 0.50546875 0.8078125
19 0.519140625 0.7484375 0.519140625 0.80625 0.59375 0.80625 0.59375 0.7484375 0.519140625 0.7484375
19 0.602734375 0.7484375 0.602734375 0.80625 0.6828125 0.80625 0.6828125 0.7484375 0.602734375 0.7484375
19 0.692578125 0.7484375 0.692578125 0.80625 0.771875 0.80625 0.771875 0.7484375 0.692578125 0.7484375
19 0.7875 0.809375 0.86875 0.809375 0.86875 0.75625 0.7875 0.75625 0.7875 0.809375
19 0.894140625 0.253125 0.894140625 0.328125 0.9625 0.328125 0.9625 0.253125 0.894140625 0.253125
19 0.798828125 0.2578125 0.798828125 0.325 0.8734375 0.325 0.8734375 0.2578125 0.798828125 0.2578125
19 0.1796875 0.25 0.1796875 0.334375 0.259375 0.334375 0.259375 0.25 0.1796875 0.25
19 0.1671875 0.251953125 0.090625 0.251953125 0.090625 0.3328125 0.1671875 0.3328125 0.1671875 0.251953125
19 0 0.3328125 0.0796875 0.3328125 0.0796875 0.251171875 0 0.251171875 0 0.3328125
19 0.78125 0.259765625 0.7125 0.259765625 0.7125 0.325 0.78125 0.325 0.78125 0.259765625
19 0.6921875 0.25859375 0.624609375 0.25859375 0.624609375 0.3328125 0.6921875 0.3328125 0.6921875 0.25859375
19 0.3953125 0.325 0.3953125 0.264453125 0.325 0.264453125 0.325 0.325 0.3953125 0.325
19 0.325 0.3234375 0.325 0.269921875 0.255859375 0.269921875 0.255859375 0.3234375 0.325 0.3234375
19 0.5984375 0.33125 0.5984375 0.260546875 0.53515625 0.260546875 0.53515625 0.33125 0.5984375 0.33125
19 0.4453125 0.3296875 0.4453125 0.282421875 0.4015625 0.282421875 0.4015625 0.3296875 0.4453125 0.3296875
19 0.509375 0.328125 0.509375 0.28359375 0.46328125 0.28359375 0.46328125 0.328125 0.509375 0.328125
19 1 0.3890625 0.9515625 0.3890625 0.9515625 0.415625 1 0.415625 1 0.3890625
19 0.71875 0.3890625 0.71875 0.4578125 0.790625 0.4578125 0.790625 0.3890625 0.71875 0.3890625
19 0.8625 0.403515625 0.8125 0.403515625 0.8125 0.459375 0.8625 0.459375 0.8625 0.403515625
19 0.6328125 0.40625 0.6328125 0.459375 0.70625 0.459375 0.70625 0.40625 0.6328125 0.40625
19 0.888671875 0.403125 0.888671875 0.46328125 0.9359375 0.46328125 0.9359375 0.403125 0.888671875 0.403125
19 0.375 0.409375 0.375 0.45625 0.446875 0.45625 0.446875 0.409375 0.375 0.409375
19 0.4609375 0.4578125 0.534375 0.4578125 0.534375 0.408203125 0.4609375 0.408203125 0.4609375 0.4578125
19 0.279296875 0.4109375 0.279296875 0.459375 0.3609375 0.459375 0.3609375 0.4109375 0.279296875 0.4109375
19 0.5453125 0.4125 0.5453125 0.459375 0.621875 0.459375 0.621875 0.4125 0.5453125 0.4125
19 0.212109375 0.409375 0.212109375 0.46796875 0.2515625 0.46796875 0.2515625 0.409375 0.212109375 0.409375
19 0.1359375 0.4109375 0.1359375 0.4671875 0.1765625 0.4671875 0.1765625 0.4109375 0.1359375 0.4109375
19 0.05 0.415234375 0.00546875 0.415234375 0.00546875 0.4625 0.05 0.4625 0.05 0.415234375
19 0.109375 0.465625 0.109375 0.412890625 0.065625 0.412890625 0.065625 0.465625 0.109375 0.465625
19 1 0.428515625 0.946875 0.428515625 0.946875 0.4546875 1 0.4546875 1 0.428515625
19 0.6703125 0.5765625 0.6703125 0.503515625 0.566015625 0.503515625 0.566015625 0.5765625 0.6703125 0.5765625
19 0.805078125 0.503125 0.805078125 0.5765625 0.9171875 0.5765625 0.9171875 0.503125 0.805078125 0.503125
19 0.110546875 0.484375 0.110546875 0.58984375 0.1875 0.58984375 0.1875 0.484375 0.110546875 0.484375
19 0.0046875 0.5015625 0.0046875 0.5734375 0.1078125 0.5734375 0.1078125 0.5015625 0.0046875 0.5015625
19 0.923046875 0.50625 0.923046875 0.578125 0.9984375 0.578125 0.9984375 0.50625 0.923046875 0.50625
19 0.773046875 0.6 0.773046875 0.484765625 0.698828125 0.484765625 0.698828125 0.6 0.773046875 0.6
19 0.20625 0.4984375 0.20625 0.575 0.3125 0.575 0.3125 0.4984375 0.20625 0.4984375
19 0.423828125 0.5 0.423828125 0.5765625 0.528125 0.5765625 0.528125 0.5 0.423828125 0.5
19 0.4203125 0.575 0.4203125 0.500390625 0.313671875 0.500390625 0.313671875 0.575 0.4203125 0.575