19 0.234375 0.4875 0.1546875 0.4875 0.1546875 0.55 0.234375 0.55 0.234375 0.4875
19 0.146875 0.4890625 0.0734375 0.4890625 0.0734375 0.553125 0.146875 0.553125 0.146875 0.4890625
19 0.584375 0.4875 0.5125 0.4875 0.5125 0.55234375 0.584375 0.55234375 0.584375 0.4875
19 0.6703125 0.4875 0.59375 0.4875 0.59375 0.55234375 0.6703125 0.55234375 0.6703125 0.4875
19 0.50234375 0.4875 0.43125 0.4875 0.43125 0.55234375 0.50234375 0.55234375 0.50234375 0.4875
19 0.29609375 0.5015625 0.240625 0.5015625 0.240625 0.55078125 0.29609375 0.55078125 0.29609375 0.5015625
19 0.35703125 0.503125 0.303125 0.503125 0.303125 0.55234375 0.35703125 0.55234375 0.35703125 0.503125
19 0.42265625 0.503125 0.3671875 0.503125 0.3671875 0.5515625 0.42265625 0.5515625 0.42265625 0.503125
19 0.73125 0.50625 0.6796875 0.50625 0.6796875 0.5546875 0.73125 0.5546875 0.73125 0.50625
19 0.79296875 0.50625 0.7390625 0.50625 0.7390625 0.55703125 0.79296875 0.55703125 0.79296875 0.50625
19 0.85 0.5265625 0.7984375 0.5265625 0.7984375 0.55625 0.85 0.55625 0.85 0.5265625
19 0.90703125 0.5265625 0.85625 0.5265625 0.85625 0.55390625 0.90703125 0.55390625 0.90703125 0.5265625
19 0.9640625 0.5265625 0.915625 0.5265625 0.915625 0.55390625 0.9640625 0.55390625 0.9640625 0.5265625
19 0.6046875 0.596875 0.5109375 0.596875 0.5109375 0.66640625 0.6046875 0.66640625 0.6046875 0.596875
19 0.703125 0.5984375 0.6140625 0.5984375 0.6140625 0.66796875 0.703125 0.66796875 0.703125 0.5984375
19 0.50546875 0.6078125 0.409375 0.6078125 0.409375 0.665625 0.50546875 0.665625 0.50546875 0.6078125
19 0.1984375 0.6078125 0.1109375 0.6078125 0.1109375 0.6640625 0.1984375 0.6640625 0.1984375 0.6078125
19 0.30078125 0.6125 0.215625 0.6125 0.215625 0.66640625 0.30078125 0.66640625 0.30078125 0.6125
19 0.40234375 0.6140625 0.3125 0.6140625 0.3125 0.6671875 0.40234375 0.6671875 0.40234375 0.6140625