19 0.5328125 0.7078125 0.5328125 0.6613627375 0.4922468359375 0.6613627375 0.4922468359375 0.7078125 0.5328125 0.7078125
19 0.3140625 0.6692939078125 0.28496835468750004 0.6692939078125 0.28496835468750004 0.7072685921875 0.3140625 0.7072685921875 0.3140625 0.6692939078125
19 0.278125 0.667701740625 0.250207675 0.667701740625 0.250207675 0.710423259375 0.278125 0.710423259375 0.278125 0.667701740625
19 0.2167622625 0.7010581484375 0.2167622625 0.6757416921875 0.175623021875 0.6757416921875 0.175623021875 0.7010581484375 0.2167622625 0.7010581484375
19 0.584375 0.667741296875 0.5399426421875 0.667741296875 0.5399426421875 0.710462815625 0.584375 0.710462815625 0.584375 0.667741296875
19 0.210067246875 0.675 0.210067246875 0.703125 0.2527887640625 0.703125 0.2527887640625 0.675 0.210067246875 0.675
19 0.690625 0.709375 0.690625 0.66551621875 0.64754746875 0.66551621875 0.64754746875 0.709375 0.690625 0.709375
19 0.4546875 0.7078125 0.4875 0.7078125 0.4875 0.6681170890625 0.4546875 0.6681170890625 0.4546875 0.7078125
19 0.384375 0.6709157453125 0.35437104375 0.6709157453125 0.35437104375 0.7088904265625 0.384375 0.7088904265625 0.384375 0.6709157453125
19 0.4171875 0.6688884500000001 0.389270175 0.6688884500000001 0.389270175 0.7092365515625 0.4171875 0.7092365515625 0.4171875 0.6688884500000001
19 0.45 0.6693334640625 0.422844146875 0.6693334640625 0.422844146875 0.7104727046875 0.45 0.7104727046875 0.45 0.6693334640625
19 0.346875 0.709375 0.346875 0.66971914375 0.31751384531250004 0.66971914375 0.31751384531250004 0.709375 0.346875 0.709375
19 0.6372824359375 0.7140625 0.6372824359375 0.6638746046875 0.5945609171874999 0.6638746046875 0.5945609171874999 0.7140625 0.6372824359375 0.7140625
19 0.7421875 0.6693433546875001 0.70060324375 0.6693433546875001 0.70060324375 0.712064875 0.7421875 0.712064875 0.7421875 0.6693433546875001
19 0.7921875 0.7125 0.7921875 0.6697389234375 0.7498813296875 0.6697389234375 0.7498813296875 0.7125 0.7921875 0.7125
19 0.7138844921875 0.334375 0.7138844921875 0.310601265625 0.6735363921874999 0.310601265625 0.6735363921874999 0.334375 0.7138844921875 0.334375
19 0.73125 0.34375 0.73125 0.3043314890625 0.7069026890625 0.3043314890625 0.7069026890625 0.34375 0.73125 0.34375
19 0.519729034375 0.3671875 0.519729034375 0.32693829218750003 0.447735365625 0.32693829218750003 0.447735365625 0.3671875 0.519729034375 0.3671875
19 0.559375 0.365625 0.559375 0.330765428125 0.48978441406249995 0.330765428125 0.48978441406249995 0.365625 0.559375 0.365625
19 0.5859375 0.3828125 0.6140625 0.3828125 0.6140625 0.32619659843750004 0.5859375 0.32619659843750004 0.5859375 0.3828125
19 0.60625 0.36875 0.6640625 0.36875 0.6640625 0.3400613125 0.60625 0.3400613125 0.60625 0.36875
19 0.6953125 0.36875 0.6953125 0.3399426421875 0.639893196875 0.3399426421875 0.639893196875 0.36875 0.6953125 0.36875
19 0.715625 0.384375 0.715625 0.3448180390625 0.687272546875 0.3448180390625 0.687272546875 0.384375 0.715625 0.384375
19 0.71875 0.384375 0.7453125 0.384375 0.7453125 0.3470233390625 0.71875 0.3470233390625 0.71875 0.384375
19 0.713726265625 0.384375 0.713726265625 0.3837717546875 0.7113528484375 0.3837717546875 0.7113528484375 0.384375 0.713726265625 0.384375
19 0.246875 0.4515625 0.246875 0.4130241296875 0.197448575 0.4130241296875 0.197448575 0.4515625 0.246875 0.4515625
19 0.53125 0.465625 0.53125 0.40542919218750006 0.480706090625 0.40542919218750006 0.480706090625 0.465625 0.53125 0.465625
19 0.284375 0.459375 0.284375 0.411372625 0.2450553796875 0.411372625 0.2450553796875 0.459375 0.284375 0.459375
19 0.4234375 0.4640625 0.4234375 0.40662579218749995 0.3705300625 0.40662579218749995 0.3705300625 0.4640625 0.4234375 0.4640625
19 0.4792325953125 0.465625 0.4792325953125 0.40508306875000005 0.42701740624999995 0.40508306875000005 0.42701740624999995 0.465625 0.4792325953125 0.465625
19 0.3765625 0.45625 0.3765625 0.41940268906249994 0.32514833906249996 0.41940268906249994 0.32514833906249996 0.45625 0.3765625 0.45625
19 0.3296875 0.4145767421875 0.2915051421875 0.4145767421875 0.2915051421875 0.463627375 0.3296875 0.463627375 0.3296875 0.4145767421875
19 0.5875 0.4133900296875 0.5332476265625 0.4133900296875 0.5332476265625 0.46560522187500003 0.5875 0.46560522187500003 0.5875 0.4133900296875
19 0.2359375 0.5390625 0.2359375 0.49932753124999996 0.1814181171875 0.49932753124999996 0.1814181171875 0.5390625 0.2359375 0.5390625
19 0.4078125 0.5484375 0.4078125 0.492345728125 0.38596716875000003 0.492345728125 0.38596716875000003 0.5484375 0.4078125 0.5484375
19 0.4515625 0.53125 0.4515625 0.5077333859375 0.39413568125 0.5077333859375 0.39413568125 0.53125 0.4515625 0.53125
19 0.2796875 0.540625 0.2796875 0.49963409687500004 0.2252076734375 0.4996340984375 0.2252076734375 0.540625 0.2796875 0.540625
19 0.396875 0.534375 0.396875 0.5078421671875 0.3399228640625 0.5078421671875 0.3399228640625 0.534375 0.396875 0.534375
19 0.26875 0.5421875 0.321875 0.5421875 0.321875 0.5021558546875 0.26875 0.5021558546875 0.26875 0.5421875
19 0.3609375 0.540625 0.3609375 0.505231409375 0.310413371875 0.505231409375 0.310413371875 0.540625 0.3609375 0.540625
19 0.4890625 0.546875 0.4890625 0.4984375 0.4389734984375 0.4984375 0.4389734984375 0.546875 0.4890625 0.546875
19 0.5421875 0.5484375 0.5421875 0.5 0.4971420078125 0.5 0.4971420078125 0.5484375 0.5421875 0.5484375
19 0.5984375 0.546875 0.5984375 0.5018888453125 0.5495846515625 0.5018888453125 0.5495846515625 0.546875 0.5984375 0.546875
19 0.6546875 0.5515625 0.6546875 0.5031249984375 0.6041040343749999 0.5031249984375 0.6041040343749999 0.5515625 0.6546875 0.5515625
19 0.7609375 0.5515625 0.7609375 0.5046875 0.7153283234375001 0.5046875 0.7153283234375001 0.5515625 0.7609375 0.5515625
19 0.703125 0.553125 0.703125 0.5046677234375 0.658257515625 0.5046677234375 0.658257515625 0.553125 0.703125 0.553125
19 0.5859375 0.5953125 0.609375 0.5953125 0.609375 0.5802412984374999 0.5859375 0.5802412984374999 0.5859375 0.5953125
19 0.6640625 0.6015625 0.6640625 0.577531646875 0.647596915625 0.577531646875 0.647596915625 0.6015625 0.6640625 0.6015625
19 0.6328125 0.6 0.6328125 0.578322784375 0.616742484375 0.578322784375 0.616742484375 0.6 0.6328125 0.6
19 0.6953125 0.5775316453125 0.67922270625 0.5775316453125 0.67922270625 0.6044303796875 0.6953125 0.6044303796875 0.6953125 0.5775316453125
19 0.728125 0.596875 0.728125 0.5806467578125 0.703698575 0.5806467578125 0.703698575 0.596875 0.728125 0.596875
19 0.76875 0.603125 0.7859375 0.603125 0.7859375 0.5775810921875 0.76875 0.5775810921875 0.76875 0.603125
19 0.2328125 0.621875 0.2328125 0.578125 0.186985759375 0.578125 0.186985759375 0.621875 0.2328125 0.621875
19 0.2921875 0.6203125 0.2921875 0.5809928796875 0.242256725 0.5809928796875 0.242256725 0.6203125 0.2921875 0.6203125
19 0.3578125 0.621875 0.3578125 0.5851859171875 0.32713607499999997 0.5851859171875 0.32713607499999997 0.621875 0.3578125 0.621875
19 0.428125 0.6171875 0.428125 0.590625 0.391356803125 0.590625 0.391356803125 0.6171875 0.428125 0.6171875
19 0.3859375 0.621875 0.3859375 0.584375 0.3607693828125 0.584375 0.3607693828125 0.621875 0.3859375 0.621875
19 0.4625 0.6171875 0.4625 0.5920787171875 0.42537579062499997 0.5920787171875 0.42537579062499997 0.6171875 0.4625 0.6171875
19 0.4625 0.6234375 0.4890625 0.6234375 0.4890625 0.5859375 0.4625 0.5859375 0.4625 0.6234375
19 0.325 0.591416140625 0.2916732609375 0.591416140625 0.2916732609375 0.6183148734375 0.325 0.6183148734375 0.325 0.591416140625
19 0.5 0.621875 0.5203125 0.621875 0.5203125 0.6046875 0.5 0.6046875 0.5 0.621875
19 0.5253955703125001 0.6046875 0.5253955703125001 0.621875 0.5499208859375 0.621875 0.5499208859375 0.6046875 0.5253955703125001 0.6046875
19 0.5837816453125 0.621875 0.5837816453125 0.6061412171875 0.5537183546875 0.6061412171875 0.5537183546875 0.621875 0.5837816453125 0.621875
19 0.6015625 0.6265625 0.6015625 0.604806171875 0.58810324375 0.604806171875 0.58810324375 0.6265625 0.6015625 0.6265625
19 0.6390625 0.625 0.6390625 0.6071004734375001 0.6119659796875 0.6071004734375001 0.6119659796875 0.625 0.6390625 0.625
19 0.6921875 0.63125 0.6921875 0.60287776875 0.6783128953124999 0.60287776875 0.6783128953124999 0.63125 0.6921875 0.63125
19 0.725 0.6296875 0.725 0.6048061703125 0.7081586234375 0.6048061703125 0.7081586234375 0.6296875 0.725 0.6296875
19 0.6625 0.63125 0.6625 0.60642800625 0.6462915359375 0.60642800625 0.6462915359375 0.63125 0.6625 0.63125
19 0.78125 0.6328125 0.78125 0.6044996031250001 0.7685225484375 0.6044996031250001 0.7685225484375 0.6328125 0.78125 0.6328125
19 0.7546875 0.6265625 0.7546875 0.6124011078125 0.7330597296875 0.6124011078125 0.7330597296875 0.6265625 0.7546875 0.6265625