19 0.7686586859375 0.296875 0.7686586859375 0.192146915625 0.711028815625 0.192146915625 0.711028815625 0.296875 0.7686586859375 0.296875
19 0.859375 0.2765625 0.859375 0.22414772656249998 0.7568993515625 0.22414772656249998 0.7568993515625 0.2765625 0.859375 0.2765625
19 0.9296875 0.278125 0.9296875 0.2253348203125 0.825395696875 0.2253348203125 0.825395696875 0.278125 0.9296875 0.278125
19 0.99375 0.2828125 0.99375 0.229454140625 0.8893364437500001 0.229454140625 0.8893364437500001 0.2828125 0.99375 0.2828125
19 0.11875 0.415625 0.11875 0.31204342343749997 0.0035917203125 0.31204342343749997 0.0035917203125 0.415625 0.11875 0.415625
19 0.134375 0.41875 0.2355215109375 0.41875 0.2355215109375 0.3146205359375 0.134375 0.3146205359375 0.134375 0.41875
19 0.359375 0.421875 0.359375 0.310653409375 0.253754059375 0.310653409375 0.253754059375 0.421875 0.359375 0.421875
19 0.4859375 0.4203125 0.4859375 0.31428571562499996 0.3797179390625 0.31428571562499996 0.3797179390625 0.4203125 0.4859375 0.4203125
19 0.584375 0.3315949671875 0.49950284062500006 0.3315949671875 0.49950284062500006 0.42169237031250006 0.584375 0.42169237031250006 0.584375 0.3315949671875
19 0.6828125 0.4234375 0.6828125 0.33917410625 0.602435065625 0.33917410625 0.602435065625 0.4234375 0.6828125 0.4234375
19 0.7715198875 0.4265625 0.7715198875 0.3425426125 0.6862926140625001 0.3425426125 0.6862926140625001 0.4265625 0.7715198875 0.4265625
19 0.8453125 0.4109375 0.8453125 0.36378855468750004 0.7715909078125 0.36378855468750004 0.7715909078125 0.4109375 0.8453125 0.4109375
19 0.8890625 0.3517248375 0.8390625 0.3517248375 0.8390625 0.42640016249999996 0.8890625 0.42640016249999996 0.8890625 0.3517248375
19 0.9453125 0.428125 0.9453125 0.3556310875 0.8983055999999999 0.3556310875 0.8983055999999999 0.428125 0.9453125 0.428125
19 0.021875 0.5625 0.14653003281250002 0.5625 0.14653003281250002 0.4569399359375 0.021875 0.4569399359375 0.021875 0.5625
19 0.7171875 0.528125 0.7171875 0.4885957796875 0.662053571875 0.4885957796875 0.662053571875 0.528125 0.7171875 0.528125
19 0.2578125 0.559375 0.2578125 0.4622666390625 0.1351968359375 0.4622666390625 0.1351968359375 0.559375 0.2578125 0.559375
19 0.8359375 0.5296875 0.8359375 0.49383116875 0.78615056875 0.49383116875 0.78615056875 0.5296875 0.8359375 0.5296875
19 0.7328125 0.5375 0.7716213468750001 0.5375 0.7716213468750001 0.4877333609375 0.7328125 0.4877333609375 0.7328125 0.5375
19 0.2546875 0.5734375 0.3421875 0.5734375 0.3421875 0.4515625 0.2546875 0.4515625 0.2546875 0.5734375
19 0.4375 0.47578125 0.354778815625 0.47578125 0.354778815625 0.573183846875 0.4375 0.573183846875 0.4375 0.47578125
19 0.525 0.47581168749999997 0.44425730625000004 0.47581168749999997 0.44425730625000004 0.5748376625 0.525 0.5748376625 0.525 0.47581168749999997
19 0.5875 0.575 0.5875 0.5048295453125 0.5340604703125 0.5048295453125 0.5340604703125 0.575 0.5875 0.575
19 0.9375 0.5859375 0.9375 0.49375 0.8710125828124999 0.49375 0.8710125828124999 0.5859375 0.9375 0.5859375
19 0.590625 0.56875 0.659375 0.56875 0.659375 0.5133928562500001 0.590625 0.5133928562500001 0.590625 0.56875
19 0.70625 0.58125 0.70625 0.5304078718749999 0.6681513812500001 0.5304078718749999 0.6681513812500001 0.58125 0.70625 0.58125
19 0.76875 0.5796875 0.76875 0.53125 0.7299817375 0.53125 0.7299817375 0.5796875 0.76875 0.5796875
19 0.825 0.5796875 0.825 0.53068181875 0.7862520296875 0.53068181875 0.7862520296875 0.5796875 0.825 0.5796875