19 0.1359375 0.277734375 0.03984375 0.277734375 0.03984375 0.3546875 0.1359375 0.3546875 0.1359375 0.277734375
19 0.141015625 0.2734375 0.141015625 0.365625 0.2203125 0.365625 0.2203125 0.2734375 0.141015625 0.2734375
19 0.29375 0.3578125 0.29375 0.30078125 0.223046875 0.30078125 0.223046875 0.3578125 0.29375 0.3578125
19 0.296875 0.303125 0.296875 0.3640625 0.3703125 0.3640625 0.3703125 0.303125 0.296875 0.303125
19 0.759375 0.290625 0.681640625 0.290625 0.681640625 0.38125 0.759375 0.38125 0.759375 0.290625
19 0.585546875 0.3015625 0.585546875 0.3734375 0.6671875 0.3734375 0.6671875 0.3015625 0.585546875 0.3015625
19 0.4890625 0.36875 0.578125 0.36875 0.578125 0.3 0.4890625 0.3 0.4890625 0.36875
19 0.775 0.303125 0.775 0.38125 0.8671875 0.38125 0.8671875 0.303125 0.775 0.303125
19 0.4234375 0.31796875 0.373046875 0.31796875 0.373046875 0.36875 0.4234375 0.36875 0.4234375 0.31796875
19 0.9328125 0.3859375 0.9328125 0.31484375 0.86953125 0.31484375 0.86953125 0.3859375 0.9328125 0.3859375
19 0.4703125 0.33203125 0.439453125 0.33203125 0.439453125 0.3765625 0.4703125 0.3765625 0.4703125 0.33203125
19 0.0296875 0.453125 0.0296875 0.534375 0.1140625 0.534375 0.1140625 0.453125 0.0296875 0.453125
19 0.125 0.5328125 0.20625 0.5328125 0.20625 0.459765625 0.125 0.459765625 0.125 0.5328125
19 0.21875 0.45625 0.21875 0.5359375 0.2953125 0.5359375 0.2953125 0.45625 0.21875 0.45625
19 0.39375 0.5375 0.39375 0.462890625 0.312890625 0.462890625 0.312890625 0.5375 0.39375 0.5375
19 0.4890625 0.5375 0.4890625 0.469140625 0.398046875 0.469140625 0.398046875 0.5375 0.4890625 0.5375
19 0.503515625 0.4734375 0.503515625 0.540625 0.5890625 0.540625 0.5890625 0.4734375 0.503515625 0.4734375
19 0.671875 0.5515625 0.671875 0.471484375 0.607421875 0.471484375 0.607421875 0.5515625 0.671875 0.5515625
19 0.7828125 0.54375 0.7828125 0.4859375 0.709765625 0.4859375 0.709765625 0.54375 0.7828125 0.54375
19 0.8671875 0.559375 0.8671875 0.480078125 0.8125 0.480078125 0.8125 0.559375 0.8671875 0.559375