19 0.665625 0.45 0.665625 0.38003636093750004 0.5583185937499999 0.38003636093750004 0.5583185937499999 0.45 0.665625 0.45
19 0.5703125 0.471875 0.5703125 0.3634728765625 0.5006240187500001 0.3634728765625 0.5006240187500001 0.471875 0.5703125 0.471875
19 0.4265625 0.45625 0.5109375 0.45625 0.5109375 0.3991696140625 0.4265625 0.3991696140625 0.4265625 0.45625
19 0.696875 0.5875 0.696875 0.5507468546875 0.6646668625000001 0.5507468546875 0.6646668625000001 0.5875 0.696875 0.5875
19 0.5716932 0.6375 0.5716932 0.5623378546875 0.502510809375 0.5623378546875 0.502510809375 0.6375 0.5716932 0.6375
19 0.6609375 0.6390625 0.6609375 0.57220911875 0.5789848671875 0.57220911875 0.5789848671875 0.6390625 0.6609375 0.6390625
19 0.803125 0.6375 0.803125 0.580090409375 0.7553016921875 0.580090409375 0.7553016921875 0.6375 0.803125 0.6375
19 0.8578125 0.6390625 0.8578125 0.5816725625 0.8071196921875 0.5816725625 0.8071196921875 0.6390625 0.8578125 0.6390625
19 0.75 0.5798938687499999 0.7061075078125 0.5798938687499999 0.7061075078125 0.6388561328125 0.75 0.6388561328125 0.75 0.5798938687499999
19 0.9171875 0.634375 0.9171875 0.587337853125 0.8562205171875 0.587337853125 0.8562205171875 0.634375 0.9171875 0.634375
19 0.701302084375 0.6375 0.701302084375 0.5974547953125 0.662780071875 0.5974547953125 0.662780071875 0.6375 0.701302084375 0.6375