19 0.7953125 0.332421875 0.73046875 0.332421875 0.73046875 0.3625 0.7953125 0.3625 0.7953125 0.332421875
19 0.7609375 0.335546875 0.70078125 0.335546875 0.70078125 0.3640625 0.7609375 0.3640625 0.7609375 0.335546875
19 0.652734375 0.325 0.652734375 0.38125 0.6796875 0.38125 0.6796875 0.325 0.652734375 0.325
19 0.725 0.337890625 0.669921875 0.337890625 0.669921875 0.366796875 0.725 0.366796875 0.725 0.337890625
19 0.590625 0.325 0.590625 0.38125 0.6203125 0.38125 0.6203125 0.325 0.590625 0.325
19 0.6640625 0.3671875 0.6640625 0.33828125 0.60859375 0.33828125 0.60859375 0.3671875 0.6640625 0.3671875
19 0.8625 0.5015625 0.8625 0.5546875 0.8828125 0.5546875 0.8828125 0.5015625 0.8625 0.5015625
19 0.8734375 0.5390625 0.8734375 0.51953125 0.82109375 0.51953125 0.82109375 0.5390625 0.8734375 0.5390625
19 0.753125 0.512109375 0.7390625 0.512109375 0.7390625 0.5546875 0.753125 0.5546875 0.753125 0.512109375
19 0.7578125 0.5125 0.7578125 0.5546875 0.771875 0.5546875 0.771875 0.5125 0.7578125 0.5125
19 0.75 0.5421875 0.75 0.52890625 0.71015625 0.52890625 0.71015625 0.5421875 0.75 0.5421875
19 0.7921875 0.515234375 0.7765625 0.515234375 0.7765625 0.5546875 0.7921875 0.5546875 0.7921875 0.515234375
19 0.7828125 0.5296875 0.7828125 0.5453125 0.8234375 0.5453125 0.8234375 0.5296875 0.7828125 0.5296875
19 0.8421875 0.5453125 0.8421875 0.529296875 0.8046875 0.529296875 0.8046875 0.5453125 0.8421875 0.5453125
19 0.7734375 0.6109375 0.7734375 0.63125 0.809375 0.63125 0.809375 0.6109375 0.7734375 0.6109375
19 0.7859375 0.634375 0.7859375 0.61328125 0.75078125 0.61328125 0.75078125 0.634375 0.7859375 0.634375
19 0.8328125 0.6375 0.8328125 0.6140625 0.797265625 0.6140625 0.797265625 0.6375 0.8328125 0.6375
19 0.8046875 0.6890625 0.753515625 0.6890625 0.753515625 0.7125 0.8046875 0.7125 0.8046875 0.6890625
19 0.746875 0.715625 0.746875 0.690234375 0.696875 0.690234375 0.696875 0.715625 0.746875 0.715625
19 0.7796875 0.691015625 0.7296875 0.691015625 0.7296875 0.715625 0.7796875 0.715625 0.7796875 0.691015625
19 0.783984375 0.690625 0.783984375 0.7140625 0.8296875 0.7140625 0.8296875 0.690625 0.783984375 0.690625
19 0.825 0.6828125 0.825 0.728125 0.85 0.728125 0.85 0.6828125 0.825 0.6828125
19 0.8875 0.71875 0.8875 0.693359375 0.84453125 0.693359375 0.84453125 0.71875 0.8875 0.71875
19 0.79375 0.825390625 0.7609375 0.825390625 0.7609375 0.8421875 0.79375 0.8421875 0.79375 0.825390625
19 0.7671875 0.817578125 0.7515625 0.817578125 0.7515625 0.85 0.7671875 0.85 0.7671875 0.817578125
19 0.74375 0.8859375 0.74375 0.903125 0.7859375 0.903125 0.7859375 0.8859375 0.74375 0.8859375
19 0.8046875 0.903125 0.8046875 0.88671875 0.765234375 0.88671875 0.765234375 0.903125 0.8046875 0.903125
19 0.83125 0.9078125 0.83125 0.89609375 0.805859375 0.89609375 0.805859375 0.9078125 0.83125 0.9078125
19 0.8140625 0.895703125 0.787890625 0.895703125 0.787890625 0.908984375 0.8140625 0.908984375 0.8140625 0.895703125
19 0.84375 0.8890625 0.84375 0.915625 0.8578125 0.915625 0.8578125 0.8890625 0.84375 0.8890625
19 0.8796875 0.895703125 0.85546875 0.895703125 0.85546875 0.909375 0.8796875 0.909375 0.8796875 0.895703125
19 0.846875 0.909375 0.846875 0.89765625 0.821484375 0.89765625 0.821484375 0.909375 0.846875 0.909375