19 0.28984375 0.671875 0.2296875 0.671875 0.2296875 0.72578125 0.28984375 0.72578125 0.28984375 0.671875
19 0.35390625 0.671875 0.2984375 0.671875 0.2984375 0.72578125 0.35390625 0.72578125 0.35390625 0.671875
19 0.553125 0.66875 0.4921875 0.66875 0.4921875 0.72890625 0.553125 0.72890625 0.553125 0.66875
19 0.4296875 0.6734375 0.3609375 0.6734375 0.3609375 0.72890625 0.4296875 0.72890625 0.4296875 0.6734375
19 0.21953125 0.68125 0.15 0.68125 0.15 0.7296875 0.21953125 0.7296875 0.21953125 0.68125
19 0.484375 0.6796875 0.4328125 0.6796875 0.4328125 0.7328125 0.484375 0.7328125 0.484375 0.6796875
19 0.51015625 0.8 0.4703125 0.8 0.4703125 0.825 0.51015625 0.825 0.51015625 0.8
19 0.5875 0.8015625 0.55625 0.8015625 0.55625 0.8265625 0.5875 0.8265625 0.5875 0.8015625
19 0.5484375 0.8015625 0.51875 0.8015625 0.51875 0.82578125 0.5484375 0.82578125 0.5484375 0.8015625
19 0.59140625 0.8453125 0.5515625 0.8453125 0.5515625 0.8703125 0.59140625 0.8703125 0.59140625 0.8453125
19 0.54609375 0.84375 0.5171875 0.84375 0.5171875 0.8734375 0.54609375 0.8734375 0.54609375 0.84375
19 0.509375 0.84375 0.4734375 0.84375 0.4734375 0.87734375 0.509375 0.87734375 0.509375 0.84375
19 0.64453125 0.8671875 0.584375 0.8671875 0.584375 0.92578125 0.64453125 0.92578125 0.64453125 0.8671875
19 0.7125 0.8703125 0.6515625 0.8703125 0.6515625 0.92890625 0.7125 0.92890625 0.7125 0.8703125
19 0.7828125 0.8703125 0.7203125 0.8703125 0.7203125 0.92890625 0.7828125 0.92890625 0.7828125 0.8703125
19 0.5046875 0.89375 0.4734375 0.89375 0.4734375 0.92265625 0.5046875 0.92265625 0.5046875 0.89375
19 0.54609375 0.89375 0.5125 0.89375 0.5125 0.92265625 0.54609375 0.92265625 0.54609375 0.89375
19 0.5828125 0.89375 0.5515625 0.89375 0.5515625 0.92265625 0.5828125 0.92265625 0.5828125 0.89375
19 0.09609375 0.3765625 0.0578125 0.3765625 0.0578125 0.45859375 0.09609375 0.45859375 0.09609375 0.3765625
19 0.259375 0.3859375 0.2078125 0.3859375 0.2078125 0.4625 0.259375 0.4625 0.259375 0.3859375
19 0.32109375 0.3875 0.265625 0.3875 0.265625 0.4640625 0.32109375 0.4640625 0.32109375 0.3875
19 0.5046875 0.3875 0.4515625 0.3875 0.4515625 0.4640625 0.5046875 0.4640625 0.5046875 0.3875
19 0.56484375 0.3875 0.50625 0.3875 0.50625 0.4640625 0.56484375 0.4640625 0.56484375 0.3875
19 0.3796875 0.3875 0.328125 0.3875 0.328125 0.465625 0.3796875 0.465625 0.3796875 0.3875
19 0.62109375 0.3875 0.5703125 0.3875 0.5703125 0.465625 0.62109375 0.465625 0.62109375 0.3875
19 0.440625 0.3875 0.3875 0.3875 0.3875 0.465625 0.440625 0.465625 0.440625 0.3875
19 0.19609375 0.4046875 0.1625 0.4046875 0.1625 0.4609375 0.19609375 0.4609375 0.19609375 0.4046875
19 0.1484375 0.4046875 0.1109375 0.4046875 0.1109375 0.46484375 0.1484375 0.46484375 0.1484375 0.4046875
19 0.42890625 0.509375 0.3546875 0.509375 0.3546875 0.5984375 0.42890625 0.5984375 0.42890625 0.509375
19 0.5140625 0.5171875 0.4421875 0.5171875 0.4421875 0.596875 0.5140625 0.596875 0.5140625 0.5171875
19 0.5953125 0.51875 0.5171875 0.51875 0.5171875 0.5984375 0.5953125 0.5984375 0.5953125 0.51875
19 0.16328125 0.5234375 0.1125 0.5234375 0.1125 0.59453125 0.16328125 0.59453125 0.16328125 0.5234375
19 0.22421875 0.525 0.1734375 0.525 0.1734375 0.596875 0.22421875 0.596875 0.22421875 0.525
19 0.1078125 0.5265625 0.05625 0.5265625 0.05625 0.5953125 0.1078125 0.5953125 0.1078125 0.5265625
19 0.2703125 0.5421875 0.2296875 0.5421875 0.2296875 0.59765625 0.2703125 0.59765625 0.2703125 0.5421875