19 0.2796875 0.4015625 0.2796875 0.36640625 0.19296875 0.36640625 0.19296875 0.4015625 0.2796875 0.4015625
19 0.1796875 0.340625 0.1796875 0.428125 0.2109375 0.428125 0.2109375 0.340625 0.1796875 0.340625
19 0.3171875 0.40625 0.3171875 0.36640625 0.23828125 0.36640625 0.23828125 0.40625 0.3171875 0.40625
19 0.790625 0.421875 0.790625 0.385546875 0.73671875 0.385546875 0.73671875 0.421875 0.790625 0.421875
19 0.8390625 0.421875 0.8390625 0.387109375 0.785546875 0.387109375 0.785546875 0.421875 0.8390625 0.421875
19 0.646875 0.55 0.7265625 0.55 0.7265625 0.476171875 0.646875 0.476171875 0.646875 0.55
19 0.733984375 0.4828125 0.733984375 0.55625 0.7890625 0.55625 0.7890625 0.4828125 0.733984375 0.4828125
19 0.230078125 0.5 0.230078125 0.54375 0.2828125 0.54375 0.2828125 0.5 0.230078125 0.5
19 0.184375 0.4953125 0.184375 0.5484375 0.228125 0.5484375 0.228125 0.4953125 0.184375 0.4953125
19 0.3328125 0.500390625 0.279296875 0.500390625 0.279296875 0.543359375 0.3328125 0.543359375 0.3328125 0.500390625
19 0.41875 0.4921875 0.41875 0.553125 0.4765625 0.553125 0.4765625 0.4921875 0.41875 0.4921875
19 0.4953125 0.490625 0.4953125 0.5640625 0.546875 0.5640625 0.546875 0.490625 0.4953125 0.490625
19 0.5671875 0.5015625 0.5671875 0.5546875 0.634375 0.5546875 0.634375 0.5015625 0.5671875 0.5015625
19 0.3671875 0.55 0.3671875 0.511328125 0.334765625 0.511328125 0.334765625 0.55 0.3671875 0.55
19 0.40859375 0.55 0.40859375 0.513671875 0.375 0.513671875 0.375 0.55 0.40859375 0.55