19 0.6546875 0.6171875 0.6546875 0.6703125 0.7484375 0.6703125 0.7484375 0.6171875 0.6546875 0.6171875
19 0.6140625 0.596875 0.6140625 0.6890625 0.6625 0.6890625 0.6625 0.596875 0.6140625 0.596875
19 0.890625 0.665625 0.890625 0.62890625 0.81171875 0.62890625 0.81171875 0.665625 0.890625 0.665625
19 0.821875 0.606640625 0.7859375 0.606640625 0.7859375 0.6875 0.821875 0.6875 0.821875 0.606640625
19 0.9125 0.6859375 0.9125 0.630859375 0.880078125 0.630859375 0.880078125 0.6859375 0.9125 0.6859375
19 0.9125 0.64375 0.9125 0.6765625 0.9703125 0.6765625 0.9703125 0.64375 0.9125 0.64375
19 0.3296875 0.637890625 0.2875 0.637890625 0.2875 0.696875 0.3296875 0.696875 0.3296875 0.637890625
19 0.2875 0.690625 0.2875 0.64765625 0.230859375 0.64765625 0.230859375 0.690625 0.2875 0.690625
19 0.240625 0.648828125 0.1859375 0.648828125 0.1859375 0.690625 0.240625 0.690625 0.240625 0.648828125
19 0.140625 0.6421875 0.140625 0.6984375 0.184375 0.6984375 0.184375 0.6421875 0.140625 0.6421875
19 0.092578125 0.64375 0.092578125 0.7 0.1359375 0.7 0.1359375 0.64375 0.092578125 0.64375
19 0.3890625 0.378125 0.3890625 0.30546875 0.28046875 0.30546875 0.28046875 0.378125 0.3890625 0.378125
19 0.228125 0.2875 0.228125 0.3953125 0.2953125 0.3953125 0.2953125 0.2875 0.228125 0.2875
19 0.15 0.3875 0.15 0.302734375 0.050390625 0.302734375 0.050390625 0.3875 0.15 0.3875
19 0.22890625 0.3890625 0.22890625 0.310546875 0.1375 0.310546875 0.1375 0.3890625 0.22890625 0.3890625
19 0.7921875 0.309375 0.7921875 0.3921875 0.871875 0.3921875 0.871875 0.309375 0.7921875 0.309375
19 0.875 0.309375 0.875 0.3921875 0.9515625 0.3921875 0.9515625 0.309375 0.875 0.309375
19 0.7390625 0.3296875 0.7390625 0.39375 0.784375 0.39375 0.784375 0.3296875 0.7390625 0.3296875
19 0.6875 0.33125 0.6875 0.39375 0.7359375 0.39375 0.7359375 0.33125 0.6875 0.33125
19 0.6375 0.3296875 0.6375 0.39375 0.68125 0.39375 0.68125 0.3296875 0.6375 0.3296875
19 0.7578125 0.5453125 0.7578125 0.444921875 0.707421875 0.444921875 0.707421875 0.5453125 0.7578125 0.5453125
19 0.5921875 0.51875 0.5921875 0.470703125 0.496484375 0.470703125 0.496484375 0.51875 0.5921875 0.51875
19 0.63125 0.5453125 0.63125 0.448046875 0.578515625 0.448046875 0.578515625 0.5453125 0.63125 0.5453125
19 0.64375 0.4484375 0.64375 0.5484375 0.690625 0.5484375 0.690625 0.4484375 0.64375 0.4484375
19 0.309375 0.475390625 0.253125 0.475390625 0.253125 0.55 0.309375 0.55 0.309375 0.475390625
19 0.1921875 0.475 0.1921875 0.55 0.2484375 0.55 0.2484375 0.475 0.1921875 0.475
19 0.1328125 0.55 0.1875 0.55 0.1875 0.4765625 0.1328125 0.4765625 0.1328125 0.55
19 0.1265625 0.476953125 0.06875 0.476953125 0.06875 0.5515625 0.1265625 0.5515625 0.1265625 0.476953125
19 0.3296875 0.583203125 0.2875 0.583203125 0.2875 0.6359375 0.3296875 0.6359375 0.3296875 0.583203125
19 0.2328125 0.5875 0.2328125 0.6359375 0.284375 0.6359375 0.284375 0.5875 0.2328125 0.5875
19 0.184375 0.585546875 0.1375 0.585546875 0.1375 0.6390625 0.184375 0.6390625 0.184375 0.585546875
19 0.090625 0.5890625 0.090625 0.6421875 0.1328125 0.6421875 0.1328125 0.5890625 0.090625 0.5890625