19 0.09921875 0.159375 0.034375 0.159375 0.034375 0.2890625 0.09921875 0.2890625 0.09921875 0.159375
19 0.33359375 0.1734375 0.2828125 0.1734375 0.2828125 0.28515625 0.33359375 0.28515625 0.33359375 0.1734375
19 0.215625 0.1765625 0.1625 0.1765625 0.1625 0.28359375 0.215625 0.28359375 0.215625 0.1765625
19 0.91015625 0.1921875 0.865625 0.1921875 0.865625 0.26875 0.91015625 0.26875 0.91015625 0.1921875
19 0.85546875 0.190625 0.8125 0.190625 0.8125 0.27109375 0.85546875 0.27109375 0.85546875 0.190625
19 0.2765625 0.178125 0.2234375 0.178125 0.2234375 0.2875 0.2765625 0.2875 0.2765625 0.178125
19 0.15703125 0.18125 0.10625 0.18125 0.10625 0.2859375 0.15703125 0.2859375 0.15703125 0.18125
19 0.79921875 0.196875 0.7546875 0.196875 0.7546875 0.2734375 0.79921875 0.2734375 0.79921875 0.196875
19 0.503125 0.3921875 0.45 0.3921875 0.45 0.4640625 0.503125 0.4640625 0.503125 0.3921875
19 0.66875 0.3875 0.6171875 0.3875 0.6171875 0.45859375 0.66875 0.45859375 0.66875 0.3875
19 0.6140625 0.3875 0.5625 0.3875 0.5625 0.4609375 0.6140625 0.4609375 0.6140625 0.3875
19 0.56015625 0.3890625 0.50625 0.3890625 0.50625 0.4625 0.56015625 0.4625 0.56015625 0.3890625
19 0.81484375 0.409375 0.7703125 0.409375 0.7703125 0.45390625 0.81484375 0.45390625 0.81484375 0.409375
19 0.71484375 0.4109375 0.671875 0.4109375 0.671875 0.45546875 0.71484375 0.45546875 0.71484375 0.4109375
19 0.76796875 0.4109375 0.7234375 0.4109375 0.7234375 0.4515625 0.76796875 0.4515625 0.76796875 0.4109375
19 0.390625 0.5125 0.3140625 0.5125 0.3140625 0.615625 0.390625 0.615625 0.390625 0.5125
19 0.31328125 0.5125 0.228125 0.5125 0.228125 0.6171875 0.31328125 0.6171875 0.31328125 0.5125
19 0.47890625 0.515625 0.3984375 0.515625 0.3984375 0.61640625 0.47890625 0.61640625 0.47890625 0.515625
19 0.2296875 0.5234375 0.1421875 0.5234375 0.1421875 0.6171875 0.2296875 0.6171875 0.2296875 0.5234375
19 0.54453125 0.5359375 0.484375 0.5359375 0.484375 0.615625 0.54453125 0.615625 0.54453125 0.5359375
19 0.6109375 0.5359375 0.55 0.5359375 0.55 0.61640625 0.6109375 0.61640625 0.6109375 0.5359375
19 0.86875 0.5390625 0.8078125 0.5390625 0.8078125 0.615625 0.86875 0.615625 0.86875 0.5390625
19 0.72734375 0.540625 0.6625 0.540625 0.6625 0.61484375 0.72734375 0.61484375 0.72734375 0.540625
19 0.7984375 0.54375 0.734375 0.54375 0.734375 0.61484375 0.7984375 0.61484375 0.7984375 0.54375
19 0.6578125 0.5546875 0.6109375 0.5546875 0.6109375 0.61328125 0.6578125 0.61328125 0.6578125 0.5546875