19 0.74765625 0.1140625 0.6921875 0.1140625 0.6921875 0.2015625 0.74765625 0.2015625 0.74765625 0.1140625
19 0.65 0.2375 0.6046875 0.2375 0.6046875 0.32265625 0.65 0.32265625 0.65 0.2375
19 0.69921875 0.2375 0.65625 0.2375 0.65625 0.32421875 0.69921875 0.32421875 0.69921875 0.2375
19 0.59609375 0.2375 0.5515625 0.2375 0.5515625 0.32421875 0.59609375 0.32421875 0.59609375 0.2375
19 0.5453125 0.240625 0.496875 0.240625 0.496875 0.328125 0.5453125 0.328125 0.5453125 0.240625
19 0.88515625 0.2703125 0.85625 0.2703125 0.85625 0.32109375 0.88515625 0.32109375 0.88515625 0.2703125
19 0.8515625 0.2703125 0.8203125 0.2703125 0.8203125 0.32109375 0.8515625 0.32109375 0.8515625 0.2703125
19 0.81171875 0.2703125 0.784375 0.2703125 0.784375 0.31953125 0.81171875 0.31953125 0.81171875 0.2703125
19 0.7390625 0.2734375 0.7078125 0.2734375 0.7078125 0.32265625 0.7390625 0.32265625 0.7390625 0.2734375
19 0.778125 0.2734375 0.746875 0.2734375 0.746875 0.32421875 0.778125 0.32421875 0.778125 0.2734375
19 0.278125 0.4734375 0.2140625 0.4734375 0.2140625 0.53984375 0.278125 0.53984375 0.278125 0.4734375
19 0.4203125 0.475 0.359375 0.475 0.359375 0.54453125 0.4203125 0.54453125 0.4203125 0.475
19 0.7875 0.4796875 0.746875 0.4796875 0.746875 0.53984375 0.7875 0.53984375 0.7875 0.4796875
19 0.8359375 0.4796875 0.7984375 0.4796875 0.7984375 0.53984375 0.8359375 0.53984375 0.8359375 0.4796875
19 0.7375 0.4796875 0.6953125 0.4796875 0.6953125 0.54375 0.7375 0.54375 0.7375 0.4796875
19 0.64140625 0.48125 0.596875 0.48125 0.596875 0.54140625 0.64140625 0.54140625 0.64140625 0.48125
19 0.21328125 0.4796875 0.1484375 0.4796875 0.1484375 0.54375 0.21328125 0.54375 0.21328125 0.4796875
19 0.5921875 0.48125 0.5515625 0.48125 0.5515625 0.54140625 0.5921875 0.54140625 0.5921875 0.48125
19 0.14375 0.478125 0.0796875 0.478125 0.0796875 0.54453125 0.14375 0.54453125 0.14375 0.478125
19 0.68984375 0.4796875 0.6453125 0.4796875 0.6453125 0.5421875 0.68984375 0.5421875 0.68984375 0.4796875
19 0.3515625 0.48125 0.2890625 0.48125 0.2890625 0.54140625 0.3515625 0.54140625 0.3515625 0.48125
19 0.48046875 0.49375 0.4265625 0.49375 0.4265625 0.5421875 0.48046875 0.5421875 0.48046875 0.49375
19 0.5453125 0.49375 0.4921875 0.49375 0.4921875 0.5421875 0.5453125 0.5421875 0.5453125 0.49375