19 0.7796875 0.396875 0.7796875 0.36242439375 0.7231602828125 0.36242439375 0.7231602828125 0.396875 0.7796875 0.396875
19 0.6953125 0.4125 0.73125 0.4125 0.73125 0.353125 0.6953125 0.353125 0.6953125 0.4125
19 0.809375 0.409375 0.809375 0.3596018140625 0.7730846765625 0.3596018140625 0.7730846765625 0.409375 0.809375 0.409375
19 0.6984375 0.4015625 0.6984375 0.3684475796875 0.6444304437499999 0.3684475796875 0.6444304437499999 0.4015625 0.6984375 0.4015625
19 0.6072076609375 0.4109375 0.6072076609375 0.359727821875 0.5709173390625 0.359727821875 0.5709173390625 0.4109375 0.6072076609375 0.4109375
19 0.656098790625 0.403125 0.656098790625 0.3674899171875 0.6036794359375001 0.3674899171875 0.6036794359375001 0.403125 0.656098790625 0.403125
19 0.578125 0.4015625 0.578125 0.3694304421875 0.525453628125 0.3694304421875 0.525453628125 0.4015625 0.578125 0.4015625
19 0.5328125 0.415625 0.5328125 0.356804434375 0.498487903125 0.356804434375 0.498487903125 0.415625 0.5328125 0.415625
19 0.853125 0.571875 0.853125 0.466733871875 0.8033266125 0.466733871875 0.8033266125 0.571875 0.853125 0.571875
19 0.7453125 0.46748992031250003 0.6953125 0.46748992031250003 0.6953125 0.5731350796875 0.7453125 0.5731350796875 0.7453125 0.46748992031250003
19 0.8263356843749999 0.546875 0.8263356843749999 0.49475806406249995 0.7223034265625 0.49475806406249995 0.7223034265625 0.546875 0.8263356843749999 0.546875
19 0.721471775 0.546875 0.721471775 0.49697580781250006 0.6158266125 0.49697580781250006 0.6158266125 0.546875 0.721471775 0.546875
19 0.640625 0.4709677421875 0.590625 0.4709677421875 0.590625 0.5790322578125 0.640625 0.5790322578125 0.640625 0.4709677421875
19 0.5765625 0.55625 0.5765625 0.532762096875 0.516355846875 0.532762096875 0.516355846875 0.55625 0.5765625 0.55625
19 0.6086945578125 0.55625 0.6086945578125 0.5314264093750001 0.542565525 0.5314264093750001 0.542565525 0.55625 0.6086945578125 0.55625
19 0.5015625 0.5765625 0.5015625 0.5114667328125 0.478125 0.5114667328125 0.478125 0.5765625 0.5015625 0.5765625
19 0.475 0.578125 0.475 0.513029234375 0.44879032187499995 0.513029234375 0.44879032187499995 0.578125 0.475 0.578125
19 0.53125 0.5796875 0.53125 0.5131804437499999 0.506653225 0.5131804437499999 0.506653225 0.5796875 0.53125 0.5796875
19 0.4125 0.578125 0.4125 0.516053428125 0.38835685625 0.516053428125 0.38835685625 0.578125 0.4125 0.578125
19 0.44375 0.514188509375 0.41875 0.514188509375 0.41875 0.581123990625 0.44375 0.581123990625 0.44375 0.514188509375
19 0.815625 0.7171875 0.815625 0.6681451609375 0.7094758062500001 0.6681451609375 0.7094758062500001 0.7171875 0.815625 0.7171875
19 0.8703125 0.71875 0.8703125 0.6691028234374999 0.7634828640625 0.6691028234374999 0.7634828640625 0.71875 0.8703125 0.71875
19 0.598613909375 0.66875 0.598613909375 0.71875 0.71554939375 0.71875 0.71554939375 0.66875 0.598613909375 0.66875
19 0.7625 0.7171875 0.7625 0.6691028234374999 0.6506048375 0.6691028234374999 0.6506048375 0.7171875 0.7625 0.7171875
19 0.625 0.746875 0.625 0.6421875 0.58036794375 0.6421875 0.58036794375 0.746875 0.625 0.746875
19 0.5734375 0.7515625 0.5734375 0.643094759375 0.5212701625 0.643094759375 0.5212701625 0.7515625 0.5734375 0.7515625