19 0.9875 0.4765625 0.9875 0.37247576250000003 0.9072607265625001 0.37247576250000003 0.9072607265625001 0.4765625 0.9875 0.4765625
19 0.890625 0.393884075 0.790625 0.393884075 0.790625 0.46236592343750005 0.890625 0.46236592343750005 0.890625 0.393884075
19 0.690625 0.459375 0.690625 0.4047596953125 0.5954826734374999 0.4047596953125 0.5954826734374999 0.459375 0.690625 0.459375
19 0.5765625 0.39405940625 0.5227645421875 0.39405940625 0.5227645421875 0.4749174921875 0.5765625 0.4749174921875 0.5765625 0.39405940625
19 0.784375 0.4609375 0.784375 0.4078125 0.6937371078125001 0.4078125 0.6937371078125001 0.4609375 0.784375 0.4609375
19 0.175 0.5609375 0.175 0.5051284046875 0.1199721546875 0.5051284046875 0.1199721546875 0.5609375 0.175 0.5609375
19 0.721875 0.5734375 0.721875 0.49495926093750003 0.6414449265625 0.49495926093750003 0.6414449265625 0.5734375 0.721875 0.5734375
19 0.234375 0.5609375 0.234375 0.5068352921875 0.1787386546875 0.5068352921875 0.1787386546875 0.5609375 0.234375 0.5609375
19 0.809375 0.578125 0.809375 0.4984375 0.7302959984374999 0.4984375 0.7302959984374999 0.578125 0.809375 0.578125
19 0.5609375 0.571875 0.5609375 0.5075288765625 0.5002397890625 0.5075288765625 0.5002397890625 0.571875 0.5609375 0.571875
19 0.11207714531249999 0.559375 0.11207714531249999 0.516785271875 0.0691728546875 0.516785271875 0.0691728546875 0.559375 0.11207714531249999 0.559375
19 0.5703125 0.575 0.6309277015625 0.575 0.6309277015625 0.507348390625 0.5703125 0.507348390625 0.5703125 0.575
19 0.3328125 0.56875 0.3796049921875 0.56875 0.3796049921875 0.520028878125 0.3328125 0.520028878125 0.3328125 0.56875
19 0.43125 0.5703125 0.43125 0.5197117359375001 0.38772174062500003 0.5197117359375001 0.38772174062500003 0.5703125 0.43125 0.5703125
19 0.484375 0.521911096875 0.4412644390625 0.521911096875 0.4412644390625 0.5714160484375 0.484375 0.5714160484375 0.484375 0.521911096875
19 0.2796875 0.559375 0.2796875 0.53613345625 0.2424066640625 0.53613345625 0.2424066640625 0.559375 0.2796875 0.559375
19 0.321875 0.5609375 0.321875 0.536429971875 0.28410426875 0.536429971875 0.28410426875 0.5609375 0.321875 0.5609375
19 0.8703125 0.578125 0.8703125 0.5283286921875 0.8249226484375001 0.5283286921875 0.8249226484375001 0.578125 0.8703125 0.578125
19 0.9828125 0.5828125 0.9828125 0.5316651203125 0.93877114375 0.5316651203125 0.93877114375 0.5828125 0.9828125 0.5828125
19 0.928125 0.58125 0.928125 0.5312525796875 0.8774468859375 0.5312525796875 0.8774468859375 0.58125 0.928125 0.58125