19 0.41796875 0.625 0.315625 0.625 0.315625 0.6984375 0.41796875 0.6984375 0.41796875 0.625
19 0.3140625 0.6203125 0.2140625 0.6203125 0.2140625 0.696875 0.3140625 0.696875 0.3140625 0.6203125
19 0.10234375 0.6125 0.0046875 0.6125 0.0046875 0.6921875 0.10234375 0.6921875 0.10234375 0.6125
19 0.21328125 0.6171875 0.1078125 0.6171875 0.1078125 0.69375 0.21328125 0.69375 0.21328125 0.6171875
19 0.54765625 0.6375 0.440625 0.6375 0.440625 0.7015625 0.54765625 0.7015625 0.54765625 0.6375
19 0.8890625 0.6359375 0.7859375 0.6359375 0.7859375 0.70078125 0.8890625 0.70078125 0.8890625 0.6359375
19 0.66875 0.64375 0.5640625 0.64375 0.5640625 0.70234375 0.66875 0.70234375 0.66875 0.64375
19 0.77578125 0.64375 0.66875 0.64375 0.66875 0.7046875 0.77578125 0.7046875 0.77578125 0.64375
19 0.99921875 0.6359375 0.903125 0.6359375 0.903125 0.703125 0.99921875 0.703125 0.99921875 0.6359375
19 0.21796875 0.7359375 0.1203125 0.7359375 0.1203125 0.80078125 0.21796875 0.80078125 0.21796875 0.7359375
19 0.1171875 0.7375 0.0171875 0.7375 0.0171875 0.8 0.1171875 0.8 0.1171875 0.7375
19 0.32578125 0.7390625 0.2234375 0.7390625 0.2234375 0.8015625 0.32578125 0.8015625 0.32578125 0.7390625
19 0.43359375 0.740625 0.33125 0.740625 0.33125 0.80546875 0.43359375 0.80546875 0.43359375 0.740625
19 0.5125 0.7421875 0.4390625 0.7421875 0.4390625 0.80234375 0.5125 0.80234375 0.5125 0.7421875
19 0.59453125 0.7484375 0.51875 0.7484375 0.51875 0.80625 0.59453125 0.80625 0.59453125 0.7484375
19 0.68359375 0.7484375 0.603125 0.7484375 0.603125 0.80625 0.68359375 0.80625 0.68359375 0.7484375
19 0.77265625 0.7484375 0.6921875 0.7484375 0.6921875 0.80625 0.77265625 0.80625 0.77265625 0.7484375
19 0.86953125 0.75625 0.7875 0.75625 0.7875 0.81015625 0.86953125 0.81015625 0.86953125 0.75625
19 0.96640625 0.25625 0.890625 0.25625 0.890625 0.325 0.96640625 0.325 0.96640625 0.25625
19 0.87421875 0.2578125 0.7984375 0.2578125 0.7984375 0.325 0.87421875 0.325 0.87421875 0.2578125
19 0.259375 0.25 0.1796875 0.25 0.1796875 0.334375 0.259375 0.334375 0.259375 0.25
19 0.1671875 0.2515625 0.090625 0.2515625 0.090625 0.33359375 0.1671875 0.33359375 0.1671875 0.2515625
19 0 0.33359375 0.0796875 0.33359375 0.0796875 0.2515625 0 0.2515625 0 0.33359375
19 0.78125 0.259375 0.7125 0.259375 0.7125 0.32578125 0.78125 0.32578125 0.78125 0.259375
19 0.69609375 0.2609375 0.621875 0.2609375 0.621875 0.3296875 0.69609375 0.3296875 0.69609375 0.2609375
19 0.390625 0.259375 0.3296875 0.259375 0.3296875 0.33046875 0.390625 0.33046875 0.390625 0.259375
19 0.31796875 0.2609375 0.2640625 0.2609375 0.2640625 0.33203125 0.31796875 0.33203125 0.31796875 0.2609375
19 0.603125 0.2640625 0.53125 0.2640625 0.53125 0.32890625 0.603125 0.32890625 0.603125 0.2640625
19 0.4484375 0.284375 0.4 0.284375 0.4 0.32890625 0.4484375 0.32890625 0.4484375 0.284375
19 0.509375 0.2828125 0.4640625 0.2828125 0.4640625 0.3296875 0.509375 0.3296875 0.509375 0.2828125
19 1 0.3890625 0.9515625 0.3890625 0.9515625 0.41640625 1 0.41640625 1 0.3890625
19 0.790625 0.3890625 0.71875 0.3890625 0.71875 0.4578125 0.790625 0.4578125 0.790625 0.3890625
19 0.865625 0.40625 0.809375 0.40625 0.809375 0.45703125 0.865625 0.45703125 0.865625 0.40625
19 0.70703125 0.40625 0.6328125 0.40625 0.6328125 0.459375 0.70703125 0.459375 0.70703125 0.40625
19 0.94296875 0.409375 0.8828125 0.409375 0.8828125 0.4578125 0.94296875 0.4578125 0.94296875 0.409375
19 0.446875 0.409375 0.375 0.409375 0.375 0.45625 0.446875 0.45625 0.446875 0.409375
19 0.53515625 0.4078125 0.4609375 0.4078125 0.4609375 0.45859375 0.53515625 0.45859375 0.53515625 0.4078125
19 0.36171875 0.4109375 0.2796875 0.4109375 0.2796875 0.459375 0.36171875 0.459375 0.36171875 0.4109375
19 0.621875 0.4125 0.5453125 0.4125 0.5453125 0.459375 0.621875 0.459375 0.621875 0.4125
19 0.26171875 0.41875 0.203125 0.41875 0.203125 0.459375 0.26171875 0.459375 0.26171875 0.41875
19 0.184375 0.41875 0.128125 0.41875 0.128125 0.459375 0.184375 0.459375 0.184375 0.41875
19 0.0515625 0.4171875 0.003125 0.4171875 0.003125 0.46171875 0.0515625 0.46171875 0.0515625 0.4171875
19 0.1140625 0.4171875 0.0609375 0.4171875 0.0609375 0.46171875 0.1140625 0.46171875 0.1140625 0.4171875
19 1 0.428125 0.946875 0.428125 0.946875 0.45546875 1 0.45546875 1 0.428125
19 0.67109375 0.503125 0.565625 0.503125 0.565625 0.57734375 0.67109375 0.57734375 0.67109375 0.503125
19 0.91796875 0.503125 0.8046875 0.503125 0.8046875 0.5765625 0.91796875 0.5765625 0.91796875 0.503125
19 0.20234375 0.4984375 0.096875 0.4984375 0.096875 0.5765625 0.20234375 0.5765625 0.20234375 0.4984375
19 0.1078125 0.5015625 0.0046875 0.5015625 0.0046875 0.5734375 0.1078125 0.5734375 0.1078125 0.5015625
19 0.99921875 0.50625 0.9234375 0.50625 0.9234375 0.578125 0.99921875 0.578125 0.99921875 0.50625
19 0.79453125 0.50625 0.678125 0.50625 0.678125 0.58046875 0.79453125 0.58046875 0.79453125 0.50625
19 0.31328125 0.4984375 0.20625 0.4984375 0.20625 0.575 0.31328125 0.575 0.31328125 0.4984375
19 0.52890625 0.5 0.4234375 0.5 0.4234375 0.5765625 0.52890625 0.5765625 0.52890625 0.5
19 0.42109375 0.5 0.3140625 0.5 0.3140625 0.57578125 0.42109375 0.57578125 0.42109375 0.5