19 0.50078125 0.25625 0.4875 0.25625 0.4875 0.28359375 0.50078125 0.28359375 0.50078125 0.25625
19 0.51875 0.25625 0.5046875 0.25625 0.5046875 0.2828125 0.51875 0.2828125 0.51875 0.25625
19 0.5578125 0.2578125 0.540625 0.2578125 0.540625 0.2828125 0.5578125 0.2828125 0.5578125 0.2578125
19 0.5390625 0.2578125 0.5234375 0.2578125 0.5234375 0.284375 0.5390625 0.284375 0.5390625 0.2578125
19 0.5796875 0.2625 0.5625 0.2625 0.5625 0.2890625 0.5796875 0.2890625 0.5796875 0.2625
19 0.615625 0.2625 0.6 0.2625 0.6 0.28984375 0.615625 0.28984375 0.615625 0.2625
19 0.6328125 0.2625 0.6171875 0.2625 0.6171875 0.28984375 0.6328125 0.28984375 0.6328125 0.2625
19 0.596875 0.2625 0.5828125 0.2625 0.5828125 0.28984375 0.596875 0.28984375 0.596875 0.2625
19 0.653125 0.2640625 0.6375 0.2640625 0.6375 0.29140625 0.653125 0.29140625 0.653125 0.2640625
19 0.6875 0.2640625 0.6734375 0.2640625 0.6734375 0.290625 0.6875 0.290625 0.6875 0.2640625
19 0.709375 0.2640625 0.69375 0.2640625 0.69375 0.29140625 0.709375 0.29140625 0.709375 0.2640625
19 0.6703125 0.2640625 0.65625 0.2640625 0.65625 0.29140625 0.6703125 0.29140625 0.6703125 0.2640625
19 0.465625 0.2546875 0.4515625 0.2546875 0.4515625 0.30546875 0.465625 0.30546875 0.465625 0.2546875
19 0.484375 0.2578125 0.46875 0.2578125 0.46875 0.3046875 0.484375 0.3046875 0.484375 0.2578125
19 0.840625 0.271875 0.8109375 0.271875 0.8109375 0.31015625 0.840625 0.31015625 0.840625 0.271875
19 0.87109375 0.2703125 0.84375 0.2703125 0.84375 0.31328125 0.87109375 0.31328125 0.87109375 0.2703125
19 0.9078125 0.271875 0.878125 0.271875 0.878125 0.3125 0.9078125 0.3125 0.9078125 0.271875
19 0.80703125 0.2734375 0.778125 0.2734375 0.778125 0.31328125 0.80703125 0.31328125 0.80703125 0.2734375
19 0.2359375 0.403125 0.203125 0.403125 0.203125 0.4484375 0.2359375 0.4484375 0.2359375 0.403125
19 0.271875 0.403125 0.2421875 0.403125 0.2421875 0.4484375 0.271875 0.4484375 0.271875 0.403125
19 0.365625 0.4078125 0.340625 0.4078125 0.340625 0.45078125 0.365625 0.45078125 0.365625 0.4078125
19 0.68046875 0.4 0.6578125 0.4 0.6578125 0.45859375 0.68046875 0.45859375 0.68046875 0.4
19 0.73125 0.4 0.709375 0.4 0.709375 0.46015625 0.73125 0.46015625 0.73125 0.4
19 0.83359375 0.4015625 0.809375 0.4015625 0.809375 0.46015625 0.83359375 0.46015625 0.83359375 0.4015625
19 0.75703125 0.4 0.7328125 0.4 0.7328125 0.46015625 0.75703125 0.46015625 0.75703125 0.4
19 0.303125 0.4078125 0.2734375 0.4078125 0.2734375 0.45078125 0.303125 0.45078125 0.303125 0.4078125
19 0.70859375 0.4015625 0.684375 0.4015625 0.684375 0.46015625 0.70859375 0.46015625 0.70859375 0.4015625
19 0.80703125 0.403125 0.7828125 0.403125 0.7828125 0.459375 0.80703125 0.459375 0.80703125 0.403125
19 0.88359375 0.4015625 0.859375 0.4015625 0.859375 0.46015625 0.88359375 0.46015625 0.88359375 0.4015625
19 0.7828125 0.4015625 0.7609375 0.4015625 0.7609375 0.459375 0.7828125 0.459375 0.7828125 0.4015625
19 0.85625 0.403125 0.8359375 0.403125 0.8359375 0.4609375 0.85625 0.4609375 0.85625 0.403125
19 0.3375 0.415625 0.3078125 0.415625 0.3078125 0.453125 0.3375 0.453125 0.3375 0.415625
19 0.403125 0.4109375 0.371875 0.4109375 0.371875 0.45390625 0.403125 0.45390625 0.403125 0.4109375
19 0.57578125 0.4125 0.55625 0.4125 0.55625 0.45703125 0.57578125 0.45703125 0.57578125 0.4125
19 0.63671875 0.4125 0.6171875 0.4125 0.6171875 0.459375 0.63671875 0.459375 0.63671875 0.4125
19 0.65703125 0.4140625 0.6375 0.4140625 0.6375 0.459375 0.65703125 0.459375 0.65703125 0.4140625
19 0.61640625 0.4140625 0.5984375 0.4140625 0.5984375 0.4609375 0.61640625 0.4609375 0.61640625 0.4140625
19 0.59453125 0.415625 0.575 0.415625 0.575 0.46015625 0.59453125 0.46015625 0.59453125 0.415625
19 0.62578125 0.690625 0.590625 0.690625 0.590625 0.76015625 0.62578125 0.76015625 0.62578125 0.690625
19 0.79140625 0.6875 0.75625 0.6875 0.75625 0.76171875 0.79140625 0.76171875 0.79140625 0.6875
19 0.7578125 0.6921875 0.725 0.6921875 0.725 0.75859375 0.7578125 0.75859375 0.7578125 0.6921875
19 0.72578125 0.690625 0.690625 0.690625 0.690625 0.76171875 0.72578125 0.76171875 0.72578125 0.690625
19 0.6609375 0.6921875 0.628125 0.6921875 0.628125 0.75859375 0.6609375 0.75859375 0.6609375 0.6921875
19 0.6921875 0.6953125 0.6625 0.6953125 0.6625 0.7625 0.6921875 0.7625 0.6921875 0.6953125
19 0.59453125 0.8921875 0.565625 0.8921875 0.565625 0.95859375 0.59453125 0.95859375 0.59453125 0.8921875
19 0.62734375 0.89375 0.5984375 0.89375 0.5984375 0.95859375 0.62734375 0.95859375 0.62734375 0.89375
19 0.7640625 0.8953125 0.7328125 0.8953125 0.7328125 0.96171875 0.7640625 0.96171875 0.7640625 0.8953125
19 0.69453125 0.896875 0.6671875 0.896875 0.6671875 0.9609375 0.69453125 0.9609375 0.69453125 0.896875
19 0.72890625 0.8984375 0.7 0.8984375 0.7 0.9625 0.72890625 0.9625 0.72890625 0.8984375
19 0.66171875 0.8984375 0.6328125 0.8984375 0.6328125 0.9625 0.66171875 0.9625 0.66171875 0.8984375
19 0.8 0.896875 0.7671875 0.896875 0.7671875 0.9640625 0.8 0.9640625 0.8 0.896875
19 0.865625 0.8984375 0.8328125 0.8984375 0.8328125 0.96484375 0.865625 0.96484375 0.865625 0.8984375
19 0.83046875 0.8984375 0.8015625 0.8984375 0.8015625 0.96484375 0.83046875 0.96484375 0.83046875 0.8984375
19 0.9015625 0.90625 0.86875 0.90625 0.86875 0.96875 0.9015625 0.96875 0.9015625 0.90625