19 0.4203125 0.3390625 0.4203125 0.4234375 0.509375 0.4234375 0.509375 0.3390625 0.4203125 0.3390625
19 0.330859375 0.3359375 0.330859375 0.42578125 0.4140625 0.42578125 0.4140625 0.3359375 0.330859375 0.3359375
19 0.137109375 0.4140625 0.137109375 0.354296875 0.062890625 0.354296875 0.062890625 0.4140625 0.137109375 0.4140625
19 0.2 0.347265625 0.1375 0.347265625 0.1375 0.4203125 0.2 0.4203125 0.2 0.347265625
19 0.5140625 0.35625 0.5140625 0.4234375 0.59375 0.4234375 0.59375 0.35625 0.5140625 0.35625
19 0.594140625 0.3578125 0.594140625 0.425 0.66875 0.425 0.66875 0.3578125 0.594140625 0.3578125
19 0.7484375 0.358203125 0.671875 0.358203125 0.671875 0.4234375 0.7484375 0.4234375 0.7484375 0.358203125
19 0.206640625 0.36875 0.206640625 0.421875 0.2609375 0.421875 0.2609375 0.36875 0.206640625 0.36875
19 0.266015625 0.36875 0.266015625 0.421875 0.31875 0.421875 0.31875 0.36875 0.266015625 0.36875
19 0.9296875 0.351171875 0.87578125 0.351171875 0.87578125 0.4421875 0.9296875 0.4421875 0.9296875 0.351171875
19 0.753125 0.3953125 0.753125 0.421875 0.8015625 0.421875 0.8015625 0.3953125 0.753125 0.3953125
19 0.8375 0.4328125 0.8375 0.383984375 0.811328125 0.383984375 0.811328125 0.4328125 0.8375 0.4328125
19 0.80546875 0.5390625 0.80546875 0.451171875 0.7359375 0.451171875 0.7359375 0.5390625 0.80546875 0.5390625
19 0.44375 0.5375 0.44375 0.466796875 0.38671875 0.466796875 0.38671875 0.5375 0.44375 0.5375
19 0.375 0.473828125 0.3015625 0.473828125 0.3015625 0.53125 0.375 0.53125 0.375 0.473828125
19 0.6296875 0.53125 0.6296875 0.4765625 0.548828125 0.4765625 0.548828125 0.53125 0.6296875 0.53125
19 0.53125 0.5453125 0.53125 0.462109375 0.47734375 0.462109375 0.47734375 0.5453125 0.53125 0.5453125
19 0.703125 0.5421875 0.703125 0.463671875 0.649609375 0.463671875 0.649609375 0.5421875 0.703125 0.5421875
19 0.1765625 0.4875 0.1765625 0.5328125 0.2328125 0.5328125 0.2328125 0.4875 0.1765625 0.4875
19 0.2875 0.48203125 0.243359375 0.48203125 0.243359375 0.5421875 0.2875 0.5421875 0.2875 0.48203125
19 0.16875 0.490234375 0.1125 0.490234375 0.1125 0.5328125 0.16875 0.5328125 0.16875 0.490234375