19 0.7725694437499999 0.2795138890625 0.8697916671874999 0.2795138890625 0.8697916671874999 0.08680555625 0.7725694437499999 0.08680555625 0.7725694437499999 0.2795138890625
19 0.8732638890625 0.28125 0.965277778125 0.28125 0.965277778125 0.09201388906249999 0.8732638890625 0.09201388906249999 0.8732638890625 0.28125
19 0.4982638890625 0.28038194375000003 0.5868055562500001 0.28038194375000003 0.5868055562500001 0.09375 0.4982638890625 0.09375 0.4982638890625 0.28038194375000003
19 0.6805555562500001 0.2829861109375 0.7743055562500001 0.2829861109375 0.7743055562500001 0.09895833281250001 0.6805555562500001 0.09895833281250001 0.6805555562500001 0.2829861109375
19 0.5868055562500001 0.2829861109375 0.676215278125 0.2829861109375 0.676215278125 0.09895833281250001 0.5868055562500001 0.09895833281250001 0.5868055562500001 0.2829861109375
19 0 0.5538194437499999 0.043402778125 0.5538194437499999 0.043402778125 0.37847222187499996 0 0.37847222187499996 0 0.5538194437499999
19 0.0486111109375 0.551215278125 0.1276041671875 0.551215278125 0.1276041671875 0.38715277812500004 0.0486111109375 0.38715277812500004 0.0486111109375 0.551215278125
19 0.855902778125 0.5616319437499999 0.9236111109375 0.5616319437499999 0.9236111109375 0.39756944375000003 0.855902778125 0.39756944375000003 0.855902778125 0.5616319437499999
19 0.925347221875 0.5633680562500001 0.9947916671874999 0.5633680562500001 0.9947916671874999 0.39756944375000003 0.925347221875 0.39756944375000003 0.925347221875 0.5633680562500001
19 0.12673611093749998 0.5538194437499999 0.19878472187500001 0.5538194437499999 0.19878472187500001 0.40972222187499996 0.12673611093749998 0.40972222187499996 0.12673611093749998 0.5538194437499999
19 0.203125 0.5572916671875 0.26996527812500004 0.5572916671875 0.26996527812500004 0.4114583328125 0.203125 0.4114583328125 0.203125 0.5572916671875
19 0.36805555624999997 0.5564236109375 0.4505208328125 0.5564236109375 0.4505208328125 0.4270833328125 0.36805555624999997 0.4270833328125 0.36805555624999997 0.5564236109375
19 0.2829861109375 0.5520833328125 0.36284722187499996 0.5520833328125 0.36284722187499996 0.4357638890625 0.2829861109375 0.4357638890625 0.2829861109375 0.5520833328125
19 0.6354166671875 0.551215278125 0.6857638890625 0.551215278125 0.6857638890625 0.4392361109375 0.6354166671875 0.4392361109375 0.6354166671875 0.551215278125
19 0.46180555625 0.5529513890625 0.511284721875 0.5529513890625 0.511284721875 0.4392361109375 0.46180555625 0.4392361109375 0.46180555625 0.5529513890625
19 0.5173611109375 0.5564236109375 0.5677083328125 0.5564236109375 0.5677083328125 0.4375 0.5173611109375 0.4375 0.5173611109375 0.5564236109375
19 0.5763888890625 0.5538194437499999 0.6258680562500001 0.5538194437499999 0.6258680562500001 0.4427083328125 0.5763888890625 0.4427083328125 0.5763888890625 0.5538194437499999
19 0.8020833328125001 0.5538194437499999 0.8515625 0.5538194437499999 0.8515625 0.4826388890625 0.8020833328125001 0.4826388890625 0.8020833328125001 0.5538194437499999
19 0.6892361109375 0.5520833328125 0.734375 0.5520833328125 0.734375 0.484375 0.6892361109375 0.484375 0.6892361109375 0.5520833328125
19 0.7482638890625 0.5538194437499999 0.7977430562500001 0.5538194437499999 0.7977430562500001 0.4826388890625 0.7482638890625 0.4826388890625 0.7482638890625 0.5538194437499999