19 0.2921875 0.296875 0.2921875 0.4234375 0.3375 0.4234375 0.3375 0.296875 0.2921875 0.296875
19 0.2515625 0.4 0.2515625 0.361328125 0.166015625 0.361328125 0.166015625 0.4 0.2515625 0.4
19 0.76171875 0.5671875 0.76171875 0.512109375 0.61875 0.512109375 0.61875 0.5671875 0.76171875 0.5671875
19 0.56875 0.480859375 0.4890625 0.480859375 0.4890625 0.6078125 0.56875 0.6078125 0.56875 0.480859375
19 0.865625 0.519140625 0.7640625 0.519140625 0.7640625 0.5796875 0.865625 0.5796875 0.865625 0.519140625
19 0.725 0.528125 0.725 0.60625 0.78125 0.60625 0.78125 0.528125 0.725 0.528125
19 0.573046875 0.5234375 0.573046875 0.6125 0.6484375 0.6125 0.6484375 0.5234375 0.573046875 0.5234375
19 0.0953125 0.6203125 0.175 0.6203125 0.175 0.516015625 0.0953125 0.516015625 0.0953125 0.6203125
19 0 0.6109375 0.1015625 0.6109375 0.1015625 0.52734375 0 0.52734375 0 0.6109375
19 0.8453125 0.553125 0.8453125 0.6 0.9015625 0.6 0.9015625 0.553125 0.8453125 0.553125
19 0.2453125 0.6 0.3265625 0.6 0.3265625 0.555859375 0.2453125 0.555859375 0.2453125 0.6
19 0.184765625 0.5359375 0.184765625 0.625 0.259375 0.625 0.259375 0.5359375 0.184765625 0.5359375