19 0.5984375 0.21875 0.5984375 0.17917520468749998 0.5479123984375 0.17917520468749998 0.5479123984375 0.21875 0.5984375 0.21875
19 0.5578125 0.2171875 0.5578125 0.17998206875 0.505660859375 0.17998206875 0.505660859375 0.2171875 0.5578125 0.2171875
19 0.6328125 0.221875 0.6328125 0.1757428265625 0.594992315625 0.1757428265625 0.594992315625 0.221875 0.6328125 0.221875
19 0.6828125 0.2171875 0.6828125 0.1799436484375 0.6327484625 0.1799436484375 0.6327484625 0.2171875 0.6828125 0.2171875
19 0.46817366875 0.246875 0.46817366875 0.2145363734375 0.43948514375 0.2145363734375 0.43948514375 0.246875 0.46817366875 0.246875
19 0.43125 0.2421875 0.43125 0.21919825781250002 0.39998719375 0.21919825781250002 0.39998719375 0.2421875 0.43125 0.2421875
19 0.50625 0.2453125 0.50625 0.2175973375 0.4740906765625 0.2175973375 0.4740906765625 0.2453125 0.50625 0.2453125
19 0.5921875 0.2734375 0.5921875 0.2275358609375 0.5586834015625 0.2275358609375 0.5586834015625 0.2734375 0.5921875 0.2734375
19 0.5578125 0.271875 0.5578125 0.23433657812500003 0.5116290984375 0.23433657812500003 0.5116290984375 0.271875 0.5578125 0.271875
19 0.684375 0.2703125 0.684375 0.23365778750000002 0.6343109625000001 0.23365778750000002 0.6343109625000001 0.2703125 0.684375 0.2703125
19 0.5984375 0.278125 0.6375 0.278125 0.6375 0.228125 0.5984375 0.228125 0.5984375 0.278125
19 0.4703125 0.278125 0.4703125 0.24375 0.4411116796875 0.24375 0.4411116796875 0.278125 0.4703125 0.278125
19 0.5125 0.247745903125 0.478125 0.247745903125 0.478125 0.27807377187500004 0.5125 0.27807377187500004 0.5125 0.247745903125
19 0.434375 0.2765625 0.434375 0.2481429296875 0.4075819671875 0.2481429296875 0.4075819671875 0.2765625 0.434375 0.2765625
19 0.4453125 0.44375 0.4453125 0.38550204843749997 0.39595286875 0.38550204843749997 0.39595286875 0.44375 0.4453125 0.44375
19 0.5796875 0.4484375 0.5796875 0.3855148578125 0.5298924171875 0.3855148578125 0.5298924171875 0.4484375 0.5796875 0.4484375
19 0.5203125 0.4421875 0.5203125 0.39054815625 0.45828637343749995 0.39054815625 0.45828637343749995 0.4421875 0.5203125 0.4421875
19 0.3859375 0.4421875 0.3859375 0.391457478125 0.3253073765625 0.391457478125 0.3253073765625 0.4421875 0.3859375 0.4421875
19 0.446875 0.5203125 0.446875 0.4741547125 0.38676997812499997 0.4741547125 0.38676997812499997 0.5203125 0.446875 0.5203125
19 0.3859375 0.5296875 0.3859375 0.46565061406249997 0.3395107578125 0.46565061406249997 0.3395107578125 0.5296875 0.3859375 0.5296875
19 0.6546875 0.5984375 0.6546875 0.5140625 0.6110527671875 0.5140625 0.6110527671875 0.5984375 0.6546875 0.5984375
19 0.5046875 0.5921875 0.5046875 0.53373463125 0.42196465156249996 0.53373463125 0.42196465156249996 0.5921875 0.5046875 0.5921875
19 0.6046875 0.6046875 0.6046875 0.5296875 0.5698386265625001 0.5296875 0.5698386265625001 0.6046875 0.6046875 0.6046875
19 0.38125 0.6046875 0.38125 0.53792264375 0.3331326859375 0.53792264375 0.3331326859375 0.6046875 0.38125 0.6046875
19 0.44375 0.59375 0.44375 0.549090675 0.376075821875 0.549090675 0.376075821875 0.59375 0.44375 0.59375
19 0.33125 0.60625 0.33125 0.53963883125 0.2832095296875 0.53963883125 0.2832095296875 0.60625 0.33125 0.60625
19 0.521875 0.603125 0.521875 0.55148565625 0.49223872812499997 0.55148565625 0.49223872812499997 0.603125 0.521875 0.603125
19 0.459375 0.7625 0.459375 0.6831583 0.396503584375 0.6831583 0.396503584375 0.7625 0.459375 0.7625
19 0.5234375 0.753125 0.5953125 0.753125 0.5953125 0.6925717203125 0.5234375 0.6925717203125 0.5234375 0.753125
19 0.528125 0.7515625 0.528125 0.69354508125 0.4570440578125 0.69354508125 0.4570440578125 0.7515625 0.528125 0.7515625
19 0.3140625 0.7578125 0.390625 0.7578125 0.390625 0.696977459375 0.3140625 0.696977459375 0.3140625 0.7578125