19 0.2157049296875 0.7966713078125001 0.24210757031250002 0.7966713078125001 0.24210757031250002 0.7455161921875 0.2157049296875 0.7455161921875 0.2157049296875 0.7966713078125001
19 0.21875 0.7859375 0.21875 0.76269595625 0.17310230937499999 0.7626959578125 0.17310230937499999 0.7859375 0.21875 0.7859375
19 0.2825572390625 0.7859375 0.2825572390625 0.7602954828125 0.23140212343750002 0.7602954828125 0.23140212343750002 0.7859375 0.2825572390625 0.7859375
19 0.2640625 0.7875 0.3109375 0.7875 0.3109375 0.760272278125 0.2640625 0.7602722765625 0.2640625 0.7875
19 0.3359375 0.7984375 0.3359375 0.7523153875 0.30720658125 0.7523153875 0.30720658125 0.7984375 0.3359375 0.7984375
19 0.3328125 0.7890625 0.3796875 0.7890625 0.3796875 0.7637969265625 0.3328125 0.7637969265625 0.3328125 0.7890625
19 0.4015625 0.7984375 0.4015625 0.75263510625 0.3766424296875 0.75263510625 0.3766424296875 0.7984375 0.4015625 0.7984375
19 0.2140625 0.8984375 0.2140625 0.8734375 0.1940619859375 0.8734375 0.1940619859375 0.8984375 0.2140625 0.8984375
19 0.2453125 0.896875 0.2453125 0.8779677187500001 0.22117367968749999 0.8779677187500001 0.22117367968749999 0.896875 0.2453125 0.896875
19 0.3625 0.885117575 0.30647174062500004 0.8851175734375 0.30647174062500004 0.937097771875 0.3625 0.937097771875 0.3625 0.885117575
19 0.4171875 0.9390625 0.4171875 0.8890341375 0.3620823015625 0.8890341375 0.3620823015625 0.9390625 0.4171875 0.9390625
19 0.471875 0.940625 0.471875 0.8896349000000001 0.42088490156249997 0.8896349000000001 0.42088490156249997 0.940625 0.471875 0.940625
19 0.2125 0.9359375 0.2125 0.9131239671875001 0.191089109375 0.9131239671875001 0.191089109375 0.9359375 0.2125 0.9359375
19 0.21915480625 0.940413571875 0.24803269375 0.940413571875 0.24803269375 0.9189614265625 0.21915480625 0.9189614265625 0.21915480625 0.940413571875
19 0.265625 0.2609375 0.265625 0.1629563734375 0.2063067234375 0.1629563734375 0.2063067234375 0.2609375 0.265625 0.2609375
19 0.35 0.24375 0.35 0.180556415625 0.25655940625 0.180556415625 0.25655940625 0.24375 0.35 0.24375
19 0.4140625 0.240625 0.4140625 0.181992575 0.3205858078125 0.181992575 0.3205858078125 0.240625 0.4140625 0.240625
19 0.20461530468750003 0.2640625 0.20461530625000002 0.17052650625000002 0.14850969375 0.17052650625000002 0.14850969375 0.2640625 0.20461530468750003 0.2640625
19 0.25625 0.409375 0.3046875 0.409375 0.3046875 0.3088979984375 0.25625 0.3088979984375 0.25625 0.409375
19 0.4109375 0.390625 0.4109375 0.351160271875 0.33558941875000003 0.351160271875 0.33558941875000003 0.390625 0.4109375 0.390625
19 0.4796875 0.409375 0.4796875 0.331832715625 0.4408338484375 0.331832715625 0.4408338484375 0.409375 0.4796875 0.409375
19 0.3484375 0.409375 0.3484375 0.3335267109375 0.3092512375 0.3335267109375 0.3092512375 0.409375 0.3484375 0.409375
19 0.453125 0.390625 0.453125 0.3517017328125 0.378106953125 0.3517017328125 0.378106953125 0.390625 0.453125 0.390625
19 0.2375 0.5140625 0.3296024140625 0.5140625 0.3296024140625 0.472181828125 0.2375 0.472181828125 0.2375 0.5140625
19 0.190625 0.5140625 0.28417904374999997 0.5140625 0.28417904374999997 0.4745462046875 0.190625 0.4745462046875 0.190625 0.5140625
19 0.3063041453125 0.446875 0.3063041453125 0.5390625 0.348383353125 0.5390625 0.348383353125 0.446875 0.3063041453125 0.446875
19 0.609375 0.54375 0.609375 0.46104579218749997 0.57963593125 0.46104579218749997 0.57963593125 0.54375 0.609375 0.54375
19 0.6703125 0.515625 0.6703125 0.4871055078125 0.5910401203125 0.4871055078125 0.5910401203125 0.515625 0.6703125 0.515625
19 0.6484375 0.540625 0.6796875 0.540625 0.6796875 0.4609375 0.6484375 0.4609375 0.6484375 0.540625
19 0.2140625 0.44721276718749997 0.17304300625 0.44721276718749997 0.17304300625 0.5387969265625 0.2140625 0.5387969265625 0.2140625 0.44721276718749997
19 0.51875 0.515625 0.5984375 0.515625 0.5984375 0.48765470312500003 0.51875 0.48765470312500003 0.51875 0.515625
19 0.390625 0.540625 0.390625 0.44936313906249997 0.353372525 0.44936313906249997 0.353372525 0.540625 0.390625 0.540625
19 0.4609375 0.5125 0.4609375 0.473401403125 0.3704439984375 0.473401403125 0.3704439984375 0.5125 0.4609375 0.5125
19 0.509375 0.5421875 0.540625 0.5421875 0.540625 0.4625 0.509375 0.4625 0.509375 0.5421875
19 0.7154290421875 0.540625 0.7154290421875 0.463459159375 0.6849009890625 0.463459159375 0.6849009890625 0.540625 0.7154290421875 0.540625
19 0.4171875 0.5171875 0.495224834375 0.5171875 0.495224834375 0.48719059375 0.4171875 0.48719059375 0.4171875 0.5171875
19 0.528125 0.5171875 0.528125 0.4874226484375 0.45031971875 0.4874226484375 0.45031971875 0.5171875 0.528125 0.5171875
19 0.4015625 0.6578125 0.4015625 0.5859375 0.3517661921875 0.5859375 0.3517661921875 0.6578125 0.4015625 0.6578125