19 0.5109375 0.611328125 0.471484375 0.611328125 0.471484375 0.640234375 0.5109375 0.640234375 0.5109375 0.611328125
19 0.546875 0.6125 0.506640625 0.6125 0.506640625 0.640625 0.546875 0.640625 0.546875 0.6125
19 0.2890625 0.80625 0.2890625 0.7515625 0.245703125 0.7515625 0.245703125 0.80625 0.2890625 0.80625
19 0.3375 0.8921875 0.3375 0.853515625 0.289453125 0.853515625 0.289453125 0.8921875 0.3375 0.8921875
19 0.290625 0.8953125 0.290625 0.85859375 0.24921875 0.85859375 0.24921875 0.8953125 0.290625 0.8953125
19 0.378125 0.858203125 0.3375 0.858203125 0.3375 0.9015625 0.378125 0.9015625 0.378125 0.858203125
19 0.58125 0.9015625 0.58125 0.8796875 0.546484375 0.8796875 0.546484375 0.9015625 0.58125 0.9015625
19 0.4875 0.903125 0.521875 0.903125 0.521875 0.881640625 0.4875 0.881640625 0.4875 0.903125
19 0.525 0.9078125 0.546875 0.9078125 0.546875 0.891015625 0.525 0.891015625 0.525 0.9078125
19 0.274609375 0.4078125 0.274609375 0.4578125 0.3375 0.4578125 0.3375 0.4078125 0.274609375 0.4078125
19 0.334765625 0.403125 0.334765625 0.4640625 0.3890625 0.4640625 0.3890625 0.403125 0.334765625 0.403125
19 0.228125 0.4625 0.278125 0.4625 0.278125 0.403125 0.228125 0.403125 0.228125 0.4625
19 0.234375 0.4921875 0.234375 0.559375 0.271875 0.559375 0.271875 0.4921875 0.234375 0.4921875
19 0.3296875 0.508203125 0.26015625 0.508203125 0.26015625 0.5453125 0.3296875 0.5453125 0.3296875 0.508203125
19 0.371875 0.5546875 0.371875 0.501953125 0.3125 0.501953125 0.3125 0.5546875 0.371875 0.5546875
19 0.42734375 0.553125 0.42734375 0.502734375 0.3671875 0.502734375 0.3671875 0.553125 0.42734375 0.553125
19 0.484375 0.501953125 0.42421875 0.501953125 0.42421875 0.5546875 0.484375 0.5546875 0.484375 0.501953125
19 0.4828125 0.5046875 0.4828125 0.55625 0.540625 0.55625 0.540625 0.5046875 0.4828125 0.5046875
19 0.29375 0.6296875 0.29375 0.6015625 0.240234375 0.6015625 0.240234375 0.6296875 0.29375 0.6296875
19 0.324609375 0.6296875 0.324609375 0.602734375 0.270703125 0.602734375 0.270703125 0.6296875 0.324609375 0.6296875
19 0.3515625 0.593359375 0.31875 0.593359375 0.31875 0.6421875 0.3515625 0.6421875 0.3515625 0.593359375
19 0.3875 0.6015625 0.3875 0.6375 0.4390625 0.6375 0.4390625 0.6015625 0.3875 0.6015625
19 0.3890625 0.64375 0.3890625 0.59375 0.356640625 0.59375 0.356640625 0.64375 0.3890625 0.64375
19 0.4296875 0.603125 0.4296875 0.6390625 0.48125 0.6390625 0.48125 0.603125 0.4296875 0.603125