19 0.1 0.4640625 0.1 0.35122346875 0.0082006703125 0.35122346875 0.0082006703125 0.4640625 0.1 0.4640625
19 0.1685682 0.465625 0.1685682 0.3778449296875 0.10174430000000001 0.3778449296875 0.10174430000000001 0.465625 0.1685682 0.465625
19 0.346875 0.471875 0.44375 0.471875 0.44375 0.3991057390625 0.346875 0.3991057390625 0.346875 0.471875
19 0.221875 0.4703125 0.221875 0.40369988125 0.17105444375 0.40369988125 0.17105444375 0.4703125 0.221875 0.4703125
19 0.5046875 0.490625 0.5046875 0.390625 0.43728380468749994 0.390625 0.43728380468749994 0.490625 0.5046875 0.490625
19 0.2890625 0.46875 0.2890625 0.4146766890625 0.2162195359375 0.4146766890625 0.2162195359375 0.46875 0.2890625 0.46875
19 0.92142295625 0.515625 0.92142295625 0.39714033125000003 0.8412342765625 0.39714033125000003 0.8412342765625 0.515625 0.92142295625 0.515625
19 0.5171875 0.509375 0.596875 0.509375 0.596875 0.4048398203125 0.5171875 0.4048398203125 0.5171875 0.509375
19 1 0.425162146875 0.9 0.425162146875 0.9 0.4984375 1 0.4984375 1 0.425162146875
19 0.340625 0.4890625 0.340625 0.4296825859375 0.298992728125 0.4296825875 0.298992728125 0.4890625 0.340625 0.4890625
19 0.7125 0.5046875 0.7125 0.4176100640625 0.62172268125 0.4176100640625 0.62172268125 0.5046875 0.7125 0.5046875
19 0.721875 0.5125 0.825 0.5125 0.825 0.42471992968750005 0.721875 0.42471992968750005 0.721875 0.5125
19 0.7061173359375 0.6421875 0.7061173359375 0.53795204375 0.6235701640625 0.53795204375 0.6235701640625 0.6421875 0.7061173359375 0.6421875
19 0.6015625 0.6421875 0.6015625 0.5534345515625 0.53127948125 0.5534345515625 0.53127948125 0.6421875 0.6015625 0.6421875
19 0.7171875 0.6484375 0.7890625 0.6484375 0.7890625 0.5614435921875 0.7171875 0.5614435921875 0.7171875 0.6484375
19 0.7907625796875 0.657709315625 0.8717374203125001 0.657709315625 0.871737421875 0.5657281843749999 0.7907625796875 0.5657281843749999 0.7907625796875 0.657709315625