19 0.934375 0.3375 0.934375 0.266763178125 0.857517971875 0.266763178125 0.857517971875 0.3375 0.934375 0.3375
19 0.384375 0.3359375 0.384375 0.2837160546875 0.309375 0.2837160546875 0.309375 0.3359375 0.384375 0.3359375
19 0.321875 0.3359375 0.321875 0.28475688906249996 0.247369209375 0.28475688906249996 0.247369209375 0.3359375 0.321875 0.3359375
19 0.2546875 0.3375 0.2546875 0.2826477625 0.18067591875 0.2826477625 0.18067591875 0.3375 0.2546875 0.3375
19 0.49684754375000006 0.3421875 0.49684754375000006 0.29564447031249996 0.44253444531249997 0.29564447031249996 0.44253444531249997 0.3421875 0.49684754375000006 0.3421875
19 0.4375 0.346875 0.4375 0.29392222343749996 0.3886182109375 0.29392222343749996 0.3886182109375 0.346875 0.4375 0.346875
19 0.44534245156249996 0.4203125 0.44534245156249996 0.4796875 0.514032546875 0.4796875 0.514032546875 0.4203125 0.44534245156249996 0.4203125
19 0.1625 0.41875 0.106849040625 0.41875 0.106849040625 0.49340055937500005 0.1625 0.49340055937500005 0.1625 0.41875
19 0.2515625 0.496875 0.2515625 0.41948881718750003 0.1963408546875 0.41948881718750003 0.1963408546875 0.496875 0.2515625 0.496875
19 0.43690594843749997 0.4796875 0.43690594843749997 0.43758985624999996 0.3849890171875 0.43758985624999996 0.3849890171875 0.4796875 0.43690594843749997 0.4796875
19 0.375 0.4859375 0.375 0.43777206562500004 0.332228434375 0.43777206562500004 0.332228434375 0.4859375 0.375 0.4859375
19 0.30625 0.49375 0.30625 0.4434929109375 0.2824480828125 0.4434929109375 0.2824480828125 0.49375 0.30625 0.49375
19 0.3515625 0.5875 0.3515625 0.5060528140625 0.2956594453125 0.5060528140625 0.2956594453125 0.5875 0.3515625 0.5875
19 0.193415534375 0.578125 0.193415534375 0.5223018171875 0.103958665625 0.5223018171875 0.103958665625 0.578125 0.193415534375 0.578125
19 0.1015625 0.578125 0.1015625 0.524298621875 0.011641374999999999 0.524298621875 0.011641374999999999 0.578125 0.1015625 0.578125
19 0.2625 0.5140625 0.208042134375 0.5140625 0.208042134375 0.5951327875 0.2625 0.5951327875 0.2625 0.5140625
19 0.140625 0.6875 0.18125 0.6875 0.18125 0.617833965625 0.140625 0.617833965625 0.140625 0.6875
19 0.2671875 0.6875 0.2671875 0.6222743609375 0.22592102656250002 0.6222743609375 0.22592102656250002 0.6875 0.2671875 0.6875
19 0.09375 0.69375 0.09375 0.621875 0.0567741609375 0.621875 0.0567741609375 0.69375 0.09375 0.69375
19 0.128125 0.700811203125 0.0902880390625 0.700811203125 0.0902880390625 0.7671051328125 0.128125 0.7671051328125 0.128125 0.700811203125
19 0.3796875 0.753125 0.3796875 0.7169379015625 0.3152655765625 0.7169379015625 0.3152655765625 0.753125 0.3796875 0.753125
19 0.209375 0.7671875 0.209375 0.70399610625 0.17683207031249998 0.70399610625 0.17683207031249998 0.7671875 0.209375 0.7671875
19 0.45625 0.75 0.45625 0.7205146765625 0.387212959375 0.7205146765625 0.387212959375 0.75 0.45625 0.75
19 0.30438548125 0.7515625 0.30438548125 0.7185353437499999 0.2380915515625 0.7185353437499999 0.2380915515625 0.7515625 0.30438548125 0.7515625