19 0.6203125 0.9234375 0.6921875 0.9234375 0.6921875 0.823003471875 0.6203125 0.823003471875 0.6203125 0.9234375
19 0.5296875 0.9265625 0.5296875 0.825 0.462152778125 0.825 0.462152778125 0.9265625 0.5296875 0.9265625
19 0.3859375 0.9140625 0.3859375 0.83758680625 0.28524305625 0.83758680625 0.28524305625 0.9140625 0.3859375 0.9140625
19 0.2921875 0.928125 0.2921875 0.825 0.21076388906250001 0.825 0.21076388906250001 0.928125 0.2921875 0.928125
19 0.3821180546875 0.825 0.3821180546875 0.928125 0.4498263890625 0.928125 0.4498263890625 0.825 0.3821180546875 0.825
19 0.5421875 0.9296875 0.615625 0.9296875 0.615625 0.823090278125 0.5421875 0.823090278125 0.5421875 0.9296875
19 0.9390625 0.3314236109375 0.846440971875 0.3314236109375 0.846440971875 0.4451388890625 0.9390625 0.4451388890625 0.9390625 0.3314236109375
19 0.1984375 0.4515625 0.1984375 0.340625 0.11076388906250001 0.340625 0.11076388906250001 0.4515625 0.1984375 0.4515625
19 0.84375 0.3546875 0.746875 0.3546875 0.746875 0.44348958437499997 0.84375 0.44348958437499997 0.84375 0.3546875
19 0.7421006953125 0.4421875 0.7421006953125 0.35486111249999996 0.644878471875 0.35486111249999996 0.644878471875 0.4421875 0.7421006953125 0.4421875
19 0.29375 0.44375 0.29375 0.3649305546875 0.20590277812500002 0.3649305546875 0.20590277812500002 0.44375 0.29375 0.44375
19 0.5810763890625 0.364496528125 0.4986111109375 0.364496528125 0.4986111109375 0.4495659734375 0.5810763890625 0.4495659734375 0.5810763890625 0.364496528125
19 0.653125 0.3859375 0.5820312484375 0.3859375 0.5820312484375 0.44184027812500004 0.653125 0.44184027812500004 0.653125 0.3859375
19 0.3828125 0.4515625 0.3828125 0.3734375 0.2988715265625 0.3734375 0.2988715265625 0.4515625 0.3828125 0.4515625
19 0.39800347187499996 0.36875 0.39800347187499996 0.459375 0.478125 0.459375 0.478125 0.36875 0.39800347187499996 0.36875
19 0.8109375 0.5703125 0.8109375 0.5234375 0.7444444453125 0.5234375 0.7444444453125 0.5703125 0.8109375 0.5703125
19 0.6875 0.584375 0.6875 0.5214409703125 0.641232640625 0.5214409703125 0.641232640625 0.584375 0.6875 0.584375
19 0.6421875 0.575 0.6421875 0.529166665625 0.58125 0.529166665625 0.58125 0.575 0.6421875 0.575
19 0.753125 0.571875 0.753125 0.5244791656250001 0.6881076390625 0.5244791656250001 0.6881076390625 0.571875 0.753125 0.571875
19 0.8546875 0.5660590265625001 0.81414930625 0.5660590265625001 0.81414930625 0.60772569375 0.8546875 0.60772569375 0.8546875 0.5660590265625001
19 0.953125 0.6171875 0.953125 0.5671875 0.911371528125 0.5671875 0.911371528125 0.6171875 0.953125 0.6171875
19 0.9046875 0.5677083328125 0.8622395828125 0.5677083328125 0.8622395828125 0.6119791671875 0.9046875 0.6119791671875 0.9046875 0.5677083328125
19 0.465625 0.653125 0.465625 0.578559028125 0.3523437515625 0.578559028125 0.3523437515625 0.653125 0.465625 0.653125
19 0.384375 0.6578125 0.384375 0.5781249984375 0.270746528125 0.578125 0.270746528125 0.6578125 0.384375 0.6578125
19 0.1859375 0.6765625 0.1859375 0.5592881937499999 0.11388888906250001 0.5592881937499999 0.11388888906250001 0.6765625 0.1859375 0.6765625
19 0.296875 0.5821180546875 0.18125 0.5821180546875 0.18125 0.659375 0.296875 0.659375 0.296875 0.5821180546875
19 0.6015625 0.6578125 0.6015625 0.597309028125 0.5125 0.597309028125 0.5125 0.6578125 0.6015625 0.6578125
19 0.5328125 0.5932291671875001 0.43819444374999994 0.5932291671875001 0.43819444374999994 0.659375 0.5328125 0.659375 0.5328125 0.5932291671875001
19 0.775 0.665625 0.775 0.6126736125 0.7049479171875 0.6126736125 0.7049479171875 0.665625 0.775 0.665625
19 0.5878472218749999 0.6140625 0.5878472218749999 0.6609375 0.6546875 0.6609375 0.6546875 0.6140625 0.5878472218749999 0.6140625
19 0.7125 0.665625 0.7125 0.6118923609375 0.6447048609375 0.6118923609375 0.6447048609375 0.665625 0.7125 0.665625
19 0.776909721875 0.60625 0.776909721875 0.675 0.824652778125 0.675 0.824652778125 0.60625 0.776909721875 0.60625
19 0.978125 0.6302083328125 0.9299479171874999 0.6302083328125 0.9299479171874999 0.6744791671875 0.978125 0.6744791671875 0.978125 0.6302083328125
19 0.878125 0.671875 0.9203125 0.671875 0.9203125 0.6256076390625 0.878125 0.6256076390625 0.878125 0.671875
19 0.875 0.6703125 0.875 0.6289930546875 0.8276041656249999 0.6289930546875 0.8276041656249999 0.6703125 0.875 0.6703125