19 0.2421875 0.1875 0.2421875 0.15 0.2056862125 0.15 0.2056862125 0.1875 0.2421875 0.1875
19 0.9046875 0.2234375 0.9046875 0.1334568296875 0.8296257515625 0.1334568296875 0.8296257515625 0.2234375 0.9046875 0.2234375
19 0.8265625 0.1391537796875 0.7544646703125 0.1391537796875 0.7544646703125 0.22334621875 0.8265625 0.22334621875 0.8265625 0.1391537796875
19 0.68125 0.215625 0.68125 0.144490978125 0.599170425 0.144490978125 0.599170425 0.215625 0.68125 0.215625
19 0.7515625 0.221875 0.7515625 0.140625 0.6798942218749999 0.140625 0.6798942218749999 0.221875 0.7515625 0.221875
19 0.6010819374999999 0.2234375 0.6010819374999999 0.1427861890625 0.5254805625000001 0.1427861890625 0.5254805625000001 0.2234375 0.6010819374999999 0.2234375
19 0.4546875 0.2125 0.5296875 0.2125 0.5296875 0.1605723796875 0.4546875 0.1605723796875 0.4546875 0.2125
19 0.4734375 0.2125 0.4734375 0.16121939375 0.39884020468750003 0.16121939375 0.39884020468750003 0.2125 0.4734375 0.2125
19 0.3171875 0.2203125 0.3171875 0.1625 0.24845629374999997 0.1625 0.24845629374999997 0.2203125 0.3171875 0.2203125
19 0.4109375 0.2125 0.4109375 0.1774028140625 0.355965421875 0.1774028140625 0.355965421875 0.2125 0.4109375 0.2125
19 0.35625 0.221875 0.35625 0.16637135 0.318505690625 0.16637135 0.318505690625 0.221875 0.35625 0.221875
19 0.2421875 0.1907082265625 0.207310459375 0.1907082265625 0.207310459375 0.22335427343749997 0.2421875 0.22335427343749997 0.2421875 0.1907082265625
19 0.21983462187499997 0.26454037812500003 0.161415378125 0.26454037812500003 0.161415378125 0.322959621875 0.21983462187499997 0.322959621875 0.21983462187499997 0.26454037812500003
19 0.8953125 0.3453125 0.8953125 0.309431378125 0.8350273843749999 0.309431378125 0.8350273843749999 0.3453125 0.8953125 0.3453125
19 0.840625 0.3578125 0.840625 0.2976562515625 0.8055063375 0.2976562515625 0.8055063375 0.3578125 0.840625 0.3578125
19 0.809375 0.3453125 0.809375 0.3094045328125 0.74911673125 0.3094045328125 0.74911673125 0.3453125 0.809375 0.3453125
19 0.7250832265625 0.296875 0.7250832265625 0.3578125 0.757729275 0.3578125 0.757729275 0.296875 0.7250832265625 0.296875
19 0.2078125 0.3859375 0.2078125 0.32167633125 0.16370543437500001 0.32167633125 0.16370543437500001 0.3859375 0.2078125 0.3859375
19 0.2171875 0.446875 0.2171875 0.39524269843750004 0.15778296875 0.39524269843750004 0.15778296875 0.446875 0.2171875 0.446875
19 0.7296875 0.48125 0.7296875 0.4092273421875 0.6436050265625 0.4092273421875 0.6436050265625 0.48125 0.7296875 0.48125
19 0.7953125 0.4875 0.7953125 0.40598958281249997 0.7244254734375 0.40598958281249997 0.7244254734375 0.4875 0.7953125 0.4875
19 0.8796875 0.4875 0.8796875 0.4054365328125 0.806945340625 0.4054365328125 0.806945340625 0.4875 0.8796875 0.4875
19 0.65 0.41361683749999995 0.5739771250000001 0.41361683749999995 0.5739771250000001 0.48406357343749995 0.65 0.48406357343749995 0.65 0.41361683749999995
19 0.57648464375 0.484375 0.57648464375 0.420948775 0.509474334375 0.420948775 0.509474334375 0.484375 0.57648464375 0.484375
19 0.45625 0.4890625 0.45625 0.4369845375 0.41781840625 0.4369845375 0.41781840625 0.4890625 0.45625 0.4890625
19 0.501361146875 0.43465689375 0.46270135312500005 0.43465689375 0.46270135312500005 0.48878060625 0.501361146875 0.48878060625 0.501361146875 0.43465689375
19 0.2125 0.5125 0.2125 0.45468213124999995 0.159954896875 0.4546821296875 0.159954896875 0.5125 0.2125 0.5125
19 0.215625 0.575 0.215625 0.5223958328125 0.1566849234375 0.5223958328125 0.1566849234375 0.575 0.215625 0.575
19 0.215625 0.6703125 0.215625 0.613044996875 0.16016430312500002 0.613044996875 0.16016430312500002 0.6703125 0.215625 0.6703125