19 0.4328125 0.5703125 0.4328125 0.5308238640625 0.3868912328125 0.5308238640625 0.3868912328125 0.5703125 0.4328125 0.5703125
19 0.384375 0.571875 0.384375 0.5304484578124999 0.3313108765625 0.5304484578124999 0.3313108765625 0.571875 0.384375 0.571875
19 0.4953125 0.571875 0.4953125 0.5304484578124999 0.4428368515625 0.5304484578124999 0.4428368515625 0.571875 0.4953125 0.571875
19 0.546875 0.5765625 0.546875 0.5265625 0.505671671875 0.5265625 0.505671671875 0.5765625 0.546875 0.5765625
19 0.48125 0.644409496875 0.437642046875 0.644409496875 0.437642046875 0.6947341734375 0.48125 0.6947341734375 0.48125 0.644409496875
19 0.2546875 0.6921875 0.2546875 0.6429991890625 0.21176947968749998 0.6429991890625 0.21176947968749998 0.6921875 0.2546875 0.6921875
19 0.3734375 0.6890625 0.3734375 0.6470271921874999 0.31955154218750004 0.6470271921874999 0.31955154218750004 0.6890625 0.3734375 0.6890625
19 0.2030235390625 0.6875 0.2030235390625 0.6474025984375 0.1567573046875 0.6474025984375 0.1567573046875 0.6875 0.2030235390625 0.6875
19 0.1421875 0.643171671875 0.102252434375 0.643171671875 0.102252434375 0.6902495953125001 0.1421875 0.6902495953125001 0.1421875 0.643171671875
19 0.3109375 0.6424411531249999 0.270616884375 0.6424411531249999 0.270616884375 0.6935775171875 0.3109375 0.6935775171875 0.3109375 0.6424411531249999
19 0.425 0.690625 0.425 0.648396915625 0.3807731328125 0.648396915625 0.3807731328125 0.690625 0.425 0.690625
19 0.5375 0.6921875 0.5375 0.65 0.494926946875 0.65 0.494926946875 0.6921875 0.5375 0.6921875
19 0.596875 0.6921875 0.596875 0.64708806875 0.5570819796875 0.64708806875 0.5570819796875 0.6921875 0.596875 0.6921875
19 0.653125 0.690625 0.653125 0.6511769484375 0.6077110390625 0.6511769484375 0.6077110390625 0.690625 0.653125 0.690625
19 0.6703125 0.69375 0.7109375 0.69375 0.7109375 0.6480113640625 0.6703125 0.6480113640625 0.6703125 0.69375
19 0.7703125 0.6921875 0.7703125 0.6669338484375 0.720627028125 0.6669338484375 0.720627028125 0.6921875 0.7703125 0.6921875
19 0.8109375 0.703125 0.8109375 0.65691964375 0.7855823859375 0.65691964375 0.7855823859375 0.703125 0.8109375 0.703125
19 0.86875 0.69375 0.86875 0.6686181 0.8194602281250001 0.6686181 0.8194602281250001 0.69375 0.86875 0.69375
19 0.878125 0.69375 0.9203125 0.69375 0.9203125 0.6703125 0.878125 0.6703125 0.878125 0.69375