19 0.523032209375 0.41875 0.523032209375 0.34113694687499996 0.4453871578125 0.34113694687499996 0.4453871578125 0.41875 0.523032209375 0.41875
19 0.6966350265625 0.41875 0.6966350265625 0.344843215625 0.6189899750000001 0.344843215625 0.6189899750000001 0.41875 0.6966350265625 0.41875
19 0.534375 0.4234375 0.6109375 0.4234375 0.6109375 0.34251813124999997 0.534375 0.34251813124999997 0.534375 0.4234375
19 0.771875 0.4234375 0.771875 0.3640625 0.7067566125 0.3640625 0.7067566125 0.4234375 0.771875 0.4234375
19 0.7875 0.428125 0.8452298421875 0.428125 0.8452298421875 0.3590683671875 0.7875 0.3590683671875 0.7875 0.428125
19 0.9309806953124999 0.4234375 0.9309806953124999 0.3667048859375 0.8584550984374999 0.3667048859375 0.8584550984374999 0.4234375 0.9309806953124999 0.4234375
19 0.0203125 0.5234375 0.0203125 0.4438806515625 0.0000826578125 0.4438806515625 0.0000826578125 0.5234375 0.0203125 0.5234375
19 0.090625 0.51875 0.090625 0.45818845937499997 0.028239654687499997 0.45818845937499997 0.028239654687499997 0.51875 0.090625 0.51875
19 0.3546875 0.521875 0.3546875 0.4609375 0.29708564531250004 0.4609375 0.29708564531250004 0.521875 0.3546875 0.521875
19 0.1578125 0.521875 0.1578125 0.45953765 0.09818419375000001 0.45953764843749995 0.09818419375000001 0.521875 0.1578125 0.521875
19 0.221875 0.51875 0.221875 0.46267597968749996 0.1620547140625 0.46267598125 0.1620547140625 0.51875 0.221875 0.51875
19 0.28724935937499996 0.5203125 0.28724935937499996 0.46111614687499997 0.22837563906249997 0.46111614687499997 0.22837563906249997 0.5203125 0.28724935937499996 0.5203125
19 0.41875 0.5171875 0.41875 0.4629719484375 0.3595803109375 0.46297195 0.3595803109375 0.5171875 0.41875 0.5171875
19 0.4796875 0.5203125 0.5264505125000001 0.5203125 0.5264505125000001 0.47710110937500005 0.4796875 0.47710110937500005 0.4796875 0.5203125
19 0.471875 0.521875 0.471875 0.48095936406249995 0.42861028125 0.48095936406249995 0.42861028125 0.521875 0.471875 0.521875
19 0.5734375 0.525 0.5734375 0.4797381609375 0.5318446031249999 0.4797381609375 0.5318446031249999 0.525 0.5734375 0.525
19 0.871875 0.478125 0.8270024515625 0.478125 0.8270024515625 0.5263518546875 0.871875 0.5263518546875 0.871875 0.478125
19 0.7609375 0.525 0.7609375 0.4820925765625 0.7182913828124999 0.4820925765625 0.7182913828124999 0.525 0.7609375 0.525
19 0.8140625 0.525 0.8140625 0.47938353281249996 0.7706697953125 0.47938353281249996 0.7706697953125 0.525 0.8140625 0.525
19 0.6140625 0.528125 0.6140625 0.49094230000000005 0.588227921875 0.49094230000000005 0.588227921875 0.528125 0.6140625 0.528125
19 0.628125 0.521875 0.66875 0.521875 0.66875 0.4969309953125 0.628125 0.4969309953125 0.628125 0.521875
19 0.7171875 0.521875 0.7171875 0.4969309953125 0.677959684375 0.4969309953125 0.677959684375 0.521875 0.7171875 0.521875
19 0 0.615625 0.0515625 0.615625 0.0515625 0.58264185 0 0.58264185 0 0.615625
19 0.1984375 0.6375 0.1984375 0.5682353875 0.13298848125 0.5682353890625 0.13298848125 0.6375 0.1984375 0.6375
19 0.2875 0.6375 0.2875 0.560265571875 0.204844815625 0.560265571875 0.204844815625 0.6375 0.2875 0.6375
19 0.11875 0.6359375 0.11875 0.5703125 0.0481122015625 0.5703125 0.0481122015625 0.6359375 0.11875 0.6359375
19 0.284398996875 0.637188034375 0.367163503125 0.637188034375 0.367163503125 0.561249465625 0.284398996875 0.561249465625 0.284398996875 0.637188034375
19 0.440625 0.64375 0.440625 0.565625 0.37824765312499997 0.565625 0.37824765312499997 0.64375 0.440625 0.64375
19 0.75 0.6421875 0.75 0.568718003125 0.6923848125000001 0.568718003125 0.6923848125000001 0.6421875 0.75 0.6421875
19 0.671875 0.6421875 0.671875 0.570696459375 0.6117240828125 0.570696459375 0.6117240828125 0.6421875 0.671875 0.6421875
19 0.44867747500000005 0.5765625 0.44867747500000005 0.6375 0.5263225265625 0.6375 0.5263225265625 0.5765625 0.44867747500000005 0.5765625
19 0.6 0.6359375 0.6 0.580754053125 0.5286582765625 0.580754053125 0.5286582765625 0.6359375 0.6 0.6359375
19 0.8356921937499999 0.6421875 0.8356921937499999 0.5907369890624999 0.76743280625 0.5907369890624999 0.76743280625 0.6421875 0.8356921937499999 0.6421875
19 0.9078125 0.653125 0.9078125 0.582204565625 0.8563779859375 0.582204565625 0.8563779859375 0.653125 0.9078125 0.653125