19 0.95390625 0.5953125 0.8796875 0.5953125 0.8796875 0.65625 0.95390625 0.65625 0.95390625 0.5953125
19 0.79765625 0.596875 0.7234375 0.596875 0.7234375 0.65703125 0.79765625 0.65703125 0.79765625 0.596875
19 0.875 0.596875 0.8015625 0.596875 0.8015625 0.6578125 0.875 0.6578125 0.875 0.596875
19 0.72109375 0.5953125 0.6515625 0.5953125 0.6515625 0.659375 0.72109375 0.659375 0.72109375 0.5953125
19 0.64609375 0.6125 0.5921875 0.6125 0.5921875 0.6578125 0.64609375 0.6578125 0.64609375 0.6125
19 0.3375 0.6140625 0.2890625 0.6140625 0.2890625 0.659375 0.3375 0.659375 0.3375 0.6140625
19 0.46328125 0.6125 0.409375 0.6125 0.409375 0.65703125 0.46328125 0.65703125 0.46328125 0.6125
19 0.521875 0.6140625 0.4703125 0.6140625 0.4703125 0.659375 0.521875 0.659375 0.521875 0.6140625
19 0.39921875 0.6140625 0.3453125 0.6140625 0.3453125 0.659375 0.39921875 0.659375 0.39921875 0.6140625
19 0.58515625 0.6125 0.5296875 0.6125 0.5296875 0.6578125 0.58515625 0.6578125 0.58515625 0.6125
19 0.13203125 0.63125 0.08125 0.63125 0.08125 0.6578125 0.13203125 0.6578125 0.13203125 0.63125
19 0.18125 0.63125 0.1359375 0.63125 0.1359375 0.6578125 0.18125 0.6578125 0.18125 0.63125
19 0.23125 0.63125 0.1859375 0.63125 0.1859375 0.65859375 0.23125 0.65859375 0.23125 0.63125
19 0.2796875 0.63125 0.234375 0.63125 0.234375 0.65859375 0.2796875 0.65859375 0.2796875 0.63125