19 0.15859375 0.0890625 0.1234375 0.0890625 0.1234375 0.15390625 0.15859375 0.15390625 0.15859375 0.0890625
19 0.11875 0.0890625 0.078125 0.0890625 0.078125 0.153125 0.11875 0.153125 0.11875 0.0890625
19 0.78125 0.0984375 0.734375 0.0984375 0.734375 0.16484375 0.78125 0.16484375 0.78125 0.0984375
19 0.8328125 0.1046875 0.78125 0.1046875 0.78125 0.16875 0.8328125 0.16875 0.8328125 0.1046875
19 0.88203125 0.10625 0.8390625 0.10625 0.8390625 0.16640625 0.88203125 0.16640625 0.88203125 0.10625
19 0.5890625 0.1078125 0.5359375 0.1078125 0.5359375 0.165625 0.5890625 0.165625 0.5890625 0.1078125
19 0.5328125 0.10625 0.4859375 0.10625 0.4859375 0.16640625 0.5328125 0.16640625 0.5328125 0.10625
19 0.2734375 0.1328125 0.240625 0.1328125 0.240625 0.1796875 0.2734375 0.1796875 0.2734375 0.1328125
19 0.19609375 0.1359375 0.1671875 0.1359375 0.1671875 0.18046875 0.19609375 0.18046875 0.19609375 0.1359375
19 0.23359375 0.1359375 0.2046875 0.1359375 0.2046875 0.18046875 0.23359375 0.18046875 0.23359375 0.1359375
19 0.68125 0.134375 0.640625 0.134375 0.640625 0.1828125 0.68125 0.1828125 0.68125 0.134375
19 0.7265625 0.134375 0.684375 0.134375 0.684375 0.1828125 0.7265625 0.1828125 0.7265625 0.134375
19 0.63359375 0.1359375 0.5984375 0.1359375 0.5984375 0.18125 0.63359375 0.18125 0.63359375 0.1359375
19 0.48515625 0.1453125 0.425 0.1453125 0.425 0.240625 0.48515625 0.240625 0.48515625 0.1453125
19 0.41640625 0.1453125 0.3578125 0.1453125 0.3578125 0.240625 0.41640625 0.240625 0.41640625 0.1453125
19 0.13984375 0.1578125 0.1015625 0.1578125 0.1015625 0.2375 0.13984375 0.2375 0.13984375 0.1578125
19 0.09453125 0.15625 0.05625 0.15625 0.05625 0.2390625 0.09453125 0.2390625 0.09453125 0.15625
19 0.6 0.1671875 0.54375 0.1671875 0.54375 0.240625 0.6 0.240625 0.6 0.1671875
19 0.8453125 0.16875 0.79375 0.16875 0.79375 0.23828125 0.8453125 0.23828125 0.8453125 0.16875
19 0.78828125 0.1671875 0.7390625 0.1671875 0.7390625 0.23828125 0.78828125 0.23828125 0.78828125 0.1671875
19 0.903125 0.16875 0.8515625 0.16875 0.8515625 0.240625 0.903125 0.240625 0.903125 0.16875
19 0.5421875 0.16875 0.490625 0.16875 0.490625 0.240625 0.5421875 0.240625 0.5421875 0.16875
19 0.2203125 0.18125 0.1890625 0.18125 0.1890625 0.2390625 0.2203125 0.2390625 0.2203125 0.18125
19 0.18046875 0.1796875 0.1453125 0.1796875 0.1453125 0.23984375 0.18046875 0.23984375 0.18046875 0.1796875
19 0.2625 0.1796875 0.2296875 0.1796875 0.2296875 0.23984375 0.2625 0.23984375 0.2625 0.1796875
19 0.690625 0.18125 0.65 0.18125 0.65 0.2390625 0.690625 0.2390625 0.690625 0.18125
19 0.7359375 0.184375 0.69375 0.184375 0.69375 0.240625 0.7359375 0.240625 0.7359375 0.184375
19 0.646875 0.184375 0.6015625 0.184375 0.6015625 0.23984375 0.646875 0.23984375 0.646875 0.184375
19 0.7875 0.2953125 0.7578125 0.2953125 0.7578125 0.321875 0.7875 0.321875 0.7875 0.2953125
19 0.75 0.296875 0.7171875 0.296875 0.7171875 0.3234375 0.75 0.3234375 0.75 0.296875
19 0.9703125 0.2875 0.928125 0.2875 0.928125 0.33671875 0.9703125 0.33671875 0.9703125 0.2875
19 0.9203125 0.2875 0.8796875 0.2875 0.8796875 0.3390625 0.9203125 0.3390625 0.9203125 0.2875
19 0.821875 0.3015625 0.7921875 0.3015625 0.7921875 0.3265625 0.821875 0.3265625 0.821875 0.3015625
19 0.8703125 0.2890625 0.8328125 0.2890625 0.8328125 0.33984375 0.8703125 0.33984375 0.8703125 0.2890625
19 0.75078125 0.325 0.715625 0.325 0.715625 0.35390625 0.75078125 0.35390625 0.75078125 0.325
19 0.78671875 0.3265625 0.753125 0.3265625 0.753125 0.35625 0.78671875 0.35625 0.78671875 0.3265625
19 0.82734375 0.33125 0.7921875 0.33125 0.7921875 0.35546875 0.82734375 0.35546875 0.82734375 0.33125
19 0.8875 0.3421875 0.846875 0.3421875 0.846875 0.4 0.8875 0.4 0.8875 0.3421875
19 0.93515625 0.3453125 0.8953125 0.3453125 0.8953125 0.396875 0.93515625 0.396875 0.93515625 0.3453125
19 0.76171875 0.3640625 0.728125 0.3640625 0.728125 0.396875 0.76171875 0.396875 0.76171875 0.3640625
19 0.8015625 0.3671875 0.76875 0.3671875 0.76875 0.396875 0.8015625 0.396875 0.8015625 0.3671875
19 0.8453125 0.3671875 0.809375 0.3671875 0.809375 0.396875 0.8453125 0.396875 0.8453125 0.3671875