19 0.5359375 0.7046875 0.5359375 0.664398734375 0.4888943828125 0.664398734375 0.4888943828125 0.7046875 0.5359375 0.7046875
19 0.3140625 0.6692939078125 0.28496835468750004 0.6692939078125 0.28496835468750004 0.7072685921875 0.3140625 0.7072685921875 0.3140625 0.6692939078125
19 0.278125 0.667701740625 0.250207675 0.667701740625 0.250207675 0.710423259375 0.278125 0.710423259375 0.278125 0.667701740625
19 0.208969540625 0.6677314078125 0.183653084375 0.6677314078125 0.183653084375 0.7088706484375 0.208969540625 0.7088706484375 0.208969540625 0.6677314078125
19 0.584375 0.667741296875 0.5399426421875 0.667741296875 0.5399426421875 0.710462815625 0.584375 0.710462815625 0.584375 0.667741296875
19 0.2453125 0.667701740625 0.2171875 0.667701740625 0.2171875 0.710423259375 0.2453125 0.710423259375 0.2453125 0.667701740625
19 0.6921875 0.709375 0.6921875 0.6665348109375 0.647320015625 0.6665348109375 0.647320015625 0.709375 0.6921875 0.709375
19 0.490625 0.703125 0.490625 0.670856409375 0.45134493593749997 0.670856409375 0.45134493593749997 0.703125 0.490625 0.703125
19 0.384375 0.6708564078125 0.35448971406249996 0.6708564078125 0.35448971406249996 0.708831090625 0.384375 0.708831090625 0.384375 0.6708564078125
19 0.4234375 0.703125 0.4234375 0.6748121046875 0.383287184375 0.6748121046875 0.383287184375 0.703125 0.4234375 0.703125
19 0.42209256406250006 0.7104133703125 0.4497824375 0.7104133703125 0.4497824375 0.6692741296875 0.42209256406250006 0.6692741296875 0.42209256406250006 0.7104133703125
19 0.3125 0.703125 0.3528283234375 0.703125 0.3528283234375 0.6739220734375 0.3125 0.6739220734375 0.3125 0.703125
19 0.640625 0.667741296875 0.589685521875 0.667741296875 0.589685521875 0.710462815625 0.640625 0.710462815625 0.640625 0.667741296875
19 0.7436313296875 0.7109375 0.7436313296875 0.6689576749999999 0.7009098093749999 0.6689576749999999 0.7009098093749999 0.7109375 0.7436313296875 0.7109375
19 0.7921875 0.7125 0.7921875 0.66942246875 0.7504351265625 0.66942246875 0.7504351265625 0.7125 0.7921875 0.7125
19 0.681487340625 0.34204905 0.7060126578125 0.34204905 0.7060126578125 0.30170094999999997 0.681487340625 0.30170094999999997 0.681487340625 0.34204905
19 0.73125 0.30326344843749997 0.707654271875 0.30326344843749997 0.707654271875 0.34361155 0.73125 0.34361155 0.73125 0.30326344843749997
19 0.503125 0.3117583078125 0.4630142421875 0.3117583078125 0.4630142421875 0.38375197656250004 0.503125 0.38375197656250004 0.503125 0.3117583078125
19 0.559375 0.365625 0.559375 0.330765428125 0.48978441406249995 0.330765428125 0.48978441406249995 0.365625 0.559375 0.365625
19 0.628125 0.36875 0.628125 0.34066455625000003 0.57105419375 0.34066455625000003 0.57105419375 0.36875 0.628125 0.36875
19 0.6640625 0.36875 0.6640625 0.3403184328125 0.6062598890625 0.3403184328125 0.6062598890625 0.36875 0.6640625 0.36875
19 0.6953125 0.36875 0.6953125 0.3399426421875 0.639893196875 0.3399426421875 0.639893196875 0.36875 0.6953125 0.36875
19 0.715625 0.384375 0.715625 0.3448180390625 0.687272546875 0.3448180390625 0.687272546875 0.384375 0.715625 0.384375
19 0.71875 0.384375 0.7453125 0.384375 0.7453125 0.3470233390625 0.71875 0.3470233390625 0.71875 0.384375
19 0.7140625 0.384375 0.7140625 0.38284216875 0.7119066468749999 0.38284216875 0.7119066468749999 0.384375 0.7140625 0.384375
19 0.246875 0.4515625 0.246875 0.4130241296875 0.197448575 0.4130241296875 0.197448575 0.4515625 0.246875 0.4515625
19 0.53125 0.40469738906249997 0.4813192234375 0.40469738906249997 0.4813192234375 0.4656151109375 0.53125 0.4656151109375 0.53125 0.40469738906249997
19 0.2890625 0.4546875 0.2890625 0.415545884375 0.240921678125 0.415545884375 0.240921678125 0.4546875 0.2890625 0.4546875
19 0.3703125 0.4640625 0.4234375 0.4640625 0.4234375 0.4066653484375 0.3703125 0.4066653484375 0.3703125 0.4640625
19 0.4841969953125 0.4609375 0.4841969953125 0.4100079109375 0.422488134375 0.4100079109375 0.422488134375 0.4609375 0.4841969953125 0.4609375
19 0.3765625 0.45625 0.3765625 0.41999604375 0.3259592546875 0.41999604375 0.3259592546875 0.45625 0.3765625 0.45625
19 0.334375 0.4578125 0.334375 0.42006527031249996 0.28597705625000003 0.42006527031249996 0.28597705625000003 0.4578125 0.334375 0.4578125
19 0.5875 0.4133900296875 0.5332476265625 0.4133900296875 0.5332476265625 0.46560522187500003 0.5875 0.46560522187500003 0.5875 0.4133900296875
19 0.2359375 0.5390625 0.2359375 0.4984375 0.18171479375 0.4984375 0.18171479375 0.5390625 0.2359375 0.5390625
19 0.4078125 0.5484375 0.4078125 0.492345728125 0.38596716875000003 0.492345728125 0.38596716875000003 0.5484375 0.4078125 0.5484375
19 0.4515625 0.53125 0.4515625 0.507298259375 0.39463014375 0.507298259375 0.39463014375 0.53125 0.4515625 0.53125
19 0.2796875 0.540625 0.2796875 0.49963409687500004 0.2252076734375 0.4996340984375 0.2252076734375 0.540625 0.2796875 0.540625
19 0.38125 0.55 0.38125 0.4923556171875 0.3559434328125 0.4923556171875 0.3559434328125 0.55 0.38125 0.55
19 0.27513845 0.4953125 0.27513845 0.5484375 0.31548655000000003 0.5484375 0.31548655000000003 0.4953125 0.27513845 0.4953125
19 0.3609375 0.540625 0.3609375 0.505231409375 0.310413371875 0.505231409375 0.310413371875 0.540625 0.3609375 0.540625
19 0.4890625 0.546875 0.4890625 0.4984375 0.4389734984375 0.4984375 0.4389734984375 0.546875 0.4890625 0.546875
19 0.5421875 0.5484375 0.5421875 0.5 0.4971420078125 0.5 0.4971420078125 0.5484375 0.5421875 0.5484375
19 0.5485166140625 0.5015625 0.5485166140625 0.546875 0.5983583859375 0.546875 0.5983583859375 0.5015625 0.5485166140625 0.5015625
19 0.6546875 0.5515625 0.6546875 0.5032041125 0.604756725 0.5032041125 0.604756725 0.5515625 0.6546875 0.5515625
19 0.7609375 0.5515625 0.7609375 0.5046875 0.7148338609375 0.5046875 0.7148338609375 0.5515625 0.7609375 0.5515625
19 0.703125 0.553125 0.703125 0.504034809375 0.6589893203125 0.504034809375 0.6589893203125 0.553125 0.703125 0.553125
19 0.6046875 0.6 0.6046875 0.5765625 0.5902492078125 0.5765625 0.5902492078125 0.6 0.6046875 0.6
19 0.66875 0.596875 0.66875 0.5806467578125 0.6443829125 0.5806467578125 0.6443829125 0.596875 0.66875 0.596875
19 0.6328125 0.6 0.6328125 0.578322784375 0.616742484375 0.578322784375 0.616742484375 0.6 0.6328125 0.6
19 0.7009493671875 0.5984375 0.7009493671875 0.58270371875 0.6740506328125 0.58270371875 0.6740506328125 0.5984375 0.7009493671875 0.5984375
19 0.728125 0.596875 0.728125 0.58074565 0.704529271875 0.58074565 0.704529271875 0.596875 0.728125 0.596875
19 0.76875 0.603125 0.7859375 0.603125 0.7859375 0.5782733390625 0.76875 0.5782733390625 0.76875 0.603125
19 0.23125 0.576859178125 0.1875 0.576859178125 0.1875 0.622745253125 0.23125 0.622745253125 0.23125 0.576859178125
19 0.2875 0.6265625 0.2875 0.575721915625 0.24693433593749997 0.575721915625 0.24693433593749997 0.6265625 0.2875 0.6265625
19 0.3578125 0.621875 0.3578125 0.5851859171875 0.32713607499999997 0.5851859171875 0.32713607499999997 0.621875 0.3578125 0.621875
19 0.4234375 0.621875 0.4234375 0.5851859171875 0.39759691406250003 0.5851859171875 0.39759691406250003 0.621875 0.4234375 0.621875
19 0.3921875 0.615625 0.3921875 0.5898041921875 0.3549446203125 0.5898041921875 0.3549446203125 0.615625 0.3921875 0.615625
19 0.4625 0.6171875 0.4625 0.5920787171875 0.42537579062499997 0.5920787171875 0.42537579062499997 0.6171875 0.4625 0.6171875
19 0.4625 0.6234375 0.4890625 0.6234375 0.4890625 0.5859375 0.4625 0.5859375 0.4625 0.6234375
19 0.325 0.591416140625 0.2916732609375 0.591416140625 0.2916732609375 0.6183148734375 0.325 0.6183148734375 0.325 0.591416140625
19 0.5203125 0.621875 0.5203125 0.6046875 0.5001285609375 0.6046875 0.5001285609375 0.621875 0.5203125 0.621875
19 0.5253955703125001 0.6046875 0.5253955703125001 0.621875 0.5499208859375 0.621875 0.5499208859375 0.6046875 0.5253955703125001 0.6046875
19 0.5839398734375 0.621875 0.5839398734375 0.605884096875 0.5538765828125001 0.605884096875 0.5538765828125001 0.621875 0.5839398734375 0.621875
19 0.584375 0.621875 0.60625 0.621875 0.60625 0.6090684343749999 0.584375 0.6090684343749999 0.584375 0.621875
19 0.6390625 0.625 0.6390625 0.6071004734375001 0.6119659796875 0.6071004734375001 0.6119659796875 0.625 0.6390625 0.625
19 0.6921875 0.63125 0.6921875 0.6036095734375 0.6784909015625 0.6036095734375 0.6784909015625 0.63125 0.6921875 0.63125
19 0.728125 0.625 0.728125 0.60926621875 0.704529271875 0.60926621875 0.704529271875 0.625 0.728125 0.625
19 0.6625 0.63125 0.6625 0.6071795890625 0.6464299859375 0.6071795890625 0.6464299859375 0.63125 0.6625 0.63125
19 0.78125 0.6328125 0.78125 0.6043611546875 0.7694521375 0.6043611546875 0.7694521375 0.6328125 0.78125 0.6328125
19 0.7546875 0.6265625 0.7546875 0.6124011078125 0.7330597296875 0.6124011078125 0.7330597296875 0.6265625 0.7546875 0.6265625