19 0.6821086265625 0.8594249203125001 0.65015974375 0.8594249203125001 0.65015974375 0.896166134375 0.6821086265625 0.896166134375 0.6821086265625 0.8594249203125001
19 0.7539936109375 0.8578274765625 0.7244408953125 0.8578274765625 0.7244408953125 0.9009584671875001 0.7539936109375 0.9009584671875001 0.7539936109375 0.8578274765625
19 0.7204472843749999 0.8626198078125 0.6869009578124999 0.8626198078125 0.6869009578124999 0.89696485625 0.7204472843749999 0.89696485625 0.7204472843749999 0.8626198078125
19 0.7859424921875 0.8546325875 0.7579872203125 0.8546325875 0.7579872203125 0.9065495203125 0.7859424921875 0.9065495203125 0.7859424921875 0.8546325875
19 0.629392971875 0.8514377 0.5934504796875 0.8514377 0.5934504796875 0.9113418531249999 0.629392971875 0.9113418531249999 0.629392971875 0.8514377
19 0.923322684375 0.865814696875 0.8953674125 0.865814696875 0.8953674125 0.9073482421874999 0.923322684375 0.9073482421874999 0.923322684375 0.865814696875
19 0.85623003125 0.865814696875 0.8194888171875 0.865814696875 0.8194888171875 0.9113418531249999 0.85623003125 0.9113418531249999 0.85623003125 0.865814696875
19 0.8929712453124999 0.8690095843750001 0.8570287546875001 0.8690095843750001 0.8570287546875001 0.9105431312500001 0.8929712453124999 0.9105431312500001 0.8929712453124999 0.8690095843750001
19 0.9185303515625 0.0527156546875 0.8777955265624999 0.0527156546875 0.8777955265624999 0.130990415625 0.9185303515625 0.130990415625 0.9185303515625 0.0527156546875
19 0.8354632593750001 0.0527156546875 0.7971246 0.0527156546875 0.7971246 0.130990415625 0.8354632593750001 0.130990415625 0.8354632593750001 0.0527156546875
19 0.958466453125 0.0527156546875 0.9177316296875 0.0527156546875 0.9177316296875 0.13019169375 0.958466453125 0.13019169375 0.958466453125 0.0527156546875
19 0.7971246 0.0543130984375 0.7579872203125 0.0543130984375 0.7579872203125 0.13019169375 0.7971246 0.13019169375 0.7971246 0.0543130984375
19 0.8753993609374999 0.0543130984375 0.8370607031249999 0.0543130984375 0.8370607031249999 0.129392971875 0.8753993609374999 0.129392971875 0.8753993609374999 0.0543130984375
19 0.7571884984375 0.0575079875 0.7180511187499999 0.0575079875 0.7180511187499999 0.13019169375 0.7571884984375 0.13019169375 0.7571884984375 0.0575079875
19 0.7156549515624999 0.060702875 0.6789137375000001 0.060702875 0.6789137375000001 0.13178913750000001 0.7156549515624999 0.13178913750000001 0.7156549515624999 0.060702875
19 0.6373801921875 0.060702875 0.5990415328124999 0.060702875 0.5990415328124999 0.13178913750000001 0.6373801921875 0.13178913750000001 0.6373801921875 0.060702875
19 0.5990415328124999 0.060702875 0.558306709375 0.060702875 0.558306709375 0.13178913750000001 0.5990415328124999 0.13178913750000001 0.5990415328124999 0.060702875
19 0.6789137375000001 0.0654952078125 0.6397763578125 0.0654952078125 0.6397763578125 0.13178913750000001 0.6789137375000001 0.13178913750000001 0.6789137375000001 0.0654952078125
19 0.8194888171875 0.2715654953125 0.796325878125 0.2715654953125 0.796325878125 0.36022364218749997 0.8194888171875 0.36022364218749997 0.8194888171875 0.2715654953125
19 0.9456869015624999 0.2715654953125 0.9201277953125 0.2715654953125 0.9201277953125 0.3610223640625 0.9456869015624999 0.3610223640625 0.9456869015624999 0.2715654953125
19 0.9153354625000001 0.2715654953125 0.8897763578125 0.2715654953125 0.8897763578125 0.3610223640625 0.9153354625000001 0.3610223640625 0.9153354625000001 0.2715654953125
19 0.8514377 0.2715654953125 0.8258785937500001 0.2715654953125 0.8258785937500001 0.3586261984375 0.8514377 0.3586261984375 0.8514377 0.2715654953125
19 0.8833865812499999 0.2715654953125 0.8586261984375 0.2715654953125 0.8586261984375 0.3610223640625 0.8833865812499999 0.3610223640625 0.8833865812499999 0.2715654953125
19 0.6661341859375 0.2891373796875 0.6269968046875001 0.2891373796875 0.6269968046875001 0.35782747656249997 0.6661341859375 0.35782747656249997 0.6661341859375 0.2891373796875
19 0.70447284375 0.2875399359375 0.6677316296875 0.2875399359375 0.6677316296875 0.3586261984375 0.70447284375 0.3586261984375 0.70447284375 0.2875399359375
19 0.7859424921875 0.29073482500000003 0.7444089453125 0.29073482500000003 0.7444089453125 0.3586261984375 0.7859424921875 0.3586261984375 0.7859424921875 0.29073482500000003
19 0.7444089453125 0.29712459999999996 0.708466453125 0.29712459999999996 0.708466453125 0.3594249203125 0.7444089453125 0.3594249203125 0.7444089453125 0.29712459999999996
19 0.8690095843750001 0.4616613421875 0.8482428109375 0.4616613421875 0.8482428109375 0.5367412140625001 0.8690095843750001 0.5367412140625001 0.8690095843750001 0.4616613421875
19 0.9456869015624999 0.4616613421875 0.923322684375 0.4616613421875 0.923322684375 0.5367412140625001 0.9456869015624999 0.5367412140625001 0.9456869015624999 0.4616613421875
19 0.9201277953125 0.4616613421875 0.89696485625 0.4616613421875 0.89696485625 0.5367412140625001 0.9201277953125 0.5367412140625001 0.9201277953125 0.4616613421875
19 0.894568690625 0.4600638984375 0.8714057515625001 0.4600638984375 0.8714057515625001 0.5359424921875 0.894568690625 0.5359424921875 0.894568690625 0.4600638984375
19 0.6549520765625 0.4664536734375 0.6269968046875001 0.4664536734375 0.6269968046875001 0.5351437703124999 0.6549520765625 0.5351437703124999 0.6549520765625 0.4664536734375
19 0.7140575078125 0.4648562296875 0.6869009578124999 0.4648562296875 0.6869009578124999 0.5351437703124999 0.7140575078125 0.5351437703124999 0.7140575078125 0.4648562296875
19 0.7460063890625 0.4648562296875 0.7164536734375 0.4648562296875 0.7164536734375 0.5351437703124999 0.7460063890625 0.5351437703124999 0.7460063890625 0.4648562296875
19 0.6261980828125 0.4664536734375 0.5990415328124999 0.4664536734375 0.5990415328124999 0.5343450484375001 0.6261980828125 0.5343450484375001 0.6261980828125 0.4664536734375
19 0.6837060703125 0.46805111874999994 0.6581469656250001 0.46805111874999994 0.6581469656250001 0.5343450484375001 0.6837060703125 0.5343450484375001 0.6837060703125 0.46805111874999994
19 0.8083067093749999 0.46805111874999994 0.781150159375 0.46805111874999994 0.781150159375 0.5343450484375001 0.8083067093749999 0.5343450484375001 0.8083067093749999 0.46805111874999994
19 0.8434504796875 0.4664536734375 0.8154952078125 0.4664536734375 0.8154952078125 0.5343450484375001 0.8434504796875 0.5343450484375001 0.8434504796875 0.4664536734375
19 0.777955271875 0.46805111874999994 0.7507987218750001 0.46805111874999994 0.7507987218750001 0.5359424921875 0.777955271875 0.5359424921875 0.777955271875 0.46805111874999994
19 0.6805111828125 0.6533546328125001 0.6573482421875 0.6533546328125001 0.6573482421875 0.703674121875 0.6805111828125 0.703674121875 0.6805111828125 0.6533546328125001
19 0.7332268375 0.6549520765625 0.708466453125 0.6549520765625 0.708466453125 0.70447284375 0.7332268375 0.70447284375 0.7332268375 0.6549520765625
19 0.7060702875 0.6549520765625 0.6837060703125 0.6549520765625 0.6837060703125 0.70447284375 0.7060702875 0.70447284375 0.7060702875 0.6549520765625
19 0.7571884984375 0.6549520765625 0.734025559375 0.6549520765625 0.734025559375 0.70447284375 0.7571884984375 0.70447284375 0.7571884984375 0.6549520765625
19 0.7795527156250001 0.6565495203125 0.7571884984375 0.6565495203125 0.7571884984375 0.7060702875 0.7795527156250001 0.7060702875 0.7795527156250001 0.6565495203125
19 0.85303514375 0.6565495203125 0.8354632593750001 0.6565495203125 0.8354632593750001 0.709265175 0.85303514375 0.709265175 0.85303514375 0.6565495203125
19 0.8035143765624999 0.6565495203125 0.782747603125 0.6565495203125 0.782747603125 0.706869009375 0.8035143765624999 0.706869009375 0.8035143765624999 0.6565495203125
19 0.8769968046875001 0.6565495203125 0.8586261984375 0.6565495203125 0.8586261984375 0.708466453125 0.8769968046875001 0.708466453125 0.8769968046875001 0.6565495203125
19 0.899361021875 0.6565495203125 0.8809904156249999 0.6565495203125 0.8809904156249999 0.708466453125 0.899361021875 0.708466453125 0.899361021875 0.6565495203125
19 0.9408945687499999 0.6565495203125 0.923322684375 0.6565495203125 0.923322684375 0.709265175 0.9408945687499999 0.709265175 0.9408945687499999 0.6565495203125
19 0.8306709265625001 0.6565495203125 0.8083067093749999 0.6565495203125 0.8083067093749999 0.7108626203124999 0.8306709265625001 0.7108626203124999 0.8306709265625001 0.6565495203125
19 0.9217252390624999 0.6565495203125 0.9017571890625 0.6565495203125 0.9017571890625 0.708466453125 0.9217252390624999 0.708466453125 0.9217252390624999 0.6565495203125
19 0.6070287546875 0.6725239609375 0.5894568687499999 0.6725239609375 0.5894568687499999 0.7020766765625 0.6070287546875 0.7020766765625 0.6070287546875 0.6725239609375
19 0.6517571890625 0.6725239609375 0.63338658125 0.6725239609375 0.63338658125 0.7020766765625 0.6517571890625 0.7020766765625 0.6517571890625 0.6725239609375
19 0.587859425 0.6725239609375 0.5678913734375 0.6725239609375 0.5678913734375 0.7020766765625 0.587859425 0.7020766765625 0.587859425 0.6725239609375
19 0.544728434375 0.6725239609375 0.5271565500000001 0.6725239609375 0.5271565500000001 0.70447284375 0.544728434375 0.70447284375 0.544728434375 0.6725239609375
19 0.5638977640625 0.67412140625 0.546325878125 0.67412140625 0.546325878125 0.7020766765625 0.5638977640625 0.7020766765625 0.5638977640625 0.67412140625
19 0.6277955265624999 0.6725239609375 0.6094249203125 0.6725239609375 0.6094249203125 0.7028754 0.6277955265624999 0.7028754 0.6277955265624999 0.6725239609375