19 0.768867925 0.672955975 0.7083333328125 0.672955975 0.7083333328125 0.7272012578125 0.768867925 0.7272012578125 0.768867925 0.672955975
19 0.699685534375 0.672955975 0.643867925 0.672955975 0.643867925 0.7272012578125 0.699685534375 0.7272012578125 0.699685534375 0.672955975
19 0.50471698125 0.6698113203125 0.44339622656250005 0.6698113203125 0.44339622656250005 0.7303459125 0.50471698125 0.7303459125 0.50471698125 0.6698113203125
19 0.636792453125 0.6745283015625 0.5676100625 0.6745283015625 0.5676100625 0.7303459125 0.636792453125 0.7303459125 0.636792453125 0.6745283015625
19 0.849056603125 0.6823899375 0.77908805 0.6823899375 0.77908805 0.731132075 0.849056603125 0.731132075 0.849056603125 0.6823899375
19 0.564465409375 0.680817609375 0.5125786156250001 0.680817609375 0.5125786156250001 0.7342767296875 0.564465409375 0.7342767296875 0.564465409375 0.680817609375
19 0.526729559375 0.8018867921874999 0.48663522031250006 0.8018867921874999 0.48663522031250006 0.827044025 0.526729559375 0.827044025 0.526729559375 0.8018867921874999
19 0.440251571875 0.80345911875 0.40880503125 0.80345911875 0.40880503125 0.8286163515625 0.440251571875 0.8286163515625 0.440251571875 0.80345911875
19 0.477987421875 0.80345911875 0.4481132078125 0.80345911875 0.4481132078125 0.8278301890625 0.477987421875 0.8278301890625 0.477987421875 0.80345911875
19 0.444968553125 0.8474842765625 0.4048742140625 0.8474842765625 0.4048742140625 0.872641509375 0.444968553125 0.872641509375 0.444968553125 0.8474842765625
19 0.47955974843750004 0.84591195 0.4504716984375 0.84591195 0.4504716984375 0.8757861640625 0.47955974843750004 0.8757861640625 0.47955974843750004 0.84591195
19 0.52358490625 0.84591195 0.487421384375 0.84591195 0.487421384375 0.87971698125 0.52358490625 0.87971698125 0.52358490625 0.84591195
19 0.41194968593750003 0.8694968546874999 0.35141509375 0.8694968546874999 0.35141509375 0.92845911875 0.41194968593750003 0.92845911875 0.41194968593750003 0.8694968546874999
19 0.344339621875 0.872641509375 0.28301886718749997 0.872641509375 0.28301886718749997 0.9316037734375 0.344339621875 0.9316037734375 0.344339621875 0.872641509375
19 0.2751572328125 0.872641509375 0.21226415156249998 0.872641509375 0.21226415156249998 0.9316037734375 0.2751572328125 0.9316037734375 0.2751572328125 0.872641509375
19 0.52358490625 0.896226415625 0.4921383640625 0.896226415625 0.4921383640625 0.9253144656250001 0.52358490625 0.9253144656250001 0.52358490625 0.896226415625
19 0.4842767296875 0.896226415625 0.4504716984375 0.896226415625 0.4504716984375 0.9253144656250001 0.4842767296875 0.9253144656250001 0.4842767296875 0.896226415625
19 0.444968553125 0.896226415625 0.4135220125 0.896226415625 0.4135220125 0.9253144656250001 0.444968553125 0.9253144656250001 0.444968553125 0.896226415625
19 0.9418238999999999 0.3757861640625 0.9033018875 0.3757861640625 0.9033018875 0.4583333328125 0.9418238999999999 0.4583333328125 0.9418238999999999 0.3757861640625
19 0.790880503125 0.38522012656250004 0.7389937109375 0.38522012656250004 0.7389937109375 0.4622641515625 0.790880503125 0.4622641515625 0.790880503125 0.38522012656250004
19 0.732704403125 0.386792453125 0.6768867921874999 0.386792453125 0.6768867921874999 0.463836478125 0.732704403125 0.463836478125 0.732704403125 0.386792453125
19 0.545597484375 0.386792453125 0.4921383640625 0.386792453125 0.4921383640625 0.463836478125 0.545597484375 0.463836478125 0.545597484375 0.386792453125
19 0.4905660375 0.386792453125 0.43160377343749995 0.386792453125 0.43160377343749995 0.463836478125 0.4905660375 0.463836478125 0.4905660375 0.386792453125
19 0.6698113203125 0.386792453125 0.617924528125 0.386792453125 0.617924528125 0.46540880468749996 0.6698113203125 0.46540880468749996 0.6698113203125 0.386792453125
19 0.4261006296875 0.386792453125 0.375 0.386792453125 0.375 0.46540880468749996 0.4261006296875 0.46540880468749996 0.4261006296875 0.386792453125
19 0.61006289375 0.386792453125 0.5566037734375 0.386792453125 0.5566037734375 0.46540880468749996 0.61006289375 0.46540880468749996 0.61006289375 0.386792453125
19 0.8364779875 0.40408805000000003 0.80267295625 0.40408805000000003 0.80267295625 0.4606918234375 0.8364779875 0.4606918234375 0.8364779875 0.40408805000000003
19 0.8883647796874999 0.40408805000000003 0.8506289312499999 0.40408805000000003 0.8506289312499999 0.46462264218750005 0.8883647796874999 0.46462264218750005 0.8883647796874999 0.40408805000000003
19 0.6430817609374999 0.5094339625 0.5683962265625 0.5094339625 0.5683962265625 0.599056603125 0.6430817609374999 0.599056603125 0.6430817609374999 0.5094339625
19 0.555031446875 0.517295596875 0.48270440312499996 0.517295596875 0.48270440312499996 0.5974842765624999 0.555031446875 0.5974842765624999 0.555031446875 0.517295596875
19 0.47955974843750004 0.518867925 0.40094339687499997 0.518867925 0.40094339687499997 0.599056603125 0.47955974843750004 0.599056603125 0.47955974843750004 0.518867925
19 0.8867924531250001 0.52358490625 0.8356918234374999 0.52358490625 0.8356918234374999 0.5951257859375 0.8867924531250001 0.5951257859375 0.8867924531250001 0.52358490625
19 0.8254716984374999 0.5251572328125 0.7743710687500001 0.5251572328125 0.7743710687500001 0.5974842765624999 0.8254716984374999 0.5974842765624999 0.8254716984374999 0.5251572328125
19 0.9433962265625 0.526729559375 0.8915094343750001 0.526729559375 0.8915094343750001 0.59591195 0.9433962265625 0.59591195 0.9433962265625 0.526729559375
19 0.768867925 0.5424528296875 0.727987421875 0.5424528296875 0.727987421875 0.598270440625 0.768867925 0.598270440625 0.768867925 0.5424528296875