19 0.13125 0.19140625 0.001953125 0.19140625 0.001953125 0.25625 0.13125 0.25625 0.13125 0.19140625
19 0.3328125 0.284375 0.3328125 0.1734375 0.283203125 0.1734375 0.283203125 0.284375 0.3328125 0.284375
19 0.2421875 0.203515625 0.13515625 0.203515625 0.13515625 0.25625 0.2421875 0.25625 0.2421875 0.203515625
19 0.849609375 0.2078125 0.849609375 0.2515625 0.925 0.2515625 0.925 0.2078125 0.849609375 0.2078125
19 0.8546875 0.2703125 0.8546875 0.190234375 0.812109375 0.190234375 0.812109375 0.2703125 0.8546875 0.2703125
19 0.2234375 0.178125 0.2234375 0.2875 0.2765625 0.2875 0.2765625 0.178125 0.2234375 0.178125
19 0.106640625 0.18125 0.106640625 0.2859375 0.15625 0.2859375 0.15625 0.18125 0.106640625 0.18125
19 0.754296875 0.196875 0.754296875 0.2734375 0.7984375 0.2734375 0.7984375 0.196875 0.754296875 0.196875
19 0.45 0.3921875 0.45 0.4640625 0.503125 0.4640625 0.503125 0.3921875 0.45 0.3921875
19 0.66875 0.387109375 0.6171875 0.387109375 0.6171875 0.4578125 0.66875 0.4578125 0.66875 0.387109375
19 0.5515625 0.3984375 0.5515625 0.45 0.625 0.45 0.625 0.3984375 0.5515625 0.3984375
19 0.506640625 0.3890625 0.506640625 0.4625 0.559375 0.4625 0.559375 0.3890625 0.506640625 0.3890625
19 0.8140625 0.453125 0.8140625 0.409375 0.770703125 0.409375 0.770703125 0.453125 0.8140625 0.453125
19 0.7140625 0.4546875 0.7140625 0.411328125 0.672265625 0.411328125 0.672265625 0.4546875 0.7140625 0.4546875
19 0.765625 0.453125 0.765625 0.409375 0.725390625 0.409375 0.725390625 0.453125 0.765625 0.453125
19 0.403125 0.6015625 0.403125 0.52578125 0.30078125 0.52578125 0.30078125 0.6015625 0.403125 0.6015625
19 0.321875 0.60625 0.321875 0.52265625 0.218359375 0.52265625 0.218359375 0.60625 0.321875 0.60625
19 0.4875 0.6046875 0.4875 0.525390625 0.388671875 0.525390625 0.388671875 0.6046875 0.4875 0.6046875
19 0.1421875 0.5234375 0.1421875 0.6171875 0.2296875 0.6171875 0.2296875 0.5234375 0.1421875 0.5234375
19 0.474609375 0.5453125 0.474609375 0.6046875 0.553125 0.6046875 0.553125 0.5453125 0.474609375 0.5453125
19 0.6109375 0.536328125 0.55 0.536328125 0.55 0.615625 0.6109375 0.615625 0.6109375 0.536328125
19 0.8078125 0.5390625 0.8078125 0.615625 0.86875 0.615625 0.86875 0.5390625 0.8078125 0.5390625
19 0.73125 0.609375 0.73125 0.545703125 0.657421875 0.545703125 0.657421875 0.609375 0.73125 0.609375
19 0.8015625 0.547265625 0.73046875 0.547265625 0.73046875 0.6109375 0.8015625 0.6109375 0.8015625 0.547265625
19 0.6625 0.60625 0.6625 0.560546875 0.60546875 0.560546875 0.60546875 0.60625 0.6625 0.60625