19 0.11171875 0.2328125 0.03125 0.2328125 0.03125 0.3203125 0.11171875 0.3203125 0.11171875 0.2328125
19 0.1953125 0.2484375 0.115625 0.2484375 0.115625 0.32265625 0.1953125 0.32265625 0.1953125 0.2484375
19 0.28046875 0.253125 0.20625 0.253125 0.20625 0.32265625 0.28046875 0.32265625 0.28046875 0.253125
19 0.325 0.2703125 0.2828125 0.2703125 0.2828125 0.32421875 0.325 0.32421875 0.325 0.2703125
19 0.87109375 0.2875 0.8109375 0.2875 0.8109375 0.34609375 0.87109375 0.34609375 0.87109375 0.2875
19 0.80546875 0.29375 0.7671875 0.29375 0.7671875 0.34453125 0.80546875 0.34453125 0.80546875 0.29375
19 0.7578125 0.3140625 0.721875 0.3140625 0.721875 0.34296875 0.7578125 0.34296875 0.7578125 0.3140625
19 0.14921875 0.375 0.109375 0.375 0.109375 0.43359375 0.14921875 0.43359375 0.14921875 0.375
19 0.10625 0.375 0.06875 0.375 0.06875 0.4328125 0.10625 0.4328125 0.10625 0.375
19 0.6078125 0.371875 0.5546875 0.371875 0.5546875 0.4453125 0.6078125 0.4453125 0.6078125 0.371875
19 0.66328125 0.3734375 0.609375 0.3734375 0.609375 0.4453125 0.66328125 0.4453125 0.66328125 0.3734375
19 0.71484375 0.3734375 0.6640625 0.3734375 0.6640625 0.44453125 0.71484375 0.44453125 0.71484375 0.3734375
19 0.52109375 0.4765625 0.4609375 0.4765625 0.4609375 0.5640625 0.52109375 0.5640625 0.52109375 0.4765625
19 0.584375 0.475 0.5234375 0.475 0.5234375 0.56484375 0.584375 0.56484375 0.584375 0.475