19 0.6453125 0.620703125 0.6109375 0.620703125 0.6109375 0.6453125 0.6453125 0.6453125 0.6453125 0.620703125
19 0.53125 0.615234375 0.5046875 0.615234375 0.5046875 0.6484375 0.53125 0.6484375 0.53125 0.615234375
19 0.58984375 0.64375 0.58984375 0.619921875 0.55625 0.619921875 0.55625 0.64375 0.58984375 0.64375
19 0.5890625 0.6484375 0.6125 0.6484375 0.6125 0.616015625 0.5890625 0.616015625 0.5890625 0.6484375
19 0.696875 0.617578125 0.671875 0.617578125 0.671875 0.65 0.696875 0.65 0.696875 0.617578125
19 0.5578125 0.6484375 0.5578125 0.614453125 0.534765625 0.614453125 0.534765625 0.6484375 0.5578125 0.6484375
19 0.6671875 0.6484375 0.6671875 0.613671875 0.643359375 0.613671875 0.643359375 0.6484375 0.6671875 0.6484375
19 0.75 0.64375 0.784375 0.64375 0.784375 0.622265625 0.75 0.622265625 0.75 0.64375
19 0.7234375 0.6484375 0.7234375 0.614453125 0.701953125 0.614453125 0.701953125 0.6484375 0.7234375 0.6484375
19 0.7515625 0.65 0.7515625 0.616015625 0.729296875 0.616015625 0.729296875 0.65 0.7515625 0.65
19 0.8109375 0.623828125 0.778125 0.623828125 0.778125 0.64375 0.8109375 0.64375 0.8109375 0.623828125
19 0.8328125 0.628125 0.8328125 0.65 0.85 0.65 0.85 0.628125 0.8328125 0.628125
19 0.808984375 0.6296875 0.808984375 0.646875 0.8296875 0.646875 0.8296875 0.6296875 0.808984375 0.6296875
19 0.855078125 0.6296875 0.855078125 0.6484375 0.8765625 0.6484375 0.8765625 0.6296875 0.855078125 0.6296875
19 0.923046875 0.646875 0.923046875 0.630078125 0.903515625 0.630078125 0.903515625 0.646875 0.923046875 0.646875
19 0.8828125 0.63125 0.8828125 0.6515625 0.903125 0.6515625 0.903125 0.63125 0.8828125 0.63125
19 0.6953125 0.6703125 0.6953125 0.725 0.7359375 0.725 0.7359375 0.6703125 0.6953125 0.6703125
19 0.784375 0.721875 0.784375 0.674609375 0.73203125 0.674609375 0.73203125 0.721875 0.784375 0.721875
19 0.8296875 0.7203125 0.8296875 0.67890625 0.777734375 0.67890625 0.777734375 0.7203125 0.8296875 0.7203125
19 0.696875 0.721875 0.696875 0.678125 0.644140625 0.678125 0.644140625 0.721875 0.696875 0.721875
19 0.915625 0.71875 0.915625 0.677734375 0.86328125 0.677734375 0.86328125 0.71875 0.915625 0.71875
19 0.8734375 0.6796875 0.820703125 0.6796875 0.820703125 0.7234375 0.8734375 0.7234375 0.8734375 0.6796875
19 0.646875 0.7234375 0.646875 0.679296875 0.603515625 0.679296875 0.603515625 0.7234375 0.646875 0.7234375
19 0.6015625 0.721875 0.6015625 0.680078125 0.553515625 0.680078125 0.553515625 0.721875 0.6015625 0.721875
19 0.510546875 0.678125 0.510546875 0.725 0.5546875 0.725 0.5546875 0.678125 0.510546875 0.678125
19 0.642578125 0.75 0.642578125 0.7953125 0.6859375 0.7953125 0.6859375 0.75 0.642578125 0.75
19 0.6890625 0.7484375 0.6890625 0.796875 0.73125 0.796875 0.73125 0.7484375 0.6890625 0.7484375
19 0.7296875 0.753125 0.7296875 0.7953125 0.775 0.7953125 0.775 0.753125 0.7296875 0.753125
19 0.871875 0.753125 0.871875 0.7953125 0.9140625 0.7953125 0.9140625 0.753125 0.871875 0.753125
19 0.596875 0.796875 0.596875 0.75390625 0.552734375 0.75390625 0.552734375 0.796875 0.596875 0.796875
19 0.8234375 0.796875 0.8234375 0.7546875 0.775390625 0.7546875 0.775390625 0.796875 0.8234375 0.796875
19 0.8296875 0.7546875 0.8296875 0.796875 0.871875 0.796875 0.871875 0.7546875 0.8296875 0.7546875
19 0.6421875 0.75546875 0.600390625 0.75546875 0.600390625 0.7984375 0.6421875 0.7984375 0.6421875 0.75546875
19 0.5140625 0.7609375 0.5140625 0.803125 0.546875 0.803125 0.546875 0.7609375 0.5140625 0.7609375
19 0.7234375 0.875 0.7234375 0.8421875 0.691015625 0.8421875 0.691015625 0.875 0.7234375 0.875
19 0.6109375 0.8765625 0.6109375 0.841796875 0.577734375 0.841796875 0.577734375 0.8765625 0.6109375 0.8765625
19 0.653515625 0.8421875 0.653515625 0.878125 0.6859375 0.878125 0.6859375 0.8421875 0.653515625 0.8421875
19 0.54375 0.84375 0.54375 0.8796875 0.575 0.8796875 0.575 0.84375 0.54375 0.84375
19 0.6484375 0.878125 0.6484375 0.84375 0.614453125 0.84375 0.614453125 0.878125 0.6484375 0.878125
19 0.726953125 0.846875 0.726953125 0.8765625 0.74375 0.8765625 0.74375 0.846875 0.726953125 0.846875
19 0.5375 0.8796875 0.5375 0.8453125 0.506640625 0.8453125 0.506640625 0.8796875 0.5375 0.8796875
19 0.746484375 0.8484375 0.746484375 0.878125 0.7703125 0.878125 0.7703125 0.8484375 0.746484375 0.8484375
19 0.8234375 0.8765625 0.8234375 0.848828125 0.800390625 0.848828125 0.800390625 0.8765625 0.8234375 0.8765625
19 0.829296875 0.8484375 0.829296875 0.878125 0.8515625 0.878125 0.8515625 0.8484375 0.829296875 0.8484375
19 0.884375 0.8765625 0.884375 0.853125 0.851953125 0.853125 0.851953125 0.8765625 0.884375 0.8765625
19 0.9109375 0.875 0.9109375 0.85390625 0.879296875 0.85390625 0.879296875 0.875 0.9109375 0.875
19 0.801171875 0.875 0.801171875 0.852734375 0.773828125 0.852734375 0.773828125 0.875 0.801171875 0.875
19 0.5859375 0.5578125 0.5859375 0.499609375 0.551171875 0.499609375 0.551171875 0.5578125 0.5859375 0.5578125
19 0.54375 0.498046875 0.50625 0.498046875 0.50625 0.5578125 0.54375 0.5578125 0.54375 0.498046875
19 0.6796875 0.546875 0.6796875 0.511328125 0.621875 0.511328125 0.621875 0.546875 0.6796875 0.546875
19 0.6375 0.546875 0.6375 0.5125 0.578515625 0.5125 0.578515625 0.546875 0.6375 0.546875
19 0.8015625 0.6046875 0.8015625 0.61875 0.81875 0.61875 0.81875 0.6046875 0.8015625 0.6046875
19 0.8234375 0.6015625 0.8234375 0.6234375 0.8453125 0.6234375 0.8453125 0.6015625 0.8234375 0.6015625
19 0.847265625 0.6046875 0.847265625 0.621875 0.8671875 0.621875 0.8671875 0.6046875 0.847265625 0.6046875
19 0.890625 0.621875 0.9078125 0.621875 0.9078125 0.604296875 0.890625 0.604296875 0.890625 0.621875
19 0.8703125 0.621875 0.8875 0.621875 0.8875 0.6046875 0.8703125 0.6046875 0.8703125 0.621875