19 0.371875 0.8109375 0.300390625 0.8109375 0.300390625 0.8640625 0.371875 0.8640625 0.371875 0.8109375
19 0.3015625 0.8734375 0.3015625 0.816015625 0.259765625 0.816015625 0.259765625 0.8734375 0.3015625 0.8734375
19 0.36875 0.81875 0.36875 0.875 0.421875 0.875 0.421875 0.81875 0.36875 0.81875
19 0.206640625 0.8171875 0.206640625 0.875 0.2484375 0.875 0.2484375 0.8171875 0.206640625 0.8171875
19 0.2015625 0.817578125 0.1609375 0.817578125 0.1609375 0.8765625 0.2015625 0.8765625 0.2015625 0.817578125
19 0.159375 0.8703125 0.159375 0.83046875 0.10234375 0.83046875 0.10234375 0.8703125 0.159375 0.8703125
19 0.2765625 0.315625 0.2765625 0.234375 0.201953125 0.234375 0.201953125 0.315625 0.2765625 0.315625
19 0.283203125 0.2359375 0.283203125 0.31875 0.3625 0.31875 0.3625 0.2359375 0.283203125 0.2359375
19 0.115625 0.240625 0.115625 0.3140625 0.1953125 0.3140625 0.1953125 0.240625 0.115625 0.240625
19 0.4375 0.244140625 0.364453125 0.244140625 0.364453125 0.313671875 0.4375 0.313671875 0.4375 0.244140625
19 0.1171875 0.3171875 0.1171875 0.24453125 0.040234375 0.24453125 0.040234375 0.3171875 0.1171875 0.3171875
19 0.2203125 0.540625 0.2203125 0.596875 0.28125 0.596875 0.28125 0.540625 0.2203125 0.540625
19 0.15 0.541015625 0.0875 0.541015625 0.0875 0.5984375 0.15 0.5984375 0.15 0.541015625
19 0.160546875 0.546875 0.160546875 0.6 0.2109375 0.6 0.2109375 0.546875 0.160546875 0.546875
19 0.346875 0.6828125 0.346875 0.7375 0.403125 0.7375 0.403125 0.6828125 0.346875 0.6828125
19 0.278125 0.6859375 0.278125 0.7390625 0.3375 0.7390625 0.3375 0.6859375 0.278125 0.6859375