19 0.30322580625 0.1161290328125 0.2459677421875 0.1161290328125 0.2459677421875 0.2064516125 0.30322580625 0.2064516125 0.30322580625 0.1161290328125
19 0.3935483875 0.24354838750000002 0.34677419375 0.24354838750000002 0.34677419375 0.3314516125 0.3935483875 0.3314516125 0.3935483875 0.24354838750000002
19 0.34032258125000003 0.24354838750000002 0.2959677421875 0.24354838750000002 0.2959677421875 0.333064515625 0.34032258125000003 0.333064515625 0.34032258125000003 0.24354838750000002
19 0.448387096875 0.24354838750000002 0.4024193546875 0.24354838750000002 0.4024193546875 0.333064515625 0.448387096875 0.333064515625 0.448387096875 0.24354838750000002
19 0.504838709375 0.24677419375 0.454838709375 0.24677419375 0.454838709375 0.3370967734375 0.504838709375 0.3370967734375 0.504838709375 0.24677419375
19 0.1338709671875 0.2774193546875 0.1040322578125 0.2774193546875 0.1040322578125 0.32983870937500004 0.1338709671875 0.32983870937500004 0.1338709671875 0.2774193546875
19 0.1709677421875 0.2774193546875 0.13870967812499999 0.2774193546875 0.13870967812499999 0.32983870937500004 0.1709677421875 0.32983870937500004 0.1709677421875 0.2774193546875
19 0.208064515625 0.2774193546875 0.179838709375 0.2774193546875 0.179838709375 0.32822580625 0.208064515625 0.32822580625 0.208064515625 0.2774193546875
19 0.2870967734375 0.28064516093749997 0.254838709375 0.28064516093749997 0.254838709375 0.3314516125 0.2870967734375 0.3314516125 0.2870967734375 0.28064516093749997
19 0.24677419375 0.28064516093749997 0.2145161296875 0.28064516093749997 0.2145161296875 0.333064515625 0.24677419375 0.333064515625 0.24677419375 0.28064516093749997
19 0.7967741937499999 0.4870967734375 0.7306451609375 0.4870967734375 0.7306451609375 0.5556451609375 0.7967741937499999 0.5556451609375 0.7967741937499999 0.4870967734375
19 0.64677419375 0.48870967812500005 0.5838709671875 0.48870967812500005 0.5838709671875 0.5604838703125 0.64677419375 0.5604838703125 0.64677419375 0.48870967812500005
19 0.24677419375 0.4935483875 0.204838709375 0.4935483875 0.204838709375 0.5556451609375 0.24677419375 0.5556451609375 0.24677419375 0.4935483875
19 0.1935483875 0.4935483875 0.154838709375 0.4935483875 0.154838709375 0.5556451609375 0.1935483875 0.5556451609375 0.1935483875 0.4935483875
19 0.3 0.4935483875 0.2564516125 0.4935483875 0.2564516125 0.55967741875 0.3 0.55967741875 0.3 0.4935483875
19 0.40161290312500003 0.49516129062500003 0.3556451609375 0.49516129062500003 0.3556451609375 0.5572580640625 0.40161290312500003 0.5572580640625 0.40161290312500003 0.49516129062500003
19 0.8645161296874999 0.4935483875 0.7975806453125001 0.4935483875 0.7975806453125001 0.55967741875 0.8645161296874999 0.55967741875 0.8645161296874999 0.4935483875
19 0.448387096875 0.49516129062500003 0.4064516125 0.49516129062500003 0.4064516125 0.5572580640625 0.448387096875 0.5572580640625 0.448387096875 0.49516129062500003
19 0.9354838703125001 0.491935484375 0.8693548390625001 0.491935484375 0.8693548390625001 0.5604838703125 0.9354838703125001 0.5604838703125 0.9354838703125001 0.491935484375
19 0.35161290312500004 0.4935483875 0.3056451609375 0.4935483875 0.3056451609375 0.558064515625 0.35161290312500004 0.558064515625 0.35161290312500004 0.4935483875
19 0.7193548390625 0.49516129062500003 0.654838709375 0.49516129062500003 0.654838709375 0.5572580640625 0.7193548390625 0.5572580640625 0.7193548390625 0.49516129062500003
19 0.5774193546874999 0.508064515625 0.52177419375 0.508064515625 0.52177419375 0.558064515625 0.5774193546874999 0.558064515625 0.5774193546874999 0.508064515625
19 0.50967741875 0.508064515625 0.454838709375 0.508064515625 0.454838709375 0.558064515625 0.50967741875 0.558064515625 0.50967741875 0.508064515625