19 0.42734375 0.0859375 0.3765625 0.0859375 0.3765625 0.13125 0.42734375 0.13125 0.42734375 0.0859375
19 0.48515625 0.0859375 0.434375 0.0859375 0.434375 0.1328125 0.48515625 0.1328125 0.48515625 0.0859375
19 0.16015625 0.059375 0.0859375 0.059375 0.0859375 0.1703125 0.16015625 0.1703125 0.16015625 0.059375
19 0.2421875 0.059375 0.1703125 0.059375 0.1703125 0.17265625 0.2421875 0.17265625 0.2421875 0.059375
19 0.3703125 0.096875 0.3171875 0.096875 0.3171875 0.1765625 0.3703125 0.1765625 0.3703125 0.096875
19 0.884375 0.0859375 0.8109375 0.0859375 0.8109375 0.18125 0.884375 0.18125 0.884375 0.0859375
19 0.30703125 0.0953125 0.246875 0.0953125 0.246875 0.1734375 0.30703125 0.1734375 0.30703125 0.0953125
19 0.80390625 0.0859375 0.7328125 0.0859375 0.7328125 0.19140625 0.80390625 0.19140625 0.80390625 0.0859375
19 0.7296875 0.109375 0.6734375 0.109375 0.6734375 0.18359375 0.7296875 0.18359375 0.7296875 0.109375
19 0.6609375 0.1078125 0.609375 0.1078125 0.609375 0.1875 0.6609375 0.1875 0.6609375 0.1078125
19 0.425 0.134375 0.3796875 0.134375 0.3796875 0.1828125 0.425 0.1828125 0.425 0.134375
19 0.478125 0.1375 0.43125 0.1375 0.43125 0.1828125 0.478125 0.1828125 0.478125 0.1375
19 0.82578125 0.578125 0.7453125 0.578125 0.7453125 0.665625 0.82578125 0.665625 0.82578125 0.578125
19 0.7265625 0.575 0.6484375 0.575 0.6484375 0.66640625 0.7265625 0.66640625 0.7265625 0.575
19 0.6421875 0.590625 0.5625 0.590625 0.5625 0.66640625 0.6421875 0.66640625 0.6421875 0.590625
19 0.46328125 0.5984375 0.3890625 0.5984375 0.3890625 0.66484375 0.46328125 0.66484375 0.46328125 0.5984375
19 0.3734375 0.5984375 0.30625 0.5984375 0.30625 0.66953125 0.3734375 0.66953125 0.3734375 0.5984375
19 0.5515625 0.5984375 0.4734375 0.5984375 0.4734375 0.6703125 0.5515625 0.6703125 0.5515625 0.5984375
19 0.603125 0.7453125 0.5296875 0.7453125 0.5296875 0.809375 0.603125 0.809375 0.603125 0.7453125