19 0.721875 0.4078125 0.721875 0.35 0.686243871875 0.35 0.686243871875 0.4078125 0.721875 0.4078125
19 0.68125 0.40625 0.68125 0.3494434234375 0.645169525 0.3494434234375 0.645169525 0.40625 0.68125 0.40625
19 0.565625 0.40625 0.6 0.40625 0.6 0.3494434234375 0.565625 0.3494434234375 0.565625 0.40625
19 0.559375 0.40625 0.559375 0.351501225 0.5265931375 0.351501225 0.5265931375 0.40625 0.559375 0.40625
19 0.521875 0.4046875 0.521875 0.352747140625 0.48970077500000003 0.352747140625 0.48970077500000003 0.4046875 0.521875 0.4046875
19 0.6046875 0.40625 0.640625 0.40625 0.640625 0.351501225 0.6046875 0.351501225 0.6046875 0.40625
19 0.76237745 0.40625 0.76237745 0.3531556375 0.72561274375 0.3531556375 0.72561274375 0.40625 0.76237745 0.40625
19 0.6564236109375 0.57021548125 0.6842013890625 0.57021548125 0.6842013890625 0.50322201875 0.6564236109375 0.50322201875 0.6564236109375 0.57021548125
19 0.675 0.5484375 0.675 0.5234375 0.6127553109375 0.5234375 0.6127553109375 0.5484375 0.675 0.5484375
19 0.8484375 0.521875 0.78350694375 0.521875 0.78350694375 0.54928513125 0.8484375 0.54928513125 0.8484375 0.521875
19 0.7138888890625 0.565625 0.7138888890625 0.5032935046875 0.6861111109375 0.5032935046875 0.6861111109375 0.565625 0.7138888890625 0.565625
19 0.7703125 0.565625 0.7703125 0.5032935046875 0.7455218546875 0.5032935046875 0.7455218546875 0.565625 0.7703125 0.565625
19 0.81875 0.5484375 0.81875 0.5221047796875 0.7540747546875 0.5221047796875 0.7540747546875 0.5484375 0.81875 0.5484375
19 0.759375 0.546875 0.759375 0.52191074375 0.69692095625 0.52191074375 0.69692095625 0.546875 0.759375 0.546875
19 0.728125 0.7140625 0.728125 0.6655330890625 0.6238817390625 0.6655330890625 0.6238817390625 0.7140625 0.728125 0.7140625
19 0.7796875 0.715625 0.7796875 0.66719260625 0.6709456703125001 0.66719260625 0.6709456703125001 0.715625 0.7796875 0.715625
19 0.8328125 0.71875 0.8328125 0.6682036359375 0.7228809234375 0.6682036359375 0.7228809234375 0.71875 0.8328125 0.71875
19 0.884375 0.7203125 0.884375 0.67104779375 0.7802134390625 0.67104779375 0.7802134390625 0.7203125 0.884375 0.7203125
19 0.9375 0.6726664625 0.8342064953125 0.6726664625 0.8342064953125 0.7233200562500001 0.9375 0.7233200562500001 0.9375 0.6726664625
19 0.5734375 0.91875 0.5734375 0.871875 0.46007965625 0.871875 0.46007965625 0.91875 0.5734375 0.91875
19 0.49366830000000006 0.8366779015624999 0.44464869062499995 0.8366779015624999 0.44464869062499995 0.9526909734375 0.49366830000000006 0.9526909734375 0.49366830000000006 0.8366779015624999
19 0.5890625 0.8329912171875 0.5427134390624999 0.8329912171875 0.5427134390624999 0.9498212828125 0.5890625 0.9498212828125 0.5890625 0.8329912171875
19 0.6703125 0.91875 0.6703125 0.8734375 0.5614991828125 0.8734375 0.5614991828125 0.91875 0.6703125 0.91875
19 0.7265625 0.9203125 0.7265625 0.8705473859374999 0.611259190625 0.8705473859374999 0.611259190625 0.9203125 0.7265625 0.9203125