19 0.4498269890625 0.238754325 0.4991349484375 0.238754325 0.4991349484375 0.14186851250000002 0.4498269890625 0.14186851250000002 0.4498269890625 0.238754325
19 0.7318339093749999 0.238754325 0.776816609375 0.238754325 0.776816609375 0.14186851250000002 0.7318339093749999 0.14186851250000002 0.7318339093749999 0.238754325
19 0.6176470593750001 0.24134948125000003 0.6643598609375 0.24134948125000003 0.6643598609375 0.1401384078125 0.6176470593750001 0.1401384078125 0.6176470593750001 0.24134948125000003
19 0.6712802765625 0.2378892734375 0.7214532874999999 0.2378892734375 0.7214532874999999 0.14186851250000002 0.6712802765625 0.14186851250000002 0.6712802765625 0.2378892734375
19 0.50865051875 0.2396193765625 0.55363321875 0.2396193765625 0.55363321875 0.1401384078125 0.50865051875 0.1401384078125 0.50865051875 0.2396193765625
19 0.564013840625 0.2422145328125 0.606401384375 0.2422145328125 0.606401384375 0.1453287203125 0.564013840625 0.1453287203125 0.564013840625 0.2422145328125
19 0.896193771875 0.2422145328125 0.9377162625000001 0.2422145328125 0.9377162625000001 0.17301038124999998 0.896193771875 0.17301038124999998 0.896193771875 0.2422145328125
19 0.95155709375 0.2422145328125 0.993079584375 0.2422145328125 0.993079584375 0.17301038124999998 0.95155709375 0.17301038124999998 0.95155709375 0.2422145328125
19 0.7266435984374999 0.356401384375 0.7690311421875 0.356401384375 0.7690311421875 0.3217993078125 0.7266435984374999 0.3217993078125 0.7266435984374999 0.356401384375
19 0.683391003125 0.353806228125 0.716262975 0.353806228125 0.716262975 0.3235294125 0.683391003125 0.3235294125 0.683391003125 0.353806228125
19 0.7785467125000001 0.356401384375 0.8235294124999999 0.356401384375 0.8235294124999999 0.3235294125 0.7785467125000001 0.3235294125 0.7785467125000001 0.356401384375
19 0.043252595312499996 0.397923875 0.1141868515625 0.397923875 0.1141868515625 0.28373702500000003 0.043252595312499996 0.28373702500000003 0.043252595312499996 0.397923875
19 0.1228373703125 0.3987889265625 0.1851211078125 0.3987889265625 0.1851211078125 0.28546712812499997 0.1228373703125 0.28546712812499997 0.1228373703125 0.3987889265625
19 0 0.3987889265625 0.026816609375 0.3987889265625 0.026816609375 0.28546712812499997 0 0.28546712812499997 0 0.3987889265625
19 0.20069204218749997 0.3996539796875 0.2577854671875 0.3996539796875 0.2577854671875 0.31141868437500003 0.20069204218749997 0.31141868437500003 0.20069204218749997 0.3996539796875
19 0.26989619375 0.3996539796875 0.32698961875 0.3996539796875 0.32698961875 0.3131487890625 0.26989619375 0.3131487890625 0.26989619375 0.3996539796875
19 0.397923875 0.40051903125 0.4541522484375 0.40051903125 0.4541522484375 0.31141868437500003 0.397923875 0.31141868437500003 0.397923875 0.40051903125
19 0.333910034375 0.4013840828125 0.3910034609375 0.4013840828125 0.3910034609375 0.3131487890625 0.333910034375 0.3131487890625 0.333910034375 0.4013840828125
19 0.6401384078125 0.4013840828125 0.6851211078125 0.4013840828125 0.6851211078125 0.3391003453125 0.6401384078125 0.3391003453125 0.6401384078125 0.4013840828125
19 0.53114186875 0.4039792390625 0.5778546718750001 0.4039792390625 0.5778546718750001 0.3391003453125 0.53114186875 0.3391003453125 0.53114186875 0.4039792390625
19 0.5847750859375 0.4039792390625 0.6288927328125 0.4039792390625 0.6288927328125 0.3391003453125 0.5847750859375 0.3391003453125 0.5847750859375 0.4039792390625
19 0.738754325 0.3996539796875 0.7785467125000001 0.3996539796875 0.7785467125000001 0.3633218 0.738754325 0.3633218 0.738754325 0.3996539796875
19 0.785467128125 0.3996539796875 0.8304498265625 0.3996539796875 0.8304498265625 0.3633218 0.785467128125 0.3633218 0.785467128125 0.3996539796875
19 0.69031141875 0.40311418750000005 0.7326989625 0.40311418750000005 0.7326989625 0.3633218 0.69031141875 0.3633218 0.69031141875 0.40311418750000005
19 0.0657439453125 0.5190311421875 0.14186851250000002 0.5190311421875 0.14186851250000002 0.4342560546875 0.0657439453125 0.4342560546875 0.0657439453125 0.5190311421875
19 0.15916955 0.5181660906250001 0.2326989625 0.5181660906250001 0.2326989625 0.4342560546875 0.15916955 0.4342560546875 0.15916955 0.5181660906250001
19 0.2404844296875 0.5207612453125 0.31920415156250004 0.5207612453125 0.31920415156250004 0.43598615937499996 0.2404844296875 0.43598615937499996 0.2404844296875 0.5207612453125
19 0 0.5190311421875 0.05363321875 0.5190311421875 0.05363321875 0.442906575 0 0.442906575 0 0.5190311421875
19 0.3304498265625 0.5190311421875 0.3901384078125 0.5190311421875 0.3901384078125 0.4480968859375 0.3304498265625 0.4480968859375 0.3304498265625 0.5190311421875
19 0.397923875 0.5207612453125 0.4550173015625 0.5207612453125 0.4550173015625 0.45155709374999997 0.397923875 0.45155709374999997 0.397923875 0.5207612453125
19 0.46366782031250003 0.521626296875 0.5207612453125 0.521626296875 0.5207612453125 0.4602076125 0.46366782031250003 0.4602076125 0.46366782031250003 0.521626296875