19 1 0.10963455156249999 0.9310631234375 0.10963455156249999 0.9310631234375 0.24750830625 1 0.24750830625 1 0.10963455156249999
19 0.7358803984375 0.1245847171875 0.6818936875 0.1245847171875 0.6818936875 0.24335548125 0.7358803984375 0.24335548125 0.7358803984375 0.1245847171875
19 0.863787375 0.1279069765625 0.8073089703124999 0.1279069765625 0.8073089703124999 0.2416943515625 0.863787375 0.2416943515625 0.863787375 0.1279069765625
19 0.1162790703125 0.144518271875 0.0689368765625 0.144518271875 0.0689368765625 0.22591362187500003 0.1162790703125 0.22591362187500003 0.1162790703125 0.144518271875
19 0.172757475 0.1428571421875 0.12707641249999999 0.1428571421875 0.12707641249999999 0.22840531562500002 0.172757475 0.22840531562500002 0.172757475 0.1428571421875
19 0.799003321875 0.12956810624999998 0.7425249171875 0.12956810624999998 0.7425249171875 0.24584717656250002 0.799003321875 0.24584717656250002 0.799003321875 0.12956810624999998
19 0.9235880406250001 0.132890365625 0.869601328125 0.132890365625 0.869601328125 0.24418604687499998 0.9235880406250001 0.24418604687499998 0.9235880406250001 0.132890365625
19 0.23421926875 0.1495016609375 0.18687707656250002 0.1495016609375 0.18687707656250002 0.23089700937500002 0.23421926875 0.23089700937500002 0.23421926875 0.1495016609375
19 0.558139534375 0.3571428578125 0.5016611296875 0.3571428578125 0.5016611296875 0.4335548171875 0.558139534375 0.4335548171875 0.558139534375 0.3571428578125
19 0.380398671875 0.35215946875 0.3255813953125 0.35215946875 0.3255813953125 0.42774086406249995 0.380398671875 0.42774086406249995 0.380398671875 0.35215946875
19 0.43853820624999995 0.35215946875 0.3837209296875 0.35215946875 0.3837209296875 0.4302325578125 0.43853820624999995 0.4302325578125 0.43853820624999995 0.35215946875
19 0.49833887031249996 0.35382059843749997 0.44102990000000003 0.35382059843749997 0.44102990000000003 0.4318936875 0.49833887031249996 0.4318936875 0.49833887031249996 0.35382059843749997
19 0.2176079734375 0.37541528281250003 0.17026578125 0.37541528281250003 0.17026578125 0.42275747499999994 0.2176079734375 0.42275747499999994 0.2176079734375 0.37541528281250003
19 0.3222591359375 0.3770764125 0.27657807343749996 0.3770764125 0.27657807343749996 0.4244186046875 0.3222591359375 0.4244186046875 0.3222591359375 0.3770764125
19 0.2674418609375 0.3770764125 0.22009966718750001 0.3770764125 0.22009966718750001 0.42026578125 0.2674418609375 0.42026578125 0.2674418609375 0.3770764125
19 0.7026578078125 0.485049834375 0.6212624578125 0.485049834375 0.6212624578125 0.5946843859375 0.7026578078125 0.5946843859375 0.7026578078125 0.485049834375
19 0.7940199328124999 0.485049834375 0.703488371875 0.485049834375 0.703488371875 0.596345515625 0.7940199328124999 0.596345515625 0.7940199328124999 0.485049834375
19 0.6129568109375 0.48837209374999996 0.5274086375 0.48837209374999996 0.5274086375 0.59551495 0.6129568109375 0.59551495 0.6129568109375 0.48837209374999996
19 0.8853820593749999 0.49667774062500003 0.7923588046875001 0.49667774062500003 0.7923588046875001 0.596345515625 0.8853820593749999 0.596345515625 0.8853820593749999 0.49667774062500003
19 0.521594684375 0.509966778125 0.45764119531249997 0.509966778125 0.45764119531249997 0.5946843859375 0.521594684375 0.5946843859375 0.521594684375 0.509966778125
19 0.45182724218750003 0.509966778125 0.3870431890625 0.509966778125 0.3870431890625 0.59551495 0.45182724218750003 0.59551495 0.45182724218750003 0.509966778125
19 0.1777408640625 0.5132890359375 0.11295681093750001 0.5132890359375 0.11295681093750001 0.5946843859375 0.1777408640625 0.5946843859375 0.1777408640625 0.5132890359375
19 0.3322259140625 0.514950165625 0.2632890359375 0.514950165625 0.2632890359375 0.5938538203125 0.3322259140625 0.5938538203125 0.3322259140625 0.514950165625
19 0.255813953125 0.5182724249999999 0.187707640625 0.5182724249999999 0.187707640625 0.5938538203125 0.255813953125 0.5938538203125 0.255813953125 0.5182724249999999
19 0.3870431890625 0.5299003328125 0.3372093015625 0.5299003328125 0.3372093015625 0.592192690625 0.3870431890625 0.592192690625 0.3870431890625 0.5299003328125