19 0.16875 0.534375 0.16875 0.4468750015625 0.0997395828125 0.446875 0.0997395828125 0.534375 0.16875 0.534375
19 0.076215278125 0.534375 0.076215278125 0.4532986109375 0.005034721875 0.4532986109375 0.005034721875 0.534375 0.076215278125 0.534375
19 0.5625 0.53125 0.5625 0.4531249984375 0.49131944375 0.4531249984375 0.49131944375 0.53125 0.5625 0.53125
19 0.578125 0.528125 0.6625 0.528125 0.6625 0.45625 0.578125 0.45625 0.578125 0.528125
19 0.4765625 0.528125 0.4765625 0.4570312484375 0.397916665625 0.4570312484375 0.397916665625 0.528125 0.4765625 0.528125
19 0.1859375 0.471875 0.1859375 0.5265625 0.246875 0.5265625 0.246875 0.471875 0.1859375 0.471875
19 0.3151041671875 0.528125 0.3151041671875 0.47447916562500003 0.2552083328125 0.47447916562500003 0.2552083328125 0.528125 0.3151041671875 0.528125
19 0.3302083328125 0.4703125 0.3302083328125 0.53125 0.384027778125 0.53125 0.384027778125 0.4703125 0.3302083328125 0.4703125
19 0.7296875 0.5296875 0.7296875 0.47708333437499995 0.67352430625 0.47708333437499995 0.67352430625 0.5296875 0.7296875 0.5296875
19 0.7994791671875 0.5328125 0.7994791671875 0.47803819374999995 0.7395833328125 0.47803819374999995 0.7395833328125 0.5328125 0.7994791671875 0.5328125
19 0.85 0.54375 0.85 0.4876736109375 0.817621528125 0.4876736109375 0.817621528125 0.54375 0.85 0.54375
19 0.9125 0.5421875 0.9125 0.48741319375 0.8831597234374999 0.48741319375 0.8831597234374999 0.5421875 0.9125 0.5421875
19 0.9765625 0.540625 0.9765625 0.4881076390625 0.9478298609375001 0.4881076390625 0.9478298609375001 0.540625 0.9765625 0.540625
19 0.5890625 0.6546875 0.5890625 0.578472221875 0.48602430625000004 0.578472221875 0.48602430625000004 0.6546875 0.5890625 0.6546875
19 0.6994791671875 0.65625 0.6994791671875 0.5801215265625 0.6005208328125 0.5801215265625 0.6005208328125 0.65625 0.6994791671875 0.65625
19 0.4578125 0.675 0.4578125 0.569097221875 0.394791665625 0.569097221875 0.394791665625 0.675 0.4578125 0.675
19 0.1203125 0.66875 0.1203125 0.5732638890625 0.05868055625 0.5732638890625 0.05868055625 0.66875 0.1203125 0.66875
19 0.2515625 0.6546875 0.2515625 0.5953125 0.158159721875 0.5953125 0.158159721875 0.6546875 0.2515625 0.6546875
19 0.34375 0.5767361109375 0.2858506953125 0.5767361109375 0.2858506953125 0.6765625 0.34375 0.6765625 0.34375 0.5767361109375