19 0.5327778359375 0.5234375 0.5327778359375 0.368803328125 0.46878466249999995 0.368803328125 0.46878466249999995 0.5234375 0.5327778359375 0.5234375
19 0.0859375 0.5203125 0.0859375 0.40403956875 0.010081590625000001 0.40403956875 0.010081590625000001 0.5203125 0.0859375 0.5203125
19 0.1984375 0.4197792234375 0.07823965468750001 0.4197792234375 0.07823965468750001 0.4999840015625 0.1984375 0.4999840015625 0.1984375 0.4197792234375
19 0.290625 0.5 0.290625 0.42005652656250003 0.169555246875 0.42005652812500005 0.169555246875 0.5 0.290625 0.5
19 0.709375 0.5234375 0.709375 0.40774050781250004 0.6618307375 0.40774050781250004 0.6618307375 0.5234375 0.709375 0.5234375
19 0.79375 0.4921875 0.9109375 0.4921875 0.9109375 0.440625 0.79375 0.440625 0.79375 0.4921875
19 0.378125 0.49375 0.378125 0.4423261515625 0.261553434375 0.4423261515625 0.261553434375 0.49375 0.378125 0.49375
19 0.5734375 0.490625 0.6921875 0.490625 0.6921875 0.43978509062500004 0.5734375 0.43978509062500004 0.5734375 0.490625
19 0.8578125 0.4890625 0.8578125 0.4433447109375 0.7413582562500001 0.4433447109375 0.7413582562500001 0.4890625 0.8578125 0.4890625
19 0.3984375 0.521875 0.3984375 0.4080231453125 0.35295968437499997 0.4080231453125 0.35295968437499997 0.521875 0.3984375 0.521875
19 0.496875 0.4875 0.496875 0.43971043125 0.3876253203125 0.43971043125 0.3876253203125 0.4875 0.496875 0.4875
19 0.9703125 0.490625 0.9703125 0.4384652296875 0.850010665625 0.4384652296875 0.850010665625 0.490625 0.9703125 0.490625
19 0.99375 0.5265625 0.99375 0.40646064531250004 0.9363241265625 0.40646064531250004 0.9363241265625 0.5265625 0.99375 0.5265625
19 0.803125 0.49375 0.803125 0.4457417875 0.6857561859375 0.4457417875 0.6857561859375 0.49375 0.803125 0.49375
19 0.3703125 0.8578125 0.3703125 0.7695152515625 0.1966030296875 0.7695152515625 0.1966030296875 0.8578125 0.3703125 0.8578125
19 0 0.853125 0.1171875 0.853125 0.1171875 0.7803194328124999 0 0.7803194328124999 0 0.853125
19 0.240625 0.9015625 0.240625 0.731519303125 0.1573645484375 0.731519303125 0.1573645484375 0.9015625 0.240625 0.9015625
19 0.7828125 0.9140625 0.7828125 0.7274690703125 0.69160889375 0.7274690703125 0.69160889375 0.9140625 0.7828125 0.9140625
19 0.36875 0.8609375 0.55104255625 0.8609375 0.55104255625 0.7805300765625 0.36875 0.7805300765625 0.36875 0.8609375
19 0.640625 0.7745867125 0.45740187812500005 0.7745867125 0.45740187812500005 0.8624706703125 0.640625 0.86247066875 0.640625 0.7745867125
19 0.2015625 0.85625 0.2015625 0.7764611765625 0.0295835109375 0.7764611765625 0.0295835109375 0.85625 0.2015625 0.85625
19 0.28305780625 0.775 0.28305780625 0.859375 0.460532209375 0.859375 0.460532209375 0.775 0.28305780625 0.775
19 0.6005892703125 0.9121080421875 0.6884732296875 0.9121080421875 0.6884732296875 0.7269544578125 0.6005892703125 0.7269544578125 0.6005892703125 0.9121080421875
19 0.6030903375000001 0.5265625 0.6030903375000001 0.36702485 0.5390971640625 0.36702485 0.5390971640625 0.5265625 0.6030903375000001 0.5265625