19 0.7640625 0.3375 0.7640625 0.247265625 0.682421875 0.247265625 0.682421875 0.3375 0.7640625 0.3375
19 0.171484375 0.253125 0.171484375 0.3328125 0.2296875 0.3328125 0.2296875 0.253125 0.171484375 0.253125
19 0.3046875 0.3203125 0.3046875 0.264453125 0.2234375 0.264453125 0.2234375 0.3203125 0.3046875 0.3203125
19 0.603125 0.2640625 0.603125 0.340625 0.6796875 0.340625 0.6796875 0.2640625 0.603125 0.2640625
19 0.840625 0.3421875 0.840625 0.262109375 0.772265625 0.262109375 0.772265625 0.3421875 0.840625 0.3421875
19 0.8484375 0.265625 0.8484375 0.3421875 0.921875 0.3421875 0.921875 0.265625 0.8484375 0.265625
19 0.35 0.3296875 0.35 0.28203125 0.29453125 0.28203125 0.29453125 0.3296875 0.35 0.3296875
19 0.348828125 0.278125 0.348828125 0.334375 0.3921875 0.334375 0.3921875 0.278125 0.348828125 0.278125
19 0.4890625 0.3359375 0.4890625 0.278515625 0.445703125 0.278515625 0.445703125 0.3359375 0.4890625 0.3359375
19 0.6015625 0.3328125 0.6015625 0.2828125 0.542578125 0.2828125 0.542578125 0.3328125 0.6015625 0.3328125
19 0.54375 0.3375 0.54375 0.278515625 0.494140625 0.278515625 0.494140625 0.3375 0.54375 0.3375
19 0.3984375 0.3015625 0.3984375 0.334375 0.4375 0.334375 0.4375 0.3015625 0.3984375 0.3015625