19 0.3140625 0.203125 0.3140625 0.145703125 0.260546875 0.145703125 0.260546875 0.203125 0.3140625 0.203125
19 0.4046875 0.3203125 0.4046875 0.245703125 0.345703125 0.245703125 0.345703125 0.3203125 0.4046875 0.3203125
19 0.546875 0.3140625 0.546875 0.256640625 0.473828125 0.256640625 0.473828125 0.3140625 0.546875 0.3140625
19 0.4140625 0.2515625 0.4140625 0.325 0.475 0.325 0.475 0.2515625 0.4140625 0.2515625
19 0.6109375 0.315625 0.6109375 0.258203125 0.537109375 0.258203125 0.537109375 0.315625 0.6109375 0.315625
19 0.246875 0.2546875 0.246875 0.321875 0.29375 0.321875 0.29375 0.2546875 0.246875 0.2546875
19 0.298828125 0.2546875 0.298828125 0.3234375 0.340625 0.3234375 0.340625 0.2546875 0.298828125 0.2546875
19 0.184375 0.278125 0.131640625 0.278125 0.131640625 0.30625 0.184375 0.30625 0.184375 0.278125
19 0.1453125 0.27734375 0.093359375 0.27734375 0.093359375 0.3109375 0.1453125 0.3109375 0.1453125 0.27734375
19 0.166015625 0.2796875 0.166015625 0.3078125 0.21875 0.3078125 0.21875 0.2796875 0.166015625 0.2796875
19 0.2125 0.26875 0.2125 0.321875 0.24375 0.321875 0.24375 0.26875 0.2125 0.26875
19 0.372265625 0.346875 0.372265625 0.3875 0.40625 0.3875 0.40625 0.346875 0.372265625 0.346875
19 0.40625 0.353125 0.40625 0.384375 0.446875 0.384375 0.446875 0.353125 0.40625 0.353125
19 0.265625 0.4 0.265625 0.37265625 0.237109375 0.37265625 0.237109375 0.4 0.265625 0.4
19 0.196875 0.371875 0.196875 0.403125 0.2328125 0.403125 0.2328125 0.371875 0.196875 0.371875
19 0.2703125 0.3734375 0.2703125 0.403125 0.3 0.403125 0.3 0.3734375 0.2703125 0.3734375
19 0.3328125 0.37578125 0.304296875 0.37578125 0.304296875 0.4046875 0.3328125 0.4046875 0.3328125 0.37578125
19 0.3375 0.375 0.3375 0.4046875 0.3671875 0.4046875 0.3671875 0.375 0.3375 0.375
19 0.783984375 0.4296875 0.783984375 0.372265625 0.714453125 0.372265625 0.714453125 0.4296875 0.783984375 0.4296875
19 0.658203125 0.3734375 0.658203125 0.4375 0.715625 0.4375 0.715625 0.3734375 0.658203125 0.3734375
19 0.480859375 0.384375 0.480859375 0.428125 0.54375 0.428125 0.54375 0.384375 0.480859375 0.384375
19 0.6546875 0.434375 0.6546875 0.37890625 0.59140625 0.37890625 0.59140625 0.434375 0.6546875 0.434375
19 0.4984375 0.3859375 0.434765625 0.3859375 0.434765625 0.428125 0.4984375 0.428125 0.4984375 0.3859375
19 0.845703125 0.38125 0.845703125 0.4375 0.8875 0.4375 0.8875 0.38125 0.845703125 0.38125
19 0.590625 0.38359375 0.533203125 0.38359375 0.533203125 0.4328125 0.590625 0.4328125 0.590625 0.38359375
19 0.8359375 0.4375 0.8359375 0.3796875 0.786328125 0.3796875 0.786328125 0.4375 0.8359375 0.4375
19 0.4078125 0.39921875 0.360546875 0.39921875 0.360546875 0.428125 0.4078125 0.428125 0.4078125 0.39921875
19 0.398046875 0.3953125 0.398046875 0.43046875 0.4453125 0.43046875 0.4453125 0.3953125 0.398046875 0.3953125
19 0.194921875 0.403125 0.194921875 0.43828125 0.2234375 0.43828125 0.2234375 0.403125 0.194921875 0.403125
19 0.259375 0.434375 0.259375 0.4078125 0.230078125 0.4078125 0.230078125 0.434375 0.259375 0.434375
19 0.2640625 0.4078125 0.2640625 0.4375 0.29375 0.4375 0.29375 0.4078125 0.2640625 0.4078125
19 0.2984375 0.4359375 0.325 0.4359375 0.325 0.408203125 0.2984375 0.408203125 0.2984375 0.4359375
19 0.3640625 0.407421875 0.3328125 0.407421875 0.3328125 0.4359375 0.3640625 0.4359375 0.3640625 0.407421875