19 0.7204861109375 0.8975694437499999 0.6267361109375 0.8975694437499999 0.6267361109375 0.9921875 0.7204861109375 0.9921875 0.7204861109375 0.8975694437499999
19 0.6232638890625 0.8975694437499999 0.5321180562500001 0.8975694437499999 0.5321180562500001 0.9939236109375 0.6232638890625 0.9939236109375 0.6232638890625 0.8975694437499999
19 0.12586805625 0 0.12586805625 0.089409721875 0.222222221875 0.089409721875 0.222222221875 0 0.12586805625 0
19 0.0234375 0 0.0234375 0.090277778125 0.1197916671875 0.090277778125 0.1197916671875 0 0.0234375 0
19 0.22743055625 0 0.22743055625 0.09288194375 0.3263888890625 0.09288194375 0.3263888890625 0 0.22743055625 0
19 0.3307291671875 0 0.3307291671875 0.09461805625 0.4322916671875 0.09461805625 0.4322916671875 0 0.3307291671875 0
19 0.78125 0.1302083328125 0.698784721875 0.1302083328125 0.698784721875 0.215277778125 0.78125 0.215277778125 0.78125 0.1302083328125
19 0.8645833328125001 0.1302083328125 0.7829861109375 0.1302083328125 0.7829861109375 0.21875 0.8645833328125001 0.21875 0.8645833328125001 0.1302083328125
19 0.237847221875 0.14236111093749998 0.17795138906250002 0.14236111093749998 0.17795138906250002 0.207465278125 0.237847221875 0.207465278125 0.237847221875 0.14236111093749998
19 0.9600694437499999 0.1302083328125 0.8689236109375 0.1302083328125 0.8689236109375 0.2265625 0.9600694437499999 0.2265625 0.9600694437499999 0.1302083328125
19 0.2986111109375 0.14236111093749998 0.23697916718749998 0.14236111093749998 0.23697916718749998 0.214409721875 0.2986111109375 0.214409721875 0.2986111109375 0.14236111093749998
19 0.6944444437499999 0.14930555625 0.6276041671875 0.14930555625 0.6276041671875 0.21354166718749998 0.6944444437499999 0.21354166718749998 0.6944444437499999 0.14930555625
19 0.550347221875 0.14756944375 0.48524305625 0.14756944375 0.48524305625 0.214409721875 0.550347221875 0.214409721875 0.550347221875 0.14756944375
19 0.6232638890625 0.14930555625 0.5564236109375 0.14930555625 0.5564236109375 0.214409721875 0.6232638890625 0.214409721875 0.6232638890625 0.14930555625
19 0.3541666671875 0.17013888906250002 0.3046875 0.17013888906250002 0.3046875 0.20920138906250002 0.3541666671875 0.20920138906250002 0.3541666671875 0.17013888906250002
19 0.4166666671875 0.171875 0.36631944375000003 0.171875 0.36631944375000003 0.21180555625 0.4166666671875 0.21180555625 0.4166666671875 0.171875
19 0.4791666671875 0.17361111093749998 0.42881944375 0.17361111093749998 0.42881944375 0.21006944375 0.4791666671875 0.21006944375 0.4791666671875 0.17361111093749998
19 0 0.35850694375000003 0.059027778125 0.35850694375000003 0.059027778125 0.26215277812500004 0 0.26215277812500004 0 0.35850694375000003
19 0.17361111093749998 0.26215277812500004 0.066840278125 0.26215277812500004 0.066840278125 0.35850694375000003 0.17361111093749998 0.35850694375000003 0.17361111093749998 0.26215277812500004
19 0.28819444375000003 0.265625 0.1770833328125 0.265625 0.1770833328125 0.36284722187499996 0.28819444375000003 0.36284722187499996 0.28819444375000003 0.265625
19 0.4045138890625 0.2673611109375 0.3046875 0.2673611109375 0.3046875 0.36631944375000003 0.4045138890625 0.36631944375000003 0.4045138890625 0.2673611109375
19 0.871527778125 0.26909722187499996 0.769097221875 0.26909722187499996 0.769097221875 0.3654513890625 0.871527778125 0.3654513890625 0.871527778125 0.26909722187499996
19 0.6475694437499999 0.26909722187499996 0.5416666671875 0.26909722187499996 0.5416666671875 0.3654513890625 0.6475694437499999 0.3654513890625 0.6475694437499999 0.26909722187499996
19 0.7517361109375 0.2708333328125 0.652777778125 0.2708333328125 0.652777778125 0.3671875 0.7517361109375 0.3671875 0.7517361109375 0.2708333328125
19 0.9913194437499999 0.2708333328125 0.8828125 0.2708333328125 0.8828125 0.3671875 0.9913194437499999 0.3671875 0.9913194437499999 0.2708333328125
19 0.5208333328125 0.26909722187499996 0.421875 0.26909722187499996 0.421875 0.3689236109375 0.5208333328125 0.3689236109375 0.5208333328125 0.26909722187499996
19 0.8697916671874999 0.42881944375 0.7760416671875 0.42881944375 0.7760416671875 0.5086805562500001 0.8697916671874999 0.5086805562500001 0.8697916671874999 0.42881944375
19 0.769097221875 0.42881944375 0.6692708328125 0.42881944375 0.6692708328125 0.5104166671875 0.769097221875 0.5104166671875 0.769097221875 0.42881944375
19 1 0.43055555625 0.890625 0.43055555625 0.890625 0.5095486109375 1 0.5095486109375 1 0.43055555625
19 0.48090277812500004 0.4392361109375 0.39149305624999997 0.4392361109375 0.39149305624999997 0.5104166671875 0.48090277812500004 0.5104166671875 0.48090277812500004 0.4392361109375
19 0.17361111093749998 0.44097222187499996 0.08680555625 0.44097222187499996 0.08680555625 0.5086805562500001 0.17361111093749998 0.5086805562500001 0.17361111093749998 0.44097222187499996
19 0.38715277812500004 0.44097222187499996 0.28125 0.44097222187499996 0.28125 0.5104166671875 0.38715277812500004 0.5104166671875 0.38715277812500004 0.44097222187499996
19 0.5677083328125 0.44444444375 0.48784722187499996 0.44444444375 0.48784722187499996 0.5086805562500001 0.5677083328125 0.5086805562500001 0.5677083328125 0.44444444375
19 0.27430555624999997 0.44097222187499996 0.1848958328125 0.44097222187499996 0.1848958328125 0.512152778125 0.27430555624999997 0.512152778125 0.27430555624999997 0.44097222187499996
19 0 0.5104166671875 0.065972221875 0.5104166671875 0.065972221875 0.4427083328125 0 0.4427083328125 0 0.5104166671875
19 0.668402778125 0.44965277812500004 0.5720486109375 0.44965277812500004 0.5720486109375 0.5086805562500001 0.668402778125 0.5086805562500001 0.668402778125 0.44965277812500004
19 0.47569444375 0.5572916671875 0.3845486109375 0.5572916671875 0.3845486109375 0.6493055562500001 0.47569444375 0.6493055562500001 0.47569444375 0.5572916671875
19 0.581597221875 0.5625 0.4826388890625 0.5625 0.4826388890625 0.6493055562500001 0.581597221875 0.6493055562500001 0.581597221875 0.5625
19 0.3697916671875 0.5694444437499999 0.2760416671875 0.5694444437499999 0.2760416671875 0.6458333328125 0.3697916671875 0.6458333328125 0.3697916671875 0.5694444437499999
19 0.7100694437499999 0.590277778125 0.6579861109375 0.590277778125 0.6579861109375 0.651909721875 0.7100694437499999 0.651909721875 0.7100694437499999 0.590277778125
19 0.784722221875 0.5920138890625 0.7248263890625 0.5920138890625 0.7248263890625 0.6510416671875 0.784722221875 0.6510416671875 0.784722221875 0.5920138890625
19 0.6475694437499999 0.5920138890625 0.59375 0.5920138890625 0.59375 0.6493055562500001 0.6475694437499999 0.6493055562500001 0.6475694437499999 0.5920138890625
19 0.8506944437499999 0.59375 0.793402778125 0.59375 0.793402778125 0.6536458328125 0.8506944437499999 0.6536458328125 0.8506944437499999 0.59375
19 0.921875 0.59375 0.8602430562500001 0.59375 0.8602430562500001 0.652777778125 0.921875 0.652777778125 0.921875 0.59375
19 0.9913194437499999 0.5920138890625 0.9288194437499999 0.5920138890625 0.9288194437499999 0.6536458328125 0.9913194437499999 0.6536458328125 0.9913194437499999 0.5920138890625