19 0.5171875 0.246875 0.5171875 0.15 0.411328125 0.15 0.411328125 0.246875 0.5171875 0.246875
19 0.646875 0.1515625 0.551953125 0.1515625 0.551953125 0.246875 0.646875 0.246875 0.646875 0.1515625
19 0.662890625 0.153125 0.662890625 0.2484375 0.7640625 0.2484375 0.7640625 0.153125 0.662890625 0.153125
19 0.8796875 0.152734375 0.775 0.152734375 0.775 0.2484375 0.8796875 0.2484375 0.8796875 0.152734375
19 0.890625 0.15625 0.890625 0.2515625 0.9953125 0.2515625 0.9953125 0.15625 0.890625 0.15625
19 0.877734375 0.3484375 0.877734375 0.4046875 0.9484375 0.4046875 0.9484375 0.3484375 0.877734375 0.3484375
19 0.559375 0.6125 0.559375 0.6921875 0.6546875 0.6921875 0.6546875 0.6125 0.559375 0.6125
19 0.5515625 0.7 0.5515625 0.6046875 0.472265625 0.6046875 0.472265625 0.7 0.5515625 0.7
19 0.7140625 0.7015625 0.7140625 0.644140625 0.656640625 0.644140625 0.656640625 0.7015625 0.7140625 0.7015625
19 0.85625 0.646875 0.85625 0.7 0.9125 0.7 0.9125 0.646875 0.85625 0.646875
19 0.8515625 0.7 0.8515625 0.6453125 0.797265625 0.6453125 0.797265625 0.7 0.8515625 0.7
19 0.725 0.6453125 0.725 0.7 0.7890625 0.7 0.7890625 0.6453125 0.725 0.6453125