19 0.4578125 0.303125 0.4578125 0.26875 0.407421875 0.26875 0.407421875 0.303125 0.4578125 0.303125
19 0.73125 0.4578125 0.73125 0.484375 0.76875 0.484375 0.76875 0.4578125 0.73125 0.4578125
19 0.4421875 0.5125 0.4421875 0.464453125 0.377734375 0.464453125 0.377734375 0.5125 0.4421875 0.5125
19 0.515625 0.469140625 0.44375 0.469140625 0.44375 0.5109375 0.515625 0.5109375 0.515625 0.469140625
19 0.7703125 0.487109375 0.7296875 0.487109375 0.7296875 0.5109375 0.7703125 0.5109375 0.7703125 0.487109375
19 0.5890625 0.596875 0.5890625 0.52265625 0.529296875 0.52265625 0.529296875 0.596875 0.5890625 0.596875
19 0.702734375 0.534375 0.702734375 0.5875 0.7515625 0.5875 0.7515625 0.534375 0.702734375 0.534375
19 0.6484375 0.54140625 0.591796875 0.54140625 0.591796875 0.5859375 0.6484375 0.5859375 0.6484375 0.54140625
19 0.6484375 0.534375 0.6484375 0.590625 0.696875 0.590625 0.696875 0.534375 0.6484375 0.534375
19 0.334375 0.5875 0.334375 0.54140625 0.27734375 0.54140625 0.27734375 0.5875 0.334375 0.5875
19 0.205859375 0.528125 0.205859375 0.60390625 0.265625 0.60390625 0.265625 0.528125 0.205859375 0.528125
19 0.3359375 0.5484375 0.3359375 0.590625 0.3734375 0.590625 0.3734375 0.5484375 0.3359375 0.5484375
19 0.473046875 0.5484375 0.473046875 0.590625 0.5109375 0.590625 0.5109375 0.5484375 0.473046875 0.5484375
19 0.425 0.548828125 0.384375 0.548828125 0.384375 0.590625 0.425 0.590625 0.425 0.548828125
19 0.471875 0.5875 0.471875 0.55078125 0.43046875 0.55078125 0.43046875 0.5875 0.471875 0.5875
19 0.15078125 0.590625 0.15078125 0.551171875 0.1078125 0.551171875 0.1078125 0.590625 0.15078125 0.590625
19 0.196875 0.5921875 0.196875 0.55234375 0.15234375 0.55234375 0.15234375 0.5921875 0.196875 0.5921875
19 0.7296875 0.6125 0.7296875 0.68125 0.7765625 0.68125 0.7765625 0.6125 0.7296875 0.6125