19 0.5109375 0.611328125 0.471484375 0.611328125 0.471484375 0.640234375 0.5109375 0.640234375 0.5109375 0.611328125
19 0.512890625 0.60625 0.512890625 0.646875 0.540625 0.646875 0.540625 0.60625 0.512890625 0.60625
19 0.2890625 0.80625 0.2890625 0.751953125 0.244921875 0.751953125 0.244921875 0.80625 0.2890625 0.80625
19 0.2890625 0.8921875 0.3375 0.8921875 0.3375 0.852734375 0.2890625 0.852734375 0.2890625 0.8921875
19 0.2515625 0.85625 0.2515625 0.8984375 0.2890625 0.8984375 0.2890625 0.85625 0.2515625 0.85625
19 0.3796875 0.859765625 0.33515625 0.859765625 0.33515625 0.9 0.3796875 0.9 0.3796875 0.859765625
19 0.58125 0.9015625 0.58125 0.8796875 0.546484375 0.8796875 0.546484375 0.9015625 0.58125 0.9015625
19 0.49375 0.909375 0.515625 0.909375 0.515625 0.875 0.49375 0.875 0.49375 0.909375
19 0.544921875 0.909375 0.544921875 0.887890625 0.526953125 0.887890625 0.526953125 0.909375 0.544921875 0.909375
19 0.281640625 0.4015625 0.281640625 0.465625 0.33125 0.465625 0.33125 0.4015625 0.281640625 0.4015625
19 0.3921875 0.40546875 0.331640625 0.40546875 0.331640625 0.4609375 0.3921875 0.4609375 0.3921875 0.40546875
19 0.2234375 0.4578125 0.2828125 0.4578125 0.2828125 0.408203125 0.2234375 0.408203125 0.2234375 0.4578125
19 0.2859375 0.54375 0.2859375 0.50703125 0.21953125 0.50703125 0.21953125 0.54375 0.2859375 0.54375
19 0.3296875 0.508203125 0.26015625 0.508203125 0.26015625 0.5453125 0.3296875 0.5453125 0.3296875 0.508203125
19 0.36875 0.498046875 0.315625 0.498046875 0.315625 0.5578125 0.36875 0.5578125 0.36875 0.498046875
19 0.4234375 0.498046875 0.371875 0.498046875 0.371875 0.5578125 0.4234375 0.5578125 0.4234375 0.498046875
19 0.48125 0.498046875 0.428125 0.498046875 0.428125 0.5578125 0.48125 0.5578125 0.48125 0.498046875
19 0.4859375 0.5015625 0.4859375 0.559375 0.5375 0.559375 0.5375 0.5015625 0.4859375 0.5015625
19 0.253125 0.6421875 0.28125 0.6421875 0.28125 0.589453125 0.253125 0.589453125 0.253125 0.6421875
19 0.325 0.601953125 0.271484375 0.601953125 0.271484375 0.629296875 0.325 0.629296875 0.325 0.601953125
19 0.359375 0.601953125 0.31015625 0.601953125 0.31015625 0.634375 0.359375 0.634375 0.359375 0.601953125
19 0.3953125 0.59375 0.3953125 0.6453125 0.43125 0.6453125 0.43125 0.59375 0.3953125 0.59375
19 0.396875 0.601953125 0.347265625 0.601953125 0.347265625 0.635546875 0.396875 0.635546875 0.396875 0.601953125
19 0.4375 0.5953125 0.4375 0.646875 0.4734375 0.646875 0.4734375 0.5953125 0.4375 0.5953125