19 0.315625 0.1140625 0.315625 0.040234375 0.289453125 0.040234375 0.289453125 0.1140625 0.315625 0.1140625
19 0.2859375 0.1125 0.2859375 0.0421875 0.258203125 0.0421875 0.258203125 0.1125 0.2859375 0.1125
19 0.2953125 0.0671875 0.2953125 0.09375 0.36875 0.09375 0.36875 0.0671875 0.2953125 0.0671875
19 0.359375 0.840625 0.359375 0.811328125 0.3328125 0.811328125 0.3328125 0.840625 0.359375 0.840625
19 0.2171875 0.81328125 0.188671875 0.81328125 0.188671875 0.8421875 0.2171875 0.8421875 0.2171875 0.81328125
19 0.421875 0.840625 0.421875 0.81328125 0.393359375 0.81328125 0.393359375 0.840625 0.421875 0.840625
19 0.3234375 0.84375 0.3234375 0.812109375 0.294921875 0.812109375 0.294921875 0.84375 0.3234375 0.84375
19 0.390625 0.8421875 0.390625 0.81484375 0.362109375 0.81484375 0.362109375 0.8421875 0.390625 0.8421875
19 0.2890625 0.8421875 0.2890625 0.813671875 0.254296875 0.813671875 0.254296875 0.8421875 0.2890625 0.8421875
19 0.2234375 0.815625 0.2234375 0.8453125 0.2546875 0.8453125 0.2546875 0.815625 0.2234375 0.815625
19 0.303125 0.884375 0.303125 0.851953125 0.2703125 0.851953125 0.2703125 0.884375 0.303125 0.884375
19 0.3046875 0.85 0.3046875 0.884375 0.334375 0.884375 0.334375 0.85 0.3046875 0.85
19 0.428125 0.8828125 0.428125 0.8546875 0.397265625 0.8546875 0.397265625 0.8828125 0.428125 0.8828125
19 0.235546875 0.8515625 0.235546875 0.88515625 0.271875 0.88515625 0.271875 0.8515625 0.235546875 0.8515625
19 0.365625 0.8828125 0.365625 0.852734375 0.33359375 0.852734375 0.33359375 0.8828125 0.365625 0.8828125
19 0.176171875 0.85 0.176171875 0.8875 0.2046875 0.8875 0.2046875 0.85 0.176171875 0.85
19 0.3984375 0.85390625 0.366015625 0.85390625 0.366015625 0.8875 0.3984375 0.8875 0.3984375 0.85390625
19 0.2390625 0.8859375 0.2390625 0.855859375 0.20703125 0.855859375 0.20703125 0.8859375 0.2390625 0.8859375
19 0.390625 0.9015625 0.390625 0.93125 0.4265625 0.93125 0.4265625 0.9015625 0.390625 0.9015625
19 0.384375 0.93125 0.384375 0.903125 0.356640625 0.903125 0.356640625 0.93125 0.384375 0.93125
19 0.346875 0.9328125 0.346875 0.901171875 0.319140625 0.901171875 0.319140625 0.9328125 0.346875 0.9328125
19 0.2734375 0.9328125 0.2734375 0.903515625 0.246875 0.903515625 0.246875 0.9328125 0.2734375 0.9328125
19 0.16875 0.9078125 0.16875 0.9328125 0.2015625 0.9328125 0.2015625 0.9078125 0.16875 0.9078125
19 0.3109375 0.904296875 0.2796875 0.904296875 0.2796875 0.9328125 0.3109375 0.9328125 0.3109375 0.904296875
19 0.240625 0.906640625 0.2078125 0.906640625 0.2078125 0.934375 0.240625 0.934375 0.240625 0.906640625
19 0.8109375 0.2015625 0.8109375 0.176953125 0.7609375 0.176953125 0.7609375 0.2015625 0.8109375 0.2015625
19 0.7953125 0.246875 0.7953125 0.21484375 0.72421875 0.21484375 0.72421875 0.246875 0.7953125 0.246875
19 0.7046875 0.1984375 0.7046875 0.2671875 0.7375 0.2671875 0.7375 0.1984375 0.7046875 0.1984375
19 0.6484375 0.21875 0.6484375 0.25 0.7203125 0.25 0.7203125 0.21875 0.6484375 0.21875
19 0.80625 0.265625 0.80625 0.216015625 0.778515625 0.216015625 0.778515625 0.265625 0.80625 0.265625
19 0.4859375 0.2984375 0.4859375 0.371875 0.54375 0.371875 0.54375 0.2984375 0.4859375 0.2984375
19 0.49375 0.3609375 0.49375 0.308984375 0.4203125 0.308984375 0.4203125 0.3609375 0.49375 0.3609375
19 0.347265625 0.303125 0.347265625 0.371875 0.384375 0.371875 0.384375 0.303125 0.347265625 0.303125
19 0.5484375 0.3046875 0.5484375 0.36875 0.6015625 0.36875 0.6015625 0.3046875 0.5484375 0.3046875
19 0.3140625 0.317578125 0.2453125 0.317578125 0.2453125 0.3578125 0.3140625 0.3578125 0.3140625 0.317578125
19 0.303125 0.303125 0.303125 0.371875 0.34375 0.371875 0.34375 0.303125 0.303125 0.303125
19 0.2265625 0.3578125 0.2265625 0.31640625 0.15859375 0.31640625 0.15859375 0.3578125 0.2265625 0.3578125
19 0.443359375 0.3578125 0.443359375 0.319140625 0.373828125 0.319140625 0.373828125 0.3578125 0.443359375 0.3578125
19 0.202734375 0.3203125 0.202734375 0.35859375 0.26875 0.35859375 0.26875 0.3203125 0.202734375 0.3203125
19 0.46875 0.406640625 0.446875 0.406640625 0.446875 0.471875 0.46875 0.471875 0.46875 0.406640625
19 0.41875 0.409375 0.41875 0.4734375 0.440625 0.4734375 0.440625 0.409375 0.41875 0.409375
19 0.4734375 0.4109375 0.4734375 0.4734375 0.4953125 0.4734375 0.4953125 0.4109375 0.4734375 0.4109375
19 0.671875 0.46875 0.671875 0.416015625 0.6125 0.416015625 0.6125 0.46875 0.671875 0.46875
19 0.3796875 0.4125 0.3796875 0.4765625 0.415625 0.4765625 0.415625 0.4125 0.3796875 0.4125
19 0.56875 0.4328125 0.508203125 0.4328125 0.508203125 0.45625 0.56875 0.45625 0.56875 0.4328125
19 0.7234375 0.414453125 0.6703125 0.414453125 0.6703125 0.471875 0.7234375 0.471875 0.7234375 0.414453125
19 0.55625 0.41875 0.55625 0.4703125 0.6140625 0.4703125 0.6140625 0.41875 0.55625 0.41875
19 0.33125 0.4140625 0.33125 0.4765625 0.3734375 0.4765625 0.3734375 0.4140625 0.33125 0.4140625
19 0.5390625 0.45625 0.5390625 0.4328125 0.480859375 0.4328125 0.480859375 0.45625 0.5390625 0.45625
19 0.3390625 0.42734375 0.276171875 0.42734375 0.276171875 0.465625 0.3390625 0.465625 0.3390625 0.42734375
19 0.3390625 0.5625 0.3390625 0.51640625 0.28203125 0.51640625 0.28203125 0.5625 0.3390625 0.5625
19 0.284375 0.51484375 0.233203125 0.51484375 0.233203125 0.5703125 0.284375 0.5703125 0.284375 0.51484375
19 0.328125 0.5265625 0.328125 0.559375 0.3734375 0.559375 0.3734375 0.5265625 0.328125 0.5265625
19 0.36875 0.5203125 0.36875 0.565625 0.4 0.565625 0.4 0.5203125 0.36875 0.5203125
19 0.5078125 0.528515625 0.46875 0.528515625 0.46875 0.5578125 0.5078125 0.5578125 0.5078125 0.528515625
19 0.4421875 0.559375 0.4421875 0.5265625 0.397265625 0.5265625 0.397265625 0.559375 0.4421875 0.559375
19 0.171484375 0.51875 0.171484375 0.571875 0.2265625 0.571875 0.2265625 0.51875 0.171484375 0.51875
19 0.4765625 0.559375 0.4765625 0.530078125 0.434375 0.530078125 0.434375 0.559375 0.4765625 0.559375
19 0.3953125 0.61875 0.3953125 0.665625 0.4265625 0.665625 0.4265625 0.61875 0.3953125 0.61875
19 0.4296875 0.6203125 0.4296875 0.6671875 0.4625 0.6671875 0.4625 0.6203125 0.4296875 0.6203125
19 0.396875 0.6578125 0.396875 0.62734375 0.35234375 0.62734375 0.35234375 0.6578125 0.396875 0.6578125
19 0.3296875 0.659375 0.3296875 0.62890625 0.28203125 0.62890625 0.28203125 0.659375 0.3296875 0.659375
19 0.323828125 0.6203125 0.323828125 0.66875 0.35625 0.66875 0.35625 0.6203125 0.323828125 0.6203125
19 0.25 0.63125 0.25 0.6640625 0.2953125 0.6640625 0.2953125 0.63125 0.25 0.63125
19 0.21875 0.625 0.21875 0.6703125 0.2515625 0.6703125 0.2515625 0.625 0.21875 0.625
19 0.177734375 0.6328125 0.177734375 0.66171875 0.221875 0.66171875 0.221875 0.6328125 0.177734375 0.6328125
19 0.53125 0.76875 0.53125 0.72734375 0.47578125 0.72734375 0.47578125 0.76875 0.53125 0.76875
19 0.426171875 0.728125 0.426171875 0.77109375 0.478125 0.77109375 0.478125 0.728125 0.426171875 0.728125
19 0.2375 0.722265625 0.1921875 0.722265625 0.1921875 0.7796875 0.2375 0.7796875 0.2375 0.722265625
19 0.23125 0.73125 0.23125 0.771875 0.2875 0.771875 0.2875 0.73125 0.23125 0.73125
19 0.4265625 0.778125 0.4265625 0.7234375 0.383203125 0.7234375 0.383203125 0.778125 0.4265625 0.778125
19 0.287890625 0.7265625 0.287890625 0.7796875 0.3296875 0.7796875 0.3296875 0.7265625 0.287890625 0.7265625
19 0.3359375 0.778125 0.378125 0.778125 0.378125 0.728125 0.3359375 0.728125 0.3359375 0.778125
19 0.3734375 0.039453125 0.3484375 0.039453125 0.3484375 0.1125 0.3734375 0.1125 0.3734375 0.039453125
19 0.20625 0.0640625 0.20625 0.0890625 0.278125 0.0890625 0.278125 0.0640625 0.20625 0.0640625
19 0.2171875 0.090625 0.2171875 0.062890625 0.148828125 0.062890625 0.148828125 0.090625 0.2171875 0.090625
19 0.2484375 0.064453125 0.178125 0.064453125 0.178125 0.090625 0.2484375 0.090625 0.2484375 0.064453125