19 0.5421875 0.4390625 0.5796875 0.4390625 0.5796875 0.4002305328125 0.5421875 0.4002305328125 0.5421875 0.4390625
19 0.5 0.4375 0.5421875 0.4375 0.5421875 0.4051357578125 0.5 0.4051357578125 0.5 0.4375
19 0.61875 0.4625 0.61875 0.434375 0.5914702859375 0.434375 0.5914702859375 0.4625 0.61875 0.4625
19 0.6890625 0.4625 0.6890625 0.4328637296875 0.6594262296875 0.4328637296875 0.6594262296875 0.4625 0.6890625 0.4625
19 0.65625 0.4625 0.65625 0.4328637296875 0.6250128078125 0.4328637296875 0.6250128078125 0.4625 0.65625 0.4625
19 0.339241803125 0.505724896875 0.39825819687499997 0.505724896875 0.39825819687499997 0.41146260312500005 0.339241803125 0.41146260312500005 0.339241803125 0.505724896875
19 0.3625 0.4828125 0.3625 0.43675717187499996 0.2642546109375 0.43675717187499996 0.2642546109375 0.4828125 0.3625 0.4828125
19 0.884375 0.49375 0.884375 0.43155737656250004 0.813319671875 0.43155737656250004 0.813319671875 0.49375 0.884375 0.49375
19 0.8234375 0.49375 0.8234375 0.4318007171875 0.7473744890625 0.4318007171875 0.7473744890625 0.49375 0.8234375 0.49375
19 0.515625 0.4953125 0.515625 0.44460809375 0.446913421875 0.44460809375 0.446913421875 0.4953125 0.515625 0.4953125
19 0.7515625 0.5015625 0.7515625 0.43411885312500004 0.6979892421875 0.43411885312500004 0.6979892421875 0.5015625 0.7515625 0.5015625
19 0.4625 0.49375 0.4625 0.44567110625 0.39526127031249997 0.44567110625 0.39526127031249997 0.49375 0.4625 0.49375
19 0.553125 0.5 0.553125 0.4521644453125 0.5134989765625 0.4521644453125 0.5134989765625 0.5 0.553125 0.5
19 0.596875 0.496875 0.596875 0.45625 0.5484759218749999 0.45625 0.5484759218749999 0.496875 0.596875 0.496875
19 0.69375 0.5015625 0.69375 0.46753330000000004 0.6641137296874999 0.46753330000000004 0.6641137296874999 0.5015625 0.69375 0.5015625
19 0.6265625 0.503125 0.6265625 0.46860912031249996 0.594838628125 0.46860912031249996 0.594838628125 0.503125 0.6265625 0.503125
19 0.6625 0.5 0.6625 0.47195184531249995 0.6276255125 0.47195184531249995 0.6276255125 0.5 0.6625 0.5
19 0.8734375 0.5908683390625 0.8203125 0.5908683390625 0.8203125 0.63267161875 0.8734375 0.63267161875 0.8734375 0.5908683390625
19 0.48125 0.64375 0.48125 0.58133965 0.41086065468750005 0.58133965 0.41086065468750005 0.64375 0.48125 0.64375
19 0.8234375 0.6375 0.8234375 0.5900486671875 0.770619878125 0.5900486671875 0.770619878125 0.6375 0.8234375 0.6375
19 0.76875 0.6359375 0.76875 0.5921875 0.7175333 0.5921875 0.7175333 0.6359375 0.76875 0.6359375
19 0.54375 0.6421875 0.54375 0.5847464140625 0.4809042 0.5847464140625 0.4809042 0.6421875 0.54375 0.6421875
19 0.4109118859375 0.653125 0.4109118859375 0.5771004093750001 0.3453381140625 0.5771004093750001 0.3453381140625 0.653125 0.4109118859375 0.653125
19 0.5484375 0.64375 0.60625 0.64375 0.60625 0.5839011265625 0.5484375 0.5839011265625 0.5484375 0.64375
19 0.6703125 0.640625 0.71875 0.640625 0.71875 0.595632684375 0.6703125 0.595632684375 0.6703125 0.640625
19 0.6609375 0.640625 0.6609375 0.5939421109375 0.609772028125 0.5939421109375 0.609772028125 0.640625 0.6609375 0.640625
19 0.7203125 0.8377177265625001 0.696875 0.8377177265625001 0.696875 0.8795210046875 0.7203125 0.8795210046875 0.7203125 0.8377177265625001
19 0.6984375 0.8703125 0.6984375 0.8457479515624999 0.6573898578125 0.8457479515624999 0.6573898578125 0.8703125 0.6984375 0.8703125
19 0.668647540625 0.875 0.668647540625 0.8492955953125 0.6260245890625 0.84929559375 0.6260245890625 0.875 0.668647540625 0.875
19 0.8421875 0.940881146875 0.8017546109374999 0.940881146875 0.8017546109374999 0.996618853125 0.8421875 0.996618853125 0.8421875 0.940881146875
19 0.8078125 0.946875 0.7494108609375 0.946875 0.7494108609375 0.9932633187500001 0.8078125 0.9932633187500001 0.8078125 0.946875
19 0.755686475 0.9997438531249999 0.755686475 0.9440061468750001 0.713063525 0.9440061468750001 0.713063525 0.9997438531249999 0.755686475 0.9997438531249999
19 0.71875 0.99375 0.71875 0.950384221875 0.665868340625 0.950384221875 0.665868340625 0.99375 0.71875 0.99375
19 0.6203125 1 0.6203125 0.9428406765625 0.568993340625 0.9428406765625 0.568993340625 1 0.6203125 1
19 0.565625 0.9440061468750001 0.5078125 0.9440061468750001 0.5078125 0.9997438531249999 0.565625 0.9997438531249999 0.565625 0.9440061468750001
19 0.6671875 0.9472079921875001 0.6267546109375 0.9472079921875001 0.6267546109375 0.9996670078125 0.6671875 0.9996670078125 0.6671875 0.9472079921875001
19 0.5046875 1 0.5046875 0.9484375 0.4565189546875 0.9484375 0.4565189546875 1 0.5046875 1
19 0.4484375 0.9984375 0.4484375 0.9521260234375 0.393288934375 0.9521260234375 0.393288934375 0.9984375 0.4484375 0.9984375
19 0.3890625 0.9984375 0.3890625 0.9575947749999999 0.33623206875 0.9575947749999999 0.33623206875 0.9984375 0.3890625 0.9984375
19 0.328125 1 0.328125 0.949615778125 0.287525615625 0.949615778125 0.287525615625 1 0.328125 1