19 0.80625 0.6046875 0.80625 0.65 0.8375 0.65 0.8375 0.6046875 0.80625 0.6046875
19 0.7328125 0.6046875 0.7328125 0.6515625 0.7640625 0.6515625 0.7640625 0.6046875 0.7328125 0.6046875
19 0.6890625 0.6125 0.6890625 0.64375 0.7359375 0.64375 0.7359375 0.6125 0.6890625 0.6125
19 0.767578125 0.6046875 0.767578125 0.6515625 0.8 0.6515625 0.8 0.6046875 0.767578125 0.6046875
19 0.225 0.6078125 0.225 0.65 0.25625 0.65 0.25625 0.6078125 0.225 0.6078125
19 0.1421875 0.6140625 0.1421875 0.646875 0.184375 0.646875 0.184375 0.6140625 0.1421875 0.6140625
19 0.1859375 0.609375 0.1859375 0.6515625 0.2171875 0.6515625 0.2171875 0.609375 0.1859375 0.609375
19 0.2984375 0.61328125 0.257421875 0.61328125 0.257421875 0.6484375 0.2984375 0.6484375 0.2984375 0.61328125
19 0.5203125 0.69375 0.5203125 0.7203125 0.5515625 0.7203125 0.5515625 0.69375 0.5203125 0.69375
19 0.715234375 0.7015625 0.715234375 0.7171875 0.7421875 0.7171875 0.7421875 0.7015625 0.715234375 0.7015625
19 0.683203125 0.69375 0.683203125 0.71875 0.709375 0.71875 0.709375 0.69375 0.683203125 0.69375
19 0.646875 0.694921875 0.6171875 0.694921875 0.6171875 0.7171875 0.646875 0.7171875 0.646875 0.694921875
19 0.584375 0.693359375 0.5546875 0.693359375 0.5546875 0.7203125 0.584375 0.7203125 0.584375 0.693359375
19 0.5828125 0.6953125 0.5828125 0.7203125 0.6140625 0.7203125 0.6140625 0.6953125 0.5828125 0.6953125
19 0.6765625 0.721875 0.6765625 0.692578125 0.653125 0.692578125 0.653125 0.721875 0.6765625 0.721875
19 0.271875 0.7515625 0.271875 0.69453125 0.201171875 0.69453125 0.201171875 0.7515625 0.271875 0.7515625
19 0.2046875 0.75625 0.2046875 0.692578125 0.144921875 0.692578125 0.144921875 0.75625 0.2046875 0.75625
19 0.61875 0.75 0.646875 0.75 0.646875 0.7265625 0.61875 0.7265625 0.61875 0.75
19 0.553125 0.728515625 0.5203125 0.728515625 0.5203125 0.75 0.553125 0.75 0.553125 0.728515625
19 0.6859375 0.721875 0.6859375 0.753125 0.7109375 0.753125 0.7109375 0.721875 0.6859375 0.721875
19 0.608984375 0.7546875 0.608984375 0.721484375 0.586328125 0.721484375 0.586328125 0.7546875 0.608984375 0.7546875
19 0.74375 0.7515625 0.74375 0.719140625 0.7203125 0.719140625 0.7203125 0.7515625 0.74375 0.7515625
19 0.5546875 0.7265625 0.5546875 0.7515625 0.58125 0.7515625 0.58125 0.7265625 0.5546875 0.7265625
19 0.653125 0.721875 0.653125 0.753125 0.678125 0.753125 0.678125 0.721875 0.653125 0.721875
19 0.1828125 0.846875 0.1828125 0.90625 0.24375 0.90625 0.24375 0.846875 0.1828125 0.846875
19 0.1140625 0.8484375 0.1140625 0.90625 0.1765625 0.90625 0.1765625 0.8484375 0.1140625 0.8484375
19 0.3859375 0.909375 0.3859375 0.844140625 0.319921875 0.844140625 0.319921875 0.909375 0.3859375 0.909375
19 0.251171875 0.84375 0.251171875 0.91328125 0.3140625 0.91328125 0.3140625 0.84375 0.251171875 0.84375
19 0.4546875 0.849609375 0.39453125 0.849609375 0.39453125 0.9125 0.4546875 0.9125 0.4546875 0.849609375
19 0.246875 0.38046875 0.162890625 0.38046875 0.162890625 0.425 0.246875 0.425 0.246875 0.38046875
19 0.19375 0.4234375 0.19375 0.38125 0.111328125 0.38125 0.111328125 0.4234375 0.19375 0.4234375
19 0.8484375 0.38046875 0.781640625 0.38046875 0.781640625 0.4296875 0.8484375 0.4296875 0.8484375 0.38046875
19 0.7296875 0.3828125 0.7296875 0.428125 0.796875 0.428125 0.796875 0.3828125 0.7296875 0.3828125
19 0.321875 0.391796875 0.25234375 0.391796875 0.25234375 0.4234375 0.321875 0.4234375 0.321875 0.391796875
19 0.231640625 0.375 0.231640625 0.44375 0.265625 0.44375 0.265625 0.375 0.231640625 0.375
19 0.3171875 0.5109375 0.3171875 0.559375 0.375 0.559375 0.375 0.5109375 0.3171875 0.5109375
19 0.326171875 0.55625 0.326171875 0.512890625 0.267578125 0.512890625 0.267578125 0.55625 0.326171875 0.55625
19 0.2328125 0.5578125 0.2328125 0.515625 0.172265625 0.515625 0.172265625 0.5578125 0.2328125 0.5578125
19 0.2203125 0.515625 0.2203125 0.5578125 0.28125 0.5578125 0.28125 0.515625 0.2203125 0.515625
19 0.184375 0.55625 0.184375 0.51640625 0.12421875 0.51640625 0.12421875 0.55625 0.184375 0.55625
19 0.453515625 0.515625 0.453515625 0.5609375 0.4875 0.5609375 0.4875 0.515625 0.453515625 0.515625
19 0.4109375 0.55625 0.4109375 0.5234375 0.366015625 0.5234375 0.366015625 0.55625 0.4109375 0.55625
19 0.4109375 0.5140625 0.4109375 0.5625 0.446875 0.5625 0.446875 0.5140625 0.4109375 0.5140625