19 0 0.3390625 0.1625 0.3390625 0.1625 0.290625 0 0.290625 0 0.3390625
19 0.0078125 0.2921875 0.0078125 0.3375 0.2125 0.3375 0.2125 0.2921875 0.0078125 0.2921875
19 0.2609375 0.3390625 0.2609375 0.29765625 0.058984375 0.29765625 0.058984375 0.3390625 0.2609375 0.3390625
19 0.540625 0.35625 0.540625 0.29609375 0.33828125 0.29609375 0.33828125 0.35625 0.540625 0.35625
19 0.590625 0.3703125 0.590625 0.316015625 0.411328125 0.316015625 0.411328125 0.3703125 0.590625 0.3703125
19 0.7015625 0.3703125 0.7015625 0.31796875 0.52578125 0.31796875 0.52578125 0.3703125 0.7015625 0.3703125
19 0.469921875 0.3203125 0.469921875 0.37109375 0.6453125 0.37109375 0.6453125 0.3203125 0.469921875 0.3203125
19 0.2265625 0.276171875 0.1890625 0.276171875 0.1890625 0.4234375 0.2265625 0.4234375 0.2265625 0.276171875
19 0.6453125 0.3046875 0.6453125 0.440625 0.6828125 0.440625 0.6828125 0.3046875 0.6453125 0.3046875
19 0.8609375 0.306640625 0.8046875 0.306640625 0.8046875 0.44375 0.8609375 0.44375 0.8609375 0.306640625
19 0.7421875 0.4109375 0.7421875 0.376953125 0.657421875 0.376953125 0.657421875 0.4109375 0.7421875 0.4109375
19 0.7578125 0.352734375 0.721875 0.352734375 0.721875 0.4390625 0.7578125 0.4390625 0.7578125 0.352734375
19 0.7609375 0.3609375 0.7609375 0.44375 0.796875 0.44375 0.796875 0.3609375 0.7609375 0.3609375
19 0.171875 0.5984375 0.171875 0.52265625 0.01015625 0.52265625 0.01015625 0.5984375 0.171875 0.5984375
19 0.1296875 0.4796875 0.1296875 0.6453125 0.20625 0.6453125 0.20625 0.4796875 0.1296875 0.4796875
19 0.1640625 0.528125 0.1640625 0.6015625 0.325 0.6015625 0.325 0.528125 0.1640625 0.528125
19 0.3984375 0.6015625 0.3984375 0.53359375 0.238671875 0.53359375 0.238671875 0.6015625 0.3984375 0.6015625
19 0.3125 0.5328125 0.3125 0.6015625 0.46875 0.6015625 0.46875 0.5328125 0.3125 0.5328125
19 0.429296875 0.4921875 0.429296875 0.653125 0.4796875 0.653125 0.4796875 0.4921875 0.429296875 0.4921875
19 0.483203125 0.490625 0.483203125 0.653125 0.5328125 0.653125 0.5328125 0.490625 0.483203125 0.490625
19 0.5890625 0.559375 0.5890625 0.615625 0.7140625 0.615625 0.7140625 0.559375 0.5890625 0.559375
19 0.658984375 0.55625 0.658984375 0.615625 0.78125 0.615625 0.78125 0.55625 0.658984375 0.55625
19 0.578125 0.5359375 0.578125 0.65625 0.615625 0.65625 0.615625 0.5359375 0.578125 0.5359375
19 0.575 0.537890625 0.5375 0.537890625 0.5375 0.653125 0.575 0.653125 0.575 0.537890625