19 0.6875 0.3050317796875 0.6512447031249999 0.3050317796875 0.6512447031249999 0.32621822031250003 0.6875 0.32621822031250003 0.6875 0.3050317796875
19 0.8076536015625001 0.3390625 0.8076536015625001 0.3013109109375 0.7805349578125 0.3013109109375 0.7805349578125 0.3390625 0.8076536015625001 0.3390625
19 0.7234375 0.3062632421875 0.6936970328125 0.3062632421875 0.6936970328125 0.3359242578125 0.7234375 0.3359242578125 0.7234375 0.3062632421875
19 0.7359375 0.3375 0.7671875 0.3375 0.7671875 0.30736228906249996 0.7359375 0.30736228906249996 0.7359375 0.3375
19 0.3859375 0.378125 0.3859375 0.302661546875 0.28098517031250003 0.302661546875 0.28098517031250003 0.378125 0.3859375 0.378125
19 0.290625 0.3875 0.290625 0.29724576406250003 0.183236228125 0.29724576406250003 0.183236228125 0.3875 0.290625 0.3875
19 0.528125 0.3203125 0.4546875 0.3203125 0.4546875 0.381236759375 0.528125 0.381236759375 0.528125 0.3203125
19 0.4515625 0.3890625 0.4515625 0.313784428125 0.3832229875 0.313784428125 0.3832229875 0.3890625 0.4515625 0.3890625
19 0.678125 0.38125 0.678125 0.3292108046875 0.641048728125 0.3292108046875 0.641048728125 0.38125 0.678125 0.38125
19 0.6359375 0.3765625 0.6359375 0.3330376078125 0.5842955515625 0.3330376078125 0.5842955515625 0.3765625 0.6359375 0.3765625
19 0.575 0.32891949062500003 0.5304157843749999 0.32891949062500003 0.5304157843749999 0.3840042359375 0.575 0.3840042359375 0.575 0.32891949062500003
19 0.8421875 0.3734375 0.8421875 0.34367055 0.8164062515625 0.34367055 0.8164062515625 0.3734375 0.8421875 0.3734375
19 0.8046875 0.346875 0.7765492593750001 0.346875 0.7765492593750001 0.376390359375 0.8046875 0.376390359375 0.8046875 0.346875
19 0.7640625 0.3828125 0.7640625 0.3453125 0.738148834375 0.3453125 0.738148834375 0.3828125 0.7640625 0.3828125
19 0.726443325 0.378125 0.726443325 0.3494306140625 0.688307734375 0.3494306140625 0.688307734375 0.378125 0.726443325 0.378125
19 0.815625 0.5046875 0.815625 0.4471001046875 0.7319120765625 0.4471001046875 0.7319120765625 0.5046875 0.815625 0.5046875
19 0.7359375 0.5203125 0.7359375 0.444134003125 0.6625264843750001 0.444134003125 0.6625264843750001 0.5203125 0.7359375 0.5203125
19 0.653125 0.528125 0.653125 0.46844544531250004 0.599086334375 0.46844544531250004 0.599086334375 0.528125 0.653125 0.528125
19 0.39375 0.4671875 0.2913665265625 0.4671875 0.2913665265625 0.5370365453125 0.39375 0.5370365453125 0.39375 0.4671875
19 0.5854872875 0.534375 0.5854872875 0.4749602765625 0.5270127125 0.4749602765625 0.5270127125 0.534375 0.5854872875 0.534375
19 0.5171875 0.5421875 0.5171875 0.48125 0.461030190625 0.48125 0.461030190625 0.5421875 0.5171875 0.5421875
19 0.4484375 0.546875 0.4484375 0.48407044531250004 0.3873411015625 0.48407044531250004 0.3873411015625 0.546875 0.4484375 0.546875
19 0.2984375 0.5067002125 0.21543961875 0.5067002125 0.21543961875 0.5651747890625 0.2984375 0.5651747890625 0.2984375 0.5067002125
19 0.1859375 0.5875 0.1859375 0.4976959734375 0.1276483046875 0.49769597499999996 0.1276483046875 0.5875 0.1859375 0.5875
19 0 0.5859375 0.0953125 0.5859375 0.0953125 0.5171875 0 0.5171875 0 0.5859375
19 0.34375 0.6515625 0.34375 0.605826271875 0.2919756359375 0.605826271875 0.2919756359375 0.6515625 0.34375 0.6515625
19 0.284375 0.6546875 0.284375 0.6146451265625 0.2313426921875 0.614645128125 0.2313426921875 0.6546875 0.284375 0.6546875
19 0.18125 0.66875 0.225 0.66875 0.225 0.6140625 0.18125 0.6140625 0.18125 0.66875
19 0.346875 0.7078125 0.346875 0.6634931140625 0.3011917375 0.6634931140625 0.3011917375 0.7078125 0.346875 0.7078125
19 0.1734375 0.7359375 0.1734375 0.6391949171875 0.0997881359375 0.6391949171875 0.0997881359375 0.7359375 0.1734375 0.7359375
19 0.2875 0.71875 0.2875 0.6698093218750001 0.24278336875 0.6698093218750001 0.24278336875 0.71875 0.2875 0.71875
19 0.234375 0.678125 0.1844544484375 0.678125 0.1844544484375 0.7246292375000001 0.234375 0.7246292375000001 0.234375 0.678125