19 0.6375 0.1421875 0.6375 0.029296875 0.496484375 0.029296875 0.496484375 0.1421875 0.6375 0.1421875
19 0.597265625 0.8796875 0.597265625 0.9875 0.634375 0.9875 0.634375 0.8796875 0.597265625 0.8796875
19 0.715625 0.91484375 0.611328125 0.91484375 0.611328125 0.9546875 0.715625 0.9546875 0.715625 0.91484375
19 0.690234375 0.8828125 0.690234375 0.9921875 0.7328125 0.9921875 0.7328125 0.8828125 0.690234375 0.8828125
19 0.709765625 0.91875 0.709765625 0.9578125 0.8140625 0.9578125 0.8140625 0.91875 0.709765625 0.91875
19 0.92734375 0.1375 0.92734375 0.062109375 0.8046875 0.062109375 0.8046875 0.1375 0.92734375 0.1375
19 1 0.0609375 0.889453125 0.0609375 0.889453125 0.1421875 1 0.1421875 1 0.0609375
19 0.618359375 0.0671875 0.618359375 0.153125 0.7203125 0.153125 0.7203125 0.0671875 0.618359375 0.0671875
19 0.722265625 0.06875 0.722265625 0.1640625 0.8109375 0.1640625 0.8109375 0.06875 0.722265625 0.06875
19 0.6671875 0.3234375 0.6671875 0.24296875 0.513671875 0.24296875 0.513671875 0.3234375 0.6671875 0.3234375
19 0.753125 0.33125 0.753125 0.24453125 0.59921875 0.24453125 0.59921875 0.33125 0.753125 0.33125
19 0.725 0.2390625 0.725 0.3703125 0.7828125 0.3703125 0.7828125 0.2390625 0.725 0.2390625
19 0.848828125 0.2515625 0.848828125 0.3703125 0.9296875 0.3703125 0.9296875 0.2515625 0.848828125 0.2515625
19 0.789453125 0.2765625 0.789453125 0.36875 0.84375 0.36875 0.84375 0.2765625 0.789453125 0.2765625
19 0.5828125 0.434375 0.5828125 0.5578125 0.69375 0.5578125 0.69375 0.434375 0.5828125 0.434375
19 0.69375 0.4359375 0.69375 0.559375 0.803125 0.559375 0.803125 0.4359375 0.69375 0.4359375