19 0.1982638890625 0.134375 0.1982638890625 0.000260415625 0.11579861093749999 0.000260415625 0.11579861093749999 0.134375 0.1982638890625 0.134375
19 0.203125 0.1359375 0.2828125 0.1359375 0.2828125 0.0001736109375 0.203125 0.0001736109375 0.203125 0.1359375
19 0.815625 0.1375 0.815625 0.033854165625 0.6908854171875001 0.033854165625 0.6908854171875001 0.1375 0.815625 0.1375
19 0.5351562484375 0.0296875 0.5351562484375 0.1453125 0.6140625 0.1453125 0.6140625 0.0296875 0.5351562484375 0.0296875
19 0.6015625 0.1328125 0.7122395828125 0.1328125 0.7122395828125 0.047829859375 0.6015625 0.047829859375 0.6015625 0.1328125
19 0.8006944453125 0.04375 0.8006944453125 0.1453125 0.9140625 0.1453125 0.9140625 0.04375 0.8006944453125 0.04375
19 0.5203125 0.29375 0.5203125 0.2513020828125 0.44739583437499997 0.2513020828125 0.44739583437499997 0.29375 0.5203125 0.29375
19 0.5546875 0.3140625 0.5546875 0.23810763750000002 0.5120659734374999 0.23810763750000002 0.5120659734374999 0.3140625 0.5546875 0.3140625
19 0.315625 0.3890625 0.315625 0.2765625 0.25859375 0.2765625 0.25859375 0.3890625 0.315625 0.3890625
19 0.3 0.3625 0.4107638890625 0.3625 0.4107638890625 0.3025173625 0.3 0.3025173625 0.3 0.3625
19 0.5140625 0.378125 0.5140625 0.3283854171875 0.435503471875 0.3283854171875 0.435503471875 0.378125 0.5140625 0.378125
19 0.5703125 0.3328125 0.493402778125 0.3328125 0.493402778125 0.3790798625 0.5703125 0.3790798625 0.5703125 0.3328125
19 0.6701388890625 0.39375 0.6701388890625 0.3217013890625 0.6111111109375 0.3217013890625 0.6111111109375 0.39375 0.6701388890625 0.39375
19 0.740625 0.33125 0.665625 0.33125 0.665625 0.38715277812500004 0.740625 0.38715277812500004 0.740625 0.33125
19 0.803125 0.3875 0.803125 0.331857640625 0.7315104171875 0.331857640625 0.7315104171875 0.3875 0.803125 0.3875
19 0.84375 0.3505208328125 0.80078125 0.3505208328125 0.80078125 0.3982638890625 0.84375 0.3982638890625 0.84375 0.3505208328125
19 0.4890625 0.575 0.4890625 0.53359375 0.39019097187499996 0.53359375 0.39019097187499996 0.575 0.4890625 0.575
19 0.5046875 0.5049479171875 0.46388888906250003 0.5049479171875 0.46388888906250003 0.609114584375 0.5046875 0.609114584375 0.5046875 0.5049479171875
19 0.5546875 0.5049479171875 0.512239584375 0.5049479171875 0.512239584375 0.609114584375 0.5546875 0.609114584375 0.5546875 0.5049479171875
19 0.3078125 0.52569444375 0.225 0.5256944453125 0.225 0.610763890625 0.3078125 0.610763890625 0.3078125 0.52569444375
19 0.40625 0.609375 0.40625 0.5272569453125 0.32517361093749997 0.5272569453125 0.32517361093749997 0.609375 0.40625 0.609375
19 0.125 0.60625 0.2140625 0.60625 0.2140625 0.528125 0.125 0.528125 0.125 0.60625