19 0.61875 0.28125 0.61875 0.2125 0.509765625 0.2125 0.509765625 0.28125 0.61875 0.28125
19 0.440234375 0.2140625 0.440234375 0.28046875 0.546875 0.28046875 0.546875 0.2140625 0.440234375 0.2140625
19 0.651953125 0.2171875 0.651953125 0.296875 0.7203125 0.296875 0.7203125 0.2171875 0.651953125 0.2171875
19 0.387109375 0.23125 0.387109375 0.28203125 0.478125 0.28203125 0.478125 0.23125 0.387109375 0.23125
19 0.730859375 0.21875 0.730859375 0.29921875 0.7984375 0.29921875 0.7984375 0.21875 0.730859375 0.21875
19 0.428125 0.2828125 0.428125 0.23515625 0.33515625 0.23515625 0.33515625 0.2828125 0.428125 0.2828125
19 0.659375 0.290625 0.659375 0.24140625 0.596484375 0.24140625 0.596484375 0.290625 0.659375 0.290625
19 0.428125 0.367578125 0.371875 0.367578125 0.371875 0.440625 0.428125 0.440625 0.428125 0.367578125
19 0.3140625 0.36875 0.3140625 0.4453125 0.3703125 0.4453125 0.3703125 0.36875 0.3140625 0.36875
19 0.3125 0.4453125 0.3125 0.369921875 0.258203125 0.369921875 0.258203125 0.4453125 0.3125 0.4453125
19 0.199609375 0.3703125 0.199609375 0.446875 0.2546875 0.446875 0.2546875 0.3703125 0.199609375 0.3703125
19 0.148046875 0.3984375 0.148046875 0.43671875 0.2046875 0.43671875 0.2046875 0.3984375 0.148046875 0.3984375
19 0.1625 0.4390625 0.1625 0.39921875 0.10546875 0.39921875 0.10546875 0.4390625 0.1625 0.4390625
19 0.1171875 0.39453125 0.060546875 0.39453125 0.060546875 0.4453125 0.1171875 0.4453125 0.1171875 0.39453125