19 0.171875 0.1859375 0.171875 0.1108546015625 0.016180165625 0.1108546015625 0.016180165625 0.1859375 0.171875 0.1859375
19 0.4109375 0.2453125 0.4109375 0.069656853125 0.313165696875 0.069656853125 0.313165696875 0.2453125 0.4109375 0.2453125
19 0.5140625 0.0769342859375 0.421322346875 0.076934284375 0.421322346875 0.2449407140625 0.5140625 0.244940715625 0.5140625 0.0769342859375
19 0.1921875 0.1953125 0.3453125 0.1953125 0.3453125 0.126868971875 0.1921875 0.126868971875 0.1921875 0.1953125
19 0.803125 0.259375 0.803125 0.080870678125 0.7039137859375 0.080870678125 0.7039137859375 0.259375 0.803125 0.259375
19 0.2234375 0.4828125 0.2234375 0.3745729484375 0.1460560703125 0.3745729484375 0.1460560703125 0.4828125 0.2234375 0.4828125
19 0.321875 0.3974050453125 0.2244096671875 0.3974050453125 0.2244096671875 0.4826140484375 0.321875 0.4826140484375 0.321875 0.3974050453125
19 0.134375 0.4859375 0.134375 0.3955863140625 0.0531325359375 0.3955863140625 0.0531325359375 0.4859375 0.134375 0.4859375
19 0.415625 0.484375 0.415625 0.4073804265625 0.3179737734375 0.4073804265625 0.3179737734375 0.484375 0.415625 0.484375
19 0.5 0.4890625 0.5 0.4023010453125 0.4188580203125 0.4023010453125 0.4188580203125 0.4890625 0.5 0.4890625
19 0.1640625 0.6015625 0.1640625 0.5516529343750001 0.12107616562500001 0.5516529343750001 0.12107616562500001 0.6015625 0.1640625 0.6015625
19 0.2140625 0.6046875 0.2140625 0.553125 0.17204581875 0.553125 0.17204581875 0.6046875 0.2140625 0.6046875
19 0.4375 0.65 0.4375 0.5727441734375 0.3906224875 0.5727441734375 0.3906224875 0.65 0.4375 0.65
19 0.343586715625 0.6390625 0.343586715625 0.58757285 0.26480858125 0.58757285 0.26480858125 0.6390625 0.343586715625 0.6390625
19 0.4 0.6359375 0.4 0.593599275 0.3178180265625 0.5935992765625 0.3178180265625 0.6359375 0.4 0.6359375
19 0.1671875 0.65625 0.1671875 0.609171525 0.12071945312500001 0.609171525 0.12071945312500001 0.65625 0.1671875 0.65625
19 0.215436596875 0.6546875 0.215436596875 0.6111585625 0.173635953125 0.6111585625 0.173635953125 0.6546875 0.215436596875 0.6546875