19 0.1578125 0.153125 0.1578125 0.089453125 0.123046875 0.089453125 0.123046875 0.153125 0.1578125 0.153125
19 0.1296875 0.140625 0.1296875 0.10078125 0.06640625 0.10078125 0.06640625 0.140625 0.1296875 0.140625
19 0.790625 0.1546875 0.790625 0.108203125 0.725 0.108203125 0.725 0.1546875 0.790625 0.1546875
19 0.775 0.1109375 0.775 0.1625 0.8390625 0.1625 0.8390625 0.1109375 0.775 0.1109375
19 0.8890625 0.15625 0.8890625 0.114453125 0.830859375 0.114453125 0.830859375 0.15625 0.8890625 0.15625
19 0.590625 0.1625 0.590625 0.11015625 0.53359375 0.11015625 0.53359375 0.1625 0.590625 0.1625
19 0.5390625 0.112890625 0.4796875 0.112890625 0.4796875 0.159375 0.5390625 0.159375 0.5390625 0.112890625
19 0.2796875 0.171875 0.2796875 0.13984375 0.23359375 0.13984375 0.23359375 0.171875 0.2796875 0.171875
19 0.1953125 0.1796875 0.1953125 0.136328125 0.167578125 0.136328125 0.167578125 0.1796875 0.1953125 0.1796875
19 0.2328125 0.1796875 0.2328125 0.135546875 0.204296875 0.135546875 0.204296875 0.1796875 0.2328125 0.1796875
19 0.684375 0.178125 0.684375 0.13828125 0.63671875 0.13828125 0.63671875 0.178125 0.684375 0.178125
19 0.684375 0.134375 0.684375 0.1828125 0.7265625 0.1828125 0.7265625 0.134375 0.684375 0.134375
19 0.598046875 0.1359375 0.598046875 0.18125 0.6328125 0.18125 0.6328125 0.1359375 0.598046875 0.1359375
19 0.425 0.1453125 0.425 0.240625 0.484375 0.240625 0.484375 0.1453125 0.425 0.1453125
19 0.339453125 0.1640625 0.339453125 0.221875 0.434375 0.221875 0.434375 0.1640625 0.339453125 0.1640625
19 0.101171875 0.1578125 0.101171875 0.2375 0.1390625 0.2375 0.1390625 0.1578125 0.101171875 0.1578125
19 0.033984375 0.178125 0.033984375 0.215625 0.115625 0.215625 0.115625 0.178125 0.033984375 0.178125
19 0.6078125 0.23125 0.6078125 0.17578125 0.53515625 0.17578125 0.53515625 0.23125 0.6078125 0.23125
19 0.8453125 0.169140625 0.79375 0.169140625 0.79375 0.2375 0.8453125 0.2375 0.8453125 0.169140625
19 0.7390625 0.2375 0.7875 0.2375 0.7875 0.1671875 0.7390625 0.1671875 0.7390625 0.2375
19 0.9125 0.2296875 0.9125 0.17890625 0.84140625 0.17890625 0.84140625 0.2296875 0.9125 0.2296875
19 0.5515625 0.2296875 0.5515625 0.17890625 0.48046875 0.17890625 0.48046875 0.2296875 0.5515625 0.2296875
19 0.2328125 0.225 0.2328125 0.19453125 0.17578125 0.19453125 0.17578125 0.225 0.2328125 0.225
19 0.1921875 0.2265625 0.1921875 0.191796875 0.133203125 0.191796875 0.133203125 0.2265625 0.1921875 0.2265625
19 0.2765625 0.193359375 0.21640625 0.193359375 0.21640625 0.225 0.2765625 0.225 0.2765625 0.193359375
19 0.6984375 0.2296875 0.6984375 0.18984375 0.64140625 0.18984375 0.64140625 0.2296875 0.6984375 0.2296875
19 0.69375 0.184375 0.69375 0.240625 0.7359375 0.240625 0.7359375 0.184375 0.69375 0.184375
19 0.646875 0.183984375 0.6015625 0.183984375 0.6015625 0.2390625 0.646875 0.2390625 0.646875 0.183984375
19 0.759375 0.29375 0.759375 0.3234375 0.7859375 0.3234375 0.7859375 0.29375 0.759375 0.29375
19 0.7203125 0.29375 0.7203125 0.3265625 0.746875 0.3265625 0.746875 0.29375 0.7203125 0.29375
19 0.9734375 0.3328125 0.9734375 0.291015625 0.925 0.291015625 0.925 0.3328125 0.9734375 0.3328125
19 0.8796875 0.2875 0.8796875 0.3390625 0.9203125 0.3390625 0.9203125 0.2875 0.8796875 0.2875
19 0.7921875 0.3015625 0.7921875 0.3265625 0.821875 0.3265625 0.821875 0.3015625 0.7921875 0.3015625
19 0.8765625 0.3328125 0.8765625 0.295703125 0.8265625 0.295703125 0.8265625 0.3328125 0.8765625 0.3328125
19 0.75 0.353125 0.75 0.325390625 0.716015625 0.325390625 0.716015625 0.353125 0.75 0.353125
19 0.784375 0.32421875 0.755078125 0.32421875 0.755078125 0.3578125 0.784375 0.3578125 0.784375 0.32421875
19 0.821875 0.325390625 0.798046875 0.325390625 0.798046875 0.360546875 0.821875 0.360546875 0.821875 0.325390625
19 0.846875 0.3421875 0.846875 0.4 0.8875 0.4 0.8875 0.3421875 0.846875 0.3421875
19 0.895703125 0.3453125 0.895703125 0.396875 0.934375 0.396875 0.934375 0.3453125 0.895703125 0.3453125
19 0.727734375 0.3640625 0.727734375 0.396875 0.7609375 0.396875 0.7609375 0.3640625 0.727734375 0.3640625
19 0.7703125 0.365625 0.7703125 0.3984375 0.8 0.3984375 0.8 0.365625 0.7703125 0.365625
19 0.8125 0.3640625 0.8125 0.4 0.8421875 0.4 0.8421875 0.3640625 0.8125 0.3640625