19 0.6830065359375 0.9321895421875 0.739379084375 0.9321895421875 0.739379084375 0.8970588234375001 0.6830065359375 0.8970588234375001 0.6830065359375 0.9321895421875
19 0.560457515625 0.936274509375 0.6094771234375 0.936274509375 0.6094771234375 0.8970588234375001 0.560457515625 0.8970588234375001 0.560457515625 0.936274509375
19 0.6209150328125 0.9338235296875 0.6740196078125 0.9338235296875 0.6740196078125 0.8986928109375001 0.6209150328125 0.8986928109375001 0.6209150328125 0.9338235296875
19 0 0.9754901953124999 0.0751633984375 0.9754901953124999 0.0751633984375 0.9003267968750001 0 0.9003267968750001 0 0.9754901953124999
19 0.080065359375 0.9771241828124999 0.16176470625 0.9771241828124999 0.16176470625 0.901960784375 0.080065359375 0.901960784375 0.080065359375 0.9771241828124999
19 0.436274509375 0.9795751640624999 0.5204248359375 0.9795751640624999 0.5204248359375 0.9003267968750001 0.436274509375 0.9003267968750001 0.436274509375 0.9795751640624999
19 0.16993464062500002 0.9771241828124999 0.2516339875 0.9771241828124999 0.2516339875 0.901960784375 0.16993464062500002 0.901960784375 0.16993464062500002 0.9771241828124999
19 0.2565359484375 0.9779411765624999 0.3341503265625 0.9779411765624999 0.3341503265625 0.9052287578125 0.2565359484375 0.9052287578125 0.2565359484375 0.9779411765624999
19 0.3431372546875 0.9795751640624999 0.4223856203125 0.9795751640624999 0.4223856203125 0.9052287578125 0.3431372546875 0.9052287578125 0.3431372546875 0.9795751640624999
19 0.527777778125 0.98202614375 0.578431371875 0.98202614375 0.578431371875 0.9428104578125 0.527777778125 0.9428104578125 0.527777778125 0.98202614375
19 0.581699346875 0.98202614375 0.6290849671875 0.98202614375 0.6290849671875 0.9444444437499999 0.581699346875 0.9444444437499999 0.581699346875 0.98202614375
19 0.7026143796875 0.98120915 0.7614379078125 0.98120915 0.7614379078125 0.9444444437499999 0.7026143796875 0.9444444437499999 0.7026143796875 0.98120915
19 0.6388888890625 0.98366013125 0.6928104578125 0.98366013125 0.6928104578125 0.9444444437499999 0.6388888890625 0.9444444437499999 0.6388888890625 0.98366013125
19 0.44771241875 0.760620915625 0.5383986921874999 0.760620915625 0.5383986921874999 0.6552287578125 0.44771241875 0.6552287578125 0.44771241875 0.760620915625
19 0.55228758125 0.7532679734375 0.651960784375 0.7532679734375 0.651960784375 0.6666666671875 0.55228758125 0.6666666671875 0.55228758125 0.7532679734375
19 0.7794117640625 0.7630718953125 0.8897058828125 0.7630718953125 0.8897058828125 0.6666666671875 0.7794117640625 0.6666666671875 0.7794117640625 0.7630718953125
19 1 0.669934640625 0.8970588234375001 0.669934640625 0.8970588234375001 0.7614379078125 1 0.7614379078125 1 0.669934640625
19 0.66176470625 0.7614379078125 0.7745098046875001 0.7614379078125 0.7745098046875001 0.669934640625 0.66176470625 0.669934640625 0.66176470625 0.7614379078125
19 0.3709150328125 0.7573529406249999 0.4485294125 0.7573529406249999 0.4485294125 0.6797385625000001 0.3709150328125 0.6797385625000001 0.3709150328125 0.7573529406249999
19 0.294117646875 0.759803921875 0.366013071875 0.759803921875 0.366013071875 0.6797385625000001 0.294117646875 0.6797385625000001 0.294117646875 0.759803921875
19 0.2140522875 0.7573529406249999 0.28349673124999997 0.7573529406249999 0.28349673124999997 0.6993464046875 0.2140522875 0.6993464046875 0.2140522875 0.7573529406249999
19 0.150326796875 0.7622549015625 0.20833333281250002 0.7622549015625 0.20833333281250002 0.7009803921875 0.150326796875 0.7009803921875 0.150326796875 0.7622549015625
19 0.01960784375 0.7622549015625 0.08333333281250001 0.7622549015625 0.08333333281250001 0.6993464046875 0.01960784375 0.6993464046875 0.01960784375 0.7622549015625
19 0.0866013078125 0.7622549015625 0.14460784375 0.7622549015625 0.14460784375 0.7009803921875 0.0866013078125 0.7009803921875 0.0866013078125 0.7622549015625