19 0.534375 0.6625 0.49375 0.6625 0.49375 0.709375 0.534375 0.709375 0.534375 0.6625
19 0.31875 0.6703125 0.2890625 0.6703125 0.2890625 0.7078125 0.31875 0.7078125 0.31875 0.6703125
19 0.28359375 0.66875 0.2546875 0.66875 0.2546875 0.7109375 0.28359375 0.7109375 0.28359375 0.66875
19 0.2140625 0.66875 0.1890625 0.66875 0.1890625 0.709375 0.2140625 0.709375 0.2140625 0.66875
19 0.58515625 0.66875 0.540625 0.66875 0.540625 0.7109375 0.58515625 0.7109375 0.58515625 0.66875
19 0.25078125 0.66875 0.221875 0.66875 0.221875 0.7109375 0.25078125 0.7109375 0.25078125 0.66875
19 0.69140625 0.6671875 0.646875 0.6671875 0.646875 0.71015625 0.69140625 0.71015625 0.69140625 0.6671875
19 0.48984375 0.66875 0.45625 0.66875 0.45625 0.70859375 0.48984375 0.70859375 0.48984375 0.66875
19 0.3890625 0.671875 0.3578125 0.671875 0.3578125 0.709375 0.3890625 0.709375 0.3890625 0.671875
19 0.42109375 0.6703125 0.3921875 0.6703125 0.3921875 0.71015625 0.42109375 0.71015625 0.42109375 0.6703125
19 0.45234375 0.6703125 0.425 0.6703125 0.425 0.7109375 0.45234375 0.7109375 0.45234375 0.6703125
19 0.3515625 0.6703125 0.321875 0.6703125 0.321875 0.71015625 0.3515625 0.71015625 0.3515625 0.6703125
19 0.64140625 0.66875 0.590625 0.66875 0.590625 0.7109375 0.64140625 0.7109375 0.64140625 0.66875
19 0.7421875 0.6703125 0.7 0.6703125 0.7 0.7125 0.7421875 0.7125 0.7421875 0.6703125
19 0.79140625 0.6703125 0.7484375 0.6703125 0.7484375 0.71328125 0.79140625 0.71328125 0.79140625 0.6703125
19 0.70546875 0.3078125 0.68125 0.3078125 0.68125 0.34765625 0.70546875 0.34765625 0.70546875 0.3078125
19 0.73125 0.309375 0.70625 0.309375 0.70625 0.34921875 0.73125 0.34921875 0.73125 0.309375
19 0.50546875 0.3171875 0.465625 0.3171875 0.465625 0.38828125 0.50546875 0.38828125 0.50546875 0.3171875
19 0.54453125 0.31875 0.509375 0.31875 0.509375 0.38828125 0.54453125 0.38828125 0.54453125 0.31875
19 0.61484375 0.33125 0.5859375 0.33125 0.5859375 0.3890625 0.61484375 0.3890625 0.61484375 0.33125
19 0.65 0.33125 0.6203125 0.33125 0.6203125 0.3890625 0.65 0.3890625 0.65 0.33125
19 0.68203125 0.33125 0.653125 0.33125 0.653125 0.3875 0.68203125 0.3875 0.68203125 0.33125
19 0.71484375 0.35 0.6859375 0.35 0.6859375 0.390625 0.71484375 0.390625 0.71484375 0.35
19 0.74453125 0.3515625 0.7171875 0.3515625 0.7171875 0.38984375 0.74453125 0.38984375 0.74453125 0.3515625
19 0.7125 0.3875 0.7109375 0.3875 0.7109375 0.38984375 0.7125 0.38984375 0.7125 0.3875
19 0.24765625 0.4125 0.2078125 0.4125 0.2078125 0.46171875 0.24765625 0.46171875 0.24765625 0.4125
19 0.53359375 0.409375 0.4828125 0.409375 0.4828125 0.46953125 0.53359375 0.46953125 0.53359375 0.409375
19 0.28984375 0.415625 0.25 0.415625 0.25 0.4640625 0.28984375 0.4640625 0.28984375 0.415625
19 0.4265625 0.4109375 0.3734375 0.4109375 0.3734375 0.46875 0.4265625 0.46875 0.4265625 0.4109375
19 0.48125 0.409375 0.4296875 0.409375 0.4296875 0.4703125 0.48125 0.4703125 0.48125 0.409375
19 0.3734375 0.4171875 0.3359375 0.4171875 0.3359375 0.46796875 0.3734375 0.46796875 0.3734375 0.4171875
19 0.33359375 0.41875 0.2953125 0.41875 0.2953125 0.4671875 0.33359375 0.4671875 0.33359375 0.41875
19 0.5875 0.415625 0.5359375 0.415625 0.5359375 0.47109375 0.5875 0.47109375 0.5875 0.415625
19 0.234375 0.4953125 0.19375 0.4953125 0.19375 0.54921875 0.234375 0.54921875 0.234375 0.4953125
19 0.41171875 0.4953125 0.3890625 0.4953125 0.3890625 0.5515625 0.41171875 0.5515625 0.41171875 0.4953125
19 0.43828125 0.49375 0.4140625 0.49375 0.4140625 0.5515625 0.43828125 0.5515625 0.43828125 0.49375
19 0.278125 0.496875 0.2359375 0.496875 0.2359375 0.55078125 0.278125 0.55078125 0.278125 0.496875
19 0.3859375 0.4953125 0.359375 0.4953125 0.359375 0.553125 0.3859375 0.553125 0.3859375 0.4953125
19 0.31953125 0.4984375 0.2796875 0.4984375 0.2796875 0.5515625 0.31953125 0.5515625 0.31953125 0.4984375
19 0.3578125 0.5 0.321875 0.5 0.321875 0.5515625 0.3578125 0.5515625 0.3578125 0.5
19 0.49140625 0.5 0.4421875 0.5 0.4421875 0.5515625 0.49140625 0.5515625 0.49140625 0.5
19 0.5453125 0.5046875 0.496875 0.5046875 0.496875 0.55 0.5453125 0.55 0.5453125 0.5046875
19 0.59921875 0.5046875 0.55 0.5046875 0.55 0.55 0.59921875 0.55 0.59921875 0.5046875
19 0.65546875 0.50625 0.6046875 0.50625 0.6046875 0.55546875 0.65546875 0.55546875 0.65546875 0.50625
19 0.7609375 0.5078125 0.7140625 0.5078125 0.7140625 0.5546875 0.7609375 0.5546875 0.7609375 0.5078125
19 0.70546875 0.509375 0.65625 0.509375 0.65625 0.5546875 0.70546875 0.5546875 0.70546875 0.509375
19 0.61015625 0.5828125 0.5859375 0.5828125 0.5859375 0.5984375 0.61015625 0.5984375 0.61015625 0.5828125
19 0.66875 0.5828125 0.64375 0.5828125 0.64375 0.60078125 0.66875 0.60078125 0.66875 0.5828125
19 0.6359375 0.5828125 0.6140625 0.5828125 0.6140625 0.6 0.6359375 0.6 0.6359375 0.5828125
19 0.7 0.584375 0.6734375 0.584375 0.6734375 0.6015625 0.7 0.6015625 0.7 0.584375
19 0.728125 0.5828125 0.703125 0.5828125 0.703125 0.60078125 0.728125 0.60078125 0.728125 0.5828125
19 0.7890625 0.584375 0.7625 0.584375 0.7625 0.60234375 0.7890625 0.60234375 0.7890625 0.584375
19 0.2375 0.5796875 0.1921875 0.5796875 0.1921875 0.62421875 0.2375 0.62421875 0.2375 0.5796875
19 0.29765625 0.5828125 0.246875 0.5828125 0.246875 0.6234375 0.29765625 0.6234375 0.29765625 0.5828125
19 0.3625 0.5875 0.33125 0.5875 0.33125 0.625 0.3625 0.625 0.3625 0.5875
19 0.4265625 0.5875 0.4 0.5875 0.4 0.625 0.4265625 0.625 0.4265625 0.5875
19 0.390625 0.5859375 0.3640625 0.5859375 0.3640625 0.62421875 0.390625 0.62421875 0.390625 0.5859375
19 0.459375 0.5875 0.434375 0.5875 0.434375 0.62578125 0.459375 0.62578125 0.459375 0.5875
19 0.49140625 0.5875 0.4640625 0.5875 0.4640625 0.62578125 0.49140625 0.62578125 0.49140625 0.5875
19 0.3265625 0.5890625 0.3 0.5890625 0.3 0.62421875 0.3265625 0.62421875 0.3265625 0.5890625
19 0.521875 0.60625 0.5015625 0.60625 0.5015625 0.62421875 0.521875 0.62421875 0.521875 0.60625
19 0.55078125 0.60625 0.5265625 0.60625 0.5265625 0.62421875 0.55078125 0.62421875 0.55078125 0.60625
19 0.584375 0.6078125 0.5546875 0.6078125 0.5546875 0.625 0.584375 0.625 0.584375 0.6078125
19 0.60703125 0.6109375 0.584375 0.6109375 0.584375 0.625 0.60703125 0.625 0.60703125 0.6109375
19 0.63984375 0.609375 0.6125 0.609375 0.6125 0.62734375 0.63984375 0.62734375 0.63984375 0.609375
19 0.69921875 0.6125 0.6703125 0.6125 0.6703125 0.6265625 0.69921875 0.6265625 0.69921875 0.6125
19 0.728125 0.6109375 0.703125 0.6109375 0.703125 0.628125 0.728125 0.628125 0.728125 0.6109375
19 0.6671875 0.6125 0.6421875 0.6125 0.6421875 0.6296875 0.6671875 0.6296875 0.6671875 0.6125
19 0.78828125 0.6140625 0.759375 0.6140625 0.759375 0.62734375 0.78828125 0.62734375 0.78828125 0.6140625
19 0.75390625 0.6140625 0.73125 0.6140625 0.73125 0.6296875 0.75390625 0.6296875 0.75390625 0.6140625