19 0.8890625 0.28125 0.8890625 0.2421875 0.8305327874999999 0.2421875 0.8305327874999999 0.28125 0.8890625 0.28125
19 0.9309426234375 0.2828125 0.9309426234375 0.24090676093750002 0.87192623125 0.24090676093750002 0.87192623125 0.2828125 0.9309426234375 0.2828125
19 0.34375 0.36128329843749996 0.24663165937499998 0.36128329843749996 0.24663165937499998 0.4088242828125 0.34375 0.4088242828125 0.34375 0.36128329843749996
19 0.378125 0.4296875 0.378125 0.334400615625 0.3275742828125 0.334400615625 0.3275742828125 0.4296875 0.378125 0.4296875
19 0.2671875 0.4359375 0.2671875 0.3694287921875 0.2064036890625 0.3694287921875 0.2064036890625 0.4359375 0.2671875 0.4359375
19 0.19375 0.3710681359375 0.1325307375 0.3710681359375 0.1325307375 0.4341828890625 0.19375 0.4341828890625 0.19375 0.3710681359375
19 0.121875 0.434375 0.121875 0.3733094265625 0.058414446875000005 0.3733094265625 0.058414446875000005 0.434375 0.121875 0.434375
19 0.8109375 0.540625 0.8109375 0.46629098437499994 0.7260117828125 0.46629098437499994 0.7260117828125 0.540625 0.8109375 0.540625
19 0.7328125 0.540625 0.7328125 0.46875 0.6439933390625 0.46875 0.6439933390625 0.540625 0.7328125 0.540625
19 0.571875 0.55 0.646875 0.55 0.646875 0.46075819687499997 0.571875 0.46075819687499997 0.571875 0.55
19 0.8890625 0.546875 0.8890625 0.4722464140625 0.8142930328125001 0.4722464140625 0.8142930328125001 0.546875 0.8890625 0.546875
19 0.3640625 0.5546875 0.3640625 0.48584784843750006 0.3124231546875 0.48584784843750006 0.3124231546875 0.5546875 0.3640625 0.5546875
19 0.3140625 0.5421875 0.3140625 0.496209015625 0.24654200781250002 0.496209015625 0.24654200781250002 0.5421875 0.3140625 0.5421875
19 0.25 0.55625 0.25 0.4863601421875 0.20298412031250002 0.4863601421875 0.20298412031250002 0.55625 0.25 0.55625
19 0.19375 0.55625 0.19375 0.4850922125 0.1414959015625 0.4850922125 0.1414959015625 0.55625 0.19375 0.55625
19 0.5578125 0.5053022546875 0.5060706953125 0.5053022546875 0.5060706953125 0.54792520625 0.5578125 0.54792520625 0.5578125 0.5053022546875
19 0.5125 0.54375 0.5125 0.510040984375 0.46159067499999995 0.510040984375 0.46159067499999995 0.54375 0.5125 0.54375
19 0.41875 0.5453125 0.41875 0.506493340625 0.3668801234375 0.506493340625 0.3668801234375 0.5453125 0.41875 0.5453125
19 0.4609375 0.5546875 0.4609375 0.5014216171875 0.42260502187500004 0.5014216171875 0.42260502187500004 0.5546875 0.4609375 0.5546875
19 0.278125 0.7796875 0.278125 0.7453125 0.2481557375 0.7453125 0.2481557375 0.7796875 0.278125 0.7796875
19 0.2390625 0.7469262296875 0.2109375 0.7469262296875 0.2109375 0.7780737703125 0.2390625 0.7780737703125 0.2390625 0.7469262296875
19 0.146875 0.8078125 0.2046875 0.8078125 0.2046875 0.7581198765625 0.146875 0.7581198765625 0.146875 0.8078125
19 0.278125 0.7821849375000001 0.2502817625 0.7821849375000001 0.2502817625 0.8108734625 0.278125 0.8108734625 0.278125 0.7821849375000001
19 0.240625 0.8125 0.240625 0.7786116796875 0.21251280625 0.7786116796875 0.21251280625 0.8125 0.240625 0.8125