19 0.7110389609375 0.2978896109375 0.7686688312500001 0.2978896109375 0.7686688312500001 0.1915584421875 0.7110389609375 0.1915584421875 0.7110389609375 0.2978896109375
19 0.7824675328125 0.30194805156250004 0.8352272734374999 0.30194805156250004 0.8352272734374999 0.1980519484375 0.7824675328125 0.1980519484375 0.7824675328125 0.30194805156250004
19 0.85064935 0.3043831171875 0.9042207796874999 0.3043831171875 0.9042207796874999 0.19967532500000001 0.85064935 0.19967532500000001 0.85064935 0.3043831171875
19 0.9139610390625 0.309253246875 0.96915584375 0.309253246875 0.96915584375 0.2045454546875 0.9139610390625 0.2045454546875 0.9139610390625 0.309253246875
19 0.003246753125 0.415584415625 0.11931818125 0.415584415625 0.11931818125 0.3116883109375 0.003246753125 0.3116883109375 0.003246753125 0.415584415625
19 0.1331168828125 0.41801948125 0.237824675 0.41801948125 0.237824675 0.3165584421875 0.1331168828125 0.3165584421875 0.1331168828125 0.41801948125
19 0.2516233765625 0.41964285781250005 0.3636363640625 0.41964285781250005 0.3636363640625 0.3133116890625 0.2516233765625 0.3133116890625 0.2516233765625 0.41964285781250005
19 0.3798701296875 0.421266234375 0.4870129875 0.421266234375 0.4870129875 0.314935065625 0.3798701296875 0.314935065625 0.3798701296875 0.421266234375
19 0.496753246875 0.41964285781250005 0.5868506499999999 0.41964285781250005 0.5868506499999999 0.33441558437499996 0.496753246875 0.33441558437499996 0.496753246875 0.41964285781250005
19 0.6006493500000001 0.422077921875 0.6858766234375 0.422077921875 0.6858766234375 0.34090909062499997 0.6006493500000001 0.34090909062499997 0.6006493500000001 0.422077921875
19 0.6866883109375 0.427759740625 0.7719155843750001 0.427759740625 0.7719155843750001 0.34253246718749997 0.6866883109375 0.34253246718749997 0.6866883109375 0.427759740625
19 0.7840909093749999 0.425324675 0.8327922078125001 0.425324675 0.8327922078125001 0.35064934999999997 0.7840909093749999 0.35064934999999997 0.7840909093749999 0.425324675
19 0.8392857140625001 0.42694805156250004 0.8896103890625 0.42694805156250004 0.8896103890625 0.35227272656249997 0.8392857140625001 0.35227272656249997 0.8392857140625001 0.42694805156250004
19 0.8977272734374999 0.43019480468750004 0.9464285718750001 0.43019480468750004 0.9464285718750001 0.35551948125 0.8977272734374999 0.35551948125 0.8977272734374999 0.43019480468750004
19 0.030844156249999997 0.5730519484375 0.1379870125 0.5730519484375 0.1379870125 0.44805194843749996 0.030844156249999997 0.44805194843749996 0.030844156249999997 0.5730519484375
19 0.6623376624999999 0.5300324671875 0.7183441562499999 0.5300324671875 0.7183441562499999 0.48863636406250005 0.6623376624999999 0.48863636406250005 0.6623376624999999 0.5300324671875
19 0.1477272734375 0.5730519484375 0.246753246875 0.5730519484375 0.246753246875 0.449675325 0.1477272734375 0.449675325 0.1477272734375 0.5730519484375
19 0.7857142859375 0.5308441562499999 0.83685065 0.5308441562499999 0.83685065 0.49350649375 0.7857142859375 0.49350649375 0.7857142859375 0.5308441562499999
19 0.7272727265625 0.5324675328125 0.7775974031249999 0.5324675328125 0.7775974031249999 0.49350649375 0.7272727265625 0.49350649375 0.7272727265625 0.5324675328125
19 0.2548701296875 0.5738636359375 0.34253246718749997 0.5738636359375 0.34253246718749997 0.45129870156249996 0.2548701296875 0.45129870156249996 0.2548701296875 0.5738636359375
19 0.35551948125 0.5730519484375 0.43831168906249995 0.5730519484375 0.43831168906249995 0.47564935 0.35551948125 0.47564935 0.35551948125 0.5730519484375
19 0.44480519531249996 0.5746753250000001 0.5259740265625 0.5746753250000001 0.5259740265625 0.47564935 0.44480519531249996 0.47564935 0.44480519531249996 0.5746753250000001
19 0.5340909093749999 0.5762987015625 0.5892857140625 0.5762987015625 0.5892857140625 0.5048701296875 0.5340909093749999 0.5048701296875 0.5340909093749999 0.5762987015625
19 0.8587662343750001 0.5738636359375 0.9512987015625001 0.5738636359375 0.9512987015625001 0.50649350625 0.8587662343750001 0.50649350625 0.8587662343750001 0.5738636359375
19 0.5974025968750001 0.5754870125 0.6534090906250001 0.5754870125 0.6534090906250001 0.50649350625 0.5974025968750001 0.50649350625 0.5974025968750001 0.5754870125
19 0.6623376624999999 0.5754870125 0.7134740265625 0.5754870125 0.7134740265625 0.5357142859375 0.6623376624999999 0.5357142859375 0.6623376624999999 0.5754870125
19 0.7256493500000001 0.5754870125 0.7743506499999999 0.5754870125 0.7743506499999999 0.5357142859375 0.7256493500000001 0.5357142859375 0.7256493500000001 0.5754870125
19 0.7808441562499999 0.5754870125 0.83116883125 0.5754870125 0.83116883125 0.5357142859375 0.7808441562499999 0.5357142859375 0.7808441562499999 0.5754870125