19 0.7515625 0.6703125 0.7515625 0.6182095125 0.6573555421874999 0.6182095125 0.6573555421874999 0.6703125 0.7515625 0.6703125
19 0.594457546875 0.6193985859375 0.594457546875 0.6681407218750001 0.6872248421875 0.6681407218750001 0.6872248421875 0.6193985859375 0.594457546875 0.6193985859375
19 0.8734375 0.6083431609375001 0.8359375 0.6083431609375001 0.8359375 0.688531840625 0.8734375 0.688531840625 0.8734375 0.6083431609375001
19 0.825 0.606382665625 0.7890625 0.606382665625 0.7890625 0.6889298359375 0.825 0.6889298359375 0.825 0.606382665625
19 0.915625 0.6859375 0.915625 0.6319034984375 0.8834168625000001 0.6319034984375 0.8834168625000001 0.6859375 0.915625 0.6859375
19 0.9609375 0.6890625 0.9609375 0.6326307 0.9295843156249999 0.6326307 0.9295843156249999 0.6890625 0.9609375 0.6890625
19 0.2875 0.696875 0.3296875 0.696875 0.3296875 0.6384827046875 0.2875 0.6384827046875 0.2875 0.696875
19 0.2875 0.6921875 0.2875 0.64786261875 0.231235259375 0.64786261875 0.231235259375 0.6921875 0.2875 0.6921875
19 0.2328125 0.696875 0.2328125 0.6429785765625 0.191592965625 0.6429785765625 0.191592965625 0.696875 0.2328125 0.696875
19 0.1828125 0.6984375 0.1828125 0.6425904078125 0.1397798734375 0.6425904078125 0.1397798734375 0.6984375 0.1828125 0.6984375
19 0.140625 0.6502309359375 0.0848172171875 0.650230934375 0.0848172171875 0.69504225625 0.140625 0.69504225625 0.140625 0.6502309359375
19 0.371875 0.3953125 0.371875 0.285952240625 0.2992777125 0.285952240625 0.2992777125 0.3953125 0.371875 0.3953125
19 0.228125 0.39375 0.2953125 0.39375 0.2953125 0.2863797171875 0.228125 0.2863797171875 0.228125 0.39375
19 0.149955778125 0.3875 0.149955778125 0.302117728125 0.048540684375 0.302117728125 0.048540684375 0.3875 0.149955778125 0.3875
19 0.228125 0.3890625 0.228125 0.3097729953125 0.13741646875 0.3097729953125 0.13741646875 0.3890625 0.228125 0.3890625
19 0.8764249203125001 0.390625 0.8764249203125001 0.3083333328125 0.7954500796875 0.3083333328125 0.7954500796875 0.390625 0.8764249203125001 0.390625
19 0.9546875 0.390625 0.9546875 0.3080188671875 0.878414896875 0.3080188671875 0.878414896875 0.390625 0.9546875 0.390625
19 0.7421875 0.3921875 0.7875 0.3921875 0.7875 0.3287047953125 0.7421875 0.3287047953125 0.7421875 0.3921875
19 0.7375 0.3921875 0.7375 0.330272209375 0.6904726796875 0.330272209375 0.6904726796875 0.3921875 0.7375 0.3921875
19 0.6828125 0.3921875 0.6828125 0.3287047953125 0.6400943390625 0.3287047953125 0.6400943390625 0.3921875 0.6828125 0.3921875
19 0.7859375 0.5203125 0.7859375 0.4706023984375 0.6851169406250001 0.4706023984375 0.6851169406250001 0.5203125 0.7859375 0.5203125
19 0.5703125 0.54375 0.5703125 0.44612323125 0.5219143078124999 0.44612323125 0.5219143078124999 0.54375 0.5703125 0.54375
19 0.634375 0.5453125 0.634375 0.44770538593750003 0.58046875 0.44770538593750003 0.58046875 0.5453125 0.634375 0.5453125
19 0.71875 0.5203125 0.71875 0.4743415890625 0.6195066812500001 0.4743415890625 0.6195066812500001 0.5203125 0.71875 0.5203125
19 0.309375 0.55 0.309375 0.474533215625 0.2533411953125 0.474533215625 0.2533411953125 0.55 0.309375 0.55
19 0.246875 0.55 0.246875 0.47515231875 0.1920106140625 0.47515231875 0.1920106140625 0.55 0.246875 0.55
19 0.1859375 0.55 0.1859375 0.4767197328125 0.1322474453125 0.4767197328125 0.1322474453125 0.55 0.1859375 0.55
19 0.125 0.5515625 0.125 0.47671481875 0.06778694843750001 0.47671481875 0.06778694843750001 0.5515625 0.125 0.5515625
19 0.3296875 0.6375 0.3296875 0.58363305625 0.28810436250000004 0.58363305625 0.28810436250000004 0.6375 0.3296875 0.6375
19 0.234375 0.6375 0.2828125 0.6375 0.2828125 0.5865566046875 0.234375 0.5865566046875 0.234375 0.6375
19 0.1875 0.6359375 0.1875 0.590575865625 0.1335740953125 0.5905758640625 0.1335740953125 0.6359375 0.1875 0.6359375
19 0.1375 0.6375 0.1375 0.5952142296875 0.08406545 0.5952142296875 0.08406545 0.6375 0.1375 0.6375