19 0.36484375 0.01875 0.278125 0.01875 0.278125 0.11484375 0.36484375 0.11484375 0.36484375 0.01875
19 0.725 0.025 0.6609375 0.025 0.6609375 0.11484375 0.725 0.11484375 0.725 0.025
19 0.64921875 0.0265625 0.5828125 0.0265625 0.5828125 0.1140625 0.64921875 0.1140625 0.64921875 0.0265625
19 0.46875 0.034375 0.3796875 0.034375 0.3796875 0.1140625 0.46875 0.1140625 0.46875 0.034375
19 0.57421875 0.0390625 0.4828125 0.0390625 0.4828125 0.11328125 0.57421875 0.11328125 0.57421875 0.0390625
19 0.7859375 0.046875 0.7390625 0.046875 0.7390625 0.1078125 0.7859375 0.1078125 0.7859375 0.046875
19 0.84921875 0.046875 0.7984375 0.046875 0.7984375 0.10546875 0.84921875 0.10546875 0.84921875 0.046875
19 0.9640625 0.071875 0.9125 0.071875 0.9125 0.1078125 0.9640625 0.1078125 0.9640625 0.071875
19 0.90625 0.071875 0.8578125 0.071875 0.8578125 0.109375 0.90625 0.109375 0.90625 0.071875
19 0.3890625 0.221875 0.328125 0.221875 0.328125 0.3265625 0.3890625 0.3265625 0.3890625 0.221875
19 0.4640625 0.221875 0.4 0.221875 0.4 0.32734375 0.4640625 0.32734375 0.4640625 0.221875
19 0.58359375 0.2390625 0.5328125 0.2390625 0.5328125 0.32421875 0.58359375 0.32421875 0.58359375 0.2390625
19 0.5234375 0.2390625 0.4765625 0.2390625 0.4765625 0.328125 0.5234375 0.328125 0.5234375 0.2390625
19 0.80546875 0.24375 0.7453125 0.24375 0.7453125 0.32578125 0.80546875 0.32578125 0.80546875 0.24375
19 0.684375 0.2640625 0.64375 0.2640625 0.64375 0.32265625 0.684375 0.32265625 0.684375 0.2640625
19 0.7328125 0.2640625 0.6921875 0.2640625 0.6921875 0.32265625 0.7328125 0.32265625 0.7328125 0.2640625
19 0.6328125 0.2625 0.590625 0.2625 0.590625 0.32265625 0.6328125 0.32265625 0.6328125 0.2625
19 0.86875 0.2640625 0.815625 0.2640625 0.815625 0.321875 0.86875 0.321875 0.86875 0.2640625
19 0.928125 0.2625 0.8765625 0.2625 0.8765625 0.32265625 0.928125 0.32265625 0.928125 0.2625
19 0.53359375 0.371875 0.44375 0.371875 0.44375 0.46328125 0.53359375 0.46328125 0.53359375 0.371875
19 0.63125 0.371875 0.54375 0.371875 0.54375 0.465625 0.63125 0.465625 0.63125 0.371875
19 0.81640625 0.396875 0.7296875 0.396875 0.7296875 0.4640625 0.81640625 0.4640625 0.81640625 0.396875
19 0.72734375 0.4 0.640625 0.4 0.640625 0.46640625 0.72734375 0.46640625 0.72734375 0.4