19 0.5078125 0.275 0.5078125 0.263671875 0.480859375 0.263671875 0.480859375 0.275 0.5078125 0.275
19 0.5046875 0.25625 0.5046875 0.2828125 0.51875 0.2828125 0.51875 0.25625 0.5046875 0.25625
19 0.540625 0.2578125 0.540625 0.2828125 0.5578125 0.2828125 0.5578125 0.2578125 0.540625 0.2578125
19 0.5234375 0.2578125 0.5234375 0.284375 0.5390625 0.284375 0.5390625 0.2578125 0.5234375 0.2578125
19 0.5625 0.2625 0.5625 0.2890625 0.5796875 0.2890625 0.5796875 0.2625 0.5625 0.2625
19 0.62109375 0.2828125 0.62109375 0.268359375 0.59375 0.268359375 0.59375 0.2828125 0.62109375 0.2828125
19 0.6328125 0.262109375 0.6171875 0.262109375 0.6171875 0.2890625 0.6328125 0.2890625 0.6328125 0.262109375
19 0.596875 0.262890625 0.5828125 0.262890625 0.5828125 0.2890625 0.596875 0.2890625 0.596875 0.262890625
19 0.653125 0.264453125 0.6375 0.264453125 0.6375 0.290625 0.653125 0.290625 0.653125 0.264453125
19 0.6734375 0.2640625 0.6734375 0.290625 0.6875 0.290625 0.6875 0.2640625 0.6734375 0.2640625
19 0.709375 0.264453125 0.69375 0.264453125 0.69375 0.290625 0.709375 0.290625 0.709375 0.264453125
19 0.65625 0.2640625 0.65625 0.290625 0.6703125 0.290625 0.6703125 0.2640625 0.65625 0.2640625
19 0.484375 0.273046875 0.43359375 0.273046875 0.43359375 0.2859375 0.484375 0.2859375 0.484375 0.273046875
19 0.46875 0.2578125 0.46875 0.3046875 0.484375 0.3046875 0.484375 0.2578125 0.46875 0.2578125
19 0.840625 0.272265625 0.8109375 0.272265625 0.8109375 0.309375 0.840625 0.309375 0.840625 0.272265625
19 0.8703125 0.3125 0.8703125 0.270703125 0.843359375 0.270703125 0.843359375 0.3125 0.8703125 0.3125
19 0.9125 0.30625 0.9125 0.27734375 0.87265625 0.27734375 0.87265625 0.30625 0.9125 0.30625
19 0.8109375 0.30625 0.8109375 0.278515625 0.773046875 0.278515625 0.773046875 0.30625 0.8109375 0.30625
19 0.196875 0.409375 0.196875 0.4421875 0.2421875 0.4421875 0.2421875 0.409375 0.196875 0.409375
19 0.2421875 0.403125 0.2421875 0.4484375 0.271875 0.4484375 0.271875 0.403125 0.2421875 0.403125
19 0.340625 0.4078125 0.340625 0.45 0.365625 0.45 0.365625 0.4078125 0.340625 0.4078125
19 0.6796875 0.4578125 0.6796875 0.399609375 0.657421875 0.399609375 0.657421875 0.4578125 0.6796875 0.4578125
19 0.709375 0.4 0.709375 0.459375 0.73125 0.459375 0.73125 0.4 0.709375 0.4
19 0.8328125 0.459375 0.8328125 0.4015625 0.809765625 0.4015625 0.809765625 0.459375 0.8328125 0.459375
19 0.7734375 0.440625 0.7734375 0.417578125 0.715234375 0.417578125 0.715234375 0.440625 0.7734375 0.440625
19 0.303125 0.408203125 0.2734375 0.408203125 0.2734375 0.45 0.303125 0.45 0.303125 0.408203125
19 0.7078125 0.459375 0.7078125 0.401953125 0.683984375 0.401953125 0.683984375 0.459375 0.7078125 0.459375
19 0.821875 0.4421875 0.821875 0.41953125 0.766796875 0.41953125 0.766796875 0.4421875 0.821875 0.4421875
19 0.8421875 0.4421875 0.9 0.4421875 0.9 0.418359375 0.8421875 0.418359375 0.8421875 0.4421875
19 0.7609375 0.4015625 0.7609375 0.459375 0.7828125 0.459375 0.7828125 0.4015625 0.7609375 0.4015625
19 0.8359375 0.403125 0.8359375 0.4609375 0.85625 0.4609375 0.85625 0.403125 0.8359375 0.403125
19 0.340625 0.4484375 0.340625 0.41953125 0.30390625 0.41953125 0.30390625 0.4484375 0.340625 0.4484375
19 0.4078125 0.446875 0.4078125 0.416796875 0.36640625 0.416796875 0.36640625 0.446875 0.4078125 0.446875
19 0.575 0.45625 0.575 0.412890625 0.556640625 0.412890625 0.556640625 0.45625 0.575 0.45625
19 0.65 0.4453125 0.65 0.4265625 0.603515625 0.4265625 0.603515625 0.4453125 0.65 0.4453125
19 0.637890625 0.4140625 0.637890625 0.459375 0.65625 0.459375 0.65625 0.4140625 0.637890625 0.4140625
19 0.583984375 0.428125 0.583984375 0.4453125 0.6296875 0.4453125 0.6296875 0.428125 0.583984375 0.428125
19 0.59375 0.459375 0.59375 0.416015625 0.575390625 0.416015625 0.575390625 0.459375 0.59375 0.459375
19 0.590625 0.759375 0.625 0.759375 0.625 0.690625 0.590625 0.690625 0.590625 0.759375
19 0.8109375 0.740625 0.8109375 0.707421875 0.737109375 0.707421875 0.737109375 0.740625 0.8109375 0.740625
19 0.77421875 0.740625 0.77421875 0.708984375 0.7078125 0.708984375 0.7078125 0.740625 0.77421875 0.740625
19 0.725 0.7609375 0.725 0.690234375 0.691015625 0.690234375 0.691015625 0.7609375 0.725 0.7609375
19 0.678125 0.708984375 0.61171875 0.708984375 0.61171875 0.740625 0.678125 0.740625 0.678125 0.708984375
19 0.64375 0.7140625 0.64375 0.74375 0.7109375 0.74375 0.7109375 0.7140625 0.64375 0.7140625
19 0.59375 0.9578125 0.59375 0.891796875 0.566015625 0.891796875 0.566015625 0.9578125 0.59375 0.9578125
19 0.6265625 0.9578125 0.6265625 0.894140625 0.598828125 0.894140625 0.598828125 0.9578125 0.6265625 0.9578125
19 0.7640625 0.894921875 0.7328125 0.894921875 0.7328125 0.9609375 0.7640625 0.9609375 0.7640625 0.894921875
19 0.667578125 0.896875 0.667578125 0.9609375 0.69375 0.9609375 0.69375 0.896875 0.667578125 0.896875
19 0.682421875 0.915625 0.682421875 0.94375 0.7453125 0.94375 0.7453125 0.915625 0.682421875 0.915625
19 0.678125 0.91640625 0.615234375 0.91640625 0.615234375 0.9453125 0.678125 0.9453125 0.678125 0.91640625
19 0.7671875 0.896875 0.7671875 0.9640625 0.8 0.9640625 0.8 0.896875 0.7671875 0.896875
19 0.8828125 0.915234375 0.81640625 0.915234375 0.81640625 0.946875 0.8828125 0.946875 0.8828125 0.915234375
19 0.8296875 0.9640625 0.8296875 0.898046875 0.801171875 0.898046875 0.801171875 0.9640625 0.8296875 0.9640625
19 0.915625 0.953125 0.915625 0.92109375 0.85390625 0.92109375 0.85390625 0.953125 0.915625 0.953125