19 0.8245001000000001 0.1328125 0.8245001000000001 0.0000653140625 0.7489374 0.0000653140625 0.7489374 0.1328125 0.8245001000000001 0.1328125
19 0.66875 0 0.66875 0.1359375 0.746875 0.1359375 0.746875 0 0.66875 0
19 0.934375 0.10625 0.934375 0.029918607812499998 0.7990780734375 0.029918607812499998 0.7990780734375 0.10625 0.934375 0.10625
19 0.5907229703125 0 0.5907229703125 0.1359375 0.6670895296875 0.1359375 0.6670895296875 0 0.5907229703125 0
19 0.434375 0.1328125 0.434375 0.0117262859375 0.3375577765625 0.0117262859375 0.3375577765625 0.1328125 0.434375 0.1328125
19 0.3375 0.012977290624999999 0.23377964218749997 0.012977290624999999 0.23377964218749997 0.134359928125 0.3375 0.134359928125 0.3375 0.012977290624999999
19 0.5108395296875 0.13125 0.5108395296875 0.029401125 0.4344729703125 0.029401125 0.4344729703125 0.13125 0.5108395296875 0.13125
19 0.603125 0.11875 0.603125 0.045935490625 0.49757335156250004 0.045935490625 0.49757335156250004 0.11875 0.603125 0.11875
19 0.1296875 0.3609375 0.1296875 0.2581943328125 0.08100381718750001 0.2581943328125 0.08100381718750001 0.3609375 0.1296875 0.3609375
19 0.1703125 0.3640625 0.1703125 0.2615002015625 0.12773311874999999 0.2615002015625 0.12773311874999999 0.3640625 0.1703125 0.3640625
19 0.246875 0.334375 0.246875 0.29137359375 0.14250653124999998 0.29137359375 0.14250653124999998 0.334375 0.246875 0.334375
19 0.7796875 0.3671875 0.7796875 0.26480607031250003 0.7251482109375 0.26480607031250003 0.7251482109375 0.3671875 0.7796875 0.3671875
19 0.721875 0.3671875 0.721875 0.2657405546875 0.664007234375 0.2657405546875 0.664007234375 0.3671875 0.721875 0.3671875
19 0.403125 0.359375 0.403125 0.302896403125 0.33526929375000003 0.302896403125 0.33526929375000003 0.359375 0.403125 0.359375
19 0.3359375 0.2990278328125 0.28242313124999996 0.2990278328125 0.28242313124999996 0.368159665625 0.3359375 0.368159665625 0.3359375 0.2990278328125
19 0.4625 0.3609375 0.4625 0.3035495375 0.3922678859375 0.3035495375 0.3922678859375 0.3609375 0.4625 0.3609375
19 0.5561470046875 0.295478296875 0.5079154953125 0.295478296875 0.5079154953125 0.367021703125 0.5561470046875 0.367021703125 0.5561470046875 0.295478296875
19 0.61875 0.3546875 0.61875 0.30909867343749997 0.5465861140625 0.30909867343749997 0.5465861140625 0.3546875 0.61875 0.3546875
19 0.7078125 0.49541800625 0.640082396875 0.49541800625 0.640082396875 0.573392284375 0.7078125 0.573392284375 0.7078125 0.49541800625
19 0.7953125 0.5703125 0.7953125 0.50184385 0.7184284578125 0.50184385 0.7184284578125 0.5703125 0.7953125 0.5703125
19 0.8796096265625 0.5734375 0.8796096265625 0.5015097468749999 0.8008314921874999 0.5015097468749999 0.8008314921874999 0.5734375 0.8796096265625 0.5734375