19 0.45 0.2375 0.4984375 0.2375 0.4984375 0.14218209375 0.45 0.14218209375 0.45 0.2375
19 0.8015625 0.167401059375 0.705568771875 0.167401059375 0.705568771875 0.21238375937499998 0.8015625 0.21238375937499998 0.8015625 0.167401059375
19 0.590625 0.2140625 0.690625 0.2140625 0.690625 0.1677660046875 0.590625 0.1677660046875 0.590625 0.2140625
19 0.6484375 0.2140625 0.74375 0.2140625 0.74375 0.16428416875000001 0.6484375 0.16428416875000001 0.6484375 0.2140625
19 0.5515625 0.2390625 0.5515625 0.140625 0.5085423875 0.140625 0.5085423875 0.2390625 0.5515625 0.2390625
19 0.6328125 0.2140625 0.6328125 0.1725264921875 0.5367863328125 0.1725264921875 0.5367863328125 0.2140625 0.6328125 0.2140625
19 0.95 0.2265625 0.95 0.18708369375 0.8821528984375 0.18708369375 0.8821528984375 0.2265625 0.95 0.2265625
19 1 0.1865133 0.93791630625 0.1865133 0.93791630625 0.22803579062499998 1 0.22803579062499998 1 0.1865133
19 0.7265625 0.35625 0.76875 0.35625 0.76875 0.321875 0.7265625 0.321875 0.7265625 0.35625
19 0.7140625 0.321875 0.6850751515625 0.321875 0.6850751515625 0.35449556718749997 0.7140625 0.35449556718749997 0.7140625 0.321875
19 0.7782899 0.3234375 0.7782899 0.35625 0.8232725999999999 0.35625 0.8232725999999999 0.3234375 0.7782899 0.3234375
19 0.1125 0.396875 0.1125 0.284312825 0.043439121875 0.284312825 0.043439121875 0.396875 0.1125 0.396875
19 0.209375 0.371875 0.209375 0.311059146875 0.09737781250000001 0.311059146875 0.09737781250000001 0.371875 0.209375 0.371875
19 0.0265625 0.396875 0.0265625 0.2854076546875 0.0001270546875 0.2854076546875 0.0001270546875 0.396875 0.0265625 0.396875
19 0.20035953750000002 0.399586396875 0.2574529625 0.399586396875 0.2574529625 0.3113511015625 0.20035953750000002 0.3113511015625 0.20035953750000002 0.399586396875
19 0.2550389265625 0.328125 0.2550389265625 0.384375 0.3415441171875 0.384375 0.3415441171875 0.328125 0.2550389265625 0.328125
19 0.4703125 0.3828125 0.4703125 0.32837910937500003 0.381987996875 0.32837910937500003 0.381987996875 0.3828125 0.4703125 0.3828125
19 0.3890625 0.312913603125 0.33395328750000003 0.312913603125 0.33395328750000003 0.401148896875 0.3890625 0.401148896875 0.3890625 0.312913603125
19 0.693701340625 0.390625 0.693701340625 0.34762110625 0.631417603125 0.34762110625 0.631417603125 0.390625 0.693701340625 0.390625
19 0.5765625 0.403125 0.5765625 0.339435553125 0.5313310984374999 0.339435553125 0.5313310984374999 0.403125 0.5765625 0.403125
19 0.628125 0.403125 0.628125 0.3387651375 0.5853589953125 0.3387651375 0.5853589953125 0.403125 0.628125 0.403125
19 0.7765625 0.4 0.7765625 0.3616484640625 0.7410277890625 0.3616484640625 0.7410277890625 0.4 0.7765625 0.4
19 0.7859375 0.3984375 0.8296875 0.3984375 0.8296875 0.3627784390625 0.7859375 0.3627784390625 0.7859375 0.3984375
19 0.73125 0.4015625 0.73125 0.36294604375 0.690097859375 0.36294604375 0.690097859375 0.4015625 0.73125 0.4015625
19 0.140625 0.51875 0.140625 0.434375 0.0656439234375 0.434375 0.0656439234375 0.51875 0.140625 0.51875
19 0.23125 0.5171875 0.23125 0.43460748281250006 0.15932904375 0.43460748281250006 0.15932904375 0.5171875 0.23125 0.5171875
19 0.321875 0.5171875 0.321875 0.4390625 0.23770544999999998 0.4390625 0.23770544999999998 0.5171875 0.321875 0.5171875
19 0 0.50625 0.0640625 0.50625 0.0640625 0.45389814062499995 0 0.45389814062499995 0 0.50625
19 0.325 0.5125 0.3953125 0.5125 0.3953125 0.45385759062500003 0.325 0.45385759062500003 0.325 0.5125
19 0.453125 0.5203125 0.453125 0.4515625 0.39801578593750003 0.4515625 0.39801578593750003 0.5203125 0.453125 0.5203125
19 0.521875 0.51875 0.521875 0.4625 0.4619944859375 0.4625 0.4619944859375 0.51875 0.521875 0.51875