19 0.1109375 0.6625 0.1109375 0.584375 0.046412999999999996 0.584375 0.046412999999999996 0.6625 0.1109375 0.6625
19 0.275 0.6640625 0.275 0.58547809375 0.212624584375 0.58547809375 0.212624584375 0.6640625 0.275 0.6640625
19 0.19375 0.5859375 0.12993407343750002 0.5859375 0.12993407343750002 0.6639119609375 0.19375 0.6639119609375 0.19375 0.5859375
19 0.3603976328125 0.5909468437500001 0.2864773671875 0.5909468437500001 0.2864773671875 0.6590531562499999 0.3603976328125 0.6590531562499999 0.3603976328125 0.5909468437500001
19 0.41875 0.6046875 0.37097435624999997 0.6046875 0.37097435624999997 0.661973109375 0.41875 0.661973109375 0.41875 0.6046875
19 0.74375 0.609375 0.6962391 0.609375 0.6962391 0.6605611515625001 0.74375 0.6605611515625001 0.74375 0.609375
19 0.5609375 0.65625 0.6171875 0.65625 0.6171875 0.6101276999999999 0.5609375 0.6101276999999999 0.5609375 0.65625
19 0.5515625 0.6110698718750001 0.4983726125 0.6110698718750001 0.4983726125 0.659242628125 0.5515625 0.659242628125 0.5515625 0.6110698718750001
19 0.6859375 0.659375 0.6859375 0.6115214921875001 0.62909831875 0.6115214921875001 0.62909831875 0.659375 0.6859375 0.659375
19 0.484375 0.6625 0.484375 0.6046252078125 0.436588975 0.6046252078125 0.436588975 0.6625 0.484375 0.6625
19 0.953125 0.6703125 0.953125 0.61663465625 0.9257267453125 0.61663465625 0.9257267453125 0.6703125 0.953125 0.6703125
19 0.9078125 0.65625 0.9078125 0.6296303984375 0.861069871875 0.6296303984375 0.861069871875 0.65625 0.9078125 0.65625
19 0.8453125 0.6671875 0.8453125 0.619380709375 0.817288725 0.619380709375 0.817288725 0.6671875 0.8453125 0.6671875
19 0.803125 0.6578125 0.803125 0.6299963671875 0.756382371875 0.6299963671875 0.756382371875 0.6578125 0.803125 0.6578125