19 0.5203125 0.226953125 0.440625 0.226953125 0.440625 0.28125 0.5203125 0.28125 0.5203125 0.226953125
19 0.2 0.2359375 0.2 0.290625 0.2765625 0.290625 0.2765625 0.2359375 0.2 0.2359375
19 0.115625 0.2375 0.115625 0.29375 0.1953125 0.29375 0.1953125 0.2375 0.115625 0.2375
19 0.5125 0.2828125 0.5125 0.359375 0.6078125 0.359375 0.6078125 0.2828125 0.5125 0.2828125
19 0.515625 0.3640625 0.515625 0.2828125 0.433984375 0.2828125 0.433984375 0.3640625 0.515625 0.3640625
19 0.578125 0.340625 0.6671875 0.340625 0.6671875 0.307421875 0.578125 0.307421875 0.578125 0.340625
19 0.35625 0.291015625 0.2875 0.291015625 0.2875 0.359375 0.35625 0.359375 0.35625 0.291015625
19 0.1796875 0.3578125 0.1796875 0.291796875 0.104296875 0.291796875 0.104296875 0.3578125 0.1796875 0.3578125
19 0.263671875 0.3625 0.263671875 0.288671875 0.197265625 0.288671875 0.197265625 0.3625 0.263671875 0.3625
19 0.64375 0.2828125 0.64375 0.3703125 0.68125 0.3703125 0.68125 0.2828125 0.64375 0.2828125
19 0.7203125 0.3703125 0.7203125 0.280859375 0.685546875 0.280859375 0.685546875 0.3703125 0.7203125 0.3703125
19 0.4234375 0.3578125 0.4234375 0.29453125 0.355859375 0.29453125 0.355859375 0.3578125 0.4234375 0.3578125
19 0.7890625 0.307421875 0.69921875 0.307421875 0.69921875 0.34375 0.7890625 0.34375 0.7890625 0.307421875
19 0.828125 0.3453125 0.828125 0.310546875 0.740234375 0.310546875 0.740234375 0.3453125 0.828125 0.3453125
19 0.80625 0.2859375 0.80625 0.375 0.8421875 0.375 0.8421875 0.2859375 0.80625 0.2859375
19 0.909375 0.3484375 0.909375 0.31171875 0.82109375 0.31171875 0.82109375 0.3484375 0.909375 0.3484375
19 0.8890625 0.2859375 0.8890625 0.375 0.925 0.375 0.925 0.2859375 0.8890625 0.2859375
19 0.4359375 0.453125 0.4359375 0.41953125 0.379296875 0.41953125 0.379296875 0.453125 0.4359375 0.453125
19 0.35 0.41875 0.35 0.4640625 0.384375 0.4640625 0.384375 0.41875 0.35 0.41875
19 0.534375 0.4359375 0.534375 0.534375 0.5875 0.534375 0.5875 0.4359375 0.534375 0.4359375
19 0.0796875 0.446875 0.0796875 0.5265625 0.1375 0.5265625 0.1375 0.446875 0.0796875 0.446875
19 0.6703125 0.459765625 0.5734375 0.459765625 0.5734375 0.5125 0.6703125 0.5125 0.6703125 0.459765625
19 0.2015625 0.525 0.2015625 0.445703125 0.146484375 0.445703125 0.146484375 0.525 0.2015625 0.525
19 0.209765625 0.4484375 0.209765625 0.528125 0.2671875 0.528125 0.2671875 0.4484375 0.209765625 0.4484375
19 0.7296875 0.5125 0.7296875 0.4625 0.632421875 0.4625 0.632421875 0.5125 0.7296875 0.5125
19 0.271484375 0.459375 0.271484375 0.51796875 0.3484375 0.51796875 0.3484375 0.459375 0.271484375 0.459375
19 0.717578125 0.4390625 0.717578125 0.5390625 0.771875 0.5390625 0.771875 0.4390625 0.717578125 0.4390625
19 0.4796875 0.45 0.4796875 0.5328125 0.521875 0.5328125 0.521875 0.45 0.4796875 0.45
19 0.784375 0.440625 0.784375 0.540625 0.8375 0.540625 0.8375 0.440625 0.784375 0.440625
19 0.84375 0.44375 0.84375 0.54375 0.89375 0.54375 0.89375 0.44375 0.84375 0.44375
19 0.39375 0.481640625 0.3359375 0.481640625 0.3359375 0.5171875 0.39375 0.5171875 0.39375 0.481640625
19 0.434375 0.5171875 0.434375 0.483984375 0.376171875 0.483984375 0.376171875 0.5171875 0.434375 0.5171875