19 0.7678571421875 0.10551948124999999 0.7987012984375 0.10551948124999999 0.7987012984375 0.034090909375 0.7678571421875 0.034090909375 0.7678571421875 0.10551948124999999
19 0.73051948125 0.10633116875 0.7613636359375 0.10633116875 0.7613636359375 0.034090909375 0.73051948125 0.034090909375 0.73051948125 0.10633116875
19 0.6899350656250001 0.10633116875 0.7207792203125 0.10633116875 0.7207792203125 0.034090909375 0.6899350656250001 0.034090909375 0.6899350656250001 0.10633116875
19 0.6558441562499999 0.1079545453125 0.684253246875 0.1079545453125 0.684253246875 0.0357142859375 0.6558441562499999 0.0357142859375 0.6558441562499999 0.1079545453125
19 0.634740259375 0.27759740312500003 0.6875 0.27759740312500003 0.6875 0.2012987015625 0.634740259375 0.2012987015625 0.634740259375 0.27759740312500003
19 0.5844155843750001 0.2678571421875 0.6306818187500001 0.2678571421875 0.6306818187500001 0.2045454546875 0.5844155843750001 0.2045454546875 0.5844155843750001 0.2678571421875
19 0.5292207796875 0.26948051875 0.5762987015625 0.26948051875 0.5762987015625 0.20616883125 0.5292207796875 0.20616883125 0.5292207796875 0.26948051875
19 0.9074675328125 0.38879870156249996 0.9764610390625 0.38879870156249996 0.9764610390625 0.31980519531249996 0.9074675328125 0.31980519531249996 0.9074675328125 0.38879870156249996
19 0.8344155843750001 0.38555194843749996 0.9017857140625001 0.38555194843749996 0.9017857140625001 0.31818181874999996 0.8344155843750001 0.31818181874999996 0.8344155843750001 0.38555194843749996
19 0.7613636359375 0.38879870156249996 0.8287337656249999 0.38879870156249996 0.8287337656249999 0.31980519531249996 0.7613636359375 0.31980519531249996 0.7613636359375 0.38879870156249996
19 0.6899350656250001 0.3896103890625 0.7548701296875 0.3896103890625 0.7548701296875 0.32305194843749996 0.6899350656250001 0.32305194843749996 0.6899350656250001 0.3896103890625
19 0.233766234375 0.38555194843749996 0.291396103125 0.38555194843749996 0.291396103125 0.33441558437499996 0.233766234375 0.33441558437499996 0.233766234375 0.38555194843749996
19 0.30357142812500004 0.391233765625 0.3668831171875 0.391233765625 0.3668831171875 0.33279220781249996 0.30357142812500004 0.33279220781249996 0.30357142812500004 0.391233765625
19 0.375 0.391233765625 0.43831168906249995 0.391233765625 0.43831168906249995 0.33279220781249996 0.375 0.33279220781249996 0.375 0.391233765625
19 0.16720779218749998 0.39529220781249996 0.2272727265625 0.39529220781249996 0.2272727265625 0.33279220781249996 0.16720779218749998 0.33279220781249996 0.16720779218749998 0.39529220781249996
19 0.5016233765625 0.39042207812499996 0.5487012984375 0.39042207812499996 0.5487012984375 0.33928571406249997 0.5016233765625 0.33928571406249997 0.5016233765625 0.39042207812499996
19 0.103896103125 0.39691558437499996 0.1647727265625 0.39691558437499996 0.1647727265625 0.33603896093749996 0.103896103125 0.33603896093749996 0.103896103125 0.39691558437499996
19 0.44480519531249996 0.39204545468749996 0.49512987031250005 0.39204545468749996 0.49512987031250005 0.34090909062499997 0.44480519531249996 0.34090909062499997 0.44480519531249996 0.39204545468749996
19 0.621753246875 0.39042207812499996 0.6826298703125 0.39042207812499996 0.6826298703125 0.34415584374999997 0.621753246875 0.34415584374999997 0.621753246875 0.39042207812499996
19 0.5551948046875 0.391233765625 0.615259740625 0.391233765625 0.615259740625 0.34415584374999997 0.5551948046875 0.34415584374999997 0.5551948046875 0.391233765625
19 0.81818181875 0.6298701296875 0.8741883109374999 0.6298701296875 0.8741883109374999 0.5811688312500001 0.81818181875 0.5811688312500001 0.81818181875 0.6298701296875
19 0.64448051875 0.6306818187500001 0.68100649375 0.6306818187500001 0.68100649375 0.5860389609375 0.64448051875 0.5860389609375 0.64448051875 0.6306818187500001
19 0.8912337656249999 0.63149350625 0.9521103890625 0.63149350625 0.9521103890625 0.5811688312500001 0.8912337656249999 0.5811688312500001 0.8912337656249999 0.63149350625
19 0.7353896109375 0.63149350625 0.7678571421875 0.63149350625 0.7678571421875 0.5844155843750001 0.7353896109375 0.5844155843750001 0.7353896109375 0.63149350625
19 0.60551948125 0.6306818187500001 0.6396103890625 0.6306818187500001 0.6396103890625 0.5860389609375 0.60551948125 0.5860389609375 0.60551948125 0.6306818187500001
19 0.6883116890625 0.63149350625 0.7207792203125 0.63149350625 0.7207792203125 0.5876623375000001 0.6883116890625 0.5876623375000001 0.6883116890625 0.63149350625
19 0.7743506499999999 0.63149350625 0.8108766234375 0.63149350625 0.8108766234375 0.5876623375000001 0.7743506499999999 0.5876623375000001 0.7743506499999999 0.63149350625
19 0.6493506499999999 0.7012987015625 0.6769480515625 0.7012987015625 0.6769480515625 0.6639610390625 0.6493506499999999 0.6639610390625 0.6493506499999999 0.7012987015625
19 0.6866883109375 0.7004870125 0.7142857140625 0.7004870125 0.7142857140625 0.6639610390625 0.6866883109375 0.6639610390625 0.6866883109375 0.7004870125
19 0.7256493500000001 0.7012987015625 0.75649350625 0.7012987015625 0.75649350625 0.6639610390625 0.7256493500000001 0.6639610390625 0.7256493500000001 0.7012987015625
19 0.7678571421875 0.7004870125 0.7954545453125 0.7004870125 0.7954545453125 0.6655844156249999 0.7678571421875 0.6655844156249999 0.7678571421875 0.7004870125
19 0.8717532468750001 0.7256493500000001 0.9025974031249999 0.7256493500000001 0.9025974031249999 0.7029220781250001 0.8717532468750001 0.7029220781250001 0.8717532468750001 0.7256493500000001
19 0.8100649343749999 0.7264610390625 0.8360389609375 0.7264610390625 0.8360389609375 0.7029220781250001 0.8100649343749999 0.7029220781250001 0.8100649343749999 0.7264610390625
19 0.8392857140625001 0.7280844156249999 0.86931818125 0.7280844156249999 0.86931818125 0.7029220781250001 0.8392857140625001 0.7029220781250001 0.8392857140625001 0.7280844156249999
19 0.9090909093749999 0.7272727265625 0.9456168828125 0.7272727265625 0.9456168828125 0.7061688312500001 0.9090909093749999 0.7061688312500001 0.9090909093749999 0.7272727265625
19 0.6525974031249999 0.7637987015625 0.6850649343749999 0.7637987015625 0.6850649343749999 0.7224025968750001 0.6525974031249999 0.7224025968750001 0.6525974031249999 0.7637987015625
19 0.6931818187500001 0.766233765625 0.7280844156249999 0.766233765625 0.7280844156249999 0.7224025968750001 0.6931818187500001 0.7224025968750001 0.6931818187500001 0.766233765625
19 0.7353896109375 0.7678571421875 0.76948051875 0.7678571421875 0.76948051875 0.7256493500000001 0.7353896109375 0.7256493500000001 0.7353896109375 0.7678571421875
19 0.7792207796875 0.7670454546875 0.8116883109374999 0.7670454546875 0.8116883109374999 0.7272727265625 0.7792207796875 0.7272727265625 0.7792207796875 0.7670454546875
19 0.8879870125 0.7654220781250001 0.9220779218749999 0.7654220781250001 0.9220779218749999 0.7418831171875 0.8879870125 0.7418831171875 0.8879870125 0.7654220781250001
19 0.8198051953125001 0.7670454546875 0.8522727265625001 0.7670454546875 0.8522727265625001 0.74350649375 0.8198051953125001 0.74350649375 0.8198051953125001 0.7670454546875
19 0.8538961031250001 0.766233765625 0.8823051953125001 0.766233765625 0.8823051953125001 0.74350649375 0.8538961031250001 0.74350649375 0.8538961031250001 0.766233765625
19 0.925324675 0.7678571421875 0.9577922078125001 0.7678571421875 0.9577922078125001 0.7451298703125 0.925324675 0.7451298703125 0.925324675 0.7678571421875