19 0.577734375 0.265625 0.577734375 0.35546875 0.6484375 0.35546875 0.6484375 0.265625 0.577734375 0.265625
19 0.846875 0.3578125 0.846875 0.262109375 0.776171875 0.262109375 0.776171875 0.3578125 0.846875 0.3578125
19 0.746875 0.359375 0.746875 0.266015625 0.678125 0.266015625 0.678125 0.359375 0.746875 0.359375
19 0.8609375 0.278125 0.8609375 0.346875 0.953125 0.346875 0.953125 0.278125 0.8609375 0.278125
19 0.9609375 0.4125 0.9609375 0.378125 0.891015625 0.378125 0.891015625 0.4125 0.9609375 0.4125
19 0.8671875 0.359765625 0.829296875 0.359765625 0.829296875 0.430859375 0.8671875 0.430859375 0.8671875 0.359765625
19 0.7890625 0.434375 0.7890625 0.358984375 0.7515625 0.358984375 0.7515625 0.434375 0.7890625 0.434375
19 0.5984375 0.365625 0.5984375 0.4296875 0.634375 0.4296875 0.634375 0.365625 0.5984375 0.365625
19 0.7296875 0.381640625 0.65625 0.381640625 0.65625 0.415625 0.7296875 0.415625 0.7296875 0.381640625
19 0.417578125 0.3890625 0.417578125 0.4109375 0.45625 0.4109375 0.45625 0.3890625 0.417578125 0.3890625
19 0.4015625 0.38046875 0.380859375 0.38046875 0.380859375 0.4203125 0.4015625 0.4203125 0.4015625 0.38046875
19 0.5625 0.428125 0.5625 0.3703125 0.526953125 0.3703125 0.526953125 0.428125 0.5625 0.428125
19 0.325 0.3890625 0.325 0.4109375 0.3671875 0.4109375 0.3671875 0.3890625 0.325 0.3890625
19 0.4953125 0.38046875 0.474609375 0.38046875 0.474609375 0.4203125 0.4953125 0.4203125 0.4953125 0.38046875
19 0.4 0.4484375 0.4 0.400390625 0.3734375 0.400390625 0.3734375 0.4484375 0.4 0.4484375
19 0.3578125 0.4375 0.3578125 0.4109375 0.316015625 0.4109375 0.316015625 0.4375 0.3578125 0.4375
19 0.446875 0.453125 0.446875 0.398828125 0.419921875 0.398828125 0.419921875 0.453125 0.446875 0.453125
19 0.473046875 0.40625 0.473046875 0.4453125 0.49375 0.4453125 0.49375 0.40625 0.473046875 0.40625
19 0.5640625 0.471875 0.5640625 0.40703125 0.519921875 0.40703125 0.519921875 0.471875 0.5640625 0.471875
19 0.9 0.403125 0.9 0.4765625 0.9484375 0.4765625 0.9484375 0.403125 0.9 0.403125
19 0.8125 0.4171875 0.8125 0.465625 0.8796875 0.465625 0.8796875 0.4171875 0.8125 0.4171875
19 0.5828125 0.41875 0.5828125 0.4640625 0.65 0.4640625 0.65 0.41875 0.5828125 0.41875
19 0.796875 0.478125 0.796875 0.40546875 0.75078125 0.40546875 0.75078125 0.478125 0.796875 0.478125
19 0.6578125 0.4203125 0.6578125 0.465625 0.73125 0.465625 0.73125 0.4203125 0.6578125 0.4203125
19 0.1875 0.4734375 0.1875 0.41640625 0.14765625 0.41640625 0.14765625 0.4734375 0.1875 0.4734375
19 0.2546875 0.423828125 0.196875 0.423828125 0.196875 0.465625 0.2546875 0.465625 0.2546875 0.423828125
19 0.2578125 0.425 0.2578125 0.4671875 0.309375 0.4671875 0.309375 0.425 0.2578125 0.425
19 0.1296875 0.4734375 0.1296875 0.41953125 0.090234375 0.41953125 0.090234375 0.4734375 0.1296875 0.4734375
19 0.4 0.4734375 0.4 0.43203125 0.37578125 0.43203125 0.37578125 0.4734375 0.4 0.4734375
19 0.4609375 0.440234375 0.41875 0.440234375 0.41875 0.4640625 0.4609375 0.4640625 0.4609375 0.440234375
19 0.317578125 0.440625 0.317578125 0.465625 0.359375 0.465625 0.359375 0.440625 0.317578125 0.440625
19 0.496875 0.434765625 0.473828125 0.434765625 0.473828125 0.473046875 0.496875 0.473046875 0.496875 0.434765625