19 0.84375 0.6421875 0.84375 0.61171875 0.79921875 0.61171875 0.79921875 0.6421875 0.84375 0.6421875
19 0.725 0.6125 0.725 0.64375 0.771875 0.64375 0.771875 0.6125 0.725 0.6125
19 0.6890625 0.6125 0.6890625 0.64375 0.7359375 0.64375 0.7359375 0.6125 0.6890625 0.6125
19 0.7671875 0.6046875 0.7671875 0.6515625 0.8 0.6515625 0.8 0.6046875 0.7671875 0.6046875
19 0.225 0.6078125 0.225 0.65 0.25625 0.65 0.25625 0.6078125 0.225 0.6078125
19 0.146875 0.609375 0.146875 0.6515625 0.1796875 0.6515625 0.1796875 0.609375 0.146875 0.609375
19 0.1859375 0.609375 0.1859375 0.6515625 0.2171875 0.6515625 0.2171875 0.609375 0.1859375 0.609375
19 0.260546875 0.609375 0.260546875 0.6515625 0.2953125 0.6515625 0.2953125 0.609375 0.260546875 0.609375
19 0.5484375 0.721875 0.5484375 0.69140625 0.52265625 0.69140625 0.52265625 0.721875 0.5484375 0.721875
19 0.7359375 0.69609375 0.721484375 0.69609375 0.721484375 0.7234375 0.7359375 0.7234375 0.7359375 0.69609375
19 0.683984375 0.6921875 0.683984375 0.71875 0.7078125 0.71875 0.7078125 0.6921875 0.683984375 0.6921875
19 0.646875 0.695703125 0.6171875 0.695703125 0.6171875 0.7171875 0.646875 0.7171875 0.646875 0.695703125
19 0.5828125 0.721875 0.5828125 0.692578125 0.55625 0.692578125 0.55625 0.721875 0.5828125 0.721875
19 0.5828125 0.6953125 0.5828125 0.7203125 0.6140625 0.7203125 0.6140625 0.6953125 0.5828125 0.6953125
19 0.6765625 0.692578125 0.653125 0.692578125 0.653125 0.721875 0.6765625 0.721875 0.6765625 0.692578125
19 0.2078125 0.6875 0.2078125 0.759375 0.265625 0.759375 0.265625 0.6875 0.2078125 0.6875
19 0.20625 0.7546875 0.20625 0.694921875 0.143359375 0.694921875 0.143359375 0.7546875 0.20625 0.7546875
19 0.64375 0.7515625 0.64375 0.723828125 0.621484375 0.723828125 0.621484375 0.7515625 0.64375 0.7515625
19 0.546875 0.7546875 0.546875 0.723046875 0.52578125 0.723046875 0.52578125 0.7546875 0.546875 0.7546875
19 0.6859375 0.721875 0.6859375 0.753125 0.7109375 0.753125 0.7109375 0.721875 0.6859375 0.721875
19 0.6140625 0.7484375 0.6140625 0.726953125 0.581640625 0.726953125 0.581640625 0.7484375 0.6140625 0.7484375
19 0.74375 0.7515625 0.74375 0.719140625 0.7203125 0.719140625 0.7203125 0.7515625 0.74375 0.7515625
19 0.5546875 0.7265625 0.5546875 0.7515625 0.58125 0.7515625 0.58125 0.7265625 0.5546875 0.7265625
19 0.65 0.725 0.65 0.75 0.68125 0.75 0.68125 0.725 0.65 0.725
19 0.1828125 0.846875 0.1828125 0.90625 0.24375 0.90625 0.24375 0.846875 0.1828125 0.846875
19 0.1734375 0.9078125 0.1734375 0.84609375 0.11640625 0.84609375 0.11640625 0.9078125 0.1734375 0.9078125
19 0.3859375 0.909375 0.3859375 0.844140625 0.319921875 0.844140625 0.319921875 0.909375 0.3859375 0.909375
19 0.248046875 0.846875 0.248046875 0.9109375 0.3171875 0.9109375 0.3171875 0.846875 0.248046875 0.846875
19 0.4546875 0.849609375 0.39453125 0.849609375 0.39453125 0.9125 0.4546875 0.9125 0.4546875 0.849609375
19 0.183203125 0.3609375 0.183203125 0.4453125 0.2265625 0.4453125 0.2265625 0.3609375 0.183203125 0.3609375
19 0.131640625 0.3609375 0.131640625 0.44375 0.1734375 0.44375 0.1734375 0.3609375 0.131640625 0.3609375
19 0.790234375 0.371875 0.790234375 0.4390625 0.8390625 0.4390625 0.8390625 0.371875 0.790234375 0.371875
19 0.740625 0.371875 0.740625 0.4390625 0.7859375 0.4390625 0.7859375 0.371875 0.740625 0.371875
19 0.303125 0.373828125 0.2703125 0.373828125 0.2703125 0.4421875 0.303125 0.4421875 0.303125 0.373828125
19 0.214453125 0.3921875 0.214453125 0.4265625 0.2828125 0.4265625 0.2828125 0.3921875 0.214453125 0.3921875
19 0.3171875 0.5109375 0.3171875 0.559375 0.375 0.559375 0.375 0.5109375 0.3171875 0.5109375
19 0.31875 0.5640625 0.31875 0.505859375 0.275390625 0.505859375 0.275390625 0.5640625 0.31875 0.5640625
19 0.2328125 0.51484375 0.172265625 0.51484375 0.172265625 0.5578125 0.2328125 0.5578125 0.2328125 0.51484375
19 0.2296875 0.50625 0.2296875 0.5671875 0.271875 0.5671875 0.271875 0.50625 0.2296875 0.50625
19 0.184375 0.55625 0.184375 0.51640625 0.12421875 0.51640625 0.12421875 0.55625 0.184375 0.55625
19 0.453515625 0.515625 0.453515625 0.5609375 0.4875 0.5609375 0.4875 0.515625 0.453515625 0.515625
19 0.4109375 0.52265625 0.366015625 0.52265625 0.366015625 0.55625 0.4109375 0.55625 0.4109375 0.52265625
19 0.4046875 0.5203125 0.4046875 0.55625 0.453125 0.55625 0.453125 0.5203125 0.4046875 0.5203125