19 0.315625 0.5 0.315625 0.5953125 0.384375 0.5953125 0.384375 0.5 0.315625 0.5
19 0.2625 0.514453125 0.165234375 0.514453125 0.165234375 0.579296875 0.2625 0.579296875 0.2625 0.514453125
19 0.246875 0.5 0.246875 0.5984375 0.315625 0.5984375 0.315625 0.5 0.246875 0.5
19 0.3890625 0.5390625 0.3890625 0.59375 0.4375 0.59375 0.4375 0.5390625 0.3890625 0.5390625
19 0.534375 0.590625 0.534375 0.54296875 0.479296875 0.54296875 0.479296875 0.590625 0.534375 0.590625
19 0.318359375 0.6703125 0.318359375 0.74609375 0.409375 0.74609375 0.409375 0.6703125 0.318359375 0.6703125
19 0.49375 0.74375 0.49375 0.671484375 0.396875 0.671484375 0.396875 0.74375 0.49375 0.74375
19 0.2390625 0.671875 0.2390625 0.7484375 0.3375 0.7484375 0.3375 0.671875 0.2390625 0.671875
19 0.574609375 0.7453125 0.574609375 0.672265625 0.476953125 0.672265625 0.476953125 0.7453125 0.574609375 0.7453125
19 0.6515625 0.7515625 0.6515625 0.67890625 0.55859375 0.67890625 0.55859375 0.7515625 0.6515625 0.7515625
19 0.6453125 0.6953125 0.6453125 0.7640625 0.71875 0.7640625 0.71875 0.6953125 0.6453125 0.6953125
19 0.722265625 0.6984375 0.722265625 0.7609375 0.7859375 0.7609375 0.7859375 0.6984375 0.722265625 0.6984375
19 0.7984375 0.7015625 0.7984375 0.7625 0.871875 0.7625 0.871875 0.7015625 0.7984375 0.7015625