19 0.93174603125 0.19126984062500002 0.977777778125 0.19126984062500002 0.977777778125 0.10952380937499999 0.93174603125 0.10952380937499999 0.93174603125 0.19126984062500002
19 0.23174603125 0.35555555625 0.302380953125 0.35555555625 0.302380953125 0.2507936515625 0.23174603125 0.2507936515625 0.23174603125 0.35555555625
19 0.8365079359375001 0.32063492031249996 0.8730158734375 0.32063492031249996 0.8730158734375 0.2873015875 0.8365079359375001 0.2873015875 0.8365079359375001 0.32063492031249996
19 0.303174603125 0.35555555625 0.375396825 0.35555555625 0.375396825 0.2507936515625 0.303174603125 0.2507936515625 0.303174603125 0.35555555625
19 0.8730158734375 0.32063492031249996 0.9134920640624999 0.32063492031249996 0.9134920640624999 0.2873015875 0.8730158734375 0.2873015875 0.8730158734375 0.32063492031249996
19 0.8015873015625001 0.3230158734375 0.8357142859375 0.3230158734375 0.8357142859375 0.2873015875 0.8015873015625001 0.2873015875 0.8015873015625001 0.3230158734375
19 0.377777778125 0.35634920625 0.447619046875 0.35634920625 0.447619046875 0.252380953125 0.377777778125 0.252380953125 0.377777778125 0.35634920625
19 0.9142857140625 0.3230158734375 0.95555555625 0.3230158734375 0.95555555625 0.2873015875 0.9142857140625 0.2873015875 0.9142857140625 0.3230158734375
19 0.44603174531249995 0.3571428578125 0.50555555625 0.3571428578125 0.50555555625 0.2761904765625 0.44603174531249995 0.2761904765625 0.44603174531249995 0.3571428578125
19 0.50634920625 0.359523809375 0.5626984125 0.359523809375 0.5626984125 0.2761904765625 0.50634920625 0.2761904765625 0.50634920625 0.359523809375
19 0.5634920640625001 0.3611111109375 0.6253968249999999 0.3611111109375 0.6253968249999999 0.27777777812500004 0.5634920640625001 0.27777777812500004 0.5634920640625001 0.3611111109375
19 0.6269841265625 0.3611111109375 0.6857142859375001 0.3611111109375 0.6857142859375001 0.27777777812500004 0.6269841265625 0.27777777812500004 0.6269841265625 0.3611111109375
19 0.7460317453124999 0.3619047625 0.802380953125 0.3619047625 0.802380953125 0.28095238125 0.7460317453124999 0.28095238125 0.7460317453124999 0.3619047625
19 0.6873015875 0.3634920640625 0.74365079375 0.3634920640625 0.74365079375 0.2825396828125 0.6873015875 0.2825396828125 0.6873015875 0.3634920640625
19 0.8047619046875001 0.3611111109375 0.8460317453125 0.3611111109375 0.8460317453125 0.32698412656250003 0.8047619046875001 0.32698412656250003 0.8047619046875001 0.3611111109375
19 0.847619046875 0.3626984125 0.8865079359375001 0.3626984125 0.8865079359375001 0.32698412656250003 0.847619046875 0.32698412656250003 0.847619046875 0.3626984125
19 0.8888888890625 0.3634920640625 0.9269841265625001 0.3634920640625 0.9269841265625001 0.33015872968750004 0.8888888890625 0.33015872968750004 0.8888888890625 0.3634920640625
19 0.9285714281249999 0.3634920640625 0.9650793656250001 0.3634920640625 0.9650793656250001 0.33015872968750004 0.9285714281249999 0.33015872968750004 0.9285714281249999 0.3634920640625
19 0.5190476187499999 0.42936507968750004 0.5547619046875 0.42936507968750004 0.5547619046875 0.390476190625 0.5190476187499999 0.390476190625 0.5190476187499999 0.42936507968750004
19 0.6111111109375 0.43015872968749996 0.646825396875 0.43015872968749996 0.646825396875 0.39365079375 0.6111111109375 0.39365079375 0.6111111109375 0.43015872968749996
19 0.47142857187500004 0.43015872968749996 0.5119047625 0.43015872968749996 0.5119047625 0.39206349218750003 0.47142857187500004 0.39206349218750003 0.47142857187500004 0.43015872968749996
19 0.5619047625 0.43015872968749996 0.6 0.43015872968749996 0.6 0.39365079375 0.5619047625 0.39365079375 0.5619047625 0.43015872968749996
19 0.7015873015625 0.43174603125 0.740476190625 0.43174603125 0.740476190625 0.39365079375 0.7015873015625 0.39365079375 0.7015873015625 0.43174603125
19 0.8428571421875001 0.4325396828125 0.88095238125 0.4325396828125 0.88095238125 0.39206349218750003 0.8428571421875001 0.39206349218750003 0.8428571421875001 0.4325396828125
19 0.6571428578125 0.43174603125 0.6952380953125 0.43174603125 0.6952380953125 0.39365079375 0.6571428578125 0.39365079375 0.6571428578125 0.43174603125
19 0.7507936515625 0.43095238125 0.7920634921875 0.43095238125 0.7920634921875 0.39206349218750003 0.7507936515625 0.39206349218750003 0.7507936515625 0.43095238125
19 0.796825396875 0.43333333281249997 0.8357142859375 0.43333333281249997 0.8357142859375 0.39206349218750003 0.796825396875 0.39206349218750003 0.796825396875 0.43333333281249997
19 0.8873015875 0.43492063437499995 0.9277777781250001 0.43492063437499995 0.9277777781250001 0.39365079375 0.8873015875 0.39365079375 0.8873015875 0.43492063437499995
19 0.0111111109375 0.48095238125 0.0428571421875 0.48095238125 0.0428571421875 0.4015873015625 0.0111111109375 0.4015873015625 0.0111111109375 0.48095238125
19 0.0873015875 0.484126984375 0.121428571875 0.484126984375 0.121428571875 0.40634920625 0.0873015875 0.40634920625 0.0873015875 0.484126984375
19 0.049206348437500005 0.4857142859375 0.08333333281250001 0.4857142859375 0.08333333281250001 0.40634920625 0.049206348437500005 0.40634920625 0.049206348437500005 0.4857142859375
19 0.12222222187500001 0.4857142859375 0.1603174609375 0.4857142859375 0.1603174609375 0.4079365078125 0.12222222187500001 0.4079365078125 0.12222222187500001 0.4857142859375
19 0.1666666671875 0.4857142859375 0.1960317453125 0.4857142859375 0.1960317453125 0.40634920625 0.1666666671875 0.40634920625 0.1666666671875 0.4857142859375
19 0.2047619046875 0.4888888890625 0.2388888890625 0.4888888890625 0.2388888890625 0.4079365078125 0.2047619046875 0.4079365078125 0.2047619046875 0.4888888890625
19 0.2428571421875 0.4896825390625 0.2761904765625 0.4896825390625 0.2761904765625 0.4079365078125 0.2428571421875 0.4079365078125 0.2428571421875 0.4896825390625
19 0.27777777812500004 0.4888888890625 0.3142857140625 0.4888888890625 0.3142857140625 0.409523809375 0.27777777812500004 0.409523809375 0.27777777812500004 0.4888888890625
19 0.3539682546875 0.49047619062500003 0.39206349218750003 0.49047619062500003 0.39206349218750003 0.41111111093749997 0.3539682546875 0.41111111093749997 0.3539682546875 0.49047619062500003
19 0.396825396875 0.49047619062500003 0.42222222187499997 0.49047619062500003 0.42222222187499997 0.41111111093749997 0.396825396875 0.41111111093749997 0.396825396875 0.49047619062500003
19 0.3174603171875 0.49047619062500003 0.3507936515625 0.49047619062500003 0.3507936515625 0.409523809375 0.3174603171875 0.409523809375 0.3174603171875 0.49047619062500003
19 0.43015872968749996 0.49047619062500003 0.4619047625 0.49047619062500003 0.4619047625 0.41111111093749997 0.43015872968749996 0.41111111093749997 0.43015872968749996 0.49047619062500003
19 0.47142857187500004 0.48809523749999995 0.5079365078125 0.48809523749999995 0.5079365078125 0.4365079359375 0.47142857187500004 0.4365079359375 0.47142857187500004 0.48809523749999995
19 0.5142857140625 0.49047619062500003 0.5571428578125001 0.49047619062500003 0.5571428578125001 0.43809523749999996 0.5142857140625 0.43809523749999996 0.5142857140625 0.49047619062500003
19 0.558730159375 0.49126984062499995 0.6015873015625 0.49126984062499995 0.6015873015625 0.4396825390625 0.558730159375 0.4396825390625 0.558730159375 0.49126984062499995
19 0.60634920625 0.4920634921875 0.652380953125 0.4920634921875 0.652380953125 0.4396825390625 0.60634920625 0.4396825390625 0.60634920625 0.4920634921875
19 0.6555555562500001 0.49126984062499995 0.6984126984375 0.49126984062499995 0.6984126984375 0.44126984062499996 0.6555555562500001 0.44126984062499996 0.6555555562500001 0.49126984062499995
19 0.7047619046875 0.4952380953125 0.7476190468749999 0.4952380953125 0.7476190468749999 0.44126984062499996 0.7047619046875 0.44126984062499996 0.7047619046875 0.4952380953125
19 0.75555555625 0.4920634921875 0.796825396875 0.4920634921875 0.796825396875 0.44285714218749994 0.75555555625 0.44285714218749994 0.75555555625 0.4920634921875
19 0.8015873015625001 0.4952380953125 0.8420634921874999 0.4952380953125 0.8420634921874999 0.44126984062499996 0.8015873015625001 0.44126984062499996 0.8015873015625001 0.4952380953125
19 0.8984126984374999 0.4952380953125 0.9373015875 0.4952380953125 0.9373015875 0.44285714218749994 0.8984126984374999 0.44285714218749994 0.8984126984374999 0.4952380953125
19 0.8507936515625 0.4952380953125 0.8896825390625 0.4952380953125 0.8896825390625 0.44126984062499996 0.8507936515625 0.44126984062499996 0.8507936515625 0.4952380953125
19 0.0920634921875 0.6253968249999999 0.1626984125 0.6253968249999999 0.1626984125 0.5571428578125001 0.0920634921875 0.5571428578125001 0.0920634921875 0.6253968249999999
19 0.1666666671875 0.63174603125 0.2325396828125 0.63174603125 0.2325396828125 0.5571428578125001 0.1666666671875 0.5571428578125001 0.1666666671875 0.63174603125
19 0.558730159375 0.6301587296875 0.61825396875 0.6301587296875 0.61825396875 0.5571428578125001 0.558730159375 0.5571428578125001 0.558730159375 0.6301587296875
19 0.4873015875 0.63174603125 0.5547619046875 0.63174603125 0.5547619046875 0.558730159375 0.4873015875 0.558730159375 0.4873015875 0.63174603125
19 0.2396825390625 0.627777778125 0.3047619046875 0.627777778125 0.3047619046875 0.5619047625 0.2396825390625 0.5619047625 0.2396825390625 0.627777778125
19 0.0206349203125 0.63174603125 0.091269840625 0.63174603125 0.091269840625 0.558730159375 0.0206349203125 0.558730159375 0.0206349203125 0.63174603125
19 0.30634920625 0.63174603125 0.36587301562499996 0.63174603125 0.36587301562499996 0.56825396875 0.30634920625 0.56825396875 0.30634920625 0.63174603125
19 0.6206349203125 0.6333333328124999 0.6801587296875 0.6333333328124999 0.6801587296875 0.56825396875 0.6206349203125 0.56825396875 0.6206349203125 0.6333333328124999
19 0.36984127031249997 0.6325396828125001 0.42698412656249995 0.6325396828125001 0.42698412656249995 0.5714285718750001 0.36984127031249997 0.5714285718750001 0.36984127031249997 0.6325396828125001
19 0.428571428125 0.63174603125 0.48333333281249996 0.63174603125 0.48333333281249996 0.5730158734375 0.428571428125 0.5730158734375 0.428571428125 0.63174603125
19 0.741269840625 0.6365079359375 0.8007936515624999 0.6365079359375 0.8007936515624999 0.5730158734375 0.741269840625 0.5730158734375 0.741269840625 0.6365079359375
19 0.68095238125 0.6365079359375 0.7373015875 0.6365079359375 0.7373015875 0.5730158734375 0.68095238125 0.5730158734375 0.68095238125 0.6365079359375
19 0.803174603125 0.6373015875 0.8619047625 0.6373015875 0.8619047625 0.5714285718750001 0.803174603125 0.5714285718750001 0.803174603125 0.6373015875
19 0.8634920640624999 0.6365079359375 0.9230158734374999 0.6365079359375 0.9230158734374999 0.5730158734375 0.8634920640624999 0.5730158734375 0.8634920640624999 0.6365079359375