19 0.690625 0.2703125 0.7921875 0.2703125 0.7921875 0.216015625 0.690625 0.216015625 0.690625 0.2703125
19 0.8578125 0.2734375 0.8578125 0.2234375 0.758203125 0.2234375 0.758203125 0.2734375 0.8578125 0.2734375
19 0.9234375 0.275 0.9234375 0.224609375 0.8234375 0.224609375 0.8234375 0.275 0.9234375 0.275
19 0.9625 0.205078125 0.909375 0.205078125 0.909375 0.3046875 0.9625 0.3046875 0.9625 0.205078125
19 0.1375 0.4125 0.1375 0.30234375 0.038671875 0.30234375 0.038671875 0.4125 0.1375 0.4125
19 0.25625 0.4109375 0.25625 0.311328125 0.159765625 0.311328125 0.159765625 0.4109375 0.25625 0.4109375
19 0.3796875 0.308984375 0.271875 0.308984375 0.271875 0.4109375 0.3796875 0.4109375 0.3796875 0.308984375
19 0.4984375 0.311328125 0.3953125 0.311328125 0.3953125 0.4125 0.4984375 0.4125 0.4984375 0.311328125
19 0.591796875 0.4125 0.591796875 0.326953125 0.509765625 0.326953125 0.509765625 0.4125 0.591796875 0.4125
19 0.607421875 0.3359375 0.607421875 0.4140625 0.6890625 0.4140625 0.6890625 0.3359375 0.607421875 0.3359375
19 0.771875 0.41875 0.771875 0.337890625 0.691015625 0.337890625 0.691015625 0.41875 0.771875 0.41875
19 0.771875 0.3578125 0.771875 0.4046875 0.84375 0.4046875 0.84375 0.3578125 0.771875 0.3578125
19 0.896875 0.40625 0.896875 0.35859375 0.82578125 0.35859375 0.82578125 0.40625 0.896875 0.40625
19 0.88125 0.3625 0.88125 0.409375 0.953125 0.409375 0.953125 0.3625 0.88125 0.3625
19 0.059375 0.4390625 0.059375 0.559375 0.1625 0.559375 0.1625 0.4390625 0.059375 0.4390625
19 0.7203125 0.5171875 0.7203125 0.478515625 0.667578125 0.478515625 0.667578125 0.5171875 0.7203125 0.5171875
19 0.171875 0.440625 0.171875 0.559375 0.2671875 0.559375 0.2671875 0.440625 0.171875 0.440625
19 0.828125 0.4765625 0.792578125 0.4765625 0.792578125 0.525 0.828125 0.525 0.828125 0.4765625
19 0.7296875 0.4828125 0.7296875 0.5203125 0.778125 0.5203125 0.778125 0.4828125 0.7296875 0.4828125
19 0.359375 0.442578125 0.275 0.442578125 0.275 0.559375 0.359375 0.559375 0.359375 0.442578125
19 0.371875 0.465625 0.371875 0.559375 0.4515625 0.559375 0.4515625 0.465625 0.371875 0.465625
19 0.54375 0.5515625 0.54375 0.47421875 0.44921875 0.47421875 0.44921875 0.5515625 0.54375 0.5515625
19 0.54375 0.49375 0.54375 0.5625 0.596875 0.5625 0.596875 0.49375 0.54375 0.49375
19 0.9328125 0.483203125 0.86875 0.483203125 0.86875 0.571875 0.9328125 0.571875 0.9328125 0.483203125
19 0.6578125 0.5609375 0.6578125 0.495703125 0.605078125 0.495703125 0.605078125 0.5609375 0.6578125 0.5609375
19 0.7109375 0.565625 0.7109375 0.518359375 0.673046875 0.518359375 0.673046875 0.565625 0.7109375 0.565625
19 0.7703125 0.565625 0.7703125 0.519140625 0.7328125 0.519140625 0.7328125 0.565625 0.7703125 0.565625
19 0.82421875 0.565625 0.82421875 0.518359375 0.7859375 0.518359375 0.7859375 0.565625 0.82421875 0.565625