19 0.6609375 0.346875 0.6609375 0.2755404875 0.5710888375 0.2755404875 0.5710888375 0.346875 0.6609375 0.346875
19 0.85 0.359375 0.85 0.2618071921875 0.779097878125 0.2618071921875 0.779097878125 0.359375 0.85 0.359375
19 0.75 0.359375 0.75 0.2659001578125 0.6804196140625 0.2659001578125 0.6804196140625 0.359375 0.75 0.359375
19 0.8645538515625001 0.278125 0.8645538515625001 0.346875 0.9573211484374999 0.346875 0.9573211484374999 0.278125 0.8645538515625001 0.278125
19 0.9640625 0.4125 0.9640625 0.3786753140625 0.8946098656249999 0.3786753140625 0.8946098656249999 0.4125 0.9640625 0.4125
19 0.8875 0.4140625 0.8875 0.3771029875 0.8162834109375 0.3771029875 0.8162834109375 0.4140625 0.8875 0.4140625
19 0.7921875 0.4359375 0.7921875 0.3598221296875 0.7553557390625001 0.3598221296875 0.7553557390625001 0.4359375 0.7921875 0.4359375
19 0.65 0.415625 0.65 0.3798693015625 0.5864386796875001 0.3798693015625 0.5864386796875001 0.415625 0.65 0.415625
19 0.73125 0.415625 0.73125 0.382311321875 0.6591440640624999 0.382311321875 0.6591440640624999 0.415625 0.73125 0.415625
19 0.41875 0.4109375 0.4578125 0.4109375 0.4578125 0.390556209375 0.41875 0.390556209375 0.41875 0.4109375
19 0.403125 0.4203125 0.403125 0.3813974046875 0.3823014921875 0.3813974046875 0.3823014921875 0.4203125 0.403125 0.4203125
19 0.528125 0.4296875 0.5640625 0.4296875 0.5640625 0.370774371875 0.528125 0.370774371875 0.528125 0.4296875
19 0.35625 0.421875 0.35625 0.38032134375000004 0.3363109265625 0.38032134375000004 0.3363109265625 0.421875 0.35625 0.421875
19 0.496875 0.4203125 0.496875 0.3813679234375 0.4754029078125 0.3813679234375 0.4754029078125 0.4203125 0.496875 0.4203125
19 0.41202830312499994 0.4375 0.41202830312499994 0.41187598437500006 0.36328616406249997 0.41187598437500006 0.36328616406249997 0.4375 0.41202830312499994 0.4375
19 0.359119496875 0.4375 0.359119496875 0.4120233890625 0.315880503125 0.4120233890625 0.315880503125 0.4375 0.359119496875 0.4375
19 0.4609375 0.4390625 0.4609375 0.4134581375 0.40721796406250005 0.4134581375 0.40721796406250005 0.4390625 0.4609375 0.4390625
19 0.5046875 0.4375 0.5046875 0.41621462343750004 0.4649272796875 0.41621462343750004 0.4649272796875 0.4375 0.5046875 0.4375
19 0.565625 0.4734375 0.565625 0.40773879687500003 0.5212509828125 0.40773879687500003 0.5212509828125 0.4734375 0.565625 0.4734375
19 0.9640625 0.4640625 0.9640625 0.41703518125 0.891956565625 0.41703518125 0.891956565625 0.4640625 0.9640625 0.4640625
19 0.8828125 0.465625 0.8828125 0.4185976796875 0.81619496875 0.4185976796875 0.81619496875 0.465625 0.8828125 0.465625
19 0.640625 0.40876572343750006 0.5962706375 0.40876572343750006 0.5962706375 0.47637578593749996 0.640625 0.47637578593749996 0.640625 0.40876572343750006
19 0.8 0.4796875 0.8 0.40661851406249994 0.754284590625 0.40661851406249994 0.754284590625 0.4796875 0.8 0.4796875
19 0.7328125 0.465625 0.7328125 0.4210347890625 0.6600481515625 0.4210347890625 0.6600481515625 0.465625 0.7328125 0.465625
19 0.146875 0.475 0.1875 0.475 0.1875 0.41796875 0.146875 0.41796875 0.146875 0.475
19 0.253125 0.4671875 0.253125 0.425 0.1963885625 0.425 0.1963885625 0.4671875 0.253125 0.4671875
19 0.3046875 0.471875 0.3046875 0.4215949296875 0.2629078234375 0.42159493125 0.2629078234375 0.471875 0.3046875 0.471875
19 0.1375 0.4671875 0.1375 0.42734866406250005 0.0820558171875 0.42734866406250005 0.0820558171875 0.4671875 0.1375 0.4671875
19 0.4102889140625 0.465625 0.4102889140625 0.4421088828125 0.3678360859375 0.4421088828125 0.3678360859375 0.465625 0.4102889140625 0.465625
19 0.4515625 0.4328125 0.42874901718749997 0.4328125 0.42874901718749997 0.4748673359375 0.4515625 0.4748673359375 0.4515625 0.4328125
19 0.3265625 0.475 0.3515231921875 0.475 0.3515231921875 0.43261595937499997 0.3265625 0.43261595937499997 0.3265625 0.475
19 0.50625 0.4671875 0.50625 0.44375 0.468086675 0.44375 0.468086675 0.4671875 0.50625 0.4671875