19 0.5934426234375 0.17377049218750001 0.5532786890625 0.17377049218750001 0.5532786890625 0.22459016406250001 0.5934426234375 0.22459016406250001 0.5934426234375 0.17377049218750001
19 0.550819671875 0.172131146875 0.5131147546875 0.172131146875 0.5131147546875 0.2254098359375 0.550819671875 0.2254098359375 0.550819671875 0.172131146875
19 0.6344262296875 0.17540983593749998 0.5950819671875001 0.17540983593749998 0.5950819671875001 0.22213114687500002 0.6344262296875 0.22213114687500002 0.6344262296875 0.17540983593749998
19 0.6770491796875 0.17377049218750001 0.6393442625 0.17377049218750001 0.6393442625 0.22459016406250001 0.6770491796875 0.22459016406250001 0.6770491796875 0.17377049218750001
19 0.470491803125 0.2163934421875 0.43770491875 0.2163934421875 0.43770491875 0.24508196718750003 0.470491803125 0.24508196718750003 0.470491803125 0.2163934421875
19 0.43278688593750003 0.21967213124999999 0.4 0.21967213124999999 0.4 0.2434426234375 0.43278688593750003 0.2434426234375 0.43278688593750003 0.21967213124999999
19 0.5065573765625 0.21803278750000002 0.4737704921875 0.21803278750000002 0.4737704921875 0.2467213109375 0.5065573765625 0.2467213109375 0.5065573765625 0.21803278750000002
19 0.5934426234375 0.227868853125 0.55901639375 0.227868853125 0.55901639375 0.27459016406250003 0.5934426234375 0.27459016406250003 0.5934426234375 0.227868853125
19 0.5540983609375 0.229508196875 0.5163934421875 0.229508196875 0.5163934421875 0.2770491796875 0.5540983609375 0.2770491796875 0.5540983609375 0.229508196875
19 0.678688525 0.2262295078125 0.6409836062500001 0.2262295078125 0.6409836062500001 0.277868853125 0.678688525 0.277868853125 0.678688525 0.2262295078125
19 0.63770491875 0.227868853125 0.59836065625 0.227868853125 0.59836065625 0.278688525 0.63770491875 0.278688525 0.63770491875 0.227868853125
19 0.4737704921875 0.2459016390625 0.438524590625 0.2459016390625 0.438524590625 0.2762295078125 0.4737704921875 0.2762295078125 0.4737704921875 0.2459016390625
19 0.5131147546875 0.247540984375 0.47786885312500005 0.247540984375 0.47786885312500005 0.277868853125 0.5131147546875 0.277868853125 0.5131147546875 0.247540984375
19 0.4360655734375 0.24918032812500002 0.4057377046875 0.24918032812500002 0.4057377046875 0.2770491796875 0.4360655734375 0.2770491796875 0.4360655734375 0.24918032812500002
19 0.450819671875 0.39016393437499997 0.391803278125 0.39016393437499997 0.391803278125 0.44098360625 0.450819671875 0.44098360625 0.450819671875 0.39016393437499997
19 0.5868852453125 0.391803278125 0.5237704921875 0.391803278125 0.5237704921875 0.4426229515625 0.5868852453125 0.4426229515625 0.5868852453125 0.391803278125
19 0.521311475 0.39016393437499997 0.458196721875 0.39016393437499997 0.458196721875 0.44344262343749996 0.521311475 0.44344262343749996 0.521311475 0.39016393437499997
19 0.3868852453125 0.391803278125 0.3254098359375 0.391803278125 0.3254098359375 0.44344262343749996 0.3868852453125 0.44344262343749996 0.3868852453125 0.391803278125
19 0.44098360625 0.4672131140625 0.3934426234375 0.4672131140625 0.3934426234375 0.528688525 0.44098360625 0.528688525 0.44098360625 0.4672131140625
19 0.3868852453125 0.4655737703125 0.3393442625 0.4655737703125 0.3393442625 0.5311475406249999 0.3868852453125 0.5311475406249999 0.3868852453125 0.4655737703125
19 0.6557377046874999 0.5147540984375001 0.6106557375 0.5147540984375001 0.6106557375 0.599180328125 0.6557377046874999 0.599180328125 0.6557377046874999 0.5147540984375001
19 0.49344262343749995 0.521311475 0.4344262296875 0.521311475 0.4344262296875 0.6049180328125 0.49344262343749995 0.6049180328125 0.49344262343749995 0.521311475
19 0.6065573765625001 0.529508196875 0.56967213125 0.529508196875 0.56967213125 0.6049180328125 0.6065573765625001 0.6049180328125 0.6065573765625001 0.529508196875
19 0.3819672125 0.53770491875 0.3327868859375 0.53770491875 0.3327868859375 0.6049180328125 0.3819672125 0.6049180328125 0.3819672125 0.53770491875
19 0.43278688593750003 0.53770491875 0.38770491875 0.53770491875 0.38770491875 0.6057377046875 0.43278688593750003 0.6057377046875 0.43278688593750003 0.53770491875
19 0.3327868859375 0.5393442625 0.2836065578125 0.5393442625 0.2836065578125 0.6065573765625001 0.3327868859375 0.6065573765625001 0.3327868859375 0.5393442625
19 0.5229508203125001 0.550819671875 0.491803278125 0.550819671875 0.491803278125 0.6040983609375 0.5229508203125001 0.6040983609375 0.5229508203125001 0.550819671875
19 0.46065573750000005 0.6836065578125 0.39672131093749996 0.6836065578125 0.39672131093749996 0.7639344265625 0.46065573750000005 0.7639344265625 0.46065573750000005 0.6836065578125
19 0.590163934375 0.6868852453125001 0.528688525 0.6868852453125001 0.528688525 0.759836065625 0.590163934375 0.759836065625 0.590163934375 0.6868852453125001
19 0.5229508203125001 0.6868852453125001 0.46393442656249995 0.6868852453125001 0.46393442656249995 0.759836065625 0.5229508203125001 0.759836065625 0.5229508203125001 0.6868852453125001
19 0.38360655781249997 0.6885245906249999 0.322131146875 0.6885245906249999 0.322131146875 0.7663934421875 0.38360655781249997 0.7663934421875 0.38360655781249997 0.6885245906249999