19 0.31640625 0.040625 0.2890625 0.040625 0.2890625 0.11484375 0.31640625 0.11484375 0.31640625 0.040625
19 0.28671875 0.0421875 0.2578125 0.0421875 0.2578125 0.11328125 0.28671875 0.11328125 0.28671875 0.0421875
19 0.3453125 0.04375 0.31875 0.04375 0.31875 0.1171875 0.3453125 0.1171875 0.3453125 0.04375
19 0.3609375 0.8125 0.33125 0.8125 0.33125 0.83984375 0.3609375 0.83984375 0.3609375 0.8125
19 0.21796875 0.8125 0.1890625 0.8125 0.1890625 0.8421875 0.21796875 0.8421875 0.21796875 0.8125
19 0.42265625 0.8125 0.39375 0.8125 0.39375 0.8421875 0.42265625 0.8421875 0.42265625 0.8125
19 0.32578125 0.8140625 0.2921875 0.8140625 0.2921875 0.84296875 0.32578125 0.84296875 0.32578125 0.8140625
19 0.39140625 0.8140625 0.3625 0.8140625 0.3625 0.84375 0.39140625 0.84375 0.39140625 0.8140625
19 0.28984375 0.8140625 0.2546875 0.8140625 0.2546875 0.84296875 0.28984375 0.84296875 0.28984375 0.8140625
19 0.2546875 0.815625 0.2234375 0.815625 0.2234375 0.8453125 0.2546875 0.8453125 0.2546875 0.815625
19 0.303125 0.8515625 0.2703125 0.8515625 0.2703125 0.88515625 0.303125 0.88515625 0.303125 0.8515625
19 0.334375 0.85 0.3046875 0.85 0.3046875 0.88515625 0.334375 0.88515625 0.334375 0.85
19 0.42734375 0.853125 0.3984375 0.853125 0.3984375 0.884375 0.42734375 0.884375 0.42734375 0.853125
19 0.27109375 0.85 0.2375 0.85 0.2375 0.8875 0.27109375 0.8875 0.27109375 0.85
19 0.365625 0.8515625 0.334375 0.8515625 0.334375 0.88515625 0.365625 0.88515625 0.365625 0.8515625
19 0.20546875 0.85 0.1765625 0.85 0.1765625 0.8875 0.20546875 0.8875 0.20546875 0.85
19 0.39921875 0.8546875 0.365625 0.8546875 0.365625 0.8875 0.39921875 0.8875 0.39921875 0.8546875
19 0.2390625 0.8546875 0.2078125 0.8546875 0.2078125 0.88828125 0.2390625 0.88828125 0.2390625 0.8546875
19 0.4265625 0.9015625 0.390625 0.9015625 0.390625 0.93125 0.4265625 0.93125 0.4265625 0.9015625
19 0.38515625 0.903125 0.35625 0.903125 0.35625 0.93203125 0.38515625 0.93203125 0.38515625 0.903125
19 0.35078125 0.903125 0.3171875 0.903125 0.3171875 0.93203125 0.35078125 0.93203125 0.35078125 0.903125
19 0.275 0.9046875 0.2453125 0.9046875 0.2453125 0.93203125 0.275 0.93203125 0.275 0.9046875
19 0.2015625 0.9078125 0.16875 0.9078125 0.16875 0.9328125 0.2015625 0.9328125 0.2015625 0.9078125
19 0.3109375 0.9046875 0.2796875 0.9046875 0.2796875 0.93359375 0.3109375 0.93359375 0.3109375 0.9046875
19 0.240625 0.90625 0.2078125 0.90625 0.2078125 0.93515625 0.240625 0.93515625 0.240625 0.90625
19 0.7984375 0.1640625 0.7734375 0.1640625 0.7734375 0.21484375 0.7984375 0.21484375 0.7984375 0.1640625
19 0.7765625 0.1953125 0.74375 0.1953125 0.74375 0.2671875 0.7765625 0.2671875 0.7765625 0.1953125
19 0.7375 0.1984375 0.7046875 0.1984375 0.7046875 0.2671875 0.7375 0.2671875 0.7375 0.1984375
19 0.7 0.1984375 0.66875 0.1984375 0.66875 0.2703125 0.7 0.2703125 0.7 0.1984375
19 0.80703125 0.215625 0.778125 0.215625 0.778125 0.26640625 0.80703125 0.26640625 0.80703125 0.215625
19 0.54375 0.2984375 0.4859375 0.2984375 0.4859375 0.371875 0.54375 0.371875 0.54375 0.2984375
19 0.484375 0.2984375 0.43125 0.2984375 0.43125 0.37265625 0.484375 0.37265625 0.484375 0.2984375
19 0.38515625 0.303125 0.346875 0.303125 0.346875 0.371875 0.38515625 0.371875 0.38515625 0.303125
19 0.6015625 0.3046875 0.5484375 0.3046875 0.5484375 0.36953125 0.6015625 0.36953125 0.6015625 0.3046875
19 0.3 0.303125 0.259375 0.303125 0.259375 0.37265625 0.3 0.37265625 0.3 0.303125
19 0.34375 0.303125 0.303125 0.303125 0.303125 0.37265625 0.34375 0.37265625 0.34375 0.303125
19 0.2140625 0.303125 0.171875 0.303125 0.171875 0.371875 0.2140625 0.371875 0.2140625 0.303125
19 0.42890625 0.3046875 0.3890625 0.3046875 0.3890625 0.37421875 0.42890625 0.37421875 0.42890625 0.3046875
19 0.25546875 0.30625 0.2171875 0.30625 0.2171875 0.3734375 0.25546875 0.3734375 0.25546875 0.30625
19 0.46875 0.40625 0.446875 0.40625 0.446875 0.47265625 0.46875 0.47265625 0.46875 0.40625
19 0.440625 0.409375 0.41875 0.409375 0.41875 0.4734375 0.440625 0.4734375 0.440625 0.409375
19 0.4953125 0.4109375 0.4734375 0.4109375 0.4734375 0.4734375 0.4953125 0.4734375 0.4953125 0.4109375
19 0.66875 0.4125 0.615625 0.4125 0.615625 0.47265625 0.66875 0.47265625 0.66875 0.4125
19 0.415625 0.4125 0.3796875 0.4125 0.3796875 0.4765625 0.415625 0.4765625 0.415625 0.4125
19 0.55078125 0.4140625 0.5265625 0.4140625 0.5265625 0.475 0.55078125 0.475 0.55078125 0.4140625
19 0.7234375 0.4140625 0.6703125 0.4140625 0.6703125 0.47265625 0.7234375 0.47265625 0.7234375 0.4140625
19 0.6109375 0.415625 0.559375 0.415625 0.559375 0.4734375 0.6109375 0.4734375 0.6109375 0.415625
19 0.3734375 0.4140625 0.33125 0.4140625 0.33125 0.4765625 0.3734375 0.4765625 0.3734375 0.4140625
19 0.52265625 0.415625 0.4984375 0.415625 0.4984375 0.47421875 0.52265625 0.47421875 0.52265625 0.415625
19 0.32734375 0.4140625 0.2890625 0.4140625 0.2890625 0.478125 0.32734375 0.478125 0.32734375 0.4140625
19 0.334375 0.5109375 0.2875 0.5109375 0.2875 0.56875 0.334375 0.56875 0.334375 0.5109375
19 0.28671875 0.5171875 0.23125 0.5171875 0.23125 0.56875 0.28671875 0.56875 0.28671875 0.5171875
19 0.3671875 0.5203125 0.334375 0.5203125 0.334375 0.565625 0.3671875 0.565625 0.3671875 0.5203125
19 0.4 0.5203125 0.36875 0.5203125 0.36875 0.565625 0.4 0.565625 0.4 0.5203125
19 0.503125 0.5234375 0.4734375 0.5234375 0.4734375 0.56328125 0.503125 0.56328125 0.503125 0.5234375
19 0.43671875 0.5203125 0.403125 0.5203125 0.403125 0.565625 0.43671875 0.565625 0.43671875 0.5203125
19 0.22734375 0.51875 0.171875 0.51875 0.171875 0.571875 0.22734375 0.571875 0.22734375 0.51875
19 0.4703125 0.5234375 0.440625 0.5234375 0.440625 0.56640625 0.4703125 0.56640625 0.4703125 0.5234375
19 0.4265625 0.61875 0.3953125 0.61875 0.3953125 0.665625 0.4265625 0.665625 0.4265625 0.61875
19 0.4625 0.6203125 0.4296875 0.6203125 0.4296875 0.6671875 0.4625 0.6671875 0.4625 0.6203125
19 0.390625 0.6203125 0.359375 0.6203125 0.359375 0.665625 0.390625 0.665625 0.390625 0.6203125
19 0.321875 0.6203125 0.290625 0.6203125 0.290625 0.66875 0.321875 0.66875 0.321875 0.6203125
19 0.35703125 0.6203125 0.3234375 0.6203125 0.3234375 0.66875 0.35703125 0.66875 0.35703125 0.6203125
19 0.2890625 0.625 0.25625 0.625 0.25625 0.6703125 0.2890625 0.6703125 0.2890625 0.625
19 0.2515625 0.625 0.21875 0.625 0.21875 0.6703125 0.2515625 0.6703125 0.2515625 0.625
19 0.21484375 0.625 0.1859375 0.625 0.1859375 0.6703125 0.21484375 0.6703125 0.21484375 0.625
19 0.525 0.7203125 0.4828125 0.7203125 0.4828125 0.7765625 0.525 0.7765625 0.525 0.7203125
19 0.47421875 0.7234375 0.43125 0.7234375 0.43125 0.7765625 0.47421875 0.7765625 0.47421875 0.7234375
19 0.2375 0.721875 0.1921875 0.721875 0.1921875 0.78046875 0.2375 0.78046875 0.2375 0.721875
19 0.2796875 0.7234375 0.2390625 0.7234375 0.2390625 0.7796875 0.2796875 0.7796875 0.2796875 0.7234375
19 0.42734375 0.7234375 0.3828125 0.7234375 0.3828125 0.77890625 0.42734375 0.77890625 0.42734375 0.7234375
19 0.33046875 0.7265625 0.2875 0.7265625 0.2875 0.7796875 0.33046875 0.7796875 0.33046875 0.7265625
19 0.37890625 0.728125 0.3359375 0.728125 0.3359375 0.77890625 0.37890625 0.77890625 0.37890625 0.728125
19 0.3734375 0.0390625 0.3484375 0.0390625 0.3484375 0.11328125 0.3734375 0.11328125 0.3734375 0.0390625
19 0.2546875 0.040625 0.2296875 0.040625 0.2296875 0.1125 0.2546875 0.1125 0.2546875 0.040625
19 0.19765625 0.0421875 0.16875 0.0421875 0.16875 0.11171875 0.19765625 0.11171875 0.19765625 0.0421875
19 0.2265625 0.0421875 0.2 0.0421875 0.2 0.11328125 0.2265625 0.11328125 0.2265625 0.0421875