19 0.59921875 0.1921875 0.5296875 0.1921875 0.5296875 0.3015625 0.59921875 0.3015625 0.59921875 0.1921875
19 0.52734375 0.19375 0.4609375 0.19375 0.4609375 0.3015625 0.52734375 0.3015625 0.52734375 0.19375
19 0.72109375 0.2171875 0.6515625 0.2171875 0.6515625 0.296875 0.72109375 0.296875 0.72109375 0.2171875
19 0.45859375 0.2109375 0.4078125 0.2109375 0.4078125 0.303125 0.45859375 0.303125 0.45859375 0.2109375
19 0.80546875 0.225 0.725 0.225 0.725 0.29375 0.80546875 0.29375 0.80546875 0.225
19 0.40625 0.2125 0.3578125 0.2125 0.3578125 0.30625 0.40625 0.30625 0.40625 0.2125
19 0.65390625 0.234375 0.603125 0.234375 0.603125 0.2984375 0.65390625 0.2984375 0.65390625 0.234375
19 0.428125 0.3671875 0.371875 0.3671875 0.371875 0.44140625 0.428125 0.44140625 0.428125 0.3671875
19 0.3703125 0.36875 0.3140625 0.36875 0.3140625 0.4453125 0.3703125 0.4453125 0.3703125 0.36875
19 0.31328125 0.3703125 0.2578125 0.3703125 0.2578125 0.44609375 0.31328125 0.44609375 0.31328125 0.3703125
19 0.25546875 0.3703125 0.2 0.3703125 0.2 0.446875 0.25546875 0.446875 0.25546875 0.3703125
19 0.19609375 0.3890625 0.1578125 0.3890625 0.1578125 0.446875 0.19609375 0.446875 0.19609375 0.3890625
19 0.1546875 0.390625 0.1140625 0.390625 0.1140625 0.4484375 0.1546875 0.4484375 0.1546875 0.390625
19 0.11484375 0.390625 0.0640625 0.390625 0.0640625 0.4484375 0.11484375 0.4484375 0.11484375 0.390625