19 0.51796875 0.15 0.4109375 0.15 0.4109375 0.24765625 0.51796875 0.24765625 0.51796875 0.15
19 0.64765625 0.1515625 0.5515625 0.1515625 0.5515625 0.246875 0.64765625 0.246875 0.64765625 0.1515625
19 0.76484375 0.153125 0.6625 0.153125 0.6625 0.2484375 0.76484375 0.2484375 0.76484375 0.153125
19 0.8796875 0.153125 0.775 0.153125 0.775 0.24921875 0.8796875 0.24921875 0.8796875 0.153125
19 0.9953125 0.15625 0.890625 0.15625 0.890625 0.2515625 0.9953125 0.2515625 0.9953125 0.15625
19 0.94921875 0.3484375 0.878125 0.3484375 0.878125 0.4046875 0.94921875 0.4046875 0.94921875 0.3484375
19 0.646875 0.6046875 0.5671875 0.6046875 0.5671875 0.7 0.646875 0.7 0.646875 0.6046875
19 0.55234375 0.6046875 0.471875 0.6046875 0.471875 0.70078125 0.55234375 0.70078125 0.55234375 0.6046875
19 0.71484375 0.64375 0.65625 0.64375 0.65625 0.70234375 0.71484375 0.70234375 0.71484375 0.64375
19 0.9125 0.646875 0.85625 0.646875 0.85625 0.70078125 0.9125 0.70078125 0.9125 0.646875
19 0.85234375 0.6453125 0.796875 0.6453125 0.796875 0.70078125 0.85234375 0.70078125 0.85234375 0.6453125
19 0.7890625 0.6453125 0.725 0.6453125 0.725 0.70078125 0.7890625 0.70078125 0.7890625 0.6453125