19 0.9375 0.5703125 0.9375 0.5029153359375 0.8355031953125 0.5029153359375 0.8355031953125 0.5703125 0.9375 0.5703125
19 0.996875 0.5875 0.996875 0.4859375 0.9297174515625001 0.4859375 0.9297174515625001 0.5875 0.996875 0.5875
19 0.70625 0.5890625 0.70625 0.494022065625 0.6119483828125001 0.494022065625 0.6119483828125001 0.5890625 0.70625 0.5890625
19 0.6109375 0.49747404062499995 0.5182258390625 0.49747404062499995 0.5182258390625 0.5869309109375 0.6109375 0.5869309109375 0.6109375 0.49747404062499995
19 0.5140625 0.5859375 0.5140625 0.49594149375 0.41945637031249994 0.49594149375 0.41945637031249994 0.5859375 0.5140625 0.5859375
19 0.7681809109375 0.5859375 0.7681809109375 0.51601936875 0.7130690890625 0.51601936875 0.7130690890625 0.5859375 0.7681809109375 0.5859375
19 0.8453125 0.58125 0.8453125 0.5241788140625 0.77672973125 0.5241788140625 0.77672973125 0.58125 0.8453125 0.58125
19 0.203125 0.6015625 0.203125 0.5017072687499999 0.1274236234375 0.5017072687499999 0.1274236234375 0.6015625 0.203125 0.6015625
19 0.3046875 0.6 0.3046875 0.5035742812499999 0.232400659375 0.5035742812499999 0.232400659375 0.6 0.3046875 0.6
19 0.4046875 0.6 0.4046875 0.5006240015625 0.3291358828125 0.5006240015625 0.3291358828125 0.6 0.4046875 0.6
19 0.040625 0.5455995406249999 0.0008935703124999999 0.5455995406249999 0.0008935703124999999 0.5871330875 0.040625 0.5871330875 0.040625 0.5455995406249999
19 0.0578125 0.5859375 0.1046875 0.5859375 0.1046875 0.5484000609375 0.0578125 0.5484000609375 0.0578125 0.5859375
19 0.521875 0.7125 0.521875 0.6195537140625 0.40209914218750004 0.6195537140625 0.40209914218750004 0.7125 0.521875 0.7125
19 1 0.6407797515625 0.926772165625 0.6407797515625 0.926772165625 0.6921875 1 0.6921875 1 0.6407797515625
19 0.8234375 0.71875 0.8234375 0.6184130390625 0.7219199281249999 0.6184130390625 0.7219199281249999 0.71875 0.8234375 0.71875
19 0.934375 0.721875 0.934375 0.6144443890625 0.8360822671875001 0.6144443890625 0.83608226875 0.721875 0.934375 0.721875
19 0.6203125 0.715625 0.6203125 0.627493509375 0.5300843640624999 0.627493509375 0.5300843640624999 0.715625 0.6203125 0.715625
19 0.7140625 0.715625 0.7140625 0.6279278140625 0.626365315625 0.6279278140625 0.626365315625 0.715625 0.7140625 0.715625
19 0.3984375 0.7140625 0.3984375 0.64339556875 0.28885533125 0.64339556875 0.28885533125 0.7140625 0.3984375 0.7140625