19 0.2515625 0.3375 0.2515625 0.3828125 0.378125 0.3828125 0.378125 0.3375 0.2515625 0.3375
19 0.2515625 0.4 0.2515625 0.361328125 0.166015625 0.361328125 0.166015625 0.4 0.2515625 0.4
19 0.71875 0.468359375 0.6625 0.468359375 0.6625 0.6109375 0.71875 0.6109375 0.71875 0.468359375
19 0.56875 0.481640625 0.4890625 0.481640625 0.4890625 0.6078125 0.56875 0.6078125 0.56875 0.481640625
19 0.8453125 0.498828125 0.784375 0.498828125 0.784375 0.6 0.8453125 0.6 0.8453125 0.498828125
19 0.7140625 0.5390625 0.7140625 0.5953125 0.7921875 0.5953125 0.7921875 0.5390625 0.7140625 0.5390625
19 0.573046875 0.5234375 0.573046875 0.6125 0.6484375 0.6125 0.6484375 0.5234375 0.573046875 0.5234375
19 0.1875 0.6078125 0.1875 0.528125 0.082421875 0.528125 0.082421875 0.6078125 0.1875 0.6078125
19 0 0.6296875 0.084375 0.6296875 0.084375 0.509375 0 0.509375 0 0.6296875
19 0.85 0.5484375 0.85 0.6046875 0.896875 0.6046875 0.896875 0.5484375 0.85 0.5484375
19 0.3265625 0.6 0.3265625 0.556640625 0.245703125 0.556640625 0.245703125 0.6 0.3265625 0.6
19 0.184375 0.5359375 0.184375 0.625 0.259375 0.625 0.259375 0.5359375 0.184375 0.5359375