19 0.000390625 0.165625 0.000390625 0.3078125 0.0890625 0.3078125 0.0890625 0.165625 0.000390625 0.165625
19 0.2109375 0.198046875 0.07890625 0.198046875 0.07890625 0.2796875 0.2109375 0.2796875 0.2109375 0.198046875
19 0.1921875 0.18125 0.1921875 0.3109375 0.28125 0.3109375 0.28125 0.18125 0.1921875 0.18125
19 0.282421875 0.1828125 0.282421875 0.3140625 0.3640625 0.3140625 0.3640625 0.1828125 0.282421875 0.1828125
19 0.4421875 0.4609375 0.48125 0.4609375 0.48125 0.422265625 0.4421875 0.422265625 0.4421875 0.4609375
19 0.6078125 0.459375 0.6078125 0.427734375 0.57109375 0.427734375 0.57109375 0.459375 0.6078125 0.459375
19 0.525 0.4609375 0.525 0.428515625 0.4828125 0.428515625 0.4828125 0.4609375 0.525 0.4609375
19 0.530078125 0.425 0.530078125 0.465625 0.5640625 0.465625 0.5640625 0.425 0.530078125 0.425
19 0.953125 0.4359375 0.953125 0.4890625 0.9796875 0.4890625 0.9796875 0.4359375 0.953125 0.4359375
19 0.9140625 0.4375 0.9140625 0.4890625 0.9453125 0.4890625 0.9453125 0.4375 0.9140625 0.4375
19 0.878125 0.4375 0.878125 0.490625 0.90625 0.490625 0.90625 0.4375 0.878125 0.4375
19 0.8359375 0.4390625 0.8359375 0.490625 0.86875 0.490625 0.86875 0.4390625 0.8359375 0.4390625
19 0.2109375 0.5125 0.2109375 0.4171875 0.137890625 0.4171875 0.137890625 0.5125 0.2109375 0.5125
19 0.7921875 0.4828125 0.7921875 0.45 0.737890625 0.45 0.737890625 0.4828125 0.7921875 0.4828125
19 0.7546875 0.484375 0.7546875 0.447265625 0.6953125 0.447265625 0.6953125 0.484375 0.7546875 0.484375
19 0.614453125 0.4359375 0.614453125 0.5 0.6484375 0.5 0.6484375 0.4359375 0.614453125 0.4359375
19 0.8265625 0.49375 0.8265625 0.439453125 0.791796875 0.439453125 0.791796875 0.49375 0.8265625 0.49375
19 0.648828125 0.45 0.648828125 0.484375 0.7109375 0.484375 0.7109375 0.45 0.648828125 0.45
19 0.39375 0.451953125 0.3296875 0.451953125 0.3296875 0.496875 0.39375 0.496875 0.39375 0.451953125
19 0.38125 0.49375 0.4453125 0.49375 0.4453125 0.454296875 0.38125 0.454296875 0.38125 0.49375
19 0.2765625 0.5 0.2765625 0.45234375 0.20859375 0.45234375 0.20859375 0.5 0.2765625 0.5
19 0.266796875 0.4515625 0.266796875 0.5 0.334375 0.5 0.334375 0.4515625 0.266796875 0.4515625
19 0.6046875 0.470703125 0.571875 0.470703125 0.571875 0.496875 0.6046875 0.496875 0.6046875 0.470703125
19 0.4390625 0.46875 0.4390625 0.503125 0.48125 0.503125 0.48125 0.46875 0.4390625 0.46875
19 0.521875 0.5046875 0.521875 0.469921875 0.489453125 0.469921875 0.489453125 0.5046875 0.521875 0.5046875
19 0.5625 0.5046875 0.5625 0.47265625 0.53203125 0.47265625 0.53203125 0.5046875 0.5625 0.5046875
19 0.251953125 0.571875 0.251953125 0.6671875 0.3328125 0.6671875 0.3328125 0.571875 0.251953125 0.571875
19 0.158203125 0.5765625 0.158203125 0.6765625 0.2421875 0.6765625 0.2421875 0.5765625 0.158203125 0.5765625
19 0.053125 0.575 0.053125 0.6828125 0.1515625 0.6828125 0.1515625 0.575 0.053125 0.575
19 0.8109375 0.6765625 0.8109375 0.75 0.86875 0.75 0.86875 0.6765625 0.8109375 0.6765625
19 0.8234375 0.7421875 0.8234375 0.68671875 0.74453125 0.68671875 0.74453125 0.7421875 0.8234375 0.7421875
19 0.7625 0.753125 0.7625 0.6953125 0.683203125 0.6953125 0.683203125 0.753125 0.7625 0.753125
19 0.63125 0.690625 0.63125 0.771875 0.69375 0.771875 0.69375 0.690625 0.63125 0.690625
19 0.6296875 0.7734375 0.6296875 0.7078125 0.548828125 0.7078125 0.548828125 0.7734375 0.6296875 0.7734375
19 0.5515625 0.7875 0.5515625 0.7078125 0.481640625 0.7078125 0.481640625 0.7875 0.5515625 0.7875
19 0.484375 0.796875 0.484375 0.721875 0.400390625 0.721875 0.400390625 0.796875 0.484375 0.796875
19 0.403125 0.8046875 0.403125 0.724609375 0.314453125 0.724609375 0.314453125 0.8046875 0.403125 0.8046875
19 0.3171875 0.8171875 0.3171875 0.730859375 0.237109375 0.730859375 0.237109375 0.8171875 0.3171875 0.8171875
19 0.2328125 0.825 0.2328125 0.739453125 0.137890625 0.739453125 0.137890625 0.825 0.2328125 0.825
19 0.140625 0.83125 0.140625 0.74765625 0.04296875 0.74765625 0.04296875 0.83125 0.140625 0.83125
19 0.4015625 0.934375 0.4015625 0.875 0.333203125 0.875 0.333203125 0.934375 0.4015625 0.934375
19 0.3140625 0.9578125 0.3140625 0.878125 0.253515625 0.878125 0.253515625 0.9578125 0.3140625 0.9578125
19 0.225 0.96875 0.225 0.891796875 0.1609375 0.891796875 0.1609375 0.96875 0.225 0.96875
19 0.06875 0.909375 0.06875 0.971875 0.1421875 0.971875 0.1421875 0.909375 0.06875 0.909375