19 0.821875 0.624609375 0.8 0.624609375 0.8 0.6421875 0.821875 0.6421875 0.821875 0.624609375
19 0.8421875 0.6421875 0.8421875 0.624609375 0.824609375 0.624609375 0.824609375 0.6421875 0.8421875 0.6421875
19 0.865625 0.64375 0.865625 0.625 0.847265625 0.625 0.847265625 0.64375 0.865625 0.64375
19 0.890625 0.646875 0.890625 0.62578125 0.87109375 0.62578125 0.87109375 0.646875 0.890625 0.646875
19 0.9140625 0.64375 0.9140625 0.626953125 0.897265625 0.626953125 0.897265625 0.64375 0.9140625 0.64375
19 0.8109375 0.6703125 0.8109375 0.64609375 0.77578125 0.64609375 0.77578125 0.6703125 0.8109375 0.6703125
19 0.75390625 0.66875 0.75390625 0.644921875 0.7203125 0.644921875 0.7203125 0.66875 0.75390625 0.66875
19 0.609375 0.6703125 0.609375 0.64609375 0.57421875 0.64609375 0.57421875 0.6703125 0.609375 0.6703125
19 0.60625 0.640625 0.60625 0.6765625 0.6328125 0.6765625 0.6328125 0.640625 0.60625 0.640625
19 0.5515625 0.6703125 0.5515625 0.64453125 0.51484375 0.64453125 0.51484375 0.6703125 0.5515625 0.6703125
19 0.55 0.640625 0.55 0.6765625 0.575 0.6765625 0.575 0.640625 0.55 0.640625
19 0.66875 0.645703125 0.630859375 0.645703125 0.630859375 0.669921875 0.66875 0.669921875 0.66875 0.645703125
19 0.747265625 0.6453125 0.747265625 0.671875 0.7828125 0.671875 0.7828125 0.6453125 0.747265625 0.6453125
19 0.5171875 0.641015625 0.4921875 0.641015625 0.4921875 0.675 0.5171875 0.675 0.5171875 0.641015625
19 0.6609375 0.6453125 0.6609375 0.671875 0.696875 0.671875 0.696875 0.6453125 0.6609375 0.6453125
19 0.721875 0.644140625 0.689453125 0.644140625 0.689453125 0.673046875 0.721875 0.673046875 0.721875 0.644140625
19 0.93125 0.671875 0.93125 0.6546875 0.911328125 0.6546875 0.911328125 0.671875 0.93125 0.671875
19 0.808203125 0.653125 0.808203125 0.675 0.83125 0.675 0.83125 0.653125 0.808203125 0.653125
19 0.88125 0.654296875 0.8609375 0.654296875 0.8609375 0.6734375 0.88125 0.6734375 0.88125 0.654296875
19 0.8359375 0.6546875 0.8359375 0.675 0.85625 0.675 0.85625 0.6546875 0.8359375 0.6546875
19 0.8875 0.675 0.90625 0.675 0.90625 0.656640625 0.8875 0.656640625 0.8875 0.675
19 0.632421875 0.703125 0.632421875 0.7453125 0.6875 0.7453125 0.6875 0.703125 0.632421875 0.703125
19 0.59375 0.6953125 0.59375 0.753125 0.6390625 0.753125 0.6390625 0.6953125 0.59375 0.6953125
19 0.546875 0.7546875 0.546875 0.694921875 0.497265625 0.694921875 0.497265625 0.7546875 0.546875 0.7546875
19 0.5984375 0.70390625 0.542578125 0.70390625 0.542578125 0.7484375 0.5984375 0.7484375 0.5984375 0.70390625
19 0.881640625 0.6984375 0.881640625 0.7546875 0.925 0.7546875 0.925 0.6984375 0.881640625 0.6984375
19 0.734765625 0.6984375 0.734765625 0.75625 0.7828125 0.75625 0.7828125 0.6984375 0.734765625 0.6984375
19 0.83125 0.75 0.83125 0.70859375 0.78515625 0.70859375 0.78515625 0.75 0.83125 0.75
19 0.735546875 0.753125 0.735546875 0.705078125 0.684765625 0.705078125 0.684765625 0.753125 0.735546875 0.753125
19 0.8828125 0.7515625 0.8828125 0.7078125 0.830078125 0.7078125 0.830078125 0.7515625 0.8828125 0.7515625
19 0.6859375 0.778125 0.6859375 0.8296875 0.728125 0.8296875 0.728125 0.778125 0.6859375 0.778125
19 0.7296875 0.78125 0.7296875 0.8265625 0.778125 0.8265625 0.778125 0.78125 0.7296875 0.78125
19 0.6875 0.825 0.6875 0.783984375 0.63515625 0.783984375 0.63515625 0.825 0.6875 0.825
19 0.92109375 0.825 0.92109375 0.783984375 0.8765625 0.783984375 0.8765625 0.825 0.92109375 0.825
19 0.777734375 0.784375 0.777734375 0.82890625 0.825 0.82890625 0.825 0.784375 0.777734375 0.784375
19 0.544140625 0.7828125 0.544140625 0.83125 0.5875 0.83125 0.5875 0.7828125 0.544140625 0.7828125
19 0.833984375 0.784375 0.833984375 0.8328125 0.8765625 0.8328125 0.8765625 0.784375 0.833984375 0.784375
19 0.5921875 0.784375 0.5921875 0.8328125 0.6375 0.8328125 0.6375 0.784375 0.5921875 0.784375
19 0.534375 0.791015625 0.5015625 0.791015625 0.5015625 0.8390625 0.534375 0.8390625 0.534375 0.791015625
19 0.6890625 0.875 0.6890625 0.915625 0.7265625 0.915625 0.7265625 0.875 0.6890625 0.875
19 0.6890625 0.9140625 0.6890625 0.87734375 0.64765625 0.87734375 0.64765625 0.9140625 0.6890625 0.9140625
19 0.571875 0.8765625 0.571875 0.915625 0.609375 0.915625 0.609375 0.8765625 0.571875 0.8765625
19 0.609375 0.878125 0.609375 0.915625 0.65 0.915625 0.65 0.878125 0.609375 0.878125
19 0.5328125 0.878125 0.5328125 0.91875 0.5703125 0.91875 0.5703125 0.878125 0.5328125 0.878125
19 0.89296875 0.909375 0.89296875 0.885546875 0.859375 0.885546875 0.859375 0.909375 0.89296875 0.909375
19 0.8609375 0.9140625 0.8609375 0.880859375 0.833984375 0.880859375 0.833984375 0.9140625 0.8609375 0.9140625
19 0.834375 0.880859375 0.8078125 0.880859375 0.8078125 0.9140625 0.834375 0.9140625 0.834375 0.880859375
19 0.9171875 0.915625 0.9171875 0.8828125 0.891015625 0.8828125 0.891015625 0.915625 0.9171875 0.915625
19 0.78125 0.886328125 0.746875 0.886328125 0.746875 0.9109375 0.78125 0.9109375 0.78125 0.886328125
19 0.809375 0.9109375 0.809375 0.88671875 0.77734375 0.88671875 0.77734375 0.9109375 0.809375 0.9109375
19 0.753125 0.9109375 0.753125 0.888671875 0.721484375 0.888671875 0.721484375 0.9109375 0.753125 0.9109375
19 0.49375 0.8828125 0.49375 0.91875 0.53125 0.91875 0.53125 0.8828125 0.49375 0.8828125
19 0.8046875 0.515625 0.8046875 0.5796875 0.8421875 0.5796875 0.8421875 0.515625 0.8046875 0.515625
19 0.8921875 0.515625 0.8921875 0.5796875 0.9328125 0.5796875 0.9328125 0.515625 0.8921875 0.515625
19 0.9 0.528125 0.837890625 0.528125 0.837890625 0.565625 0.9 0.565625 0.9 0.528125
19 0.715625 0.56875 0.715625 0.52890625 0.65546875 0.52890625 0.65546875 0.56875 0.715625 0.56875
19 0.7140625 0.5171875 0.7140625 0.58125 0.7515625 0.58125 0.7515625 0.5171875 0.7140625 0.5171875
19 0.758203125 0.5171875 0.758203125 0.58125 0.7953125 0.58125 0.7953125 0.5171875 0.758203125 0.5171875