19 0.1546875 0.6296875 0.071875 0.6296875 0.071875 0.67890625 0.1546875 0.67890625 0.1546875 0.6296875
19 0.56796875 0.7 0.5015625 0.7 0.5015625 0.7421875 0.56796875 0.7421875 0.56796875 0.7
19 0.4953125 0.7 0.434375 0.7 0.434375 0.74296875 0.4953125 0.74296875 0.4953125 0.7
19 0.42265625 0.7046875 0.36875 0.7046875 0.36875 0.7453125 0.42265625 0.7453125 0.42265625 0.7046875
19 0.36328125 0.70625 0.3078125 0.70625 0.3078125 0.746875 0.36328125 0.746875 0.36328125 0.70625
19 0.29921875 0.70625 0.2390625 0.70625 0.2390625 0.746875 0.29921875 0.746875 0.29921875 0.70625
19 0.23671875 0.709375 0.1828125 0.709375 0.1828125 0.75 0.23671875 0.75 0.23671875 0.709375
19 0.17890625 0.709375 0.1203125 0.709375 0.1203125 0.7515625 0.17890625 0.7515625 0.17890625 0.709375
19 0.1109375 0.709375 0.0484375 0.709375 0.0484375 0.75234375 0.1109375 0.75234375 0.1109375 0.709375
19 0.6328125 0.2203125 0.5703125 0.2203125 0.5703125 0.29609375 0.6328125 0.29609375 0.6328125 0.2203125
19 0.5625 0.21875 0.4984375 0.21875 0.4984375 0.29453125 0.5625 0.29453125 0.5625 0.21875
19 0.7015625 0.221875 0.6453125 0.221875 0.6453125 0.2984375 0.7015625 0.2984375 0.7015625 0.221875
19 0.49140625 0.21875 0.4203125 0.21875 0.4203125 0.2984375 0.49140625 0.2984375 0.49140625 0.21875
19 0.77734375 0.221875 0.7109375 0.221875 0.7109375 0.29765625 0.77734375 0.29765625 0.77734375 0.221875
19 0.83046875 0.2359375 0.7796875 0.2359375 0.7796875 0.30078125 0.83046875 0.30078125 0.83046875 0.2359375
19 0.99765625 0.2359375 0.9484375 0.2359375 0.9484375 0.3 0.99765625 0.3 0.99765625 0.2359375
19 0.88515625 0.234375 0.834375 0.234375 0.834375 0.2984375 0.88515625 0.2984375 0.88515625 0.234375
19 0.94609375 0.234375 0.890625 0.234375 0.890625 0.29921875 0.94609375 0.29921875 0.94609375 0.234375
19 0.70703125 0.328125 0.6640625 0.328125 0.6640625 0.38671875 0.70703125 0.38671875 0.70703125 0.328125
19 0.76015625 0.3265625 0.715625 0.3265625 0.715625 0.3875 0.76015625 0.3875 0.76015625 0.3265625
19 0.65390625 0.3453125 0.6140625 0.3453125 0.6140625 0.38828125 0.65390625 0.38828125 0.65390625 0.3453125
19 0.61015625 0.3453125 0.565625 0.3453125 0.565625 0.3875 0.61015625 0.3875 0.61015625 0.3453125
19 0.34609375 0.453125 0.3015625 0.453125 0.3015625 0.47578125 0.34609375 0.47578125 0.34609375 0.453125
19 0.40859375 0.446875 0.3484375 0.446875 0.3484375 0.50234375 0.40859375 0.50234375 0.40859375 0.446875
19 0.24453125 0.4484375 0.184375 0.4484375 0.184375 0.50390625 0.24453125 0.50390625 0.24453125 0.4484375
19 0.4625 0.4609375 0.4171875 0.4609375 0.4171875 0.49921875 0.4625 0.49921875 0.4625 0.4609375
19 0.5671875 0.4609375 0.521875 0.4609375 0.521875 0.50078125 0.5671875 0.50078125 0.5671875 0.4609375
19 0.29609375 0.459375 0.253125 0.459375 0.253125 0.5015625 0.29609375 0.5015625 0.29609375 0.459375
19 0.62109375 0.4609375 0.571875 0.4609375 0.571875 0.5015625 0.62109375 0.5015625 0.62109375 0.4609375
19 0.51328125 0.4609375 0.46875 0.4609375 0.46875 0.50078125 0.51328125 0.50078125 0.51328125 0.4609375
19 0.34609375 0.4796875 0.303125 0.4796875 0.303125 0.50234375 0.34609375 0.50234375 0.34609375 0.4796875
19 0.2234375 0.5421875 0.140625 0.5421875 0.140625 0.5953125 0.2234375 0.5953125 0.2234375 0.5421875
19 0.13125 0.5421875 0.0515625 0.5421875 0.0515625 0.59765625 0.13125 0.59765625 0.13125 0.5421875