19 0.11056374531249999 0.6625 0.11056374531249999 0.5846656984374999 0.0457796921875 0.5846656984374999 0.0457796921875 0.6625 0.11056374531249999 0.6625
19 0.20507942343750002 0.59375 0.20507942343750002 0.65625 0.2839830765625 0.65625 0.2839830765625 0.59375 0.20507942343750002 0.59375
19 0.19375 0.5859375 0.12993407343750002 0.5859375 0.12993407343750002 0.6639119609375 0.19375 0.6639119609375 0.19375 0.5859375
19 0.2890625 0.6624428984375 0.35714285625 0.6624428984375 0.35714285625 0.5885226328125001 0.2890625 0.5885226328125001 0.2890625 0.6624428984375
19 0.41875 0.6046875 0.37097435624999997 0.6046875 0.37097435624999997 0.661973109375 0.41875 0.661973109375 0.41875 0.6046875
19 0.74375 0.6609375 0.74375 0.61020296875 0.6957874796875 0.61020296875 0.6957874796875 0.6609375 0.74375 0.6609375
19 0.565625 0.6609375 0.6124636625 0.6609375 0.6124636625 0.604874378125 0.565625 0.604874378125 0.565625 0.6609375
19 0.5515625 0.659375 0.5515625 0.6115214921875001 0.498305128125 0.6115214921875001 0.498305128125 0.659375 0.5515625 0.659375
19 0.68125 0.6063667984375 0.6335314578125 0.6063667984375 0.6335314578125 0.66367576875 0.68125 0.66367576875 0.68125 0.6063667984375
19 0.4890625 0.609507371875 0.4314524515625 0.609507371875 0.4314524515625 0.657680128125 0.4890625 0.657680128125 0.4890625 0.609507371875
19 0.965625 0.65625 0.965625 0.6296303984375 0.9128503953125 0.6296303984375 0.9128503953125 0.65625 0.965625 0.65625
19 0.9078125 0.65625 0.9078125 0.6295058140625 0.8598603609375 0.6295058140625 0.8598603609375 0.65625 0.9078125 0.65625
19 0.8453125 0.6671875 0.8453125 0.6206525125 0.8164322046875 0.6206525125 0.8164322046875 0.6671875 0.8453125 0.6671875
19 0.79375 0.6671875 0.79375 0.620585028125 0.7649371890625 0.620585028125 0.7649371890625 0.6671875 0.79375 0.6671875