19 0.4875 0.828125 0.4875 0.76484375 0.404296875 0.76484375 0.404296875 0.828125 0.4875 0.828125
19 0.34375 0.76328125 0.257421875 0.76328125 0.257421875 0.834375 0.34375 0.834375 0.34375 0.76328125
19 0.415625 0.8328125 0.415625 0.759375 0.329296875 0.759375 0.329296875 0.8328125 0.415625 0.8328125
19 0.1828125 0.8453125 0.2640625 0.8453125 0.2640625 0.761328125 0.1828125 0.761328125 0.1828125 0.8453125
19 0.5921875 0.8265625 0.5921875 0.780078125 0.5265625 0.780078125 0.5265625 0.8265625 0.5921875 0.8265625
19 0.4890625 0.771875 0.4890625 0.8375 0.5296875 0.8375 0.5296875 0.771875 0.4890625 0.771875
19 0.24375 0.665625 0.24375 0.592578125 0.116796875 0.592578125 0.116796875 0.665625 0.24375 0.665625
19 0.198046875 0.596875 0.198046875 0.66640625 0.3234375 0.66640625 0.3234375 0.596875 0.198046875 0.596875
19 0.3734375 0.6953125 0.3734375 0.569140625 0.309765625 0.569140625 0.309765625 0.6953125 0.3734375 0.6953125
19 0.3890625 0.621875 0.3890625 0.69375 0.43125 0.69375 0.43125 0.621875 0.3890625 0.621875
19 0.4953125 0.6828125 0.4953125 0.638671875 0.426953125 0.638671875 0.426953125 0.6828125 0.4953125 0.6828125
19 0.5515625 0.6828125 0.5515625 0.637109375 0.478125 0.637109375 0.478125 0.6828125 0.5515625 0.6828125