19 0.5078125 0.29375 0.5078125 0.214453125 0.453125 0.214453125 0.453125 0.29375 0.5078125 0.29375
19 0.2765625 0.236328125 0.2 0.236328125 0.2 0.290625 0.2765625 0.290625 0.2765625 0.236328125
19 0.1828125 0.3046875 0.1828125 0.22578125 0.12734375 0.22578125 0.12734375 0.3046875 0.1828125 0.3046875
19 0.521875 0.2734375 0.521875 0.36875 0.5984375 0.36875 0.5984375 0.2734375 0.521875 0.2734375
19 0.515625 0.3640625 0.515625 0.283203125 0.434765625 0.283203125 0.434765625 0.3640625 0.515625 0.3640625
19 0.6671875 0.340625 0.6671875 0.308203125 0.578515625 0.308203125 0.578515625 0.340625 0.6671875 0.340625
19 0.35625 0.291015625 0.2875 0.291015625 0.2875 0.359375 0.35625 0.359375 0.35625 0.291015625
19 0.1796875 0.3578125 0.1796875 0.291796875 0.104296875 0.291796875 0.104296875 0.3578125 0.1796875 0.3578125
19 0.263671875 0.3625 0.263671875 0.288671875 0.197265625 0.288671875 0.197265625 0.3625 0.263671875 0.3625
19 0.61875 0.3078125 0.61875 0.3453125 0.70625 0.3453125 0.70625 0.3078125 0.61875 0.3078125
19 0.7203125 0.3703125 0.7203125 0.281640625 0.686328125 0.281640625 0.686328125 0.3703125 0.7203125 0.3703125
19 0.355859375 0.29375 0.355859375 0.3578125 0.4234375 0.3578125 0.4234375 0.29375 0.355859375 0.29375
19 0.7625 0.281640625 0.725 0.281640625 0.725 0.3703125 0.7625 0.3703125 0.7625 0.281640625
19 0.8015625 0.371875 0.8015625 0.283203125 0.766796875 0.283203125 0.766796875 0.371875 0.8015625 0.371875
19 0.7796875 0.3125 0.7796875 0.3484375 0.86875 0.3484375 0.86875 0.3125 0.7796875 0.3125
19 0.846875 0.2859375 0.846875 0.375 0.884375 0.375 0.884375 0.2859375 0.846875 0.2859375
19 0.8625 0.3125 0.8625 0.3484375 0.9515625 0.3484375 0.9515625 0.3125 0.8625 0.3125
19 0.391015625 0.4078125 0.391015625 0.465625 0.425 0.465625 0.425 0.4078125 0.391015625 0.4078125
19 0.3890625 0.4578125 0.3890625 0.42421875 0.344921875 0.42421875 0.344921875 0.4578125 0.3890625 0.4578125
19 0.534375 0.4359375 0.534375 0.534375 0.5875 0.534375 0.5875 0.4359375 0.534375 0.4359375
19 0.069140625 0.4578125 0.069140625 0.515625 0.1484375 0.515625 0.1484375 0.4578125 0.069140625 0.4578125
19 0.6703125 0.5125 0.6703125 0.459765625 0.5734375 0.459765625 0.5734375 0.5125 0.6703125 0.5125
19 0.2140625 0.5125 0.2140625 0.458203125 0.134765625 0.458203125 0.134765625 0.5125 0.2140625 0.5125
19 0.278125 0.5171875 0.278125 0.459375 0.198828125 0.459375 0.198828125 0.5171875 0.278125 0.5171875
19 0.70625 0.5359375 0.70625 0.438671875 0.656640625 0.438671875 0.656640625 0.5359375 0.70625 0.5359375
19 0.280859375 0.45 0.280859375 0.528125 0.3390625 0.528125 0.3390625 0.45 0.280859375 0.45
19 0.694921875 0.4609375 0.694921875 0.515625 0.79375 0.515625 0.79375 0.4609375 0.694921875 0.4609375
19 0.480078125 0.45 0.480078125 0.5328125 0.521875 0.5328125 0.521875 0.45 0.480078125 0.45
19 0.7609375 0.4640625 0.7609375 0.5171875 0.8609375 0.5171875 0.8609375 0.4640625 0.7609375 0.4640625
19 0.844140625 0.44375 0.844140625 0.54375 0.89375 0.54375 0.89375 0.44375 0.844140625 0.44375
19 0.39375 0.481640625 0.3359375 0.481640625 0.3359375 0.5171875 0.39375 0.5171875 0.39375 0.481640625
19 0.3875 0.5296875 0.421875 0.5296875 0.421875 0.472265625 0.3875 0.472265625 0.3875 0.5296875