19 0.7140625 0.9125 0.7140625 0.859765625 0.682421875 0.859765625 0.682421875 0.9125 0.7140625 0.9125
19 0.559375 0.865625 0.559375 0.9125 0.596875 0.9125 0.596875 0.865625 0.559375 0.865625
19 0.6625 0.9046875 0.6625 0.871484375 0.612890625 0.871484375 0.612890625 0.9046875 0.6625 0.9046875
19 0.01875 0.8734375 0.01875 0.9453125 0.090625 0.9453125 0.090625 0.8734375 0.01875 0.8734375
19 0.0984375 0.871875 0.0984375 0.95 0.1703125 0.95 0.1703125 0.871875 0.0984375 0.871875
19 0.515625 0.9484375 0.515625 0.873046875 0.436328125 0.873046875 0.436328125 0.9484375 0.515625 0.9484375
19 0.184375 0.871875 0.184375 0.95 0.25625 0.95 0.25625 0.871875 0.184375 0.871875
19 0.334375 0.9484375 0.334375 0.876171875 0.266015625 0.876171875 0.266015625 0.9484375 0.334375 0.9484375
19 0.419921875 0.95 0.419921875 0.875390625 0.348828125 0.875390625 0.348828125 0.95 0.419921875 0.95
19 0.5234375 0.9140625 0.5234375 0.9515625 0.571875 0.9515625 0.571875 0.9140625 0.5234375 0.9140625
19 0.575 0.915625 0.575 0.9515625 0.6203125 0.9515625 0.6203125 0.915625 0.575 0.915625
19 0.746875 0.916015625 0.690625 0.916015625 0.690625 0.95 0.746875 0.95 0.746875 0.916015625
19 0.6734375 0.959375 0.6734375 0.90859375 0.63671875 0.90859375 0.63671875 0.959375 0.6734375 0.959375
19 0.5328125 0.7390625 0.5328125 0.638671875 0.446484375 0.638671875 0.446484375 0.7390625 0.5328125 0.7390625
19 0.553125 0.64375 0.553125 0.7390625 0.6359375 0.7390625 0.6359375 0.64375 0.553125 0.64375
19 0.770703125 0.64375 0.770703125 0.7484375 0.8625 0.7484375 0.8625 0.64375 0.770703125 0.64375
19 0.8765625 0.653125 0.8765625 0.740625 0.9796875 0.740625 0.9796875 0.653125 0.8765625 0.653125
19 0.7484375 0.75 0.7484375 0.64296875 0.66171875 0.64296875 0.66171875 0.75 0.7484375 0.75
19 0.446875 0.7359375 0.446875 0.662109375 0.373828125 0.662109375 0.373828125 0.7359375 0.446875 0.7359375
19 0.3 0.6625 0.3 0.7390625 0.36875 0.7390625 0.36875 0.6625 0.3 0.6625
19 0.284375 0.675390625 0.229296875 0.675390625 0.229296875 0.741796875 0.284375 0.741796875 0.284375 0.675390625
19 0.1609375 0.7390625 0.21875 0.7390625 0.21875 0.683984375 0.1609375 0.683984375 0.1609375 0.7390625
19 0.096875 0.740625 0.096875 0.680859375 0.03828125 0.680859375 0.03828125 0.740625 0.096875 0.740625
19 0.1578125 0.7390625 0.1578125 0.684375 0.100390625 0.684375 0.100390625 0.7390625 0.1578125 0.7390625