19 0.776953125 0.3609375 0.776953125 0.4359375 0.8296875 0.4359375 0.8296875 0.3609375 0.776953125 0.3609375
19 0.6671875 0.4359375 0.6671875 0.36015625 0.61484375 0.36015625 0.61484375 0.4359375 0.6671875 0.4359375
19 1 0.373046875 0.9375 0.373046875 0.9375 0.4234375 1 0.4234375 1 0.373046875
19 0.9171875 0.4375 0.9171875 0.362109375 0.8671875 0.362109375 0.8671875 0.4375 0.9171875 0.4375
19 0.5078125 0.378125 0.5078125 0.4234375 0.5953125 0.4234375 0.5953125 0.378125 0.5078125 0.378125
19 0.678515625 0.378125 0.678515625 0.4265625 0.7625 0.4265625 0.7625 0.378125 0.678515625 0.378125
19 0.2265625 0.51875 0.2265625 0.4609375 0.176953125 0.4609375 0.176953125 0.51875 0.2265625 0.51875
19 0.23125 0.4625 0.23125 0.5203125 0.2828125 0.5203125 0.2828125 0.4625 0.23125 0.4625
19 0.028125 0.478125 0.028125 0.51875 0.06875 0.51875 0.06875 0.478125 0.028125 0.478125
19 0.11875 0.477734375 0.078125 0.477734375 0.078125 0.5171875 0.11875 0.5171875 0.11875 0.477734375
19 0.133203125 0.478125 0.133203125 0.51875 0.1703125 0.51875 0.1703125 0.478125 0.133203125 0.478125
19 0.8375 0.5359375 0.8375 0.459765625 0.7890625 0.459765625 0.7890625 0.5359375 0.8375 0.5359375
19 0.8625 0.4734375 0.8625 0.521875 0.9390625 0.521875 0.9390625 0.4734375 0.8625 0.4734375
19 0.6859375 0.478125 0.6859375 0.525 0.7703125 0.525 0.7703125 0.478125 0.6859375 0.478125