19 0.2 0.1703125 0.259375 0.1703125 0.259375 0.095703125 0.2 0.095703125 0.2 0.1703125
19 0.265625 0.1078125 0.265625 0.16875 0.3328125 0.16875 0.3328125 0.1078125 0.265625 0.1078125
19 0.5265625 0.1125 0.5265625 0.16875 0.5953125 0.16875 0.5953125 0.1125 0.5265625 0.1125
19 0.65 0.1671875 0.65 0.115234375 0.591796875 0.115234375 0.591796875 0.1671875 0.65 0.1671875
19 0.3875 0.12109375 0.323828125 0.12109375 0.323828125 0.1640625 0.3875 0.1640625 0.3875 0.12109375
19 0.4296875 0.1625 0.4296875 0.12265625 0.36953125 0.12265625 0.36953125 0.1625 0.4296875 0.1625
19 0.7640625 0.117578125 0.705859375 0.117578125 0.705859375 0.171484375 0.7640625 0.171484375 0.7640625 0.117578125
19 0.7640625 0.11875 0.7640625 0.175 0.815625 0.175 0.815625 0.11875 0.7640625 0.11875
19 0.65 0.1203125 0.65 0.175 0.703125 0.175 0.703125 0.1203125 0.65 0.1203125
19 0.234765625 0.209375 0.234765625 0.2734375 0.2609375 0.2734375 0.2609375 0.209375 0.234765625 0.209375
19 0.2609375 0.209375 0.2609375 0.2734375 0.2921875 0.2734375 0.2921875 0.209375 0.2609375 0.209375
19 0.178125 0.209375 0.178125 0.275 0.2046875 0.275 0.2046875 0.209375 0.178125 0.209375
19 0.303125 0.228125 0.303125 0.2578125 0.3640625 0.2578125 0.3640625 0.228125 0.303125 0.228125
19 0.6625 0.2703125 0.6625 0.21640625 0.594921875 0.21640625 0.594921875 0.2703125 0.6625 0.2703125
19 0.537109375 0.215625 0.537109375 0.27109375 0.6046875 0.27109375 0.6046875 0.215625 0.537109375 0.215625
19 0.234375 0.210546875 0.2078125 0.210546875 0.2078125 0.2765625 0.234375 0.2765625 0.234375 0.210546875
19 0.31875 0.2765625 0.31875 0.212109375 0.292578125 0.212109375 0.292578125 0.2765625 0.31875 0.2765625
19 0.3984375 0.265625 0.3984375 0.2234375 0.340234375 0.2234375 0.340234375 0.265625 0.3984375 0.265625
19 0.39375 0.275 0.4375 0.275 0.4375 0.2171875 0.39375 0.2171875 0.39375 0.275
19 0.759375 0.2234375 0.703515625 0.2234375 0.703515625 0.2734375 0.759375 0.2734375 0.759375 0.2234375
19 0.653125 0.225 0.653125 0.271875 0.709375 0.271875 0.709375 0.225 0.653125 0.225
19 0.8140625 0.2734375 0.8140625 0.22265625 0.75859375 0.22265625 0.75859375 0.2734375 0.8140625 0.2734375
19 0.871875 0.275 0.871875 0.223828125 0.8171875 0.223828125 0.8171875 0.275 0.871875 0.275
19 0.478125 0.2703125 0.478125 0.238671875 0.433984375 0.238671875 0.433984375 0.2703125 0.478125 0.2703125
19 0.5421875 0.271875 0.5421875 0.2375 0.501953125 0.2375 0.501953125 0.271875 0.5421875 0.271875
19 0.475 0.234375 0.475 0.2765625 0.50625 0.2765625 0.50625 0.234375 0.475 0.234375
19 0.776171875 0.309375 0.776171875 0.36015625 0.8203125 0.36015625 0.8203125 0.309375 0.776171875 0.309375
19 0.703125 0.32265625 0.679296875 0.32265625 0.679296875 0.35 0.703125 0.35 0.703125 0.32265625
19 0.646875 0.35 0.646875 0.32421875 0.62265625 0.32421875 0.62265625 0.35 0.646875 0.35
19 0.65 0.325 0.65 0.35 0.675 0.35 0.675 0.325 0.65 0.325
19 0.183203125 0.3140625 0.183203125 0.3671875 0.2171875 0.3671875 0.2171875 0.3140625 0.183203125 0.3140625
19 0.21875 0.3140625 0.21875 0.36875 0.2546875 0.36875 0.2546875 0.3140625 0.21875 0.3140625
19 0.3515625 0.3203125 0.3515625 0.371875 0.39375 0.371875 0.39375 0.3203125 0.3515625 0.3203125
19 0.3953125 0.3203125 0.3953125 0.3734375 0.4375 0.3734375 0.4375 0.3203125 0.3953125 0.3203125
19 0.4875 0.326171875 0.43359375 0.326171875 0.43359375 0.3671875 0.4875 0.3671875 0.4875 0.326171875
19 0.521875 0.3734375 0.521875 0.319921875 0.480078125 0.319921875 0.480078125 0.3734375 0.521875 0.3734375
19 0.284375 0.330859375 0.253125 0.330859375 0.253125 0.3703125 0.284375 0.3703125 0.284375 0.330859375
19 0.3140625 0.3328125 0.3140625 0.371875 0.346875 0.371875 0.346875 0.3328125 0.3140625 0.3328125
19 0.3203125 0.336328125 0.28203125 0.336328125 0.28203125 0.3671875 0.3203125 0.3671875 0.3203125 0.336328125
19 0.7171875 0.33125 0.7171875 0.3765625 0.765625 0.3765625 0.765625 0.33125 0.7171875 0.33125
19 0.559375 0.3734375 0.559375 0.335546875 0.525390625 0.335546875 0.525390625 0.3734375 0.559375 0.3734375
19 0.5921875 0.334375 0.5921875 0.375 0.6234375 0.375 0.6234375 0.334375 0.5921875 0.334375
19 0.871875 0.328515625 0.82734375 0.328515625 0.82734375 0.38125 0.871875 0.38125 0.871875 0.328515625
19 0.5953125 0.371875 0.5953125 0.33984375 0.55546875 0.33984375 0.55546875 0.371875 0.5953125 0.371875
19 0.653125 0.375 0.653125 0.34921875 0.62890625 0.34921875 0.62890625 0.375 0.653125 0.375
19 0.65625 0.3515625 0.65625 0.375 0.6828125 0.375 0.6828125 0.3515625 0.65625 0.3515625
19 0.6859375 0.375 0.7125 0.375 0.7125 0.3515625 0.6859375 0.3515625 0.6859375 0.375