19 0.5828125 0.2515625 0.5828125 0.145703125 0.486328125 0.145703125 0.486328125 0.2515625 0.5828125 0.2515625
19 0.446875 0.1515625 0.352734375 0.1515625 0.352734375 0.246875 0.446875 0.246875 0.446875 0.1515625
19 0.235546875 0.153125 0.235546875 0.2484375 0.3375 0.2484375 0.3375 0.153125 0.235546875 0.153125
19 0.225 0.152734375 0.1203125 0.152734375 0.1203125 0.2484375 0.225 0.2484375 0.225 0.152734375
19 0.0046875 0.15625 0.0046875 0.2515625 0.109375 0.2515625 0.109375 0.15625 0.0046875 0.15625
19 0.058203125 0.340625 0.058203125 0.41171875 0.1140625 0.41171875 0.1140625 0.340625 0.058203125 0.340625
19 0.353125 0.6046875 0.353125 0.7 0.4328125 0.7 0.4328125 0.6046875 0.353125 0.6046875
19 0.528125 0.7 0.528125 0.605078125 0.448046875 0.605078125 0.448046875 0.7 0.528125 0.7
19 0.343359375 0.7015625 0.343359375 0.643359375 0.284765625 0.643359375 0.284765625 0.7015625 0.343359375 0.7015625
19 0.1421875 0.7015625 0.1421875 0.645703125 0.0890625 0.645703125 0.0890625 0.7015625 0.1421875 0.7015625
19 0.2015625 0.7 0.2015625 0.644921875 0.148046875 0.644921875 0.148046875 0.7 0.2015625 0.7
19 0.2703125 0.7046875 0.2703125 0.641015625 0.215625 0.641015625 0.215625 0.7046875 0.2703125 0.7046875