19 0.4692832765625 0.5247440265625001 0.53327645 0.5247440265625001 0.53327645 0.3686006828125 0.4692832765625 0.3686006828125 0.4692832765625 0.5247440265625001
19 0.0102389078125 0.5213310578125 0.087883959375 0.5213310578125 0.087883959375 0.40443685937499996 0.0102389078125 0.40443685937499996 0.0102389078125 0.5213310578125
19 0.098976109375 0.520477815625 0.1791808875 0.520477815625 0.1791808875 0.39931740625 0.098976109375 0.39931740625 0.098976109375 0.520477815625
19 0.1894197953125 0.5213310578125 0.270477815625 0.5213310578125 0.270477815625 0.39931740625 0.1894197953125 0.39931740625 0.1894197953125 0.5213310578125
19 0.662116040625 0.5247440265625001 0.710750853125 0.5247440265625001 0.710750853125 0.4078498296875 0.662116040625 0.4078498296875 0.662116040625 0.5247440265625001
19 0.8259385671875 0.5255972703125 0.8788395906250001 0.5255972703125 0.8788395906250001 0.4078498296875 0.8259385671875 0.4078498296875 0.8259385671875 0.5255972703125
19 0.2935153578125 0.5273037546875 0.3464163828125 0.5273037546875 0.3464163828125 0.4095563140625 0.2935153578125 0.4095563140625 0.2935153578125 0.5273037546875
19 0.6075085328125 0.5255972703125 0.658703071875 0.5255972703125 0.658703071875 0.40614334531249996 0.6075085328125 0.40614334531249996 0.6075085328125 0.5255972703125
19 0.7764505125000001 0.5255972703125 0.8233788390625 0.5255972703125 0.8233788390625 0.4078498296875 0.7764505125000001 0.4078498296875 0.7764505125000001 0.5255972703125
19 0.3532423203125 0.5221842999999999 0.39931740625 0.5221842999999999 0.39931740625 0.4078498296875 0.3532423203125 0.4078498296875 0.3532423203125 0.5221842999999999
19 0.41808873750000003 0.5196245734375 0.46672355000000004 0.5196245734375 0.46672355000000004 0.4095563140625 0.41808873750000003 0.4095563140625 0.41808873750000003 0.5196245734375
19 0.88395904375 0.5264505125000001 0.9377133109375 0.5264505125000001 0.9377133109375 0.40443685937499996 0.88395904375 0.40443685937499996 0.88395904375 0.5264505125000001
19 0.93686006875 0.5273037546875 0.9948805453125 0.5273037546875 0.9948805453125 0.40614334531249996 0.93686006875 0.40614334531249996 0.93686006875 0.5273037546875
19 0.7201365187500001 0.5290102390625 0.76877133125 0.5290102390625 0.76877133125 0.4112627984375 0.7201365187500001 0.4112627984375 0.7201365187500001 0.5290102390625
19 0.23890785 0.9018771328125 0.32849829375 0.9018771328125 0.32849829375 0.7269624578125 0.23890785 0.7269624578125 0.23890785 0.9018771328125
19 0 0.8984641640625 0.0733788390625 0.8984641640625 0.0733788390625 0.73549488125 0 0.73549488125 0 0.8984641640625
19 0.1569965875 0.902730375 0.24061433437500002 0.902730375 0.24061433437500002 0.7320819109375 0.1569965875 0.7320819109375 0.1569965875 0.902730375
19 0.6911262796875 0.9146757671874999 0.78327645 0.9146757671874999 0.78327645 0.7269624578125 0.6911262796875 0.7269624578125 0.6911262796875 0.9146757671874999
19 0.419795221875 0.9129692828125 0.5008532421874999 0.9129692828125 0.5008532421874999 0.7303754265625 0.419795221875 0.7303754265625 0.419795221875 0.9129692828125
19 0.5051194546875 0.91040955625 0.5930034125 0.91040955625 0.5930034125 0.7269624578125 0.5051194546875 0.7269624578125 0.5051194546875 0.91040955625
19 0.07508532500000001 0.9035836171874999 0.15614334531250001 0.9035836171874999 0.15614334531250001 0.7303754265625 0.07508532500000001 0.7303754265625 0.07508532500000001 0.9035836171874999
19 0.3293515359375 0.9061433453125 0.4146757671875 0.9061433453125 0.4146757671875 0.7286689421875 0.3293515359375 0.7286689421875 0.3293515359375 0.9061433453125
19 0.60068259375 0.9121160406250001 0.688566553125 0.9121160406250001 0.688566553125 0.7269624578125 0.60068259375 0.7269624578125 0.60068259375 0.9121160406250001
19 0.539249146875 0.5281569968750001 0.6032423203125 0.5281569968750001 0.6032423203125 0.3668941984375 0.539249146875 0.3668941984375 0.539249146875 0.5281569968750001