19 0.2708669359375 0 0.2708669359375 0.096875 0.3603830640625 0.096875 0.3603830640625 0 0.2708669359375 0
19 0.74375 0.0181703640625 0.6532510078125 0.0181703640625 0.6532510078125 0.08429939374999999 0.74375 0.08429939374999999 0.74375 0.0181703640625
19 0.6640625 0.0171875 0.5745463703125 0.0171875 0.5745463703125 0.0853326609375 0.6640625 0.0853326609375 0.6640625 0.0171875
19 0.465625 0.01433971875 0.3759072578125 0.0143397171875 0.3759072578125 0.0965977828125 0.465625 0.0965977828125 0.465625 0.01433971875
19 0.490625 0.103125 0.5671118953125001 0.103125 0.5671118953125001 0.0102318546875 0.490625 0.0102318546875 0.490625 0.103125
19 0.8015625 0.0828125 0.8015625 0.0345514109375 0.7400201609375 0.0345514109375 0.7400201609375 0.0828125 0.8015625 0.0828125
19 0.8625 0.0828125 0.8625 0.0315524203125 0.8038810484375001 0.0315524203125 0.8038810484375001 0.0828125 0.8625 0.0828125
19 0.9703125 0.096875 0.9703125 0.0444556453125 0.9339717734375 0.0444556453125 0.9339717734375 0.096875 0.9703125 0.096875
19 0.9125 0.096875 0.9125 0.04697580625 0.8749243953124999 0.04697580625 0.8749243953124999 0.096875 0.9125 0.096875
19 0.3 0.2936743953125 0.40768649218749997 0.2936743953125 0.40768649218749997 0.2307711703125 0.3 0.2307711703125 0.3 0.2936743953125
19 0.4625 0.208064515625 0.396875 0.208064515625 0.396875 0.31693548437499997 0.4625 0.31693548437499997 0.4625 0.208064515625
19 0.603125 0.2953125 0.603125 0.24375 0.5166834671875 0.24375 0.5166834671875 0.2953125 0.603125 0.2953125
19 0.4765625 0.315625 0.5234375 0.315625 0.5234375 0.2257056453125 0.4765625 0.2257056453125 0.4765625 0.315625
19 0.825 0.303125 0.825 0.24183467812499998 0.7423891125 0.24183467812499998 0.7423891125 0.303125 0.825 0.303125
19 0.6890625 0.3109375 0.6890625 0.251789315625 0.6485635078125 0.251789315625 0.6485635078125 0.3109375 0.6890625 0.3109375
19 0.7390625 0.3109375 0.7390625 0.251789315625 0.6985635078125 0.251789315625 0.6985635078125 0.3109375 0.7390625 0.3109375
19 0.6453125 0.3015625 0.6453125 0.25957661249999997 0.5840725796874999 0.25957661249999997 0.5840725796874999 0.3015625 0.6453125 0.3015625
19 0.8796875 0.3109375 0.8796875 0.251814515625 0.8251260078125 0.251814515625 0.8251260078125 0.3109375 0.8796875 0.3109375
19 0.940625 0.3109375 0.940625 0.2497983875 0.888407259375 0.2497983875 0.888407259375 0.3109375 0.940625 0.3109375
19 0.535559475 0.4546875 0.535559475 0.3637348796875 0.4412046375 0.3637348796875 0.4412046375 0.4546875 0.535559475 0.4546875
19 0.6375 0.3658266125 0.5415826609375001 0.3658266125 0.5415826609375001 0.45614919218749994 0.6375 0.45614919218749994 0.6375 0.3658266125
19 0.815625 0.4671875 0.815625 0.3784526203125 0.7472278218749999 0.3784526203125 0.7472278218749999 0.4671875 0.815625 0.4671875
19 0.6453125 0.459375 0.734375 0.459375 0.734375 0.3922883078125 0.6453125 0.3922883078125 0.6453125 0.459375