19 0.9171875 0.23125 0.9171875 0.134635415625 0.725260415625 0.134635415625 0.725260415625 0.23125 0.9171875 0.23125
19 0.9640625 0.2796875 0.9640625 0.091927084375 0.8730034718749999 0.091927084375 0.8730034718749999 0.2796875 0.9640625 0.2796875
19 0.5859375 0.2796875 0.5859375 0.094097221875 0.4978298625 0.094097221875 0.4978298625 0.2796875 0.5859375 0.2796875
19 0.81875 0.2375 0.81875 0.144791665625 0.6357638890625 0.144791665625 0.6357638890625 0.2375 0.81875 0.2375
19 0.675 0.2828125 0.675 0.09930555468749999 0.5862847234374999 0.09930555468749999 0.5862847234374999 0.2828125 0.675 0.2828125
19 0 0.4875 0.1078125 0.4875 0.1078125 0.44427083281249996 0 0.44427083281249996 0 0.4875
19 0.1265625 0.55 0.1265625 0.3875 0.048784721875 0.3875 0.048784721875 0.55 0.1265625 0.55
19 0.9703125 0.5125 0.9703125 0.4458333328125 0.8084201390624999 0.4458333328125 0.8084201390624999 0.5125 0.9703125 0.5125
19 1 0.4458333328125 0.8771701375 0.4458333328125 0.8771701375 0.515277778125 1 0.515277778125 1 0.4458333328125
19 0.090625 0.5171875 0.2342881953125 0.5171875 0.2342881953125 0.44600694374999994 0.090625 0.44600694374999994 0.090625 0.5171875
19 0.309375 0.5171875 0.309375 0.451128471875 0.16362847187500001 0.451128471875 0.16362847187500001 0.5171875 0.309375 0.5171875
19 0.4734375 0.53125 0.4734375 0.4506076390625 0.3449652765625 0.4506076390625 0.3449652765625 0.53125 0.4734375 0.53125
19 0.3796875 0.5328125 0.3796875 0.4537326390625 0.2649305546875 0.4537326390625 0.2649305546875 0.5328125 0.3796875 0.5328125
19 0.684375 0.55 0.684375 0.43914930625000004 0.6350694453125 0.43914930625000004 0.6350694453125 0.55 0.684375 0.55
19 0.5421875 0.5203125 0.5421875 0.471875 0.4296875 0.471875 0.4296875 0.5203125 0.5421875 0.5203125
19 0.5171875 0.55625 0.5671875 0.55625 0.5671875 0.4375 0.5171875 0.4375 0.5171875 0.55625
19 0.625 0.553125 0.625 0.4421875 0.5768229171875 0.4421875 0.5768229171875 0.553125 0.625 0.553125
19 0.8018229171875 0.4828125 0.8018229171875 0.553125 0.8513020828125001 0.553125 0.8513020828125001 0.4828125 0.8018229171875 0.4828125
19 0.7453125 0.540625 0.7453125 0.4955729171875 0.6782118046875001 0.4955729171875 0.6782118046875001 0.540625 0.7453125 0.540625
19 0.8078125 0.5421875 0.8078125 0.493923609375 0.7376736125 0.493923609375 0.7376736125 0.5421875 0.8078125 0.5421875