19 0.7390625 0.93125 0.7390625 0.89683925625 0.6832618453125 0.89683925625 0.6832618453125 0.93125 0.7390625 0.93125
19 0.603125 0.940625 0.603125 0.89234579375 0.56561989375 0.8923457921875 0.56561989375 0.940625 0.603125 0.940625
19 0.6640625 0.9421875 0.6640625 0.8891135625000001 0.62975388125 0.8891135625000001 0.62975388125 0.9421875 0.6640625 0.9421875
19 0 0.975 0.075 0.975 0.075 0.9 0 0.9 0 0.975
19 0.1609375 0.9765625 0.1609375 0.90244076875 0.0798866421875 0.90244076875 0.0798866421875 0.9765625 0.1609375 0.9765625
19 0.5171875 0.98125 0.5171875 0.8976511453124999 0.4388327203125 0.8976511453124999 0.4388327203125 0.98125 0.5171875 0.98125
19 0.25 0.9765625 0.25 0.9015625 0.17008782656250002 0.9015625 0.17008782656250002 0.9765625 0.25 0.9765625
19 0.2565053109375 0.977762459375 0.3341196890625 0.977762459375 0.3341196890625 0.905050040625 0.2565053109375 0.905050040625 0.2565053109375 0.977762459375
19 0.41875 0.98125 0.41875 0.903125 0.3458026953125 0.903125 0.3458026953125 0.98125 0.41875 0.98125
19 0.5765625 0.98125 0.5765625 0.9435100078125 0.5277573531249999 0.9435100078125 0.5277573531249999 0.98125 0.5765625 0.98125
19 0.628125 0.98125 0.628125 0.9451797375 0.5816227546875 0.9451797375 0.5816227546875 0.98125 0.628125 0.98125
19 0.759375 0.9441176468749999 0.7026194859375 0.9441176468749999 0.7026194859375 0.980882353125 0.759375 0.980882353125 0.759375 0.9441176468749999
19 0.6854473046875 0.9890625 0.6854473046875 0.9368668296875 0.6462316171875 0.9368668296875 0.6462316171875 0.9890625 0.6854473046875 0.9890625
19 0.5375 0.6553410937499999 0.4470179734375 0.6553410937499999 0.4470179734375 0.7607332515625 0.5375 0.7607332515625 0.5375 0.6553410937499999
19 0.64375 0.759375 0.64375 0.6606924015625 0.559012459375 0.6606924015625 0.559012459375 0.759375 0.64375 0.759375
19 0.7796875 0.7625 0.8890625 0.7625 0.8890625 0.6671875 0.7796875 0.6671875 0.7796875 0.7625
19 0.8969669124999999 0.6703125 0.8969669124999999 0.7609375 0.9999080875 0.7609375 0.9999080875 0.6703125 0.8969669124999999 0.6703125
19 0.7734375 0.7609375 0.7734375 0.6703125 0.6611519609375 0.6703125 0.6611519609375 0.7609375 0.7734375 0.7609375
19 0.44818219062500003 0.75625 0.44818219062500003 0.6799428109375001 0.370567809375 0.6799428109375001 0.370567809375 0.75625 0.44818219062500003 0.75625
19 0.29375 0.759375 0.365625 0.759375 0.365625 0.6796875 0.29375 0.6796875 0.29375 0.759375
19 0.2765625 0.7625 0.2765625 0.69375 0.21921466406249998 0.69375 0.21921466406249998 0.7625 0.2765625 0.7625
19 0.15 0.7609375 0.2078125 0.7609375 0.2078125 0.7013939953125 0.15 0.7013939953125 0.15 0.7609375
19 0.08125 0.7609375 0.08125 0.6997957515625 0.01969975625 0.6997957515625 0.0196997546875 0.7609375 0.08125 0.7609375
19 0.14375 0.7609375 0.14375 0.7005667890625 0.086580884375 0.7005667890625 0.086580884375 0.7609375 0.14375 0.7609375