19 0.265625 0.1921875 0.265625 0.101171875 0.216015625 0.101171875 0.216015625 0.1921875 0.265625 0.1921875
19 0.2234375 0.1765625 0.2234375 0.123828125 0.1328125 0.123828125 0.1328125 0.1765625 0.2234375 0.1765625
19 0.446875 0.1734375 0.446875 0.12734375 0.37109375 0.12734375 0.37109375 0.1734375 0.446875 0.1734375
19 0.0875 0.10625 0.0875 0.196875 0.1453125 0.196875 0.1453125 0.10625 0.0875 0.10625
19 0.28125 0.1140625 0.28125 0.190625 0.3265625 0.190625 0.3265625 0.1140625 0.28125 0.1140625
19 0.3328125 0.1140625 0.3328125 0.1921875 0.378125 0.1921875 0.378125 0.1140625 0.3328125 0.1140625
19 0.7046875 0.1796875 0.7046875 0.124609375 0.662109375 0.124609375 0.662109375 0.1796875 0.7046875 0.1796875
19 0.7546875 0.126953125 0.7140625 0.126953125 0.7140625 0.18125 0.7546875 0.18125 0.7546875 0.126953125
19 0.0734375 0.110546875 0.0203125 0.110546875 0.0203125 0.2015625 0.0734375 0.2015625 0.0734375 0.110546875
19 0.64375 0.1828125 0.64375 0.127734375 0.601953125 0.127734375 0.601953125 0.1828125 0.64375 0.1828125
19 0.1140625 0.265625 0.1140625 0.353125 0.18125 0.353125 0.18125 0.265625 0.1140625 0.265625
19 0.2671875 0.3375 0.2671875 0.280859375 0.176171875 0.280859375 0.176171875 0.3375 0.2671875 0.3375
19 0.3765625 0.2890625 0.3765625 0.3453125 0.4453125 0.3453125 0.4453125 0.2890625 0.3765625 0.2890625
19 0.371875 0.3515625 0.371875 0.282421875 0.322265625 0.282421875 0.322265625 0.3515625 0.371875 0.3515625
19 0.2578125 0.353125 0.3125 0.353125 0.3125 0.2828125 0.2578125 0.2828125 0.2578125 0.353125
19 0.725 0.2796875 0.725 0.3625 0.7859375 0.3625 0.7859375 0.2796875 0.725 0.2796875
19 0.978125 0.3625 0.978125 0.27890625 0.91796875 0.27890625 0.91796875 0.3625 0.978125 0.3625
19 0.88125 0.280078125 0.822265625 0.280078125 0.822265625 0.360546875 0.88125 0.360546875 0.88125 0.280078125
19 0.5546875 0.3515625 0.596875 0.3515625 0.596875 0.297265625 0.5546875 0.297265625 0.5546875 0.3515625
19 0.4953125 0.3046875 0.442578125 0.3046875 0.442578125 0.3484375 0.4953125 0.3484375 0.4953125 0.3046875
19 0.4984375 0.3 0.4984375 0.353125 0.5453125 0.353125 0.5453125 0.3 0.4984375 0.3
19 0.690625 0.35625 0.690625 0.31171875 0.66015625 0.31171875 0.66015625 0.35625 0.690625 0.35625
19 0.6109375 0.3140625 0.6109375 0.35625 0.64375 0.35625 0.64375 0.3140625 0.6109375 0.3140625
19 0.368359375 0.4 0.368359375 0.4796875 0.4390625 0.4796875 0.4390625 0.4 0.368359375 0.4
19 0.444140625 0.403125 0.444140625 0.4796875 0.525 0.4796875 0.525 0.403125 0.444140625 0.403125
19 0.1 0.4734375 0.1 0.41875 0.042578125 0.41875 0.042578125 0.4734375 0.1 0.4734375
19 0.1734375 0.478125 0.2328125 0.478125 0.2328125 0.412109375 0.1734375 0.412109375 0.1734375 0.478125
19 0.3015625 0.4765625 0.3015625 0.418359375 0.241796875 0.418359375 0.241796875 0.4765625 0.3015625 0.4765625
19 0.3078125 0.4203125 0.3078125 0.4765625 0.36875 0.4765625 0.36875 0.4203125 0.3078125 0.4203125
19 0.1703125 0.421484375 0.1078125 0.421484375 0.1078125 0.4765625 0.1703125 0.4765625 0.1703125 0.421484375
19 0.74375 0.43359375 0.691796875 0.43359375 0.691796875 0.4765625 0.74375 0.4765625 0.74375 0.43359375
19 0.690625 0.4765625 0.690625 0.432421875 0.6375 0.432421875 0.6375 0.4765625 0.690625 0.4765625
19 0.532421875 0.4328125 0.532421875 0.4765625 0.5796875 0.4765625 0.5796875 0.4328125 0.532421875 0.4328125
19 0.6359375 0.4765625 0.6359375 0.432421875 0.586328125 0.432421875 0.586328125 0.4765625 0.6359375 0.4765625
19 0.75 0.4296875 0.75 0.4859375 0.7984375 0.4859375 0.7984375 0.4296875 0.75 0.4296875
19 0.809765625 0.4296875 0.809765625 0.4859375 0.853125 0.4859375 0.853125 0.4296875 0.809765625 0.4296875
19 0.928125 0.4296875 0.928125 0.4859375 0.9734375 0.4859375 0.9734375 0.4296875 0.928125 0.4296875
19 0.9125 0.430078125 0.8640625 0.430078125 0.8640625 0.484375 0.9125 0.484375 0.9125 0.430078125