19 0.865416665625 0.446875 0.865416665625 0.39197916718750003 0.7845833328125 0.39197916718750003 0.7845833328125 0.446875 0.865416665625 0.446875
19 0.6934895828125 0.446875 0.6934895828125 0.3913541671875 0.6118229171875 0.3913541671875 0.6118229171875 0.446875 0.6934895828125 0.446875
19 1 0.4046875 0.9569791671875001 0.4046875 0.9569791671875001 0.4359375 1 0.4359375 1 0.4046875
19 0.9609375 0.4484375 0.9609375 0.3953125 0.880520834375 0.3953125 0.880520834375 0.4484375 0.9609375 0.4484375
19 0.5796875 0.46875 0.5796875 0.37625000000000003 0.5326562484374999 0.37625000000000003 0.5326562484374999 0.46875 0.5796875 0.46875
19 0.78125 0.4484375 0.78125 0.3982812484375 0.6912500015624999 0.3982812484375 0.6912500015624999 0.4484375 0.78125 0.4484375
19 0.1565104171875 0.4859375 0.1565104171875 0.5484375 0.21067708281250003 0.5484375 0.21067708281250003 0.4859375 0.1565104171875 0.4859375
19 0.26875 0.5484375 0.26875 0.4886979171875 0.21546875000000001 0.4886979171875 0.21546875000000001 0.5484375 0.26875 0.5484375
19 0.040625 0.5048958328125 0.0002604171875 0.5048958328125 0.000260415625 0.5482291671875 0.040625 0.5482291671875 0.040625 0.5048958328125
19 0.09375 0.546875 0.09375 0.5046875 0.0525520828125 0.5046875 0.0525520828125 0.546875 0.09375 0.546875
19 0.15 0.5051041656249999 0.10994791718750001 0.5051041656249999 0.10994791718750001 0.5484375 0.15 0.5484375 0.15 0.5051041656249999
19 0.8609375 0.565625 0.8609375 0.4855208328125 0.8092708343749999 0.4855208328125 0.8092708343749999 0.565625 0.8609375 0.565625
19 0.9546875 0.565625 0.9546875 0.4848958328125 0.9032291656250001 0.4848958328125 0.9032291656250001 0.565625 0.9546875 0.565625
19 0.76875 0.575 0.76875 0.48531250000000004 0.7203125 0.48531250000000004 0.7203125 0.575 0.76875 0.575