19 0.1375 0.612890625 0.0890625 0.612890625 0.0890625 0.6953125 0.1375 0.6953125 0.1375 0.612890625
19 0.501953125 0.7 0.501953125 0.7421875 0.5671875 0.7421875 0.5671875 0.7 0.501953125 0.7
19 0.4859375 0.691015625 0.44296875 0.691015625 0.44296875 0.7515625 0.4859375 0.7515625 0.4859375 0.691015625
19 0.375390625 0.6984375 0.375390625 0.7515625 0.415625 0.7515625 0.415625 0.6984375 0.375390625 0.6984375
19 0.3546875 0.753125 0.3546875 0.69921875 0.315234375 0.69921875 0.315234375 0.753125 0.3546875 0.753125
19 0.238671875 0.70625 0.238671875 0.746875 0.2984375 0.746875 0.2984375 0.70625 0.238671875 0.70625
19 0.183203125 0.709375 0.183203125 0.75 0.2359375 0.75 0.2359375 0.709375 0.183203125 0.709375
19 0.120703125 0.709375 0.120703125 0.7515625 0.178125 0.7515625 0.178125 0.709375 0.120703125 0.709375
19 0.1015625 0.699609375 0.05859375 0.699609375 0.05859375 0.7609375 0.1015625 0.7609375 0.1015625 0.699609375
19 0.6328125 0.220703125 0.5703125 0.220703125 0.5703125 0.2953125 0.6328125 0.2953125 0.6328125 0.220703125
19 0.4984375 0.21875 0.4984375 0.29375 0.5625 0.29375 0.5625 0.21875 0.4984375 0.21875
19 0.7109375 0.2875 0.7109375 0.23203125 0.63515625 0.23203125 0.63515625 0.2875 0.7109375 0.2875
19 0.4203125 0.21875 0.4203125 0.2984375 0.490625 0.2984375 0.490625 0.21875 0.4203125 0.21875
19 0.70625 0.2921875 0.78125 0.2921875 0.78125 0.226171875 0.70625 0.226171875 0.70625 0.2921875
19 0.8296875 0.3 0.8296875 0.2359375 0.780078125 0.2359375 0.780078125 0.3 0.8296875 0.3
19 1 0.24375 0.941015625 0.24375 0.941015625 0.2921875 1 0.2921875 1 0.24375
19 0.834765625 0.234375 0.834765625 0.2984375 0.884375 0.2984375 0.884375 0.234375 0.834765625 0.234375
19 0.95 0.29375 0.95 0.238671875 0.886328125 0.238671875 0.886328125 0.29375 0.95 0.29375
19 0.7140625 0.378125 0.7140625 0.3359375 0.655859375 0.3359375 0.655859375 0.378125 0.7140625 0.378125
19 0.707421875 0.334375 0.707421875 0.378125 0.7671875 0.378125 0.7671875 0.334375 0.707421875 0.334375
19 0.6125 0.3859375 0.6546875 0.3859375 0.6546875 0.347265625 0.6125 0.347265625 0.6125 0.3859375
19 0.566796875 0.34375 0.566796875 0.3875 0.6078125 0.3875 0.6078125 0.34375 0.566796875 0.34375
19 0.334375 0.4859375 0.334375 0.442578125 0.312890625 0.442578125 0.312890625 0.4859375 0.334375 0.4859375
19 0.40625 0.444140625 0.351171875 0.444140625 0.351171875 0.504296875 0.40625 0.504296875 0.40625 0.444140625
19 0.184375 0.503125 0.24375 0.503125 0.24375 0.4484375 0.184375 0.4484375 0.184375 0.503125
19 0.45859375 0.5015625 0.45859375 0.457421875 0.4203125 0.457421875 0.4203125 0.5015625 0.45859375 0.5015625
19 0.521875 0.4609375 0.521875 0.5 0.5671875 0.5 0.5671875 0.4609375 0.521875 0.4609375
19 0.2953125 0.5015625 0.2953125 0.459375 0.253515625 0.459375 0.253515625 0.5015625 0.2953125 0.5015625
19 0.572265625 0.4609375 0.572265625 0.5015625 0.6203125 0.5015625 0.6203125 0.4609375 0.572265625 0.4609375
19 0.5125 0.5 0.5125 0.461328125 0.469140625 0.461328125 0.469140625 0.5 0.5125 0.5
19 0.335546875 0.5125 0.335546875 0.469921875 0.312890625 0.469921875 0.312890625 0.5125 0.335546875 0.5125
19 0.2078125 0.609375 0.2078125 0.52734375 0.15546875 0.52734375 0.15546875 0.609375 0.2078125 0.609375
19 0.11875 0.530078125 0.0640625 0.530078125 0.0640625 0.609375 0.11875 0.609375 0.11875 0.530078125