19 0.95 0.3859375 0.95 0.35682291718750003 0.9198958328125 0.35682291718750003 0.9198958328125 0.3859375 0.95 0.3859375
19 0.909375 0.390625 0.909375 0.35625 0.8790625000000001 0.35625 0.8790625000000001 0.390625 0.909375 0.390625
19 0.8703125 0.3859375 0.8703125 0.3583333328125 0.8419270828125001 0.3583333328125 0.8419270828125001 0.3859375 0.8703125 0.3859375
19 0.8051041671875 0.3734375 0.8051041671875 0.4296875 0.8484374984375 0.4296875 0.8484374984375 0.3734375 0.8051041671875 0.3734375
19 0.7515625 0.428125 0.7921875 0.428125 0.7921875 0.375260415625 0.7515625 0.375260415625 0.7515625 0.428125
19 0.9484375 0.4265625 0.985625 0.4265625 0.985625 0.38927083281249997 0.9484375 0.38927083281249997 0.9484375 0.4265625
19 0.9359375 0.428125 0.9359375 0.3908333328125 0.90140625 0.3908333328125 0.90140625 0.428125 0.9359375 0.428125
19 0.8905729156250001 0.4265625 0.8905729156250001 0.3922395828125 0.854739584375 0.3922395828125 0.854739584375 0.4265625 0.8905729156250001 0.4265625
19 0.940625 0.5203125 0.940625 0.4731770828125 0.8881249999999999 0.4731770828125 0.8881249999999999 0.5203125 0.940625 0.5203125
19 1 0.4752604171875 0.9517187515625001 0.4752604171875 0.9517187515625001 0.5203125 1 0.5203125 1 0.4752604171875
19 0.821875 0.525 0.86875 0.525 0.86875 0.46875 0.821875 0.46875 0.821875 0.525
19 0.8109375 0.521875 0.8109375 0.47531249999999997 0.7555208328125 0.47531249999999997 0.7555208328125 0.521875 0.8109375 0.521875
19 0.7421875 0.525 0.7421875 0.4734375 0.69703125 0.4734375 0.69703125 0.525 0.7421875 0.525
19 0.678125 0.521875 0.678125 0.4765625 0.626875 0.4765625 0.626875 0.521875 0.678125 0.521875
19 0.6140625 0.525 0.6140625 0.4734375 0.570364584375 0.4734375 0.570364584375 0.525 0.6140625 0.525
19 0.43135416718749997 0.4765625 0.43135416718749997 0.5234375 0.49052083281250003 0.5234375 0.49052083281250003 0.4765625 0.43135416718749997 0.4765625
19 0.5015625 0.525 0.546875 0.525 0.546875 0.472916665625 0.5015625 0.472916665625 0.5015625 0.525
19 0.5546875 0.6046875 0.63125 0.6046875 0.63125 0.5484375 0.5546875 0.5484375 0.5546875 0.6046875
19 0.7875 0.6015625 0.7875 0.5503125 0.7136458328125 0.5503125 0.7136458328125 0.6015625 0.7875 0.6015625
19 0.696875 0.61875 0.696875 0.541041665625 0.6470312500000001 0.541041665625 0.6470312500000001 0.61875 0.696875 0.61875
19 0.8609375 0.6015625 0.8609375 0.5630729156250001 0.7931250000000001 0.5630729156250001 0.7931250000000001 0.6015625 0.8609375 0.6015625
19 0.94375 0.6140625 0.9806250000000001 0.6140625 0.9806250000000001 0.5529166671875 0.94375 0.5529166671875 0.94375 0.6140625
19 0.9140625 0.6140625 0.9140625 0.550572915625 0.8756770843749999 0.550572915625 0.8756770843749999 0.6140625 0.9140625 0.6140625
19 0.975 0.6796875 0.975 0.628229165625 0.9047916671875 0.628229165625 0.9047916671875 0.6796875 0.975 0.6796875
19 0.828125 0.6796875 0.828125 0.623072915625 0.7552604171875 0.623072915625 0.7552604171875 0.6796875 0.828125 0.6796875
19 0.8984375 0.6796875 0.8984375 0.6251562500000001 0.8305208343749999 0.6251562500000001 0.8305208343749999 0.6796875 0.8984375 0.6796875
19 0.665625 0.6174999999999999 0.609375 0.6174999999999999 0.609375 0.6890625 0.665625 0.6890625 0.665625 0.6174999999999999
19 0.7421875 0.690625 0.7421875 0.6156770828125 0.6864583328125 0.6156770828125 0.6864583328125 0.690625 0.7421875 0.690625