19 0.821875 0.625 0.8 0.625 0.8 0.64296875 0.821875 0.64296875 0.821875 0.625
19 0.84296875 0.625 0.825 0.625 0.825 0.64296875 0.84296875 0.64296875 0.84296875 0.625
19 0.86640625 0.625 0.846875 0.625 0.846875 0.64453125 0.86640625 0.64453125 0.86640625 0.625
19 0.8921875 0.6265625 0.8703125 0.6265625 0.8703125 0.646875 0.8921875 0.646875 0.8921875 0.6265625
19 0.91484375 0.6265625 0.896875 0.6265625 0.896875 0.64453125 0.91484375 0.64453125 0.91484375 0.6265625
19 0.80625 0.640625 0.78125 0.640625 0.78125 0.6765625 0.80625 0.6765625 0.80625 0.640625
19 0.75 0.640625 0.725 0.640625 0.725 0.67421875 0.75 0.67421875 0.75 0.640625
19 0.6046875 0.640625 0.5796875 0.640625 0.5796875 0.6765625 0.6046875 0.6765625 0.6046875 0.640625
19 0.6328125 0.640625 0.60625 0.640625 0.60625 0.6765625 0.6328125 0.6765625 0.6328125 0.640625
19 0.546875 0.6390625 0.5203125 0.6390625 0.5203125 0.6765625 0.546875 0.6765625 0.546875 0.6390625
19 0.575 0.640625 0.55 0.640625 0.55 0.6765625 0.575 0.6765625 0.575 0.640625
19 0.66171875 0.6390625 0.6375 0.6390625 0.6375 0.67734375 0.66171875 0.67734375 0.66171875 0.6390625
19 0.77890625 0.640625 0.7515625 0.640625 0.7515625 0.6765625 0.77890625 0.6765625 0.77890625 0.640625
19 0.5171875 0.640625 0.4921875 0.640625 0.4921875 0.67578125 0.5171875 0.67578125 0.5171875 0.640625
19 0.6921875 0.640625 0.665625 0.640625 0.665625 0.6765625 0.6921875 0.6765625 0.6921875 0.640625
19 0.72109375 0.6421875 0.6921875 0.6421875 0.6921875 0.67578125 0.72109375 0.67578125 0.72109375 0.6421875
19 0.93046875 0.653125 0.9125 0.653125 0.9125 0.6734375 0.93046875 0.6734375 0.93046875 0.653125
19 0.83203125 0.653125 0.8078125 0.653125 0.8078125 0.675 0.83203125 0.675 0.83203125 0.653125
19 0.88125 0.6546875 0.8609375 0.6546875 0.8609375 0.67421875 0.88125 0.67421875 0.88125 0.6546875
19 0.85625 0.6546875 0.8359375 0.6546875 0.8359375 0.675 0.85625 0.675 0.85625 0.6546875
19 0.90703125 0.65625 0.8875 0.65625 0.8875 0.67578125 0.90703125 0.67578125 0.90703125 0.65625
19 0.68203125 0.696875 0.6390625 0.696875 0.6390625 0.753125 0.68203125 0.753125 0.68203125 0.696875
19 0.6390625 0.6953125 0.59375 0.6953125 0.59375 0.75390625 0.6390625 0.75390625 0.6390625 0.6953125
19 0.54765625 0.6953125 0.496875 0.6953125 0.496875 0.75546875 0.54765625 0.75546875 0.54765625 0.6953125
19 0.59296875 0.6984375 0.5484375 0.6984375 0.5484375 0.7546875 0.59296875 0.7546875 0.59296875 0.6984375
19 0.92578125 0.6984375 0.88125 0.6984375 0.88125 0.7546875 0.92578125 0.7546875 0.92578125 0.6984375
19 0.78359375 0.6984375 0.734375 0.6984375 0.734375 0.75625 0.78359375 0.75625 0.78359375 0.6984375
19 0.8296875 0.70625 0.7875 0.70625 0.7875 0.753125 0.8296875 0.753125 0.8296875 0.70625
19 0.73515625 0.7046875 0.6859375 0.7046875 0.6859375 0.75546875 0.73515625 0.75546875 0.73515625 0.7046875
19 0.87890625 0.703125 0.834375 0.703125 0.834375 0.75703125 0.87890625 0.75703125 0.87890625 0.703125
19 0.728125 0.778125 0.6859375 0.778125 0.6859375 0.8296875 0.728125 0.8296875 0.728125 0.778125
19 0.7765625 0.7796875 0.73125 0.7796875 0.73125 0.828125 0.7765625 0.828125 0.7765625 0.7796875
19 0.6828125 0.778125 0.640625 0.778125 0.640625 0.83203125 0.6828125 0.83203125 0.6828125 0.778125
19 0.9203125 0.7828125 0.878125 0.7828125 0.878125 0.82734375 0.9203125 0.82734375 0.9203125 0.7828125
19 0.82421875 0.7828125 0.7796875 0.7828125 0.7796875 0.83125 0.82421875 0.83125 0.82421875 0.7828125
19 0.58828125 0.7828125 0.54375 0.7828125 0.54375 0.83125 0.58828125 0.83125 0.58828125 0.7828125
19 0.87734375 0.784375 0.834375 0.784375 0.834375 0.8328125 0.87734375 0.8328125 0.87734375 0.784375
19 0.6375 0.784375 0.5921875 0.784375 0.5921875 0.8328125 0.6375 0.8328125 0.6375 0.784375
19 0.5421875 0.7984375 0.49375 0.7984375 0.49375 0.83203125 0.5421875 0.83203125 0.5421875 0.7984375
19 0.7265625 0.875 0.6890625 0.875 0.6890625 0.915625 0.7265625 0.915625 0.7265625 0.875
19 0.6875 0.875 0.65 0.875 0.65 0.9171875 0.6875 0.9171875 0.6875 0.875
19 0.609375 0.8765625 0.571875 0.8765625 0.571875 0.91640625 0.609375 0.91640625 0.609375 0.8765625
19 0.6484375 0.8765625 0.6109375 0.8765625 0.6109375 0.9171875 0.6484375 0.9171875 0.6484375 0.8765625
19 0.5703125 0.878125 0.5328125 0.878125 0.5328125 0.91875 0.5703125 0.91875 0.5703125 0.878125
19 0.8890625 0.88125 0.8640625 0.88125 0.8640625 0.91484375 0.8890625 0.91484375 0.8890625 0.88125
19 0.86171875 0.88125 0.834375 0.88125 0.834375 0.91484375 0.86171875 0.91484375 0.86171875 0.88125
19 0.834375 0.88125 0.8078125 0.88125 0.8078125 0.91484375 0.834375 0.91484375 0.834375 0.88125
19 0.91796875 0.8828125 0.890625 0.8828125 0.890625 0.91640625 0.91796875 0.91640625 0.91796875 0.8828125
19 0.7765625 0.88125 0.7515625 0.88125 0.7515625 0.91640625 0.7765625 0.91640625 0.7765625 0.88125
19 0.80625 0.8828125 0.78125 0.8828125 0.78125 0.915625 0.80625 0.915625 0.80625 0.8828125
19 0.74921875 0.8828125 0.7265625 0.8828125 0.7265625 0.91640625 0.74921875 0.91640625 0.74921875 0.8828125
19 0.53203125 0.8828125 0.49375 0.8828125 0.49375 0.91875 0.53203125 0.91875 0.53203125 0.8828125
19 0.8421875 0.515625 0.8046875 0.515625 0.8046875 0.5796875 0.8421875 0.5796875 0.8421875 0.515625
19 0.9328125 0.515625 0.8921875 0.515625 0.8921875 0.5796875 0.9328125 0.5796875 0.9328125 0.515625
19 0.88828125 0.515625 0.85 0.515625 0.85 0.578125 0.88828125 0.578125 0.88828125 0.515625
19 0.70625 0.51875 0.665625 0.51875 0.665625 0.5796875 0.70625 0.5796875 0.70625 0.51875
19 0.7515625 0.5171875 0.7140625 0.5171875 0.7140625 0.58125 0.7515625 0.58125 0.7515625 0.5171875
19 0.79609375 0.5171875 0.7578125 0.5171875 0.7578125 0.58125 0.79609375 0.58125 0.79609375 0.5171875