19 0.5126582281250001 0.2579113921875 0.4992088609375 0.2579113921875 0.4992088609375 0.285601265625 0.5126582281250001 0.285601265625 0.5126582281250001 0.2579113921875
19 0.4952531640625 0.2579113921875 0.48101265781249997 0.2579113921875 0.48101265781249997 0.2848101265625 0.4952531640625 0.2848101265625 0.4952531640625 0.2579113921875
19 0.458860759375 0.25949367031250004 0.441455696875 0.25949367031250004 0.441455696875 0.2848101265625 0.458860759375 0.2848101265625 0.458860759375 0.25949367031250004
19 0.4762658234375 0.25949367031250004 0.4604430375 0.25949367031250004 0.4604430375 0.2863924046875 0.4762658234375 0.2863924046875 0.4762658234375 0.25949367031250004
19 0.4367088609375 0.26424050625 0.41930379687499997 0.26424050625 0.41930379687499997 0.291139240625 0.4367088609375 0.291139240625 0.4367088609375 0.26424050625
19 0.3987341765625 0.26424050625 0.3829113921875 0.26424050625 0.3829113921875 0.2919303796875 0.3987341765625 0.2919303796875 0.3987341765625 0.26424050625
19 0.38132911406250003 0.26424050625 0.36550632968749996 0.26424050625 0.36550632968749996 0.2919303796875 0.38132911406250003 0.2919303796875 0.38132911406250003 0.26424050625
19 0.416139240625 0.26424050625 0.401898734375 0.26424050625 0.401898734375 0.2919303796875 0.416139240625 0.2919303796875 0.416139240625 0.26424050625
19 0.36075949375 0.265822784375 0.344936709375 0.265822784375 0.344936709375 0.2935126578125 0.36075949375 0.2935126578125 0.36075949375 0.265822784375
19 0.3243670890625 0.265822784375 0.3101265828125 0.265822784375 0.3101265828125 0.29272151874999996 0.3243670890625 0.29272151874999996 0.3243670890625 0.265822784375
19 0.30379746875 0.265822784375 0.2879746828125 0.265822784375 0.2879746828125 0.2935126578125 0.30379746875 0.2935126578125 0.30379746875 0.265822784375
19 0.34177215156249996 0.265822784375 0.3275316453125 0.265822784375 0.3275316453125 0.2935126578125 0.34177215156249996 0.2935126578125 0.34177215156249996 0.265822784375
19 0.5490506328125 0.25632911406250003 0.5348101265625 0.25632911406250003 0.5348101265625 0.30775316406250003 0.5490506328125 0.30775316406250003 0.5490506328125 0.25632911406250003
19 0.5316455703125 0.25949367031250004 0.515822784375 0.25949367031250004 0.515822784375 0.30696202499999997 0.5316455703125 0.30696202499999997 0.5316455703125 0.25949367031250004
19 0.1851265828125 0.2737341765625 0.155063290625 0.2737341765625 0.155063290625 0.3125 0.1851265828125 0.3125 0.1851265828125 0.2737341765625
19 0.151898734375 0.2721518984375 0.12420886093750001 0.2721518984375 0.12420886093750001 0.31566455625 0.151898734375 0.31566455625 0.151898734375 0.2721518984375
19 0.1170886078125 0.2737341765625 0.08702531718749999 0.2737341765625 0.08702531718749999 0.3148734171875 0.1170886078125 0.3148734171875 0.1170886078125 0.2737341765625
19 0.21835442968750002 0.27531645625 0.189082278125 0.27531645625 0.189082278125 0.31566455625 0.21835442968750002 0.31566455625 0.21835442968750002 0.27531645625
19 0.8006329109375001 0.40664557031250004 0.7674050640625001 0.40664557031250004 0.7674050640625001 0.4525316453125 0.8006329109375001 0.4525316453125 0.8006329109375001 0.40664557031250004
19 0.7610759500000001 0.40664557031250004 0.7310126578125 0.40664557031250004 0.7310126578125 0.4525316453125 0.7610759500000001 0.4525316453125 0.7610759500000001 0.40664557031250004
19 0.6613924046874999 0.4113924046875 0.6360759500000001 0.4113924046875 0.6360759500000001 0.45490506406250003 0.6613924046874999 0.45490506406250003 0.6613924046874999 0.4113924046875
19 0.3401898734375 0.4034810125 0.31724683593749997 0.4034810125 0.31724683593749997 0.46281645625 0.3401898734375 0.46281645625 0.3401898734375 0.4034810125
19 0.2879746828125 0.4034810125 0.265822784375 0.4034810125 0.265822784375 0.464398734375 0.2879746828125 0.464398734375 0.2879746828125 0.4034810125
19 0.1867088609375 0.40506329062499996 0.16218354375 0.40506329062499996 0.16218354375 0.464398734375 0.1867088609375 0.464398734375 0.1867088609375 0.40506329062499996
19 0.26424050625 0.4034810125 0.239715190625 0.4034810125 0.239715190625 0.464398734375 0.26424050625 0.464398734375 0.26424050625 0.4034810125
19 0.7294303796875 0.4113924046875 0.6993670890625 0.4113924046875 0.6993670890625 0.45490506406250003 0.7294303796875 0.45490506406250003 0.7294303796875 0.4113924046875
19 0.3132911390625 0.40506329062499996 0.2887658234375 0.40506329062499996 0.2887658234375 0.464398734375 0.3132911390625 0.464398734375 0.3132911390625 0.40506329062499996
19 0.2136075953125 0.40664557031250004 0.189082278125 0.40664557031250004 0.189082278125 0.4636075953125 0.2136075953125 0.4636075953125 0.2136075953125 0.40664557031250004
19 0.13607595 0.40506329062499996 0.1115506328125 0.40506329062499996 0.1115506328125 0.464398734375 0.13607595 0.464398734375 0.13607595 0.40506329062499996
19 0.23575949375 0.40506329062499996 0.2136075953125 0.40506329062499996 0.2136075953125 0.4636075953125 0.23575949375 0.4636075953125 0.23575949375 0.40506329062499996
19 0.1598101265625 0.40664557031250004 0.13924050625 0.40664557031250004 0.13924050625 0.4651898734375 0.1598101265625 0.4651898734375 0.1598101265625 0.40664557031250004
19 0.694620253125 0.41930379687499997 0.6645569625000001 0.41930379687499997 0.6645569625000001 0.45727848125000004 0.694620253125 0.45727848125000004 0.694620253125 0.41930379687499997
19 0.6297468359375 0.4145569625 0.598101265625 0.4145569625 0.598101265625 0.4580696203125 0.6297468359375 0.4580696203125 0.6297468359375 0.4145569625
19 0.44303797500000003 0.416139240625 0.42325949375 0.416139240625 0.42325949375 0.4612341765625 0.44303797500000003 0.4612341765625 0.44303797500000003 0.416139240625
19 0.38132911406250003 0.416139240625 0.3615506328125 0.416139240625 0.3615506328125 0.4636075953125 0.38132911406250003 0.4636075953125 0.38132911406250003 0.416139240625
19 0.36075949375 0.41772151874999996 0.3409810125 0.41772151874999996 0.3409810125 0.4636075953125 0.36075949375 0.4636075953125 0.36075949375 0.41772151874999996
19 0.40031645625 0.41772151874999996 0.382120253125 0.41772151874999996 0.382120253125 0.4651898734375 0.40031645625 0.4651898734375 0.40031645625 0.41772151874999996
19 0.4240506328125 0.41930379687499997 0.40427215156249996 0.41930379687499997 0.40427215156249996 0.464398734375 0.4240506328125 0.464398734375 0.4240506328125 0.41930379687499997
19 0.40822784843750004 0.697784809375 0.3726265828125 0.697784809375 0.3726265828125 0.768196203125 0.40822784843750004 0.768196203125 0.40822784843750004 0.697784809375
19 0.2405063296875 0.694620253125 0.2049050640625 0.694620253125 0.2049050640625 0.76977848125 0.2405063296875 0.76977848125 0.2405063296875 0.694620253125
19 0.2721518984375 0.6993670890625 0.23892405 0.6993670890625 0.23892405 0.7666139234375 0.2721518984375 0.7666139234375 0.2721518984375 0.6993670890625
19 0.30696202499999997 0.697784809375 0.271360759375 0.697784809375 0.271360759375 0.76977848125 0.30696202499999997 0.76977848125 0.30696202499999997 0.697784809375
19 0.37025316406250003 0.6993670890625 0.3370253171875 0.6993670890625 0.3370253171875 0.7666139234375 0.37025316406250003 0.7666139234375 0.37025316406250003 0.6993670890625
19 0.33544303750000004 0.7025316453125 0.305379746875 0.7025316453125 0.305379746875 0.7705696203125 0.33544303750000004 0.7705696203125 0.33544303750000004 0.7025316453125
19 0.433544303125 0.901898734375 0.40427215156249996 0.901898734375 0.40427215156249996 0.9691455703124999 0.433544303125 0.9691455703124999 0.433544303125 0.901898734375
19 0.40031645625 0.9034810125 0.37104430312500003 0.9034810125 0.37104430312500003 0.9691455703124999 0.40031645625 0.9691455703124999 0.40031645625 0.9034810125
19 0.26424050625 0.905063290625 0.2325949359375 0.905063290625 0.2325949359375 0.9723101265625 0.26424050625 0.9723101265625 0.26424050625 0.905063290625
19 0.330696203125 0.9066455703124999 0.30300632968749996 0.9066455703124999 0.30300632968749996 0.9715189875 0.330696203125 0.9715189875 0.330696203125 0.9066455703124999
19 0.2974683546875 0.9082278484374999 0.268196203125 0.9082278484374999 0.268196203125 0.973101265625 0.2974683546875 0.973101265625 0.2974683546875 0.9082278484374999
19 0.36550632968749996 0.9082278484374999 0.3362341765625 0.9082278484374999 0.3362341765625 0.973101265625 0.36550632968749996 0.973101265625 0.36550632968749996 0.9082278484374999
19 0.2294303796875 0.9066455703124999 0.19620253125 0.9066455703124999 0.19620253125 0.97468354375 0.2294303796875 0.97468354375 0.2294303796875 0.9066455703124999
19 0.1629746828125 0.9082278484374999 0.1297468359375 0.9082278484374999 0.1297468359375 0.9754746828125 0.1629746828125 0.9754746828125 0.1629746828125 0.9082278484374999
19 0.194620253125 0.9082278484374999 0.1653481015625 0.9082278484374999 0.1653481015625 0.9754746828125 0.194620253125 0.9754746828125 0.194620253125 0.9082278484374999
19 0.126582278125 0.916139240625 0.09335442968749999 0.916139240625 0.09335442968749999 0.9794303796875001 0.126582278125 0.9794303796875001 0.126582278125 0.916139240625