19 0.8208191125000001 0.688566553125 0.8668941984374999 0.688566553125 0.8668941984374999 0.6331058015625 0.8208191125000001 0.6331058015625 0.8208191125000001 0.688566553125
19 0.87713310625 0.6860068265625 0.9300341296875001 0.6860068265625 0.9300341296875001 0.6348122859374999 0.87713310625 0.6348122859374999 0.87713310625 0.6860068265625
19 0.064846415625 0 0.064846415625 0.058020478125 0.1373720140625 0.058020478125 0.1373720140625 0 0.064846415625 0
19 0.221843003125 0 0.221843003125 0.057167235937500005 0.292662115625 0.057167235937500005 0.292662115625 0 0.221843003125 0
19 0.139931740625 0 0.139931740625 0.0588737203125 0.21501706562499998 0.0588737203125 0.21501706562499998 0 0.139931740625 0
19 0.300341296875 0 0.300341296875 0.06058020468750001 0.3703071671875 0.06058020468750001 0.3703071671875 0 0.300341296875 0
19 0.523890784375 0 0.523890784375 0.061433446875 0.5964163828125 0.061433446875 0.5964163828125 0 0.523890784375 0
19 0.680887371875 0 0.680887371875 0.061433446875 0.751706484375 0.061433446875 0.751706484375 0 0.680887371875 0
19 0.8344709890625 0 0.8344709890625 0.06313993125 0.9095563140625 0.06313993125 0.9095563140625 0 0.8344709890625 0
19 0.44709897656250003 0 0.44709897656250003 0.061433446875 0.520477815625 0.061433446875 0.520477815625 0 0.44709897656250003 0
19 0.755972696875 0 0.755972696875 0.06313993125 0.8319112625 0.06313993125 0.8319112625 0 0.755972696875 0
19 0.3720136515625 0 0.3720136515625 0.0639931734375 0.4445392484375 0.0639931734375 0.4445392484375 0 0.3720136515625 0
19 0.6058020484375 0 0.6058020484375 0.0588737203125 0.6740614328125 0.0588737203125 0.6740614328125 0 0.6058020484375 0
19 0.9129692828125 0 0.9129692828125 0.064846415625 0.98549488125 0.064846415625 0.98549488125 0 0.9129692828125 0
19 0.658703071875 0.9880546078125001 0.7226962453125 0.9880546078125001 0.7226962453125 0.9180887375 0.658703071875 0.9180887375 0.658703071875 0.9880546078125001
19 0.73549488125 0.9872013656249999 0.80204778125 0.9872013656249999 0.80204778125 0.9215017062499999 0.73549488125 0.9215017062499999 0.73549488125 0.9872013656249999
19 0.8054607515625 0.9863481234375 0.8686006828125 0.9863481234375 0.8686006828125 0.9249146749999999 0.8054607515625 0.9249146749999999 0.8054607515625 0.9863481234375
19 0.8737201359375 0.994027303125 0.9377133109375 0.994027303125 0.9377133109375 0.935153584375 0.8737201359375 0.935153584375 0.8737201359375 0.994027303125
19 0.8737201359375 0.36092150156249997 0.9445392484375 0.36092150156249997 0.9445392484375 0.3122866890625 0.8737201359375 0.3122866890625 0.8737201359375 0.36092150156249997
19 0.4300341296875 0.4129692828125 0.49402730312500004 0.4129692828125 0.49402730312500004 0.3293515359375 0.4300341296875 0.3293515359375 0.4300341296875 0.4129692828125
19 0.49658703125 0.41382252499999994 0.56740614375 0.41382252499999994 0.56740614375 0.336177475 0.49658703125 0.336177475 0.49658703125 0.41382252499999994
19 0.80204778125 0.41552901093749994 0.8720136515625001 0.41552901093749994 0.8720136515625001 0.337883959375 0.80204778125 0.337883959375 0.80204778125 0.41552901093749994
19 0.7252559734374999 0.41382252499999994 0.7977815703125 0.41382252499999994 0.7977815703125 0.3430034125 0.7252559734374999 0.3430034125 0.7252559734374999 0.41382252499999994
19 0.5699658703125 0.416382253125 0.6407849828125001 0.416382253125 0.6407849828125001 0.341296928125 0.5699658703125 0.341296928125 0.5699658703125 0.416382253125
19 0.6450511953125 0.41552901093749994 0.715017065625 0.41552901093749994 0.715017065625 0.3430034125 0.6450511953125 0.3430034125 0.6450511953125 0.41552901093749994
19 0.880546075 0.41894197968749997 0.9488054609375001 0.41894197968749997 0.9488054609375001 0.36006825937500003 0.880546075 0.36006825937500003 0.880546075 0.41894197968749997
19 0.1467576796875 0.5273037546875 0.19539249218750002 0.5273037546875 0.19539249218750002 0.45904436875 0.1467576796875 0.45904436875 0.1467576796875 0.5273037546875
19 0.095563140625 0.5290102390625 0.1424914671875 0.5290102390625 0.1424914671875 0.45904436875 0.095563140625 0.45904436875 0.095563140625 0.5290102390625
19 0.20477815625 0.5290102390625 0.255972696875 0.5290102390625 0.255972696875 0.46075085312499997 0.20477815625 0.46075085312499997 0.20477815625 0.5290102390625
19 0.259385665625 0.5307167234375 0.2935153578125 0.5307167234375 0.2935153578125 0.4778157 0.259385665625 0.4778157 0.259385665625 0.5307167234375
19 0.337883959375 0.5324232078125 0.369453925 0.5324232078125 0.369453925 0.48122866875000003 0.337883959375 0.48122866875000003 0.337883959375 0.5324232078125
19 0.30204778125 0.5324232078125 0.3344709890625 0.5324232078125 0.3344709890625 0.47952218437500005 0.30204778125 0.47952218437500005 0.30204778125 0.5324232078125
19 0.378839590625 0.5341296921875001 0.41808873750000003 0.5341296921875001 0.41808873750000003 0.48122866875000003 0.378839590625 0.48122866875000003 0.378839590625 0.5341296921875001
19 0.42320819062500004 0.5358361781250001 0.45904436875 0.5358361781250001 0.45904436875 0.482935153125 0.42320819062500004 0.482935153125 0.42320819062500004 0.5358361781250001
19 0.4675767921875 0.5358361781250001 0.5042662109375 0.5358361781250001 0.5042662109375 0.482935153125 0.4675767921875 0.482935153125 0.4675767921875 0.5358361781250001
19 0.597269625 0.534982934375 0.636518771875 0.534982934375 0.636518771875 0.4880546078125 0.597269625 0.4880546078125 0.597269625 0.534982934375
19 0.5119453921875 0.5375426625 0.5486348125 0.5375426625 0.5486348125 0.48634812343749995 0.5119453921875 0.48634812343749995 0.5119453921875 0.5375426625
19 0.5529010234375 0.5358361781250001 0.5895904437499999 0.5358361781250001 0.5895904437499999 0.48634812343749995 0.5529010234375 0.48634812343749995 0.5529010234375 0.5358361781250001
19 0.6450511953125 0.5375426625 0.6817406140625 0.5375426625 0.6817406140625 0.4880546078125 0.6450511953125 0.4880546078125 0.6450511953125 0.5375426625
19 0.6860068265625 0.5383959046875 0.7244027296875 0.5383959046875 0.7244027296875 0.48464163750000006 0.6860068265625 0.48464163750000006 0.6860068265625 0.5383959046875
19 0.7252559734374999 0.539249146875 0.759385665625 0.539249146875 0.759385665625 0.5051194546875 0.7252559734374999 0.5051194546875 0.7252559734374999 0.539249146875
19 0.7662116046875 0.5443686 0.80204778125 0.5443686 0.80204778125 0.5085324234375 0.7662116046875 0.5085324234375 0.7662116046875 0.5443686
19 0.8088737203124999 0.5435153578125 0.8455631406249999 0.5435153578125 0.8455631406249999 0.5068259390625001 0.8088737203124999 0.5068259390625001 0.8088737203124999 0.5435153578125
19 0.8481228671875 0.5443686 0.880546075 0.5443686 0.880546075 0.5119453921875 0.8481228671875 0.5119453921875 0.8481228671875 0.5443686