19 0.5140625 0.165625 0.5140625 0.1219873359375 0.4383935859375 0.1219873359375 0.4383935859375 0.165625 0.5140625 0.165625
19 0.5048764296875 0.109375 0.5048764296875 0.184375 0.5498110703125 0.184375 0.5498110703125 0.109375 0.5048764296875 0.109375
19 0.6201797390625 0.1703125 0.6201797390625 0.12749183125000002 0.542565359375 0.12749183125000002 0.542565359375 0.1703125 0.6201797390625 0.1703125
19 0.671875 0.171875 0.671875 0.1296875 0.5959507765625001 0.1296875 0.5959507765625001 0.171875 0.671875 0.171875
19 0.7046875 0.1953125 0.7046875 0.11618157656250001 0.6616217328125 0.11618157656250001 0.6616217328125 0.1953125 0.7046875 0.1953125
19 0.3703125 0.4953125 0.4515625 0.4953125 0.4515625 0.42155841406250005 0.3703125 0.42155841406250005 0.3703125 0.4953125
19 0.4546875 0.5 0.53125 0.5 0.53125 0.41811172343749997 0.4546875 0.41811172343749997 0.4546875 0.5
19 0.8765012249999999 0.509375 0.8765012249999999 0.43021344062500005 0.780095996875 0.43021344062500005 0.780095996875 0.509375 0.8765012249999999 0.509375
19 0.7046875 0.5125 0.7046875 0.4287683828125 0.623268996875 0.4287683828125 0.623268996875 0.5125 0.7046875 0.5125
19 0.621875 0.5078125 0.621875 0.4342728765625 0.5397212 0.4342728765625 0.5397212 0.5078125 0.621875 0.5078125
19 0.7921875 0.509375 0.7921875 0.4310712828125 0.701664625 0.4310712828125 0.701664625 0.509375 0.7921875 0.509375
19 0.9578125 0.521875 0.9578125 0.4265625 0.8748161765625 0.4265625 0.8748161765625 0.521875 0.9578125 0.521875
19 0.9984375 0.5265625 0.9984375 0.4295904828125 0.9540287984375 0.4295904828125 0.9540287984375 0.5265625 0.9984375 0.5265625
19 0.4578125 0.5796875 0.4578125 0.54616013125 0.41629391406250005 0.54616013125 0.41629391406250005 0.5796875 0.4578125 0.5796875
19 0.49375 0.5828125 0.49375 0.54675245 0.462117034375 0.54675245 0.462117034375 0.5828125 0.49375 0.5828125
19 0.534375 0.584375 0.534375 0.543295546875 0.5012969765624999 0.543295546875 0.5012969765624999 0.584375 0.534375 0.584375
19 0.0921875 0.6046875 0.0921875 0.548115809375 0.017800245312499997 0.548115809375 0.017800245312499997 0.6046875 0.0921875 0.6046875
19 0.1495966109375 0.615625 0.1495966109375 0.5411560468750001 0.0866881140625 0.5411560468750001 0.0866881140625 0.615625 0.1495966109375 0.615625
19 0.144275940625 0.551792278125 0.144275940625 0.6122497953125 0.21698835781249998 0.6122497953125 0.21698835781249998 0.5517922796875 0.144275940625 0.551792278125
19 0.271875 0.6203125 0.271875 0.5446027359375 0.2120966078125 0.5446027359375 0.2120966078125 0.6203125 0.271875 0.6203125
19 0.3703125 0.61875 0.3703125 0.575 0.3173406859375 0.575 0.3173406859375 0.61875 0.3703125 0.61875
19 0.3140625 0.6234375 0.3140625 0.5703125 0.2712826796875 0.5703125 0.2712826796875 0.6234375 0.3140625 0.6234375
19 0.6046875 0.625 0.6046875 0.5681321484375 0.5335580078125 0.5681321484375 0.5335580078125 0.625 0.6046875 0.625
19 0.4203125 0.6203125 0.4203125 0.5763939953125 0.365185865625 0.5763939953125 0.365185865625 0.6203125 0.4203125 0.6203125
19 0.6625 0.628125 0.6625 0.570848653125 0.5938725484375 0.570848653125 0.5938725484375 0.628125 0.6625 0.628125
19 0.725 0.63125 0.725 0.5765625 0.6521088640625 0.5765625 0.6521088640625 0.63125 0.725 0.63125
19 0.785534109375 0.634375 0.785534109375 0.577241625 0.712821690625 0.577241625 0.712821690625 0.634375 0.785534109375 0.634375
19 0.8390625 0.6453125 0.8390625 0.5753012656250001 0.7793045328125 0.5753012656250001 0.7793045328125 0.6453125 0.8390625 0.6453125
19 0.4546875 0.628125 0.4546875 0.594199346875 0.41622242812500004 0.594199346875 0.41622242812500004 0.628125 0.4546875 0.628125
19 0.9109375 0.6421875 0.9109375 0.58125510625 0.8367647046875 0.58125510625 0.8367647046875 0.6421875 0.9109375 0.6421875
19 0.4578125 0.6296875 0.496875 0.6296875 0.496875 0.5969056375 0.4578125 0.5969056375 0.4578125 0.6296875
19 0.9765625 0.6421875 0.9765625 0.5880923203124999 0.9027573515625 0.5880923203124999 0.9027573515625 0.6421875 0.9765625 0.6421875
19 0.5390625 0.63125 0.5390625 0.596461396875 0.49869791562500004 0.596461396875 0.49869791562500004 0.63125 0.5390625 0.63125
19 1 0.585569853125 0.9707261031250001 0.585569853125 0.9707261031250001 0.65625 1 0.65625 1 0.585569853125
19 0.396875 0.76875 0.46875 0.76875 0.46875 0.6880565765625 0.396875 0.6880565765625 0.396875 0.76875
19 0.6263378265624999 0.7671875 0.6263378265624999 0.6929942812500001 0.5421875 0.6929942812500001 0.5421875 0.7671875 0.6263378265624999 0.7671875
19 0.5453125 0.6943576390625 0.466988359375 0.6943576390625 0.466988359375 0.76707005625 0.5453125 0.76707005625 0.5453125 0.6943576390625
19 0.7 0.7703125 0.7 0.7002604171875 0.6178206687500001 0.7002604171875 0.6178206687500001 0.7703125 0.7 0.7703125
19 0.753125 0.7515625 0.753125 0.7268484468749999 0.6802032265625 0.7268484468749999 0.6802032265625 0.7515625 0.753125 0.7515625
19 0.784375 0.75625 0.784375 0.731617646875 0.71335784375 0.731617646875 0.71335784375 0.75625 0.784375 0.75625
19 0.7734375 0.7796875 0.7984375 0.7796875 0.7984375 0.7078125 0.7734375 0.7078125 0.7734375 0.7796875
19 0.9328125 0.759375 0.9328125 0.734375 0.8609681374999999 0.734375 0.8609681374999999 0.759375 0.9328125 0.759375
19 0.8234375 0.759375 0.896875 0.759375 0.896875 0.73505923125 0.8234375 0.73505923125 0.8234375 0.759375
19 0.95625 0.784375 0.98125 0.784375 0.98125 0.7110855796875 0.95625 0.7110855796875 0.95625 0.784375
19 0.8328125 0.784375 0.8328125 0.7107128265625 0.8101051874999999 0.7107128265625 0.8101051874999999 0.784375 0.8328125 0.784375
19 0.946875 0.7875 0.946875 0.7103758171875 0.9193831703124999 0.7103758171875 0.9193831703124999 0.7875 0.946875 0.7875