19 0.4453924921875 0.41894197968749997 0.523890784375 0.41894197968749997 0.523890784375 0.341296928125 0.4453924921875 0.341296928125 0.4453924921875 0.41894197968749997
19 0.619453925 0.4206484640625 0.6970989765625 0.4206484640625 0.6970989765625 0.34470989687500003 0.619453925 0.34470989687500003 0.619453925 0.4206484640625
19 0.5324232078125 0.4223549484375 0.613481228125 0.4223549484375 0.613481228125 0.34470989687500003 0.5324232078125 0.34470989687500003 0.5324232078125 0.4223549484375
19 0.7064846421875 0.42406143281249997 0.7721842999999999 0.42406143281249997 0.7721842999999999 0.363481228125 0.7064846421875 0.363481228125 0.7064846421875 0.42406143281249997
19 0.7815699656249999 0.42320819062500004 0.8515358359375 0.42320819062500004 0.8515358359375 0.3651877140625 0.7815699656249999 0.3651877140625 0.7815699656249999 0.42320819062500004
19 0.858361775 0.424914675 0.930887371875 0.424914675 0.930887371875 0.3668941984375 0.858361775 0.3668941984375 0.858361775 0.424914675
19 0 0.523890784375 0.020477815625 0.523890784375 0.020477815625 0.44368600625 0 0.44368600625 0 0.523890784375
19 0.0290102390625 0.5213310578125 0.09044368593749999 0.5213310578125 0.09044368593749999 0.45733788437499995 0.0290102390625 0.45733788437499995 0.0290102390625 0.5213310578125
19 0.29692832812500003 0.5221842999999999 0.3549488046875 0.5221842999999999 0.3549488046875 0.46075085312499997 0.29692832812500003 0.46075085312499997 0.29692832812500003 0.5221842999999999
19 0.097269625 0.5213310578125 0.16040955625 0.5213310578125 0.16040955625 0.46075085312499997 0.097269625 0.46075085312499997 0.097269625 0.5213310578125
19 0.163822525 0.5213310578125 0.22013651875 0.5213310578125 0.22013651875 0.46075085312499997 0.163822525 0.46075085312499997 0.163822525 0.5213310578125
19 0.22866894218749997 0.5213310578125 0.2875426625 0.5213310578125 0.2875426625 0.46075085312499997 0.22866894218749997 0.46075085312499997 0.22866894218749997 0.5213310578125
19 0.36177474374999996 0.5213310578125 0.4172354953125 0.5213310578125 0.4172354953125 0.46075085312499997 0.36177474374999996 0.46075085312499997 0.36177474374999996 0.5213310578125
19 0.48122866875000003 0.5230375421875 0.5255972703125 0.5230375421875 0.5255972703125 0.476109215625 0.48122866875000003 0.476109215625 0.48122866875000003 0.5230375421875
19 0.4300341296875 0.523890784375 0.47184300312499994 0.523890784375 0.47184300312499994 0.47952218437500005 0.4300341296875 0.47952218437500005 0.4300341296875 0.523890784375
19 0.5324232078125 0.5255972703125 0.57423208125 0.5255972703125 0.57423208125 0.47952218437500005 0.5324232078125 0.47952218437500005 0.5324232078125 0.5255972703125
19 0.8259385671875 0.5255972703125 0.8745733781249999 0.5255972703125 0.8745733781249999 0.47952218437500005 0.8259385671875 0.47952218437500005 0.8259385671875 0.5255972703125
19 0.7184300343750001 0.5255972703125 0.7619453921875 0.5255972703125 0.7619453921875 0.48122866875000003 0.7184300343750001 0.48122866875000003 0.7184300343750001 0.5255972703125
19 0.7713310578125 0.5264505125000001 0.814846415625 0.5264505125000001 0.814846415625 0.47952218437500005 0.7713310578125 0.47952218437500005 0.7713310578125 0.5264505125000001
19 0.5819112625 0.5230375421875 0.6203071671875 0.5230375421875 0.6203071671875 0.49658703125 0.5819112625 0.49658703125 0.5819112625 0.5230375421875
19 0.6279863484375 0.5230375421875 0.6689419796875 0.5230375421875 0.6689419796875 0.49658703125 0.6279863484375 0.49658703125 0.6279863484375 0.5230375421875
19 0.677474403125 0.5230375421875 0.7184300343750001 0.5230375421875 0.7184300343750001 0.49658703125 0.677474403125 0.49658703125 0.677474403125 0.5230375421875
19 0 0.6348122859374999 0.034982934375000004 0.6348122859374999 0.034982934375000004 0.564846415625 0 0.564846415625 0 0.6348122859374999
19 0.1313993171875 0.636518771875 0.2013651875 0.636518771875 0.2013651875 0.5699658703125 0.1313993171875 0.5699658703125 0.1313993171875 0.636518771875
19 0.20477815625 0.6382252562499999 0.2875426625 0.6382252562499999 0.2875426625 0.5597269625 0.20477815625 0.5597269625 0.20477815625 0.6382252562499999
19 0.0477815703125 0.636518771875 0.12030716718750001 0.636518771875 0.12030716718750001 0.5699658703125 0.0477815703125 0.5699658703125 0.0477815703125 0.636518771875
19 0.284982934375 0.6373720140625 0.367747440625 0.6373720140625 0.367747440625 0.561433446875 0.284982934375 0.561433446875 0.284982934375 0.6373720140625
19 0.3703071671875 0.636518771875 0.4488054609375 0.636518771875 0.4488054609375 0.5733788390625 0.3703071671875 0.5733788390625 0.3703071671875 0.636518771875
19 0.684300340625 0.6356655296875 0.759385665625 0.6356655296875 0.759385665625 0.576791809375 0.684300340625 0.576791809375 0.684300340625 0.6356655296875
19 0.6058020484375 0.6373720140625 0.6783276453125 0.6373720140625 0.6783276453125 0.576791809375 0.6058020484375 0.576791809375 0.6058020484375 0.6373720140625
19 0.4488054609375 0.6382252562499999 0.5264505125000001 0.6382252562499999 0.5264505125000001 0.576791809375 0.4488054609375 0.576791809375 0.4488054609375 0.6382252562499999
19 0.5290102390625 0.636518771875 0.6015358359375 0.636518771875 0.6015358359375 0.5802047781249999 0.5290102390625 0.5802047781249999 0.5290102390625 0.636518771875
19 0.7679180890625 0.643344709375 0.8361774750000001 0.643344709375 0.8361774750000001 0.5904436859375 0.7679180890625 0.5904436859375 0.7679180890625 0.643344709375
19 0.8464163828125001 0.6450511953125 0.9189419796875 0.6450511953125 0.9189419796875 0.5921501703125001 0.8464163828125001 0.5921501703125001 0.8464163828125001 0.6450511953125