19 0.7875 0.590625 0.7875 0.640625 0.8390625 0.640625 0.8390625 0.590625 0.7875 0.590625
19 0.778125 0.6453125 0.778125 0.607421875 0.730078125 0.607421875 0.730078125 0.6453125 0.778125 0.6453125
19 0.5359375 0.6046875 0.5359375 0.646875 0.603125 0.646875 0.603125 0.6046875 0.5359375 0.6046875
19 0.5171875 0.60625 0.5171875 0.6625 0.546875 0.6625 0.546875 0.60625 0.5171875 0.60625
19 0.69375 0.616796875 0.6640625 0.616796875 0.6640625 0.6515625 0.69375 0.6515625 0.69375 0.616796875
19 0.630859375 0.6484375 0.630859375 0.622265625 0.592578125 0.622265625 0.592578125 0.6484375 0.630859375 0.6484375
19 0.471875 0.665625 0.471875 0.6171875 0.417578125 0.6171875 0.417578125 0.665625 0.471875 0.665625
19 0.653125 0.633203125 0.628125 0.633203125 0.628125 0.6515625 0.653125 0.6515625 0.653125 0.633203125
19 0.475 0.6265625 0.475 0.6640625 0.509375 0.6640625 0.509375 0.6265625 0.475 0.6265625
19 0.3578125 0.621875 0.3578125 0.6734375 0.415625 0.6734375 0.415625 0.621875 0.3578125 0.621875
19 0.165625 0.60078125 0.086328125 0.60078125 0.086328125 0.696875 0.165625 0.696875 0.165625 0.60078125
19 0.253125 0.610546875 0.18359375 0.610546875 0.18359375 0.6921875 0.253125 0.6921875 0.253125 0.610546875