19 0.1578125 0.153125 0.1578125 0.089453125 0.123046875 0.089453125 0.123046875 0.153125 0.1578125 0.153125
19 0.078125 0.0890625 0.078125 0.153125 0.11875 0.153125 0.11875 0.0890625 0.078125 0.0890625
19 0.790625 0.1546875 0.790625 0.108203125 0.725 0.108203125 0.725 0.1546875 0.790625 0.1546875
19 0.775 0.1109375 0.775 0.1625 0.8390625 0.1625 0.8390625 0.1109375 0.775 0.1109375
19 0.8890625 0.15625 0.8890625 0.115234375 0.830078125 0.115234375 0.830078125 0.15625 0.8890625 0.15625
19 0.590625 0.1625 0.590625 0.11015625 0.53359375 0.11015625 0.53359375 0.1625 0.590625 0.1625
19 0.4859375 0.10625 0.4859375 0.165625 0.5328125 0.165625 0.5328125 0.10625 0.4859375 0.10625
19 0.240625 0.1328125 0.240625 0.1796875 0.2734375 0.1796875 0.2734375 0.1328125 0.240625 0.1328125
19 0.1953125 0.1796875 0.1953125 0.135546875 0.166796875 0.135546875 0.166796875 0.1796875 0.1953125 0.1796875
19 0.240625 0.171875 0.240625 0.144140625 0.196484375 0.144140625 0.196484375 0.171875 0.240625 0.171875
19 0.640625 0.134375 0.640625 0.1828125 0.68125 0.1828125 0.68125 0.134375 0.640625 0.134375
19 0.68125 0.1375 0.68125 0.1796875 0.7296875 0.1796875 0.7296875 0.1375 0.68125 0.1375
19 0.598828125 0.1359375 0.598828125 0.18125 0.6328125 0.18125 0.6328125 0.1359375 0.598828125 0.1359375
19 0.425390625 0.1453125 0.425390625 0.240625 0.484375 0.240625 0.484375 0.1453125 0.425390625 0.1453125
19 0.358203125 0.1453125 0.358203125 0.240625 0.415625 0.240625 0.415625 0.1453125 0.358203125 0.1453125
19 0.101171875 0.1578125 0.101171875 0.2375 0.1390625 0.2375 0.1390625 0.1578125 0.101171875 0.1578125
19 0.056640625 0.15625 0.056640625 0.2390625 0.09375 0.2390625 0.09375 0.15625 0.056640625 0.15625
19 0.54375 0.1671875 0.54375 0.240625 0.6 0.240625 0.6 0.1671875 0.54375 0.1671875
19 0.853125 0.228125 0.853125 0.177734375 0.784375 0.177734375 0.784375 0.228125 0.853125 0.228125
19 0.7390625 0.2375 0.7875 0.2375 0.7875 0.1671875 0.7390625 0.1671875 0.7390625 0.2375
19 0.8515625 0.16875 0.8515625 0.240625 0.903125 0.240625 0.903125 0.16875 0.8515625 0.16875
19 0.5515625 0.2296875 0.5515625 0.17890625 0.48046875 0.17890625 0.48046875 0.2296875 0.5515625 0.2296875
19 0.1890625 0.18125 0.1890625 0.2390625 0.2203125 0.2390625 0.2203125 0.18125 0.1890625 0.18125
19 0.1921875 0.2265625 0.1921875 0.191796875 0.133203125 0.191796875 0.133203125 0.2265625 0.1921875 0.2265625
19 0.2625 0.179296875 0.2296875 0.179296875 0.2296875 0.2390625 0.2625 0.2390625 0.2625 0.179296875
19 0.65 0.18125 0.65 0.2390625 0.690625 0.2390625 0.690625 0.18125 0.65 0.18125
19 0.69375 0.184375 0.69375 0.240625 0.7359375 0.240625 0.7359375 0.184375 0.69375 0.184375
19 0.6515625 0.234375 0.6515625 0.189453125 0.596875 0.189453125 0.596875 0.234375 0.6515625 0.234375
19 0.7578125 0.2953125 0.7578125 0.321875 0.7875 0.321875 0.7875 0.2953125 0.7578125 0.2953125
19 0.7171875 0.296875 0.7171875 0.3234375 0.75 0.3234375 0.75 0.296875 0.7171875 0.296875
19 0.9703125 0.287109375 0.928125 0.287109375 0.928125 0.3359375 0.9703125 0.3359375 0.9703125 0.287109375
19 0.925 0.3328125 0.925 0.29296875 0.87421875 0.29296875 0.87421875 0.3328125 0.925 0.3328125
19 0.81875 0.328125 0.81875 0.29921875 0.79453125 0.29921875 0.79453125 0.328125 0.81875 0.328125
19 0.8765625 0.295703125 0.82578125 0.295703125 0.82578125 0.3328125 0.8765625 0.3328125 0.8765625 0.295703125
19 0.71875 0.35625 0.746875 0.35625 0.746875 0.322265625 0.71875 0.322265625 0.71875 0.35625
19 0.784375 0.32421875 0.755078125 0.32421875 0.755078125 0.3578125 0.784375 0.3578125 0.784375 0.32421875
19 0.8265625 0.3546875 0.8265625 0.330859375 0.791796875 0.330859375 0.791796875 0.3546875 0.8265625 0.3546875
19 0.8953125 0.390625 0.8953125 0.35078125 0.83828125 0.35078125 0.83828125 0.390625 0.8953125 0.390625
19 0.895703125 0.3453125 0.895703125 0.396875 0.934375 0.396875 0.934375 0.3453125 0.895703125 0.3453125
19 0.7609375 0.396875 0.7609375 0.3640625 0.728515625 0.3640625 0.728515625 0.396875 0.7609375 0.396875
19 0.7703125 0.365625 0.7703125 0.3984375 0.8 0.3984375 0.8 0.365625 0.7703125 0.365625
19 0.8125 0.3640625 0.8125 0.4 0.8421875 0.4 0.8421875 0.3640625 0.8125 0.3640625