19 0.31484375 0.1453125 0.2609375 0.1453125 0.2609375 0.20390625 0.31484375 0.20390625 0.31484375 0.1453125
19 0.40546875 0.2453125 0.3453125 0.2453125 0.3453125 0.32109375 0.40546875 0.32109375 0.40546875 0.2453125
19 0.53984375 0.2484375 0.48125 0.2484375 0.48125 0.32265625 0.53984375 0.32265625 0.53984375 0.2484375
19 0.475 0.2515625 0.4140625 0.2515625 0.4140625 0.325 0.475 0.325 0.475 0.2515625
19 0.60390625 0.25 0.5453125 0.25 0.5453125 0.32578125 0.60390625 0.32578125 0.60390625 0.25
19 0.29375 0.2546875 0.246875 0.2546875 0.246875 0.321875 0.29375 0.321875 0.29375 0.2546875
19 0.34140625 0.2546875 0.2984375 0.2546875 0.2984375 0.3234375 0.34140625 0.3234375 0.34140625 0.2546875
19 0.17265625 0.265625 0.14375 0.265625 0.14375 0.31875 0.17265625 0.31875 0.17265625 0.265625
19 0.13671875 0.2671875 0.103125 0.2671875 0.103125 0.3203125 0.13671875 0.3203125 0.13671875 0.2671875
19 0.20703125 0.2671875 0.178125 0.2671875 0.178125 0.3203125 0.20703125 0.3203125 0.20703125 0.2671875
19 0.24375 0.26875 0.2125 0.26875 0.2125 0.321875 0.24375 0.321875 0.24375 0.26875
19 0.40703125 0.346875 0.371875 0.346875 0.371875 0.3875 0.40703125 0.3875 0.40703125 0.346875
19 0.4421875 0.3484375 0.4109375 0.3484375 0.4109375 0.3890625 0.4421875 0.3890625 0.4421875 0.3484375
19 0.26640625 0.371875 0.2375 0.371875 0.2375 0.4015625 0.26640625 0.4015625 0.26640625 0.371875
19 0.2328125 0.371875 0.196875 0.371875 0.196875 0.403125 0.2328125 0.403125 0.2328125 0.371875
19 0.3 0.3734375 0.2703125 0.3734375 0.2703125 0.403125 0.3 0.403125 0.3 0.3734375
19 0.33359375 0.375 0.3046875 0.375 0.3046875 0.4046875 0.33359375 0.4046875 0.33359375 0.375
19 0.3671875 0.375 0.3375 0.375 0.3375 0.4046875 0.3671875 0.4046875 0.3671875 0.375
19 0.77890625 0.3671875 0.7203125 0.3671875 0.7203125 0.43671875 0.77890625 0.43671875 0.77890625 0.3671875
19 0.71640625 0.3734375 0.6578125 0.3734375 0.6578125 0.4375 0.71640625 0.4375 0.71640625 0.3734375
19 0.53515625 0.375 0.490625 0.375 0.490625 0.4390625 0.53515625 0.4390625 0.53515625 0.375
19 0.6515625 0.375 0.5953125 0.375 0.5953125 0.4390625 0.6515625 0.4390625 0.6515625 0.375
19 0.48828125 0.375 0.4453125 0.375 0.4453125 0.4390625 0.48828125 0.4390625 0.48828125 0.375
19 0.88828125 0.38125 0.8453125 0.38125 0.8453125 0.4375 0.88828125 0.4375 0.88828125 0.38125
19 0.58671875 0.3796875 0.5375 0.3796875 0.5375 0.4375 0.58671875 0.4375 0.58671875 0.3796875
19 0.83671875 0.3796875 0.7859375 0.3796875 0.7859375 0.43828125 0.83671875 0.43828125 0.83671875 0.3796875
19 0.39921875 0.3890625 0.3703125 0.3890625 0.3703125 0.4375 0.39921875 0.4375 0.39921875 0.3890625
19 0.43984375 0.3890625 0.4046875 0.3890625 0.4046875 0.4375 0.43984375 0.4375 0.43984375 0.3890625
19 0.22734375 0.40625 0.1921875 0.40625 0.1921875 0.4359375 0.22734375 0.4359375 0.22734375 0.40625
19 0.25859375 0.40625 0.23125 0.40625 0.23125 0.4359375 0.25859375 0.4359375 0.25859375 0.40625
19 0.29375 0.4078125 0.2640625 0.4078125 0.2640625 0.4375 0.29375 0.4375 0.29375 0.4078125
19 0.32578125 0.4078125 0.2984375 0.4078125 0.2984375 0.43671875 0.32578125 0.43671875 0.32578125 0.4078125
19 0.3640625 0.4078125 0.3328125 0.4078125 0.3328125 0.43671875 0.3640625 0.43671875 0.3640625 0.4078125