19 0.0578125 0.1609375 0.0578125 0.2234375 0.1 0.2234375 0.1 0.1609375 0.0578125 0.1609375
19 0.046875 0.2234375 0.046875 0.163671875 0.003515625 0.163671875 0.003515625 0.2234375 0.046875 0.2234375
19 0.626953125 0.2765625 0.626953125 0.38125 0.6796875 0.38125 0.6796875 0.2765625 0.626953125 0.2765625
19 0.740625 0.277734375 0.6890625 0.277734375 0.6890625 0.3828125 0.740625 0.3828125 0.740625 0.277734375
19 0.8125 0.31484375 0.751171875 0.31484375 0.751171875 0.3859375 0.8125 0.3859375 0.8125 0.31484375
19 0.83125 0.31875 0.83125 0.3859375 0.8921875 0.3859375 0.8921875 0.31875 0.83125 0.31875
19 0.9046875 0.325 0.9046875 0.38125 0.9734375 0.38125 0.9734375 0.325 0.9046875 0.325
19 0.3140625 0.5 0.3140625 0.411328125 0.229296875 0.411328125 0.229296875 0.5 0.3140625 0.5
19 0.140625 0.4109375 0.140625 0.5 0.2234375 0.5 0.2234375 0.4109375 0.140625 0.4109375
19 0.128125 0.5046875 0.128125 0.42109375 0.049609375 0.42109375 0.049609375 0.5046875 0.128125 0.5046875
19 0.409375 0.5046875 0.409375 0.4203125 0.318359375 0.4203125 0.318359375 0.5046875 0.409375 0.5046875
19 0.69375 0.437890625 0.6421875 0.437890625 0.6421875 0.5109375 0.69375 0.5109375 0.69375 0.437890625
19 0.7546875 0.441015625 0.7015625 0.441015625 0.7015625 0.5109375 0.7546875 0.5109375 0.7546875 0.441015625
19 0.8265625 0.451953125 0.75234375 0.451953125 0.75234375 0.503125 0.8265625 0.503125 0.8265625 0.451953125
19 0.8125 0.4515625 0.8125 0.5046875 0.884375 0.5046875 0.884375 0.4515625 0.8125 0.4515625
19 0.9453125 0.45390625 0.873046875 0.45390625 0.873046875 0.5078125 0.9453125 0.5078125 0.9453125 0.45390625
19 0.4796875 0.5 0.4796875 0.458984375 0.4265625 0.458984375 0.4265625 0.5 0.4796875 0.5
19 0.578125 0.5 0.578125 0.4625 0.525390625 0.4625 0.525390625 0.5 0.578125 0.5
19 0.628125 0.452734375 0.5859375 0.452734375 0.5859375 0.5078125 0.628125 0.5078125 0.628125 0.452734375
19 0.478125 0.4546875 0.478125 0.509375 0.525 0.509375 0.525 0.4546875 0.478125 0.4546875
19 0.887109375 0.7125 0.887109375 0.7453125 0.9203125 0.7453125 0.9203125 0.7125 0.887109375 0.7125
19 0.848046875 0.709375 0.848046875 0.74921875 0.878125 0.74921875 0.878125 0.709375 0.848046875 0.709375
19 0.837109375 0.74375 0.837109375 0.7828125 0.8671875 0.7828125 0.8671875 0.74375 0.837109375 0.74375
19 0.8765625 0.7484375 0.8765625 0.7796875 0.9234375 0.7796875 0.9234375 0.7484375 0.8765625 0.7484375
19 0.9234375 0.934375 0.9234375 0.872265625 0.8578125 0.872265625 0.8578125 0.934375 0.9234375 0.934375
19 0.790625 0.878125 0.790625 0.9375 0.853125 0.9375 0.853125 0.878125 0.790625 0.878125