19 0.38515625 0.5 0.315625 0.5 0.315625 0.5953125 0.38515625 0.5953125 0.38515625 0.5
19 0.24609375 0.4984375 0.18125 0.4984375 0.18125 0.59609375 0.24609375 0.59609375 0.24609375 0.4984375
19 0.31640625 0.5 0.246875 0.5 0.246875 0.5984375 0.31640625 0.5984375 0.31640625 0.5
19 0.4375 0.5390625 0.3890625 0.5390625 0.3890625 0.59453125 0.4375 0.59453125 0.4375 0.5390625
19 0.53203125 0.5390625 0.4828125 0.5390625 0.4828125 0.5953125 0.53203125 0.5953125 0.53203125 0.5390625
19 0.40234375 0.6625 0.3265625 0.6625 0.3265625 0.7546875 0.40234375 0.7546875 0.40234375 0.6625
19 0.4828125 0.659375 0.409375 0.659375 0.409375 0.75703125 0.4828125 0.75703125 0.4828125 0.659375
19 0.3265625 0.6609375 0.25 0.6609375 0.25 0.759375 0.3265625 0.759375 0.3265625 0.6609375
19 0.56328125 0.6609375 0.4890625 0.6609375 0.4890625 0.75859375 0.56328125 0.75859375 0.56328125 0.6609375
19 0.6421875 0.66875 0.56875 0.66875 0.56875 0.7625 0.6421875 0.7625 0.6421875 0.66875
19 0.71875 0.6953125 0.6453125 0.6953125 0.6453125 0.7640625 0.71875 0.7640625 0.71875 0.6953125
19 0.78671875 0.6984375 0.721875 0.6984375 0.721875 0.7609375 0.78671875 0.7609375 0.78671875 0.6984375
19 0.871875 0.7015625 0.7984375 0.7015625 0.7984375 0.7625 0.871875 0.7625 0.871875 0.7015625