19 0.379296875 0.0828125 0.379296875 0.13359375 0.4234375 0.13359375 0.4234375 0.0828125 0.379296875 0.0828125
19 0.436328125 0.084375 0.436328125 0.134375 0.4828125 0.134375 0.4828125 0.084375 0.436328125 0.084375
19 0.086328125 0.059375 0.086328125 0.1703125 0.159375 0.1703125 0.159375 0.059375 0.086328125 0.059375
19 0.1703125 0.059375 0.1703125 0.171875 0.2421875 0.171875 0.2421875 0.059375 0.1703125 0.059375
19 0.3171875 0.096875 0.3171875 0.1765625 0.3703125 0.1765625 0.3703125 0.096875 0.3171875 0.096875
19 0.8 0.096875 0.8 0.1703125 0.8953125 0.1703125 0.8953125 0.096875 0.8 0.096875
19 0.246875 0.0953125 0.246875 0.1734375 0.30625 0.1734375 0.30625 0.0953125 0.246875 0.0953125
19 0.7328125 0.190625 0.803125 0.190625 0.803125 0.0859375 0.7328125 0.0859375 0.7328125 0.190625
19 0.7390625 0.118359375 0.66484375 0.118359375 0.66484375 0.1734375 0.7390625 0.1734375 0.7390625 0.118359375
19 0.5953125 0.121875 0.5953125 0.1734375 0.675 0.1734375 0.675 0.121875 0.5953125 0.121875
19 0.3796875 0.134375 0.3796875 0.1828125 0.425 0.1828125 0.425 0.134375 0.3796875 0.134375
19 0.4765625 0.1828125 0.4765625 0.13671875 0.43203125 0.13671875 0.43203125 0.1828125 0.4765625 0.1828125
19 0.745703125 0.578125 0.745703125 0.665625 0.825 0.665625 0.825 0.578125 0.745703125 0.578125
19 0.7328125 0.659375 0.7328125 0.581640625 0.6421875 0.581640625 0.6421875 0.659375 0.7328125 0.659375
19 0.6390625 0.6671875 0.6390625 0.588671875 0.56484375 0.588671875 0.56484375 0.6671875 0.6390625 0.6671875
19 0.4625 0.6640625 0.4625 0.598046875 0.389453125 0.598046875 0.389453125 0.6640625 0.4625 0.6640625
19 0.375 0.6671875 0.375 0.600390625 0.3046875 0.600390625 0.3046875 0.6671875 0.375 0.6671875
19 0.4765625 0.5953125 0.4765625 0.6734375 0.5484375 0.6734375 0.5484375 0.5953125 0.4765625 0.5953125
19 0.5296875 0.7453125 0.5296875 0.809375 0.603125 0.809375 0.603125 0.7453125 0.5296875 0.7453125