19 0.340625 0.4984375 0.421875 0.4984375 0.421875 0.3981806875 0.340625 0.3981806875 0.340625 0.4984375
19 0.5453125 0.484375 0.646875 0.484375 0.646875 0.41183769375 0.5453125 0.41183769375 0.5453125 0.484375
19 0.4953125 0.5015625 0.553125 0.5015625 0.553125 0.415257353125 0.4953125 0.415257353125 0.4953125 0.5015625
19 0.33125 0.4984375 0.33125 0.4187175609375 0.2564689671875 0.4187175609375 0.2564689671875 0.4984375 0.33125 0.4984375
19 0.25 0.49375 0.25 0.42314554531250004 0.1718290421875 0.42314554531250004 0.1718290421875 0.49375 0.25 0.49375
19 0.7609375 0.484375 0.7609375 0.433366675 0.6738429921875 0.433366675 0.6738429921875 0.484375 0.7609375 0.484375
19 0.6827314015625 0.5 0.6827314015625 0.4153411546875 0.6360185984375 0.4153411546875 0.6360185984375 0.5 0.6827314015625 0.5
19 0.096875 0.49375 0.096875 0.43872729218749995 0.03662143125 0.43872729218749995 0.03662143125 0.49375 0.096875 0.49375
19 0.1625 0.496875 0.1625 0.4359375 0.10574448593750001 0.4359375 0.10574448593750001 0.496875 0.1625 0.496875
19 0.4875 0.4953125 0.4875 0.4405439015625 0.42687878437500004 0.4405439015625 0.42687878437500004 0.4953125 0.4875 0.4953125
19 0.0328125 0.456828503125 0.0000297359375 0.456828503125 0.0000297359375 0.49662089062500003 0.0328125 0.49662089062500003 0.0328125 0.456828503125
19 0.2953125 0.6671875 0.3765625 0.6671875 0.3765625 0.5624243078125 0.2953125 0.5624243078125 0.2953125 0.6671875
19 0.284375 0.6671875 0.284375 0.5621431671875 0.197175065625 0.5621431671875 0.197175065625 0.6671875 0.284375 0.6671875
19 0.6890625 0.6734375 0.6890625 0.5757758421875 0.590776384375 0.5757758421875 0.590776384375 0.6734375 0.6890625 0.6734375
19 0.1921875 0.5875 0.1106428421875 0.5875 0.1106428421875 0.6638327203125 0.1921875 0.6638327203125 0.1921875 0.5875
19 0.8 0.68125 0.8 0.5717857921875 0.7070123265625 0.5717857921875 0.7070123265625 0.68125 0.8 0.68125
19 0.9140625 0.684375 0.9140625 0.5778681875 0.8280493078125 0.5778681875 0.8280493078125 0.684375 0.9140625 0.684375
19 0.10718804062500001 0.6036656578125 0.047499459375000004 0.6036656578125 0.047499459375000004 0.6650843421875 0.10718804062500001 0.6650843421875 0.10718804062500001 0.6036656578125
19 0 0.653125 0.05 0.653125 0.05 0.614254434375 0 0.614254434375 0 0.653125
19 0.4765625 0.6034142515625 0.3861835 0.6034142515625 0.3861835 0.6700232484375 0.4765625 0.6700232484375 0.4765625 0.6034142515625
19 0.5671875 0.5864457171875 0.4986618734375 0.5864457171875 0.4986618734375 0.6859266859375001 0.5671875 0.6859266859375001 0.5671875 0.5864457171875