19 0.0078616359375 0.46462264218750005 0.10062893125000001 0.46462264218750005 0.10062893125000001 0.35062893125 0.0078616359375 0.35062893125 0.0078616359375 0.46462264218750005
19 0.1022012578125 0.46698113281250003 0.1690251578125 0.46698113281250003 0.1690251578125 0.377358490625 0.1022012578125 0.377358490625 0.1022012578125 0.46698113281250003
19 0.35849056562500003 0.48506289375 0.4323899375 0.48506289375 0.4323899375 0.386792453125 0.35849056562500003 0.386792453125 0.35849056562500003 0.48506289375
19 0.1713836484375 0.47169811250000004 0.22327044062499998 0.47169811250000004 0.22327044062499998 0.40408805000000003 0.1713836484375 0.40408805000000003 0.1713836484375 0.47169811250000004
19 0.43710691874999996 0.49135220156250003 0.5062893078124999 0.49135220156250003 0.5062893078124999 0.38993710625 0.43710691874999996 0.38993710625 0.43710691874999996 0.49135220156250003
19 0.22641509375000002 0.478773584375 0.280660378125 0.478773584375 0.280660378125 0.40408805000000003 0.22641509375000002 0.40408805000000003 0.22641509375000002 0.478773584375
19 0.84119496875 0.516509434375 0.9213836484375 0.516509434375 0.9213836484375 0.3977987421875 0.84119496875 0.3977987421875 0.84119496875 0.516509434375
19 0.50471698125 0.497641509375 0.61006289375 0.497641509375 0.61006289375 0.4166666671875 0.50471698125 0.4166666671875 0.50471698125 0.497641509375
19 0.9245283015625001 0.5227987421875 0.9984276734374999 0.5227987421875 0.9984276734374999 0.40094339687499997 0.9245283015625001 0.40094339687499997 0.9245283015625001 0.5227987421875
19 0.28930817656249996 0.481132075 0.35062893125 0.481132075 0.35062893125 0.4386792453125 0.28930817656249996 0.4386792453125 0.28930817656249996 0.481132075
19 0.6210691828125 0.5055031453125001 0.7130503140625 0.5055031453125001 0.7130503140625 0.41823899375 0.6210691828125 0.41823899375 0.6210691828125 0.5055031453125001
19 0.7216981125 0.51415094375 0.8254716984374999 0.51415094375 0.8254716984374999 0.4245283015625 0.7216981125 0.4245283015625 0.7216981125 0.51415094375
19 0.6242138359375 0.6430817609374999 0.70676100625 0.6430817609374999 0.70676100625 0.5377358484375 0.6242138359375 0.5377358484375 0.6242138359375 0.6430817609374999
19 0.522012578125 0.6344339625 0.6116352203125001 0.6344339625 0.6116352203125001 0.56289308125 0.522012578125 0.56289308125 0.522012578125 0.6344339625
19 0.7169811328125 0.6493710687500001 0.7893081765625001 0.6493710687500001 0.7893081765625001 0.5613207546875 0.7169811328125 0.5613207546875 0.7169811328125 0.6493710687500001
19 0.790880503125 0.6580188671875 0.8718553453125001 0.6580188671875 0.8718553453125001 0.5660377359375001 0.790880503125 0.5660377359375001 0.790880503125 0.6580188671875