19 0.0578125 0.0234375 0.0578125 0.23125 0.13125 0.23125 0.13125 0.0234375 0.0578125 0.0234375
19 0.5875 0.1703125 0.5875 0.091015625 0.3921875 0.091015625 0.3921875 0.1703125 0.5875 0.1703125
19 0.2203125 0.234375 0.2203125 0.028125 0.134765625 0.028125 0.134765625 0.234375 0.2203125 0.234375
19 0.360546875 0.040625 0.360546875 0.2328125 0.4421875 0.2328125 0.4421875 0.040625 0.360546875 0.040625
19 0.3625 0.089453125 0.2984375 0.089453125 0.2984375 0.23125 0.3625 0.23125 0.3625 0.089453125
19 0.187109375 0.128125 0.187109375 0.19453125 0.33125 0.19453125 0.33125 0.128125 0.187109375 0.128125
19 0.531640625 0.0921875 0.531640625 0.2328125 0.590625 0.2328125 0.590625 0.0921875 0.531640625 0.0921875
19 0.6640625 0.164453125 0.590625 0.164453125 0.590625 0.2125 0.6640625 0.2125 0.6640625 0.164453125
19 0.6640625 0.15 0.6640625 0.23125 0.7125 0.23125 0.7125 0.15 0.6640625 0.15
19 0.369921875 0.375 0.369921875 0.5265625 0.4703125 0.5265625 0.4703125 0.375 0.369921875 0.375
19 0.5796875 0.528125 0.5796875 0.384765625 0.482421875 0.384765625 0.482421875 0.528125 0.5796875 0.528125
19 0.5578125 0.4140625 0.5578125 0.503125 0.709375 0.503125 0.709375 0.4140625 0.5578125 0.4140625
19 0.2703125 0.3890625 0.2703125 0.53125 0.3640625 0.53125 0.3640625 0.3890625 0.2703125 0.3890625
19 0.3171875 0.686328125 0.12578125 0.686328125 0.12578125 0.7953125 0.3171875 0.7953125 0.3171875 0.686328125
19 0.3859375 0.83125 0.3859375 0.672265625 0.294921875 0.672265625 0.294921875 0.83125 0.3859375 0.83125