19 0.27096774218749997 0 0.27096774218749997 0.0975806453125 0.3604838703125 0.0975806453125 0.3604838703125 0 0.27096774218749997 0
19 0.6661290328125 0.0975806453125 0.7322580640624999 0.0975806453125 0.7322580640624999 0.004838709375 0.6661290328125 0.004838709375 0.6661290328125 0.0975806453125
19 0.5854838703125 0.09677419375 0.6540322578125 0.09677419375 0.6540322578125 0.0064516124999999995 0.5854838703125 0.0064516124999999995 0.5854838703125 0.09677419375
19 0.37580645156250003 0.09677419375 0.4677419359375 0.09677419375 0.4677419359375 0.0145161296875 0.37580645156250003 0.0145161296875 0.37580645156250003 0.09677419375
19 0.48225806406249994 0.09596774218750001 0.576612903125 0.09596774218750001 0.576612903125 0.0193548390625 0.48225806406249994 0.0193548390625 0.48225806406249994 0.09596774218750001
19 0.74677419375 0.09032258125 0.7951612906250001 0.09032258125 0.7951612906250001 0.0274193546875 0.74677419375 0.0274193546875 0.74677419375 0.09032258125
19 0.808064515625 0.0879032265625 0.8604838703125001 0.0879032265625 0.8604838703125001 0.0274193546875 0.808064515625 0.0274193546875 0.808064515625 0.0879032265625
19 0.9258064515625 0.09032258125 0.9790322578125 0.09032258125 0.9790322578125 0.05322580624999999 0.9258064515625 0.05322580624999999 0.9258064515625 0.09032258125
19 0.8693548390625001 0.091935484375 0.9193548390625 0.091935484375 0.9193548390625 0.05322580624999999 0.8693548390625001 0.05322580624999999 0.8693548390625001 0.091935484375
19 0.3225806453125 0.31612903281250004 0.3854838703125 0.31612903281250004 0.3854838703125 0.208064515625 0.3225806453125 0.208064515625 0.3225806453125 0.31612903281250004
19 0.39677419375 0.31693548437499997 0.4629032265625 0.31693548437499997 0.4629032265625 0.208064515625 0.39677419375 0.208064515625 0.39677419375 0.31693548437499997
19 0.5338709671874999 0.313709678125 0.586290321875 0.313709678125 0.586290321875 0.2258064515625 0.5338709671874999 0.2258064515625 0.5338709671874999 0.313709678125
19 0.47580645156249995 0.3177419359375 0.5241935484375 0.3177419359375 0.5241935484375 0.2258064515625 0.47580645156249995 0.2258064515625 0.47580645156249995 0.3177419359375
19 0.75322580625 0.31532258125 0.81532258125 0.31532258125 0.81532258125 0.23064516093749998 0.75322580625 0.23064516093749998 0.75322580625 0.31532258125
19 0.648387096875 0.31209677343750003 0.69032258125 0.31209677343750003 0.69032258125 0.251612903125 0.648387096875 0.251612903125 0.648387096875 0.31209677343750003
19 0.698387096875 0.31209677343750003 0.74032258125 0.31209677343750003 0.74032258125 0.251612903125 0.698387096875 0.251612903125 0.698387096875 0.31209677343750003
19 0.5935483875 0.31209677343750003 0.6370967734375 0.31209677343750003 0.6370967734375 0.25 0.5935483875 0.25 0.5935483875 0.31209677343750003
19 0.8258064515625 0.311290321875 0.8806451609374999 0.311290321875 0.8806451609374999 0.251612903125 0.8258064515625 0.251612903125 0.8258064515625 0.311290321875
19 0.8887096781249999 0.31209677343750003 0.941935484375 0.31209677343750003 0.941935484375 0.25 0.8887096781249999 0.25 0.8887096781249999 0.31209677343750003
19 0.44193548437499997 0.45725806406249997 0.5346774187500001 0.45725806406249997 0.5346774187500001 0.36290322656249996 0.44193548437499997 0.36290322656249996 0.44193548437499997 0.45725806406249997
19 0.5451612906250001 0.45967741875 0.6354838703125 0.45967741875 0.6354838703125 0.36290322656249996 0.5451612906250001 0.36290322656249996 0.5451612906250001 0.45967741875
19 0.7370967734375 0.458064515625 0.8266129031249999 0.458064515625 0.8266129031249999 0.388709678125 0.7370967734375 0.388709678125 0.7370967734375 0.458064515625
19 0.645161290625 0.4604838703125 0.73467741875 0.4604838703125 0.73467741875 0.391935484375 0.645161290625 0.391935484375 0.645161290625 0.4604838703125