19 0.225 0.5578125 0.225 0.47890625 0.16328125 0.47890625 0.16328125 0.5578125 0.225 0.5578125
19 0.078125 0.484375 0.078125 0.5578125 0.1421875 0.5578125 0.1421875 0.484375 0.078125 0.484375
19 0.58046875 0.5546875 0.58046875 0.483984375 0.515625 0.483984375 0.515625 0.5546875 0.58046875 0.5546875
19 0.6703125 0.487109375 0.59375 0.487109375 0.59375 0.5515625 0.6703125 0.5515625 0.6703125 0.487109375
19 0.4984375 0.5546875 0.4984375 0.484765625 0.433984375 0.484765625 0.433984375 0.5546875 0.4984375 0.5546875
19 0.2921875 0.553125 0.2921875 0.498828125 0.244140625 0.498828125 0.244140625 0.553125 0.2921875 0.553125
19 0.3546875 0.553125 0.3546875 0.501171875 0.305859375 0.501171875 0.305859375 0.553125 0.3546875 0.553125
19 0.367578125 0.503125 0.367578125 0.5515625 0.421875 0.5515625 0.421875 0.503125 0.367578125 0.503125
19 0.68125 0.5046875 0.68125 0.55625 0.7296875 0.55625 0.7296875 0.5046875 0.68125 0.5046875
19 0.790625 0.5578125 0.790625 0.505078125 0.741015625 0.505078125 0.741015625 0.5578125 0.790625 0.5578125
19 0.7984375 0.5265625 0.7984375 0.55625 0.85 0.55625 0.85 0.5265625 0.7984375 0.5265625
19 0.89375 0.5640625 0.89375 0.515234375 0.867578125 0.515234375 0.867578125 0.5640625 0.89375 0.5640625
19 0.953125 0.5640625 0.953125 0.516015625 0.9265625 0.516015625 0.9265625 0.5640625 0.953125 0.5640625
19 0.5109375 0.596875 0.5109375 0.665625 0.6046875 0.665625 0.6046875 0.596875 0.5109375 0.596875
19 0.703125 0.598046875 0.6140625 0.598046875 0.6140625 0.6671875 0.703125 0.6671875 0.703125 0.598046875
19 0.408984375 0.6078125 0.408984375 0.665625 0.5046875 0.665625 0.5046875 0.6078125 0.408984375 0.6078125
19 0.1109375 0.6078125 0.1109375 0.6640625 0.1984375 0.6640625 0.1984375 0.6078125 0.1109375 0.6078125
19 0.284375 0.68125 0.284375 0.596875 0.231640625 0.596875 0.231640625 0.68125 0.284375 0.68125
19 0.312890625 0.6140625 0.312890625 0.6671875 0.4015625 0.6671875 0.4015625 0.6140625 0.312890625 0.6140625