19 0.6979166671875 0.6822916671875 0.7717013890625 0.6822916671875 0.7717013890625 0.605902778125 0.6979166671875 0.605902778125 0.6979166671875 0.6822916671875
19 0.7725694437499999 0.6866319437499999 0.8463541671874999 0.6866319437499999 0.8463541671874999 0.609375 0.7725694437499999 0.609375 0.7725694437499999 0.6866319437499999
19 0.8506944437499999 0.6883680562500001 0.910590278125 0.6883680562500001 0.910590278125 0.628472221875 0.8506944437499999 0.628472221875 0.8506944437499999 0.6883680562500001
19 0.6024305562500001 0.15451388906250002 0.7092013890625 0.15451388906250002 0.7092013890625 0.034722221875 0.6024305562500001 0.034722221875 0.6024305562500001 0.15451388906250002
19 0.7760416671875 0.1536458328125 0.832465278125 0.1536458328125 0.832465278125 0.06423611093750001 0.7760416671875 0.06423611093750001 0.7760416671875 0.1536458328125
19 0.715277778125 0.15625 0.7673611109375 0.15625 0.7673611109375 0.06423611093750001 0.715277778125 0.06423611093750001 0.715277778125 0.15625
19 0.5399305562500001 0.14930555625 0.5989583328125 0.14930555625 0.5989583328125 0.097222221875 0.5399305562500001 0.097222221875 0.5399305562500001 0.14930555625
19 0.47743055625 0.15190972187500001 0.5364583328125 0.15190972187500001 0.5364583328125 0.10243055625 0.47743055625 0.10243055625 0.47743055625 0.15190972187500001
19 0.621527778125 0.29600694375000003 0.730902778125 0.29600694375000003 0.730902778125 0.19618055625 0.621527778125 0.19618055625 0.621527778125 0.29600694375000003
19 0.7326388890625 0.29600694375000003 0.8020833328125001 0.29600694375000003 0.8020833328125001 0.222222221875 0.7326388890625 0.222222221875 0.7326388890625 0.29600694375000003
19 0.800347221875 0.2986111109375 0.8723958328125001 0.2986111109375 0.8723958328125001 0.24479166718749998 0.800347221875 0.24479166718749998 0.800347221875 0.2986111109375
19 0.1145833328125 0.4201388890625 0.17100694375 0.4201388890625 0.17100694375 0.3333333328125 0.1145833328125 0.3333333328125 0.1145833328125 0.4201388890625
19 0.06770833281250001 0.41753472187499996 0.1076388890625 0.41753472187499996 0.1076388890625 0.3333333328125 0.06770833281250001 0.3333333328125 0.06770833281250001 0.41753472187499996
19 0.17534722187500001 0.41753472187499996 0.22916666718749998 0.41753472187499996 0.22916666718749998 0.3333333328125 0.17534722187500001 0.3333333328125 0.17534722187500001 0.41753472187499996
19 0.23611111093749998 0.4236111109375 0.28559027812500004 0.4236111109375 0.28559027812500004 0.33680555624999997 0.23611111093749998 0.33680555624999997 0.23611111093749998 0.4236111109375
19 0.2951388890625 0.42274305625 0.3454861109375 0.42274305625 0.3454861109375 0.3385416671875 0.2951388890625 0.3385416671875 0.2951388890625 0.42274305625
19 0.49305555625 0.4270833328125 0.5303819437499999 0.4270833328125 0.5303819437499999 0.359375 0.49305555625 0.359375 0.49305555625 0.4270833328125
19 0.44618055625 0.4279513890625 0.48871527812500004 0.4279513890625 0.48871527812500004 0.35590277812500004 0.44618055625 0.35590277812500004 0.44618055625 0.4279513890625
19 0.706597221875 0.43055555625 0.7569444437499999 0.43055555625 0.7569444437499999 0.36631944375000003 0.706597221875 0.36631944375000003 0.706597221875 0.43055555625
19 0.765625 0.43055555625 0.8098958328125001 0.43055555625 0.8098958328125001 0.37152777812500004 0.765625 0.37152777812500004 0.765625 0.43055555625
19 0.5399305562500001 0.42881944375 0.5729166671875 0.42881944375 0.5729166671875 0.38368055624999997 0.5399305562500001 0.38368055624999997 0.5399305562500001 0.42881944375
19 0.8645833328125001 0.43315972187499996 0.901909721875 0.43315972187499996 0.901909721875 0.3854166671875 0.8645833328125001 0.3854166671875 0.8645833328125001 0.43315972187499996
19 0.8142361109375 0.43402777812500004 0.8585069437499999 0.43402777812500004 0.8585069437499999 0.3888888890625 0.8142361109375 0.3888888890625 0.8142361109375 0.43402777812500004
19 0.9131944437499999 0.4348958328125 0.940972221875 0.4348958328125 0.940972221875 0.40972222187499996 0.9131944437499999 0.40972222187499996 0.9131944437499999 0.4348958328125
19 0.949652778125 0.4348958328125 0.9817708328125001 0.4348958328125 0.9817708328125001 0.40972222187499996 0.949652778125 0.40972222187499996 0.949652778125 0.4348958328125
19 0.35243055624999997 0.5520833328125 0.41493055625 0.5520833328125 0.41493055625 0.47222222187499996 0.35243055624999997 0.47222222187499996 0.35243055624999997 0.5520833328125
19 0.421875 0.5572916671875 0.4791666671875 0.5572916671875 0.4791666671875 0.47222222187499996 0.421875 0.47222222187499996 0.421875 0.5572916671875
19 0.550347221875 0.5564236109375 0.612847221875 0.5564236109375 0.612847221875 0.4739583328125 0.550347221875 0.4739583328125 0.550347221875 0.5564236109375
19 0.484375 0.558159721875 0.546875 0.558159721875 0.546875 0.47569444375 0.484375 0.47569444375 0.484375 0.558159721875
19 0.6163194437499999 0.559027778125 0.6805555562500001 0.559027778125 0.6805555562500001 0.47743055625 0.6163194437499999 0.47743055625 0.6163194437499999 0.559027778125
19 0.6875 0.559027778125 0.7317708328125 0.559027778125 0.7317708328125 0.4947916671875 0.6875 0.4947916671875 0.6875 0.559027778125
19 0.7395833328125 0.559027778125 0.7890625 0.559027778125 0.7890625 0.4947916671875 0.7395833328125 0.4947916671875 0.7395833328125 0.559027778125
19 0.7986111109375 0.5616319437499999 0.8454861109375 0.5616319437499999 0.8454861109375 0.5 0.7986111109375 0.5 0.7986111109375 0.5616319437499999
19 0.9010416671874999 0.5625 0.9383680562500001 0.5625 0.9383680562500001 0.5173611109375 0.9010416671874999 0.5173611109375 0.9010416671874999 0.5625
19 0.855902778125 0.5625 0.890625 0.5625 0.890625 0.5173611109375 0.855902778125 0.5173611109375 0.855902778125 0.5625
19 0.949652778125 0.5677083328125 0.9895833328125001 0.5677083328125 0.9895833328125001 0.5208333328125 0.949652778125 0.5208333328125 0.949652778125 0.5677083328125