19 0.4152823921875 0.2790697671875 0.3139534890625 0.2790697671875 0.3139534890625 0.369601328125 0.4152823921875 0.369601328125 0.4152823921875 0.2790697671875
19 0.30897009999999997 0.3255813953125 0.2425249171875 0.3255813953125 0.2425249171875 0.3687707640625 0.30897009999999997 0.3687707640625 0.30897009999999997 0.3255813953125
19 0.6411960140625 0.42524916875 0.59302325625 0.42524916875 0.59302325625 0.4892026578125 0.6411960140625 0.4892026578125 0.6411960140625 0.42524916875
19 0.52491694375 0.42691029843750006 0.47757475156250007 0.42691029843750006 0.47757475156250007 0.4892026578125 0.52491694375 0.4892026578125 0.52491694375 0.42691029843750006
19 0.5813953484375001 0.42691029843750006 0.5340531562499999 0.42691029843750006 0.5340531562499999 0.4892026578125 0.5813953484375001 0.4892026578125 0.5813953484375001 0.42691029843750006
19 0.2176079734375 0.43853820624999995 0.1802325578125 0.43853820624999995 0.1802325578125 0.48671096406250003 0.2176079734375 0.48671096406250003 0.2176079734375 0.43853820624999995
19 0.1710963453125 0.4368770765625 0.1337209296875 0.4368770765625 0.1337209296875 0.48837209374999996 0.1710963453125 0.48837209374999996 0.1710963453125 0.4368770765625
19 0.1245847171875 0.45681063125000004 0.0872093015625 0.45681063125000004 0.0872093015625 0.48754152812499996 0.1245847171875 0.48754152812499996 0.1245847171875 0.45681063125000004
19 0.1993355484375 0.5564784046875 0.172757475 0.5564784046875 0.172757475 0.57973421875 0.1993355484375 0.57973421875 0.1993355484375 0.5564784046875
19 0.169435215625 0.558139534375 0.136212625 0.558139534375 0.136212625 0.5813953484375001 0.169435215625 0.5813953484375001 0.169435215625 0.558139534375
19 0.1245847171875 0.5598006640625 0.0913621265625 0.5598006640625 0.0913621265625 0.5813953484375001 0.1245847171875 0.5813953484375001 0.1245847171875 0.5598006640625
19 0.5863787375 0.5514950171875 0.5382059796875 0.5514950171875 0.5382059796875 0.5996677734375 0.5863787375 0.5996677734375 0.5863787375 0.5514950171875
19 0.5299003328125 0.554817275 0.485049834375 0.554817275 0.485049834375 0.5996677734375 0.5299003328125 0.5996677734375 0.5299003328125 0.554817275
19 0.6461794015625 0.554817275 0.596345515625 0.554817275 0.596345515625 0.59800664375 0.6461794015625 0.59800664375 0.6461794015625 0.554817275
19 0.4767441859375 0.5531561468749999 0.42940199375 0.5531561468749999 0.42940199375 0.598837209375 0.4767441859375 0.598837209375 0.4767441859375 0.5531561468749999
19 0.7026578078125 0.558139534375 0.6528239203124999 0.558139534375 0.6528239203124999 0.601328903125 0.7026578078125 0.601328903125 0.7026578078125 0.558139534375
19 0.3322259140625 0.5681063125 0.2940199328125 0.5681063125 0.2940199328125 0.5996677734375 0.3322259140625 0.5996677734375 0.3322259140625 0.5681063125
19 0.423588040625 0.5681063125 0.382890365625 0.5681063125 0.382890365625 0.5996677734375 0.423588040625 0.5996677734375 0.423588040625 0.5681063125
19 0.28405315625 0.5681063125 0.24833887031250002 0.5681063125 0.24833887031250002 0.5996677734375 0.28405315625 0.5996677734375 0.28405315625 0.5681063125
19 0.2408637875 0.5681063125 0.2059800671875 0.5681063125 0.2059800671875 0.5996677734375 0.2408637875 0.5996677734375 0.2408637875 0.5681063125
19 0.3770764125 0.5681063125 0.33887043125 0.5681063125 0.33887043125 0.5996677734375 0.3770764125 0.5996677734375 0.3770764125 0.5681063125
19 0.287375415625 0.6378737546875 0.2392026578125 0.6378737546875 0.2392026578125 0.6835548171875 0.287375415625 0.6835548171875 0.287375415625 0.6378737546875
19 0.22923587968749998 0.6378737546875 0.1810631234375 0.6378737546875 0.1810631234375 0.6835548171875 0.22923587968749998 0.6835548171875 0.22923587968749998 0.6378737546875
19 0.342192690625 0.6411960140625 0.2948504984375 0.6411960140625 0.2948504984375 0.6860465109375 0.342192690625 0.6860465109375 0.342192690625 0.6411960140625
19 0.5315614625 0.6461794015625 0.47508305625 0.6461794015625 0.47508305625 0.6868770765625001 0.5315614625 0.6868770765625001 0.5315614625 0.6461794015625
19 0.596345515625 0.64784053125 0.537375415625 0.64784053125 0.537375415625 0.687707640625 0.596345515625 0.687707640625 0.596345515625 0.64784053125
19 0.682724253125 0.6495016609375 0.6179401999999999 0.6495016609375 0.6179401999999999 0.6868770765625001 0.682724253125 0.6868770765625001 0.682724253125 0.6495016609375
19 0.17441860468749998 0.651162790625 0.1370431890625 0.651162790625 0.1370431890625 0.6860465109375 0.17441860468749998 0.6860465109375 0.17441860468749998 0.651162790625
19 0.12956810624999998 0.651162790625 0.08887043125 0.651162790625 0.08887043125 0.6860465109375 0.12956810624999998 0.6860465109375 0.12956810624999998 0.651162790625
19 0.7541528234375 0.651162790625 0.6901993359375 0.651162790625 0.6901993359375 0.6893687703125 0.7541528234375 0.6893687703125 0.7541528234375 0.651162790625
19 0.6345514953125 0.73421926875 0.5415282390625 0.73421926875 0.5415282390625 0.8189368765625 0.6345514953125 0.8189368765625 0.6345514953125 0.73421926875
19 0.528239203125 0.73421926875 0.4335548171875 0.73421926875 0.4335548171875 0.8189368765625 0.528239203125 0.8189368765625 0.528239203125 0.73421926875
19 0.73421926875 0.7392026578124999 0.6420265781250001 0.7392026578124999 0.6420265781250001 0.8181063125 0.73421926875 0.8181063125 0.73421926875 0.7392026578124999
19 0.863787375 0.755813953125 0.8064784046875 0.755813953125 0.8064784046875 0.82059800625 0.863787375 0.82059800625 0.863787375 0.755813953125
19 0.9335548171875001 0.755813953125 0.876245846875 0.755813953125 0.876245846875 0.8181063125 0.9335548171875001 0.8181063125 0.9335548171875001 0.755813953125
19 0.7973421921875 0.7574750828125 0.7450166109375 0.7574750828125 0.7450166109375 0.8197674421875 0.7973421921875 0.8197674421875 0.7973421921875 0.7574750828125
19 0.4219269109375 0.7607973421875001 0.360465115625 0.7607973421875001 0.360465115625 0.8156146171875 0.4219269109375 0.8156146171875 0.4219269109375 0.7607973421875001
19 0.34883720937499996 0.7591362125 0.2848837203125 0.7591362125 0.2848837203125 0.8164451828124999 0.34883720937499996 0.8164451828124999 0.34883720937499996 0.7591362125
19 0.11794020000000001 0.755813953125 0.051495017187500006 0.755813953125 0.051495017187500006 0.82973421875 0.11794020000000001 0.82973421875 0.11794020000000001 0.755813953125
19 0.19767441875 0.7591362125 0.123754153125 0.7591362125 0.123754153125 0.82973421875 0.19767441875 0.82973421875 0.19767441875 0.7591362125
19 0.274086378125 0.76578073125 0.2059800671875 0.76578073125 0.2059800671875 0.830564784375 0.274086378125 0.830564784375 0.274086378125 0.76578073125