19 0.1 0.2546875 0.1 0.1980594765625 0.058190523437499996 0.1980594765625 0.058190523437499996 0.2546875 0.1 0.2546875
19 0.1515625 0.2080393140625 0.0950352828125 0.2080393140625 0.0950352828125 0.24997479843749998 0.1515625 0.24997479843749998 0.1515625 0.2080393140625
19 0.6640625 0.378125 0.6640625 0.3260584671875 0.56943044375 0.3260584671875 0.56943044375 0.378125 0.6640625 0.378125
19 0.6953125 0.4 0.6953125 0.3049143140625 0.6483114921875 0.3049143140625 0.6483114921875 0.4 0.6953125 0.4
19 0.75625 0.3984375 0.75625 0.339390121875 0.6994203625 0.339390121875 0.6994203625 0.3984375 0.75625 0.3984375
19 0.8203125 0.4 0.8203125 0.33807963750000003 0.7667590734374999 0.33807963750000003 0.7667590734374999 0.4 0.8203125 0.4
19 0.890625 0.403125 0.890625 0.33911290312500003 0.8321572578125 0.33911290312500003 0.8321572578125 0.403125 0.890625 0.403125
19 0.2484375 0.509375 0.2484375 0.4256048375 0.1754284265625 0.4256048375 0.1754284265625 0.509375 0.2484375 0.509375
19 0.3265625 0.509375 0.3265625 0.42683971718749997 0.254939515625 0.42683971718749997 0.254939515625 0.509375 0.3265625 0.509375
19 0.16875 0.5078125 0.16875 0.436794353125 0.0987147171875 0.436794353125 0.0987147171875 0.5078125 0.16875 0.5078125
19 0.4078125 0.5078125 0.4078125 0.4368951609375 0.32706653124999996 0.4368951609375 0.32706653124999996 0.5078125 0.4078125 0.5078125
19 0.6046875 0.51875 0.6578125 0.51875 0.6578125 0.45166330625000006 0.6046875 0.45166330625000006 0.6046875 0.51875
19 0.7109375 0.51875 0.7109375 0.4515625 0.66328125 0.4515625 0.66328125 0.51875 0.7109375 0.51875
19 0.7703125 0.462550403125 0.701965725 0.462550403125 0.701965725 0.5093245953125 0.7703125 0.5093245953125 0.7703125 0.462550403125
19 0.7625 0.453125 0.7625 0.521875 0.8125 0.521875 0.8125 0.453125 0.7625 0.453125
19 0.8156502015625 0.5217489921875 0.8640372984375 0.5217489921875 0.8640372984375 0.4548135078125 0.8156502015625 0.4548135078125 0.8156502015625 0.5217489921875
19 0.4207661296875 0.515272178125 0.4667338703125 0.515272178125 0.4667338703125 0.46285282343749995 0.4207661296875 0.46285282343749995 0.4207661296875 0.515272178125
19 0.5109375 0.4677671390625 0.46136592812500005 0.4677671390625 0.46136592812500005 0.512121975 0.5109375 0.512121975 0.5109375 0.4677671390625
19 0.6 0.5171875 0.6 0.4650201625 0.5545362890625001 0.4650201625 0.5545362890625001 0.5171875 0.6 0.5171875
19 0.5515625 0.46461693593750003 0.5078377015625 0.46461693593750003 0.5078377015625 0.517036290625 0.5515625 0.517036290625 0.5515625 0.46461693593750003
19 0.8125 0.73125 0.8125 0.7008568546875 0.7828125 0.7008568546875 0.7828125 0.73125 0.8125 0.73125
19 0.8465977812500001 0.7296875 0.8465977812500001 0.7034778234375 0.8143397171875 0.7034778234375 0.8143397171875 0.7296875 0.8465977812500001 0.7296875
19 0.84503528125 0.7578125 0.84503528125 0.732384071875 0.8127772171875 0.732384071875 0.8127772171875 0.7578125 0.84503528125 0.7578125
19 0.8078125 0.759375 0.8078125 0.7339465734374999 0.77762096875 0.7339465734374999 0.77762096875 0.759375 0.8078125 0.759375
19 0.7921875 0.9078125 0.8484375 0.9078125 0.8484375 0.8470766125000001 0.7921875 0.8470766125000001 0.7921875 0.9078125
19 0.7375 0.90625 0.7875 0.90625 0.7875 0.8484627015624999 0.7375 0.8484627015624999 0.7375 0.90625