19 0.75703125 0.1546875 0.7234375 0.1546875 0.7234375 0.18984375 0.75703125 0.18984375 0.75703125 0.1546875
19 0.1890625 0.140625 0.1203125 0.140625 0.1203125 0.22265625 0.1890625 0.22265625 0.1890625 0.140625
19 0.2578125 0.1453125 0.190625 0.1453125 0.190625 0.221875 0.2578125 0.221875 0.2578125 0.1453125
19 0.39453125 0.1453125 0.328125 0.1453125 0.328125 0.22109375 0.39453125 0.22109375 0.39453125 0.1453125
19 0.32578125 0.146875 0.259375 0.146875 0.259375 0.22109375 0.32578125 0.22109375 0.32578125 0.146875
19 0.465625 0.1484375 0.396875 0.1484375 0.396875 0.22265625 0.465625 0.22265625 0.465625 0.1484375
19 0.5203125 0.1546875 0.471875 0.1546875 0.471875 0.2234375 0.5203125 0.2234375 0.5203125 0.1546875
19 0.5703125 0.1546875 0.5234375 0.1546875 0.5234375 0.2234375 0.5703125 0.2234375 0.5703125 0.1546875
19 0.7125 0.1609375 0.659375 0.1609375 0.659375 0.225 0.7125 0.225 0.7125 0.1609375
19 0.6109375 0.1703125 0.578125 0.1703125 0.578125 0.221875 0.6109375 0.221875 0.6109375 0.1703125
19 0.65390625 0.1703125 0.61875 0.1703125 0.61875 0.221875 0.65390625 0.221875 0.65390625 0.1703125
19 0.75546875 0.1921875 0.721875 0.1921875 0.721875 0.221875 0.75546875 0.221875 0.75546875 0.1921875
19 0.796875 0.259375 0.74375 0.259375 0.74375 0.3125 0.796875 0.3125 0.796875 0.259375
19 0.1734375 0.2890625 0.140625 0.2890625 0.140625 0.34453125 0.1734375 0.34453125 0.1734375 0.2890625
19 0.2109375 0.2890625 0.178125 0.2890625 0.178125 0.34453125 0.2109375 0.34453125 0.2109375 0.2890625
19 0.2515625 0.2890625 0.21875 0.2890625 0.21875 0.34453125 0.2515625 0.34453125 0.2515625 0.2890625
19 0.284375 0.2890625 0.2546875 0.2890625 0.2546875 0.34453125 0.284375 0.34453125 0.284375 0.2890625
19 0.80390625 0.3203125 0.7453125 0.3203125 0.7453125 0.3609375 0.80390625 0.3609375 0.80390625 0.3203125
19 0.80078125 0.378125 0.7453125 0.378125 0.7453125 0.4265625 0.80078125 0.4265625 0.80078125 0.378125
19 0.35234375 0.384375 0.2859375 0.384375 0.2859375 0.4640625 0.35234375 0.4640625 0.35234375 0.384375
19 0.28515625 0.3875 0.21875 0.3875 0.21875 0.46328125 0.28515625 0.46328125 0.28515625 0.3875
19 0.21015625 0.3875 0.14375 0.3875 0.14375 0.4640625 0.21015625 0.4640625 0.21015625 0.3875
19 0.41875 0.3921875 0.3546875 0.3921875 0.3546875 0.46171875 0.41875 0.46171875 0.41875 0.3921875
19 0.47890625 0.4 0.4203125 0.4 0.4203125 0.4609375 0.47890625 0.4609375 0.47890625 0.4
19 0.56328125 0.415625 0.528125 0.415625 0.528125 0.4640625 0.56328125 0.4640625 0.56328125 0.415625
19 0.52265625 0.4140625 0.4875 0.4140625 0.4875 0.46328125 0.52265625 0.46328125 0.52265625 0.4140625
19 0.8 0.434375 0.746875 0.434375 0.746875 0.4828125 0.8 0.4828125 0.8 0.434375
19 0.7984375 0.490625 0.75 0.490625 0.75 0.54453125 0.7984375 0.54453125 0.7984375 0.490625
19 0.79765625 0.5765625 0.746875 0.5765625 0.746875 0.6296875 0.79765625 0.6296875 0.79765625 0.5765625