19 0.31875 0.1890625 0.31875 0.133039315625 0.22908266249999998 0.133039315625 0.22908266249999998 0.1890625 0.31875 0.1890625
19 0.4125 0.3109375 0.4125 0.2642641125 0.326209678125 0.2642641125 0.326209678125 0.3109375 0.4125 0.3109375
19 0.29579133125 0.24375 0.29579133125 0.3328125 0.3401461703125 0.3328125 0.3401461703125 0.24375 0.29579133125 0.24375
19 0.446875 0.3328125 0.446875 0.24375 0.4027973796875 0.24375 0.4027973796875 0.3328125 0.446875 0.3328125
19 0.5247479828125 0.315625 0.5247479828125 0.266784275 0.434425403125 0.266784275 0.434425403125 0.315625 0.5247479828125 0.315625
19 0.1328125 0.328125 0.1328125 0.2771421375 0.1034526203125 0.2771421375 0.1034526203125 0.328125 0.1328125 0.328125
19 0.1390625 0.328125 0.1703125 0.328125 0.1703125 0.2771421375 0.1390625 0.2771421375 0.1390625 0.328125
19 0.1796875 0.3265625 0.2078125 0.3265625 0.2078125 0.27772177343750004 0.1796875 0.27772177343750004 0.1796875 0.3265625
19 0.2953125 0.321875 0.2953125 0.28979334687499997 0.2457661296875 0.28979334687499997 0.2457661296875 0.321875 0.2953125 0.321875
19 0.246875 0.33125 0.246875 0.2804687484375 0.21469254218749997 0.2804687484375 0.21469254218749997 0.33125 0.246875 0.33125
19 0.7953125 0.5546875 0.7953125 0.48760080625 0.730997984375 0.48760080625 0.730997984375 0.5546875 0.7953125 0.5546875
19 0.6453125 0.559375 0.6453125 0.488306453125 0.583568546875 0.488306453125 0.583568546875 0.559375 0.6453125 0.559375
19 0.25625 0.5453125 0.25625 0.50360383125 0.1943548390625 0.5036038296875 0.1943548390625 0.5453125 0.25625 0.5453125
19 0.2046875 0.54375 0.2046875 0.5052167328125 0.1435483875 0.5052167328125 0.1435483875 0.54375 0.2046875 0.54375
19 0.3 0.559375 0.3 0.49375 0.25655241875 0.49375 0.25655241875 0.559375 0.3 0.559375
19 0.4 0.55625 0.4 0.4955141140625 0.3559223796875 0.4955141140625 0.3559223796875 0.55625 0.4 0.55625
19 0.8625 0.559375 0.8625 0.49372479843750006 0.7979334687499999 0.49372479843750006 0.7979334687499999 0.559375 0.8625 0.559375
19 0.4578125 0.546875 0.4578125 0.505317540625 0.39672379062499996 0.505317540625 0.39672379062499996 0.546875 0.4578125 0.546875
19 0.9359375 0.4932207671875 0.868497984375 0.4932207671875 0.868497984375 0.5593497984375 0.9359375 0.5593497984375 0.9359375 0.4932207671875
19 0.35 0.5578125 0.35 0.49375 0.30536794375 0.49375 0.30536794375 0.5578125 0.35 0.5578125
19 0.6546875 0.55625 0.71875 0.55625 0.71875 0.4955141140625 0.6546875 0.4955141140625 0.6546875 0.55625
19 0.52217741875 0.5078125 0.52217741875 0.5578125 0.5765625 0.5578125 0.5765625 0.5078125 0.52217741875 0.5078125
19 0.50625 0.559375 0.50625 0.505418346875 0.45751007968749996 0.505418346875 0.45751007968749996 0.559375 0.50625 0.559375