19 0.546875 0.3125 0.475 0.3125 0.475 0.38359375 0.546875 0.38359375 0.546875 0.3125
19 0.70546875 0.315625 0.634375 0.315625 0.634375 0.38515625 0.70546875 0.38515625 0.70546875 0.315625
19 0.62890625 0.315625 0.5546875 0.315625 0.5546875 0.38671875 0.62890625 0.38671875 0.62890625 0.315625
19 0.77421875 0.3328125 0.7140625 0.3328125 0.7140625 0.38828125 0.77421875 0.38828125 0.77421875 0.3328125
19 0.846875 0.334375 0.7828125 0.334375 0.7828125 0.3875 0.846875 0.3875 0.846875 0.334375
19 0.91953125 0.3359375 0.853125 0.3359375 0.853125 0.3890625 0.91953125 0.3890625 0.91953125 0.3359375
19 0.0859375 0.40625 0.0171875 0.40625 0.0171875 0.4796875 0.0859375 0.4796875 0.0859375 0.40625
19 0.15 0.41875 0.09375 0.41875 0.09375 0.47734375 0.15 0.47734375 0.15 0.41875
19 0.3921875 0.421875 0.3390625 0.421875 0.3390625 0.478125 0.3921875 0.478125 0.3921875 0.421875
19 0.2140625 0.421875 0.15625 0.421875 0.15625 0.47734375 0.2140625 0.47734375 0.2140625 0.421875
19 0.26875 0.421875 0.2171875 0.421875 0.2171875 0.47734375 0.26875 0.47734375 0.26875 0.421875
19 0.33046875 0.421875 0.2765625 0.421875 0.2765625 0.47734375 0.33046875 0.47734375 0.33046875 0.421875
19 0.44921875 0.421875 0.3984375 0.421875 0.3984375 0.47734375 0.44921875 0.47734375 0.44921875 0.421875
19 0.5484375 0.4359375 0.5078125 0.4359375 0.5078125 0.47890625 0.5484375 0.47890625 0.5484375 0.4359375
19 0.49921875 0.4390625 0.4609375 0.4390625 0.4609375 0.4796875 0.49921875 0.4796875 0.49921875 0.4390625
19 0.59296875 0.4390625 0.5546875 0.4390625 0.5546875 0.48125 0.59296875 0.48125 0.59296875 0.4390625
19 0.86796875 0.4390625 0.8234375 0.4390625 0.8234375 0.48125 0.86796875 0.48125 0.86796875 0.4390625
19 0.76484375 0.440625 0.725 0.440625 0.725 0.48125 0.76484375 0.48125 0.76484375 0.440625
19 0.81328125 0.4390625 0.7734375 0.4390625 0.7734375 0.48203125 0.81328125 0.48203125 0.81328125 0.4390625
19 0.63515625 0.4546875 0.6 0.4546875 0.6 0.47890625 0.63515625 0.47890625 0.63515625 0.4546875
19 0.6796875 0.4546875 0.6421875 0.4546875 0.6421875 0.47890625 0.6796875 0.47890625 0.6796875 0.4546875
19 0.725 0.4546875 0.6875 0.4546875 0.6875 0.47890625 0.725 0.47890625 0.725 0.4546875
19 0.09921875 0.5171875 0.034375 0.5171875 0.034375 0.58125 0.09921875 0.58125 0.09921875 0.5171875
19 0.2515625 0.521875 0.1875 0.521875 0.1875 0.5828125 0.2515625 0.5828125 0.2515625 0.521875
19 0.33046875 0.5125 0.2546875 0.5125 0.2546875 0.584375 0.33046875 0.584375 0.33046875 0.5125
19 0.17734375 0.521875 0.1109375 0.521875 0.1109375 0.5828125 0.17734375 0.5828125 0.17734375 0.521875
19 0.40390625 0.5140625 0.328125 0.5140625 0.328125 0.58359375 0.40390625 0.58359375 0.40390625 0.5140625
19 0.478125 0.525 0.40625 0.525 0.40625 0.5828125 0.478125 0.5828125 0.478125 0.525
19 0.7625 0.528125 0.69375 0.528125 0.69375 0.58203125 0.7625 0.58203125 0.7625 0.528125
19 0.68828125 0.528125 0.621875 0.528125 0.621875 0.58359375 0.68828125 0.58359375 0.68828125 0.528125
19 0.54921875 0.528125 0.478125 0.528125 0.478125 0.584375 0.54921875 0.584375 0.54921875 0.528125
19 0.61796875 0.53125 0.5515625 0.53125 0.5515625 0.5828125 0.61796875 0.5828125 0.61796875 0.53125
19 0.8328125 0.540625 0.7703125 0.540625 0.7703125 0.5890625 0.8328125 0.5890625 0.8328125 0.540625
19 0.90859375 0.5421875 0.8421875 0.5421875 0.8421875 0.590625 0.90859375 0.590625 0.90859375 0.5421875