19 0.2671875 0.1625 0.2671875 0.103125 0.191796875 0.103125 0.191796875 0.1625 0.2671875 0.1625
19 0.26875 0.1046875 0.26875 0.171875 0.3296875 0.171875 0.3296875 0.1046875 0.26875 0.1046875
19 0.5265625 0.1125 0.5265625 0.16875 0.5953125 0.16875 0.5953125 0.1125 0.5265625 0.1125
19 0.65 0.1671875 0.65 0.115234375 0.591796875 0.115234375 0.591796875 0.1671875 0.65 0.1671875
19 0.334765625 0.1109375 0.334765625 0.175 0.3765625 0.175 0.3765625 0.1109375 0.334765625 0.1109375
19 0.3796875 0.1125 0.3796875 0.1734375 0.4203125 0.1734375 0.4203125 0.1125 0.3796875 0.1125
19 0.7609375 0.1734375 0.7609375 0.116015625 0.708203125 0.116015625 0.708203125 0.1734375 0.7609375 0.1734375
19 0.8171875 0.171875 0.8171875 0.12109375 0.76171875 0.12109375 0.76171875 0.171875 0.8171875 0.171875
19 0.703125 0.1734375 0.703125 0.121484375 0.64921875 0.121484375 0.64921875 0.1734375 0.703125 0.1734375
19 0.234765625 0.209375 0.234765625 0.2734375 0.2609375 0.2734375 0.2609375 0.209375 0.234765625 0.209375
19 0.3078125 0.25625 0.3078125 0.22578125 0.24453125 0.22578125 0.24453125 0.25625 0.3078125 0.25625
19 0.2234375 0.2546875 0.2234375 0.229296875 0.15859375 0.229296875 0.15859375 0.2546875 0.2234375 0.2546875
19 0.303125 0.228125 0.303125 0.2578125 0.3640625 0.2578125 0.3640625 0.228125 0.303125 0.228125
19 0.601953125 0.209375 0.601953125 0.278125 0.65625 0.278125 0.65625 0.209375 0.601953125 0.209375
19 0.543359375 0.209375 0.543359375 0.278125 0.5984375 0.278125 0.5984375 0.209375 0.543359375 0.209375
19 0.234375 0.211328125 0.2078125 0.211328125 0.2078125 0.2765625 0.234375 0.2765625 0.234375 0.211328125
19 0.3375 0.2578125 0.3375 0.231640625 0.273828125 0.231640625 0.273828125 0.2578125 0.3375 0.2578125
19 0.3984375 0.265625 0.3984375 0.2234375 0.340234375 0.2234375 0.340234375 0.265625 0.3984375 0.265625
19 0.44375 0.2671875 0.44375 0.224609375 0.386328125 0.224609375 0.386328125 0.2671875 0.44375 0.2671875
19 0.706640625 0.2203125 0.706640625 0.2765625 0.75625 0.2765625 0.75625 0.2203125 0.706640625 0.2203125
19 0.653125 0.225 0.653125 0.271875 0.709375 0.271875 0.709375 0.225 0.653125 0.225
19 0.7609375 0.2203125 0.7609375 0.2765625 0.8125 0.2765625 0.8125 0.2203125 0.7609375 0.2203125
19 0.8703125 0.221484375 0.81875 0.221484375 0.81875 0.2765625 0.8703125 0.2765625 0.8703125 0.221484375
19 0.471875 0.2765625 0.471875 0.232421875 0.439453125 0.232421875 0.439453125 0.2765625 0.471875 0.2765625
19 0.5421875 0.23671875 0.501953125 0.23671875 0.501953125 0.271875 0.5421875 0.271875 0.5421875 0.23671875
19 0.475 0.234375 0.475 0.2765625 0.50625 0.2765625 0.50625 0.234375 0.475 0.234375
19 0.776171875 0.309375 0.776171875 0.36015625 0.8203125 0.36015625 0.8203125 0.309375 0.776171875 0.309375
19 0.678515625 0.3234375 0.678515625 0.3484375 0.7046875 0.3484375 0.7046875 0.3234375 0.678515625 0.3234375
19 0.621875 0.325 0.621875 0.35 0.6484375 0.35 0.6484375 0.325 0.621875 0.325
19 0.65 0.325 0.65 0.35 0.675 0.35 0.675 0.325 0.65 0.325
19 0.182421875 0.3140625 0.182421875 0.3671875 0.2171875 0.3671875 0.2171875 0.3140625 0.182421875 0.3140625
19 0.2640625 0.323828125 0.209375 0.323828125 0.209375 0.359375 0.2640625 0.359375 0.2640625 0.323828125
19 0.3515625 0.3203125 0.3515625 0.371875 0.39375 0.371875 0.39375 0.3203125 0.3515625 0.3203125
19 0.4421875 0.3671875 0.4421875 0.32578125 0.390234375 0.32578125 0.390234375 0.3671875 0.4421875 0.3671875
19 0.48671875 0.3671875 0.48671875 0.326171875 0.4328125 0.326171875 0.4328125 0.3671875 0.48671875 0.3671875
19 0.521875 0.3734375 0.521875 0.319921875 0.480078125 0.319921875 0.480078125 0.3734375 0.521875 0.3734375
19 0.2890625 0.335546875 0.24921875 0.335546875 0.24921875 0.365625 0.2890625 0.365625 0.2890625 0.335546875
19 0.35 0.36875 0.35 0.336328125 0.3109375 0.336328125 0.3109375 0.36875 0.35 0.36875
19 0.3171875 0.333203125 0.2859375 0.333203125 0.2859375 0.3703125 0.3171875 0.3703125 0.3171875 0.333203125
19 0.7171875 0.33125 0.7171875 0.3765625 0.765625 0.3765625 0.765625 0.33125 0.7171875 0.33125
19 0.559375 0.3734375 0.559375 0.335546875 0.525390625 0.335546875 0.525390625 0.3734375 0.559375 0.3734375
19 0.5921875 0.334375 0.5921875 0.375 0.6234375 0.375 0.6234375 0.334375 0.5921875 0.334375
19 0.8765625 0.333203125 0.8234375 0.333203125 0.8234375 0.3765625 0.8765625 0.3765625 0.8765625 0.333203125
19 0.5953125 0.371875 0.5953125 0.33984375 0.55546875 0.33984375 0.55546875 0.371875 0.5953125 0.371875
19 0.628125 0.35 0.628125 0.375 0.6546875 0.375 0.6546875 0.35 0.628125 0.35
19 0.6828125 0.351953125 0.65625 0.351953125 0.65625 0.375 0.6828125 0.375 0.6828125 0.351953125
19 0.6859375 0.375 0.7125 0.375 0.7125 0.3515625 0.6859375 0.3515625 0.6859375 0.375