19 0.7890625 0.1953125 0.7890625 0.089453125 0.734765625 0.089453125 0.734765625 0.1953125 0.7890625 0.1953125
19 0.812890625 0.1171875 0.812890625 0.171875 0.9203125 0.171875 0.9203125 0.1171875 0.812890625 0.1171875
19 0.8640625 0.171875 0.8640625 0.116015625 0.7640625 0.116015625 0.7640625 0.171875 0.8640625 0.171875
19 0.65625 0.1203125 0.65625 0.171875 0.7609375 0.171875 0.7609375 0.1203125 0.65625 0.1203125
19 0.5203125 0.425 0.5203125 0.351953125 0.482421875 0.351953125 0.482421875 0.425 0.5203125 0.425
19 0.5796875 0.3703125 0.506640625 0.3703125 0.506640625 0.409375 0.5796875 0.409375 0.5796875 0.3703125
19 0.6234375 0.4171875 0.6234375 0.375390625 0.549609375 0.375390625 0.549609375 0.4171875 0.6234375 0.4171875
19 0.66875 0.4203125 0.66875 0.379296875 0.59375 0.379296875 0.59375 0.4203125 0.66875 0.4203125
19 0.684375 0.3796875 0.684375 0.428125 0.7671875 0.428125 0.7671875 0.3796875 0.684375 0.3796875
19 0.6390625 0.38125 0.6390625 0.428125 0.7171875 0.428125 0.7171875 0.38125 0.6390625 0.38125
19 0.2890625 0.45625 0.2890625 0.5125 0.3125 0.5125 0.3125 0.45625 0.2890625 0.45625
19 0.4796875 0.475 0.4796875 0.5390625 0.5 0.5390625 0.5 0.475 0.4796875 0.475
19 0.346875 0.50078125 0.300390625 0.50078125 0.300390625 0.5203125 0.346875 0.5203125 0.346875 0.50078125
19 0.5375 0.54375 0.5375 0.52734375 0.48515625 0.52734375 0.48515625 0.54375 0.5375 0.54375
19 0.525 0.5109375 0.525 0.5640625 0.5421875 0.5640625 0.5421875 0.5109375 0.525 0.5109375
19 0.269921875 0.53125 0.269921875 0.59375 0.2921875 0.59375 0.2921875 0.53125 0.269921875 0.53125
19 0.4265625 0.5484375 0.4265625 0.575 0.440625 0.575 0.440625 0.5484375 0.4265625 0.5484375
19 0.318359375 0.5359375 0.318359375 0.6046875 0.3421875 0.6046875 0.3421875 0.5359375 0.318359375 0.5359375
19 0.34375 0.5375 0.34375 0.60625 0.36875 0.60625 0.36875 0.5375 0.34375 0.5375
19 0.5015625 0.5875 0.5015625 0.565234375 0.411328125 0.565234375 0.411328125 0.5875 0.5015625 0.5875
19 0.3953125 0.6078125 0.3953125 0.539453125 0.372265625 0.539453125 0.372265625 0.6078125 0.3953125 0.6078125
19 0.29375 0.553125 0.29375 0.6 0.3140625 0.6 0.3140625 0.553125 0.29375 0.553125
19 0.471875 0.5453125 0.471875 0.6234375 0.49375 0.6234375 0.49375 0.5453125 0.471875 0.5453125
19 0.4359375 0.6 0.4359375 0.578515625 0.3828125 0.578515625 0.3828125 0.6 0.4359375 0.6
19 0.5328125 0.6078125 0.5328125 0.58828125 0.48046875 0.58828125 0.48046875 0.6078125 0.5328125 0.6078125
19 0.44453125 0.609375 0.44453125 0.590234375 0.415625 0.590234375 0.415625 0.609375 0.44453125 0.609375
19 0.518359375 0.575 0.518359375 0.63125 0.5359375 0.63125 0.5359375 0.575 0.518359375 0.575
19 0.8 0.61796875 0.733984375 0.61796875 0.733984375 0.65625 0.8 0.65625 0.8 0.61796875
19 0.796875 0.609375 0.796875 0.678125 0.8390625 0.678125 0.8390625 0.609375 0.796875 0.609375
19 0.4140625 0.758203125 0.3828125 0.758203125 0.3828125 0.8078125 0.4140625 0.8078125 0.4140625 0.758203125
19 0.4109375 0.778125 0.4109375 0.8078125 0.459375 0.8078125 0.459375 0.778125 0.4109375 0.778125