19 0.8375 0.2765625 0.8375 0.23530746093750002 0.7719506046875 0.23530746093750002 0.7719506046875 0.2765625 0.8375 0.2765625
19 0.7765625 0.223991934375 0.7380544359375001 0.223991934375 0.7380544359375001 0.288508065625 0.7765625 0.288508065625 0.7765625 0.223991934375
19 0.8828125 0.275 0.8828125 0.2346774203125 0.8167590718750001 0.2346774203125 0.8167590718750001 0.275 0.8828125 0.275
19 0.746875 0.235962703125 0.6812752015625 0.235962703125 0.6812752015625 0.2746723796875 0.746875 0.2746723796875 0.746875 0.235962703125
19 0.9328125 0.353125 0.9328125 0.26315524218749997 0.8829385078125 0.26315524218749997 0.8829385078125 0.353125 0.9328125 0.353125
19 0.69375 0.359375 0.69375 0.253125 0.62666330625 0.253125 0.62666330625 0.359375 0.69375 0.359375
19 0.634375 0.346875 0.634375 0.2875 0.553049396875 0.2875 0.553049396875 0.346875 0.634375 0.346875
19 0.5625 0.3578125 0.5625 0.27762096875000003 0.5041330640624999 0.27762096875000003 0.5041330640624999 0.3578125 0.5625 0.3578125
19 0.8921875 0.3421875 0.8921875 0.3012348796875 0.8301411296874999 0.3012348796875 0.8301411296874999 0.3421875 0.8921875 0.3421875
19 0.8421875 0.34375 0.8421875 0.301990928125 0.7798891125 0.301990928125 0.7798891125 0.34375 0.8421875 0.34375
19 0.7984375 0.3453125 0.7984375 0.30380544375 0.7362903234375 0.30380544375 0.7362903234375 0.3453125 0.7984375 0.3453125
19 0.7453125 0.35625 0.7453125 0.29375 0.7003780234375 0.29375 0.7003780234375 0.35625 0.7453125 0.35625
19 0.4953125 0.359375 0.4953125 0.29863911249999997 0.4512348796875 0.29863911249999997 0.4512348796875 0.359375 0.4953125 0.359375
19 0.4546875 0.3515625 0.4546875 0.3078125 0.396219759375 0.3078125 0.396219759375 0.3515625 0.4546875 0.3515625
19 0.396875 0.3609375 0.396875 0.3014364921875 0.3520413296875 0.3014364921875 0.3520413296875 0.3609375 0.396875 0.3609375
19 0.35625 0.353125 0.35625 0.3085937484375 0.3001764125 0.3085937484375 0.3001764125 0.353125 0.35625 0.353125
19 0.24375 0.4375 0.24375 0.3965473796875 0.2003528234375 0.3965473796875 0.2003528234375 0.4375 0.24375 0.4375
19 0.290625 0.4375 0.290625 0.396875 0.2548891125 0.396875 0.2548891125 0.4375 0.290625 0.4375
19 0.1965977828125 0.4390625 0.1965977828125 0.3983114921875 0.1578881046875 0.3983114921875 0.1578881046875 0.4390625 0.1965977828125 0.4390625
19 1 0.43172883124999994 0.9428175390625 0.43172883124999994 0.9428175390625 0.4625 1 0.4625 1 0.43172883124999994
19 0.9296875 0.4890625 0.965625 0.4890625 0.965625 0.40625 0.9296875 0.40625 0.9296875 0.4890625
19 0.95 0.43089717812500006 0.86494455625 0.43089717812500006 0.86494455625 0.4671875 0.95 0.4671875 0.95 0.43089717812500006
19 0.85 0.490625 0.85 0.40680443437499997 0.8081905234375 0.40680443437499997 0.8081905234375 0.490625 0.85 0.490625
19 0.848966734375 0.4078125 0.848966734375 0.4953125 0.8900957671875 0.4953125 0.8900957671875 0.4078125 0.848966734375 0.4078125
19 0.8328125 0.4328125 0.75088205625 0.4328125 0.75088205625 0.471244959375 0.8328125 0.471244959375 0.8328125 0.4328125
19 0.4453125 0.4875 0.5341985890625 0.4875 0.5341985890625 0.4162298375 0.4453125 0.4162298375 0.4453125 0.4875
19 0.448387096875 0.4079385078125 0.376612903125 0.4079385078125 0.376612903125 0.4998739921875 0.448387096875 0.4998739921875 0.448387096875 0.4079385078125
19 0.375 0.4921875 0.375 0.41917842656250004 0.2856854828125 0.41917842656250004 0.2856854828125 0.4921875 0.375 0.4921875
19 0.65625 0.4859375 0.65625 0.4265625 0.582862903125 0.4265625 0.582862903125 0.4859375 0.65625 0.4859375
19 0.65 0.4953125 0.7046875 0.4953125 0.7046875 0.41875 0.65 0.41875 0.65 0.4953125
19 0.7140625 0.496875 0.76875 0.496875 0.76875 0.42164818593750003 0.7140625 0.42164818593750003 0.7140625 0.496875
19 0.596875 0.4875 0.596875 0.4298891125 0.5244707671875 0.4298891125 0.5244707671875 0.4875 0.596875 0.4875
19 0.15 0.503125 0.15 0.4261088703125 0.0777469765625 0.4261088703125 0.0777469765625 0.503125 0.15 0.503125
19 0.0703125 0.503125 0.0703125 0.43041834687499997 0.000327621875 0.43041834687499997 0.000327621875 0.503125 0.0703125 0.503125
19 0.2 0.5 0.2 0.43855846875 0.1570060484375 0.43855846875 0.1570060484375 0.5 0.2 0.5
19 0.2484375 0.5 0.2484375 0.43855846875 0.205342740625 0.43855846875 0.205342740625 0.5 0.2484375 0.5
19 0.2921875 0.503125 0.2921875 0.4403981859375 0.25010080625 0.4403981859375 0.25010080625 0.503125 0.2921875 0.503125
19 0.4359375 0.5578125 0.46875 0.5578125 0.46875 0.5337701609375001 0.4359375 0.5337701609375001 0.4359375 0.5578125
19 0.3875 0.5625 0.3875 0.5297883062500001 0.36320564375000003 0.5297883062500001 0.36320564375000003 0.5625 0.3875 0.5625
19 0.4234375 0.5640625 0.4234375 0.5314516125 0.3991431453125 0.5314516125 0.3991431453125 0.5640625 0.4234375 0.5640625
19 0.928125 0.58125 0.96875 0.58125 0.96875 0.5217993953125 0.928125 0.5217993953125 0.928125 0.58125
19 0.8515625 0.5734375 0.8515625 0.5328125 0.793497984375 0.5328125 0.793497984375 0.5734375 0.8515625 0.5734375
19 0.8640625 0.58125 0.9078125 0.58125 0.9078125 0.5226310468750001 0.8640625 0.5226310468750001 0.8640625 0.58125
19 0.6640625 0.5734375 0.7203125 0.5734375 0.7203125 0.5328125 0.6640625 0.5328125 0.6640625 0.5734375
19 0.7765625 0.584375 0.7765625 0.5247731859375 0.7352570546874999 0.5247731859375 0.7352570546874999 0.584375 0.7765625 0.584375
19 0.4640625 0.6015625 0.4640625 0.5640625 0.431199596875 0.5640625 0.431199596875 0.6015625 0.4640625 0.6015625
19 0.428125 0.5690524203125 0.3927923390625 0.5690524203125 0.3927923390625 0.59969758125 0.428125 0.59969758125 0.428125 0.5690524203125
19 0.3890625 0.5984375 0.3890625 0.5712701625000001 0.35519153124999997 0.5712701625000001 0.35519153124999997 0.5984375 0.3890625 0.5984375
19 0.3515625 0.562726815625 0.2824848796875 0.562726815625 0.2824848796875 0.6482106859375001 0.3515625 0.6482106859375001 0.3515625 0.562726815625
19 0.2 0.65 0.2 0.5631048390625 0.13155241875 0.5631048390625 0.13155241875 0.65 0.2 0.65
19 0.275 0.56433971875 0.20672883125000002 0.56433971875 0.20672883125000002 0.6465977828125 0.275 0.6465977828125 0.275 0.56433971875
19 0.9203125 0.6390625 0.9203125 0.57782258125 0.8553427421875 0.57782258125 0.8553427421875 0.6390625 0.9203125 0.6390625
19 0.13125 0.640625 0.13125 0.578175403125 0.047101815625 0.578175403125 0.047101815625 0.640625 0.13125 0.640625
19 0.846875 0.6390625 0.846875 0.5772681453125 0.7861643140625 0.5772681453125 0.7861643140625 0.6390625 0.846875 0.6390625
19 0.9900957671875 0.640625 0.9900957671875 0.5759072578125 0.923966734375 0.5759072578125 0.923966734375 0.640625 0.9900957671875 0.640625
19 0.778125 0.6390625 0.778125 0.5801915328125 0.7263104828125 0.5801915328125 0.7263104828125 0.6390625 0.778125 0.6390625
19 0.6591733875 0.64375 0.6591733875 0.5794354828125 0.5970766125 0.5794354828125 0.5970766125 0.64375 0.6591733875 0.64375
19 0.534375 0.640625 0.534375 0.5831149203125 0.4689516125 0.5831149203125 0.4689516125 0.640625 0.534375 0.640625
19 0.6625 0.6453125 0.721875 0.6453125 0.721875 0.5809979843749999 0.6625 0.5809979843749999 0.6625 0.6453125
19 0.5296875 0.640625 0.5953125 0.640625 0.5953125 0.586668346875 0.5296875 0.586668346875 0.5296875 0.640625
19 0.4640625 0.64375 0.4640625 0.6085433453125 0.431098790625 0.6085433453125 0.431098790625 0.64375 0.4640625 0.64375
19 0.3890625 0.6453125 0.4234375 0.6453125 0.4234375 0.6109375 0.3890625 0.6109375 0.3890625 0.6453125
19 0.3546875 0.6453125 0.3890120984375 0.6453125 0.3890120984375 0.6100050390625 0.3546875 0.6100050390625 0.3546875 0.6453125