19 0.686274509375 0.40849673124999997 0.723039215625 0.40849673124999997 0.723039215625 0.349673203125 0.686274509375 0.349673203125 0.686274509375 0.40849673124999997
19 0.6454248359375 0.4076797390625 0.6821895421875 0.4076797390625 0.6821895421875 0.349673203125 0.6454248359375 0.349673203125 0.6454248359375 0.4076797390625
19 0.5653594765625 0.4076797390625 0.6004901953124999 0.4076797390625 0.6004901953124999 0.349673203125 0.5653594765625 0.349673203125 0.5653594765625 0.4076797390625
19 0.526143790625 0.4076797390625 0.560457515625 0.4076797390625 0.560457515625 0.3513071890625 0.526143790625 0.3513071890625 0.526143790625 0.4076797390625
19 0.490196078125 0.4060457515625 0.5228758171875 0.4060457515625 0.5228758171875 0.3529411765625 0.490196078125 0.3529411765625 0.490196078125 0.4060457515625
19 0.6045751640625 0.4076797390625 0.64133986875 0.4076797390625 0.64133986875 0.3513071890625 0.6045751640625 0.3513071890625 0.6045751640625 0.4076797390625
19 0.7254901953124999 0.4068627453125 0.7622549015625 0.4068627453125 0.7622549015625 0.3529411765625 0.7254901953124999 0.3529411765625 0.7254901953124999 0.4068627453125
19 0.6568627453125 0.5702614374999999 0.6846405234375 0.5702614374999999 0.6846405234375 0.5032679734375 0.6568627453125 0.5032679734375 0.6568627453125 0.5702614374999999
19 0.6307189546874999 0.5678104578125 0.6568627453125 0.5678104578125 0.6568627453125 0.5049019609375 0.6307189546874999 0.5049019609375 0.6307189546874999 0.5678104578125
19 0.8022875812500001 0.5686274515624999 0.830065359375 0.5686274515624999 0.830065359375 0.5032679734375 0.8022875812500001 0.5032679734375 0.8022875812500001 0.5686274515624999
19 0.686274509375 0.5669934640625 0.7140522875 0.5669934640625 0.7140522875 0.5032679734375 0.686274509375 0.5032679734375 0.686274509375 0.5669934640625
19 0.7450980390625 0.5669934640625 0.7712418296875 0.5669934640625 0.7712418296875 0.5032679734375 0.7450980390625 0.5032679734375 0.7450980390625 0.5669934640625
19 0.7728758171875 0.5686274515624999 0.8006535953125 0.5686274515624999 0.8006535953125 0.5032679734375 0.7728758171875 0.5032679734375 0.7728758171875 0.5686274515624999
19 0.715686275 0.5669934640625 0.741830065625 0.5669934640625 0.741830065625 0.5032679734375 0.715686275 0.5032679734375 0.715686275 0.5669934640625
19 0.651960784375 0.7426470593750001 0.7009803921875 0.7426470593750001 0.7009803921875 0.6372549015625 0.651960784375 0.6372549015625 0.651960784375 0.7426470593750001
19 0.7009803921875 0.7467320265625 0.75 0.7467320265625 0.75 0.6372549015625 0.7009803921875 0.6372549015625 0.7009803921875 0.7467320265625
19 0.7532679734375 0.74918300625 0.8039215687500001 0.74918300625 0.8039215687500001 0.6372549015625 0.7532679734375 0.6372549015625 0.7532679734375 0.74918300625
19 0.8071895421875 0.7483660125 0.8578431375 0.7483660125 0.8578431375 0.64379085 0.8071895421875 0.64379085 0.8071895421875 0.7483660125
19 0.8611111109375 0.75 0.91176470625 0.75 0.91176470625 0.6454248359375 0.8611111109375 0.6454248359375 0.8611111109375 0.75
19 0.49346405156250006 0.9526143796875 0.5408496734375 0.9526143796875 0.5408496734375 0.83823529375 0.49346405156250006 0.83823529375 0.49346405156250006 0.9526143796875
19 0.44444444375 0.9526143796875 0.49346405156250006 0.9526143796875 0.49346405156250006 0.8366013078125001 0.44444444375 0.8366013078125001 0.44444444375 0.9526143796875
19 0.542483659375 0.9501633984375 0.58986928125 0.9501633984375 0.58986928125 0.8333333328125001 0.542483659375 0.8333333328125001 0.542483659375 0.9501633984375
19 0.5931372546875 0.9517973859375 0.6397058828125 0.9517973859375 0.6397058828125 0.84150326875 0.5931372546875 0.84150326875 0.5931372546875 0.9517973859375
19 0.64379085 0.954248365625 0.6944444437499999 0.954248365625 0.6944444437499999 0.83823529375 0.64379085 0.83823529375 0.64379085 0.954248365625