19 0 0.453125 0.110647603125 0.453125 0.110647603125 0.36158117343749996 0 0.36158117343749996 0 0.453125
19 0.1685682 0.465625 0.1685682 0.3778449296875 0.10174430000000001 0.3778449296875 0.10174430000000001 0.465625 0.1685682 0.465625
19 0.43251768906250004 0.4828125 0.43251768906250004 0.3867826265625 0.35861831718750004 0.3867826265625 0.35861831718750004 0.4828125 0.43251768906250004 0.4828125
19 0.221875 0.4703125 0.221875 0.40369988125 0.17105444375 0.40369988125 0.17105444375 0.4703125 0.221875 0.4703125
19 0.5203125 0.475 0.5203125 0.40625 0.42101021875000005 0.40625 0.42101021875000005 0.475 0.5203125 0.475
19 0.2796875 0.478125 0.2796875 0.4046875 0.2267836078125 0.4046875 0.2267836078125 0.478125 0.2796875 0.478125
19 0.9213443390625 0.515625 0.9213443390625 0.3984571546875 0.8411556609374999 0.3984571546875 0.8411556609374999 0.515625 0.9213443390625 0.515625
19 0.5171875 0.509375 0.596875 0.509375 0.596875 0.4046875 0.5171875 0.4046875 0.5171875 0.509375
19 0.996875 0.521875 0.996875 0.40157232656249997 0.9247690640625 0.40157232656249997 0.9247690640625 0.521875 0.996875 0.521875
19 0.2890625 0.4796875 0.35 0.4796875 0.35 0.4389298359375 0.2890625 0.4389298359375 0.2890625 0.4796875
19 0.709375 0.415625 0.6227987421875001 0.415625 0.6227987421875001 0.5072081359375 0.709375 0.5072081359375 0.709375 0.415625
19 0.721875 0.5125 0.825 0.5125 0.825 0.42471992968750005 0.721875 0.42471992968750005 0.721875 0.5125
19 0.7061173359375 0.6421875 0.7061173359375 0.53795204375 0.6235701640625 0.53795204375 0.6235701640625 0.6421875 0.7061173359375 0.6421875
19 0.6109375 0.5626670593750001 0.521875 0.5626670593750001 0.521875 0.634207940625 0.6109375 0.634207940625 0.6109375 0.5626670593750001
19 0.796875 0.640625 0.796875 0.569162734375 0.708996659375 0.569162734375 0.708996659375 0.640625 0.796875 0.640625
19 0.8765625 0.6515625 0.8765625 0.57142295625 0.7856869109375 0.57142295625 0.7856869109375 0.6515625 0.8765625 0.6515625