19 0.165625 0.140625 0.165625 0.1609375 0.2140625 0.1609375 0.2140625 0.140625 0.165625 0.140625
19 0.1890625 0.1609375 0.1890625 0.14453125 0.143359375 0.14453125 0.143359375 0.1609375 0.1890625 0.1609375
19 0.2328125 0.1296875 0.2328125 0.175 0.25 0.175 0.25 0.1296875 0.2328125 0.1296875
19 0.206640625 0.13125 0.206640625 0.1765625 0.2234375 0.1765625 0.2234375 0.13125 0.206640625 0.13125
19 0.244921875 0.1453125 0.244921875 0.16484375 0.2890625 0.16484375 0.2890625 0.1453125 0.244921875 0.1453125
19 0.7109375 0.178125 0.7109375 0.2109375 0.759375 0.2109375 0.759375 0.178125 0.7109375 0.178125
19 0.573046875 0.215625 0.573046875 0.183203125 0.519140625 0.183203125 0.519140625 0.215625 0.573046875 0.215625
19 0.558984375 0.184375 0.558984375 0.2171875 0.6140625 0.2171875 0.6140625 0.184375 0.558984375 0.184375
19 0.6859375 0.175390625 0.653125 0.175390625 0.653125 0.228125 0.6859375 0.228125 0.6859375 0.175390625
19 0.6890625 0.175 0.6890625 0.228125 0.71875 0.228125 0.71875 0.175 0.6890625 0.175
19 0.6109375 0.175 0.6109375 0.228125 0.64375 0.228125 0.64375 0.175 0.6109375 0.175
19 0.16875 0.221875 0.16875 0.183203125 0.151953125 0.183203125 0.151953125 0.221875 0.16875 0.221875
19 0.2390625 0.221875 0.2390625 0.183203125 0.221484375 0.183203125 0.221484375 0.221875 0.2390625 0.221875
19 0.203125 0.19609375 0.163671875 0.19609375 0.163671875 0.2140625 0.203125 0.2140625 0.203125 0.19609375
19 0.187109375 0.1953125 0.187109375 0.2125 0.2265625 0.2125 0.2265625 0.1953125 0.187109375 0.1953125
19 0.271875 0.184765625 0.2515625 0.184765625 0.2515625 0.2234375 0.271875 0.2234375 0.271875 0.184765625
19 0.387109375 0.2890625 0.387109375 0.31171875 0.4375 0.31171875 0.4375 0.2890625 0.387109375 0.2890625
19 0.553125 0.3125 0.553125 0.286328125 0.498046875 0.286328125 0.498046875 0.3125 0.553125 0.3125
19 0.465625 0.3125 0.465625 0.288671875 0.41796875 0.288671875 0.41796875 0.3125 0.465625 0.3125
19 0.54375 0.271875 0.54375 0.3296875 0.56875 0.3296875 0.56875 0.271875 0.54375 0.271875
19 0.5546875 0.2890625 0.5546875 0.315625 0.6125 0.315625 0.6125 0.2890625 0.5546875 0.2890625
19 0.625 0.272265625 0.5984375 0.272265625 0.5984375 0.3296875 0.625 0.3296875 0.625 0.272265625
19 0.5234375 0.3125 0.5234375 0.28984375 0.471484375 0.28984375 0.471484375 0.3125 0.5234375 0.3125
19 0.459375 0.2765625 0.459375 0.328125 0.48125 0.328125 0.48125 0.2765625 0.459375 0.2765625
19 0.3640625 0.325 0.3640625 0.29453125 0.31953125 0.29453125 0.31953125 0.325 0.3640625 0.325
19 0.334375 0.3265625 0.334375 0.29609375 0.28671875 0.29609375 0.28671875 0.3265625 0.334375 0.3265625
19 0.358984375 0.296875 0.358984375 0.33046875 0.3984375 0.33046875 0.3984375 0.296875 0.358984375 0.296875
19 0.44375 0.35078125 0.376953125 0.35078125 0.376953125 0.378125 0.44375 0.378125 0.44375 0.35078125
19 0.4734375 0.351171875 0.40859375 0.351171875 0.40859375 0.375 0.4734375 0.375 0.4734375 0.351171875
19 0.334375 0.3796875 0.334375 0.349609375 0.2765625 0.349609375 0.2765625 0.3796875 0.334375 0.3796875
19 0.3109375 0.3484375 0.3109375 0.38125 0.36875 0.38125 0.36875 0.3484375 0.3109375 0.3484375
19 0.5578125 0.378125 0.5578125 0.35390625 0.49140625 0.35390625 0.49140625 0.378125 0.5578125 0.378125
19 0.4796875 0.3984375 0.4796875 0.333984375 0.452734375 0.333984375 0.452734375 0.3984375 0.4796875 0.3984375
19 0.6265625 0.332421875 0.6 0.332421875 0.6 0.3984375 0.6265625 0.3984375 0.6265625 0.332421875
19 0.466015625 0.3546875 0.466015625 0.378125 0.5296875 0.378125 0.5296875 0.3546875 0.466015625 0.3546875
19 0.5875 0.378125 0.5875 0.351953125 0.5234375 0.351953125 0.5234375 0.378125 0.5875 0.378125
19 0.5953125 0.333203125 0.5703125 0.333203125 0.5703125 0.3984375 0.5953125 0.3984375 0.5953125 0.333203125
19 0.403125 0.3796875 0.403125 0.351953125 0.349609375 0.351953125 0.349609375 0.3796875 0.403125 0.3796875
19 0.55546875 0.5359375 0.55546875 0.499609375 0.48125 0.499609375 0.48125 0.5359375 0.55546875 0.5359375
19 0.5171875 0.5359375 0.5171875 0.500390625 0.44375 0.500390625 0.44375 0.5359375 0.5171875 0.5359375
19 0.4765625 0.5375 0.4765625 0.50234375 0.40546875 0.50234375 0.40546875 0.5375 0.4765625 0.5375
19 0.578125 0.5546875 0.578125 0.505859375 0.561328125 0.505859375 0.561328125 0.5546875 0.578125 0.5546875
19 0.6140625 0.540625 0.6140625 0.523046875 0.565234375 0.523046875 0.565234375 0.540625 0.6140625 0.540625
19 0.559375 0.506640625 0.5421875 0.506640625 0.5421875 0.5546875 0.559375 0.5546875 0.559375 0.506640625
19 0.6046875 0.5578125 0.621875 0.5578125 0.621875 0.508203125 0.6046875 0.508203125 0.6046875 0.5578125
19 0.559375 0.653515625 0.5265625 0.653515625 0.5265625 0.7390625 0.559375 0.7390625 0.559375 0.653515625
19 0.559375 0.6578125 0.559375 0.7421875 0.5921875 0.7421875 0.5921875 0.6578125 0.559375 0.6578125
19 0.625 0.6578125 0.625 0.740625 0.6546875 0.740625 0.6546875 0.6578125 0.625 0.6578125
19 0.59375 0.6578125 0.59375 0.7421875 0.6234375 0.7421875 0.6234375 0.6578125 0.59375 0.6578125
19 0.228125 0.475 0.228125 0.5546875 0.265625 0.5546875 0.265625 0.475 0.228125 0.475
19 0.265625 0.4765625 0.265625 0.553125 0.3015625 0.553125 0.3015625 0.4765625 0.265625 0.4765625
19 0.3015625 0.4796875 0.3015625 0.55625 0.3421875 0.55625 0.3421875 0.4796875 0.3015625 0.4796875
19 0.3984375 0.5359375 0.3984375 0.5015625 0.323828125 0.5015625 0.323828125 0.5359375 0.3984375 0.5359375
19 0.359375 0.4984375 0.359375 0.534375 0.4359375 0.534375 0.4359375 0.4984375 0.359375 0.4984375