19 0.21875 0.340625 0.21875 0.428125 0.2546875 0.428125 0.2546875 0.340625 0.21875 0.340625
19 0.1515625 0.36875 0.1515625 0.4 0.2390625 0.4 0.2390625 0.36875 0.1515625 0.36875
19 0.3171875 0.40625 0.3171875 0.36640625 0.23828125 0.36640625 0.23828125 0.40625 0.3171875 0.40625
19 0.790625 0.421875 0.790625 0.385546875 0.7359375 0.385546875 0.7359375 0.421875 0.790625 0.421875
19 0.8390625 0.421875 0.8390625 0.387109375 0.785546875 0.387109375 0.785546875 0.421875 0.8390625 0.421875
19 0.7234375 0.553125 0.7234375 0.473828125 0.649609375 0.473828125 0.649609375 0.553125 0.7234375 0.553125
19 0.7984375 0.546875 0.7984375 0.4921875 0.725390625 0.4921875 0.725390625 0.546875 0.7984375 0.546875
19 0.234765625 0.4953125 0.234765625 0.5484375 0.278125 0.5484375 0.278125 0.4953125 0.234765625 0.4953125
19 0.184765625 0.4953125 0.184765625 0.5484375 0.228125 0.5484375 0.228125 0.4953125 0.184765625 0.4953125
19 0.3328125 0.500390625 0.279296875 0.500390625 0.279296875 0.543359375 0.3328125 0.543359375 0.3328125 0.500390625
19 0.4171875 0.49375 0.4171875 0.5515625 0.478125 0.5515625 0.478125 0.49375 0.4171875 0.49375
19 0.484375 0.5015625 0.484375 0.553125 0.5578125 0.553125 0.5578125 0.5015625 0.484375 0.5015625
19 0.5671875 0.5015625 0.5671875 0.5546875 0.634375 0.5546875 0.634375 0.5015625 0.5671875 0.5015625
19 0.3703125 0.546875 0.3703125 0.5140625 0.331640625 0.5140625 0.331640625 0.546875 0.3703125 0.546875
19 0.40859375 0.55 0.40859375 0.513671875 0.375 0.513671875 0.375 0.55 0.40859375 0.55