19 0.18125 0.321875 0.18125 0.24921875 0.07265625 0.24921875 0.07265625 0.321875 0.18125 0.321875
19 0.159375 0.234375 0.159375 0.3421875 0.2359375 0.3421875 0.2359375 0.234375 0.159375 0.234375
19 0.2203125 0.2578125 0.2203125 0.325 0.328125 0.325 0.328125 0.2578125 0.2203125 0.2578125
19 0.58125 0.3453125 0.58125 0.272265625 0.4921875 0.272265625 0.4921875 0.3453125 0.58125 0.3453125
19 0.434375 0.28671875 0.370703125 0.28671875 0.370703125 0.3359375 0.434375 0.3359375 0.434375 0.28671875
19 0.375 0.3390625 0.375 0.28515625 0.307421875 0.28515625 0.307421875 0.3390625 0.375 0.3390625
19 0.434375 0.28125 0.434375 0.35 0.4875 0.35 0.4875 0.28125 0.434375 0.28125
19 0.6578125 0.35 0.6578125 0.277734375 0.5734375 0.277734375 0.5734375 0.35 0.6578125 0.35
19 0.740625 0.35 0.740625 0.282421875 0.65546875 0.282421875 0.65546875 0.35 0.740625 0.35
19 0.821484375 0.3546875 0.821484375 0.286328125 0.734765625 0.286328125 0.734765625 0.3546875 0.821484375 0.3546875
19 0.8234375 0.2828125 0.8234375 0.371875 0.8859375 0.371875 0.8859375 0.2828125 0.8234375 0.2828125
19 0.892578125 0.334375 0.892578125 0.3703125 0.934375 0.3703125 0.934375 0.334375 0.892578125 0.334375
19 0.941015625 0.3375 0.941015625 0.375 0.990625 0.375 0.990625 0.3375 0.941015625 0.3375
19 0.1671875 0.375 0.1671875 0.4421875 0.2234375 0.4421875 0.2234375 0.375 0.1671875 0.375
19 0.2765625 0.4453125 0.2765625 0.374609375 0.226171875 0.374609375 0.226171875 0.4453125 0.2765625 0.4453125
19 0.1109375 0.371875 0.1109375 0.46875 0.1625 0.46875 0.1625 0.371875 0.1109375 0.371875
19 0.35625 0.40234375 0.261328125 0.40234375 0.261328125 0.4515625 0.35625 0.4515625 0.35625 0.40234375
19 0.4203125 0.392578125 0.333984375 0.392578125 0.333984375 0.468359375 0.4203125 0.468359375 0.4203125 0.392578125
19 0.5015625 0.478125 0.5015625 0.3890625 0.426953125 0.3890625 0.426953125 0.478125 0.5015625 0.478125
19 0.571484375 0.4734375 0.571484375 0.420703125 0.506640625 0.420703125 0.506640625 0.4734375 0.571484375 0.4734375
19 0.6390625 0.4234375 0.6390625 0.4765625 0.7015625 0.4765625 0.7015625 0.4234375 0.6390625 0.4234375
19 0.6375 0.419140625 0.5765625 0.419140625 0.5765625 0.4828125 0.6375 0.4828125 0.6375 0.419140625
19 0.7046875 0.4234375 0.7046875 0.484375 0.76875 0.484375 0.76875 0.4234375 0.7046875 0.4234375