19 0.9984375 0.4640625 0.9984375 0.3845709578125 0.8952635109375 0.3845709578125 0.8952635109375 0.4640625 0.9984375 0.4640625
19 0.890625 0.393884075 0.790625 0.393884075 0.790625 0.46236592343750005 0.890625 0.46236592343750005 0.890625 0.393884075
19 0.6703125 0.4796875 0.6703125 0.38347772343750003 0.6155682765625 0.38347772343750003 0.6155682765625 0.4796875 0.6703125 0.4796875
19 0.5904290421875 0.4609375 0.5904290421875 0.40792852812499997 0.5095709562499999 0.40792852812499997 0.5095709562499999 0.4609375 0.5904290421875 0.4609375
19 0.784375 0.4609375 0.784375 0.4078125 0.6940516703124999 0.4078125 0.6940516703124999 0.4609375 0.784375 0.4609375
19 0.176389746875 0.5609375 0.176389746875 0.5052856859375 0.1194590546875 0.505285684375 0.1194590546875 0.5609375 0.176389746875 0.5609375
19 0.721875 0.5734375 0.721875 0.49495926093750003 0.6414449265625 0.49495926093750003 0.6414449265625 0.5734375 0.721875 0.5734375
19 0.234375 0.5609375 0.234375 0.5056672859375 0.180515159375 0.5056672859375 0.180515159375 0.5609375 0.234375 0.5609375
19 0.809375 0.578125 0.809375 0.4984375 0.7301000421875 0.4984375 0.7301000421875 0.578125 0.809375 0.578125
19 0.5609375 0.571875 0.5609375 0.50732260625 0.5014103750000001 0.50732260625 0.5014103750000001 0.571875 0.5609375 0.571875
19 0.11207714531249999 0.559375 0.11207714531249999 0.516785271875 0.0691728546875 0.516785271875 0.0691728546875 0.559375 0.11207714531249999 0.559375
19 0.634375 0.571875 0.634375 0.5122241125 0.5663417890625 0.5122241125 0.5663417890625 0.571875 0.634375 0.571875
19 0.381002475 0.5671875 0.381002475 0.5217976484375 0.33149752499999996 0.5217976484375 0.33149752499999996 0.5671875 0.381002475 0.5671875
19 0.43125 0.5703125 0.43125 0.5198922234375 0.3878558171875 0.5198922234375 0.3878558171875 0.5703125 0.43125 0.5703125
19 0.4875 0.56875 0.4875 0.525 0.4385777625 0.525 0.4385777625 0.56875 0.4875 0.56875
19 0.2733446796875 0.5671875 0.2733446796875 0.5294580234375 0.24941728593749998 0.5294580234375 0.24941728593749998 0.5671875 0.2733446796875 0.5671875
19 0.321875 0.5609375 0.321875 0.5361772890625 0.28355249531250004 0.5361772890625 0.28355249531250004 0.5609375 0.321875 0.5609375
19 0.8730739468750001 0.5765625 0.8730739468750001 0.5307807343750001 0.82191883125 0.5307807343750001 0.82191883125 0.5765625 0.8730739468750001 0.5765625
19 0.9375 0.5828125 0.9828125 0.5828125 0.9828125 0.53125 0.9375 0.53125 0.9375 0.5828125
19 0.928125 0.58125 0.928125 0.5312525796875 0.8774468859375 0.5312525796875 0.8774468859375 0.58125 0.928125 0.58125