19 0.778125 0.315625 0.746875 0.315625 0.746875 0.38046875 0.778125 0.38046875 0.778125 0.315625
19 0.7453125 0.3203125 0.715625 0.3203125 0.715625 0.38046875 0.7453125 0.38046875 0.7453125 0.3203125
19 0.68046875 0.325 0.653125 0.325 0.653125 0.38125 0.68046875 0.38125 0.68046875 0.325
19 0.71171875 0.325 0.6828125 0.325 0.6828125 0.38046875 0.71171875 0.38046875 0.71171875 0.325
19 0.6203125 0.325 0.590625 0.325 0.590625 0.38125 0.6203125 0.38125 0.6203125 0.325
19 0.6515625 0.325 0.621875 0.325 0.621875 0.38125 0.6515625 0.38125 0.6515625 0.325
19 0.8828125 0.5015625 0.8625 0.5015625 0.8625 0.5546875 0.8828125 0.5546875 0.8828125 0.5015625
19 0.8578125 0.503125 0.8375 0.503125 0.8375 0.55625 0.8578125 0.55625 0.8578125 0.503125
19 0.753125 0.5125 0.7390625 0.5125 0.7390625 0.55546875 0.753125 0.55546875 0.753125 0.5125
19 0.771875 0.5125 0.7578125 0.5125 0.7578125 0.5546875 0.771875 0.5546875 0.771875 0.5125
19 0.7375 0.515625 0.7234375 0.515625 0.7234375 0.55625 0.7375 0.55625 0.7375 0.515625
19 0.7921875 0.515625 0.7765625 0.515625 0.7765625 0.55546875 0.7921875 0.55546875 0.7921875 0.515625
19 0.8109375 0.5171875 0.7953125 0.5171875 0.7953125 0.5578125 0.8109375 0.5578125 0.8109375 0.5171875
19 0.8328125 0.51875 0.815625 0.51875 0.815625 0.55703125 0.8328125 0.55703125 0.8328125 0.51875
19 0.8015625 0.603125 0.78125 0.603125 0.78125 0.6390625 0.8015625 0.6390625 0.8015625 0.603125
19 0.7796875 0.60625 0.7578125 0.60625 0.7578125 0.6421875 0.7796875 0.6421875 0.7796875 0.60625
19 0.82734375 0.6078125 0.803125 0.6078125 0.803125 0.64375 0.82734375 0.64375 0.82734375 0.6078125
19 0.79140625 0.675 0.7671875 0.675 0.7671875 0.7265625 0.79140625 0.7265625 0.79140625 0.675
19 0.7359375 0.678125 0.709375 0.678125 0.709375 0.72890625 0.7359375 0.72890625 0.7359375 0.678125
19 0.7671875 0.678125 0.7421875 0.678125 0.7421875 0.72890625 0.7671875 0.72890625 0.7671875 0.678125
19 0.81953125 0.6796875 0.7953125 0.6796875 0.7953125 0.7265625 0.81953125 0.7265625 0.81953125 0.6796875
19 0.85 0.6828125 0.825 0.6828125 0.825 0.728125 0.85 0.728125 0.85 0.6828125
19 0.8796875 0.684375 0.853125 0.684375 0.853125 0.72890625 0.8796875 0.72890625 0.8796875 0.684375
19 0.7859375 0.8171875 0.76875 0.8171875 0.76875 0.85078125 0.7859375 0.85078125 0.7859375 0.8171875
19 0.7671875 0.8171875 0.7515625 0.8171875 0.7515625 0.85078125 0.7671875 0.85078125 0.7671875 0.8171875
19 0.7734375 0.8734375 0.75625 0.8734375 0.75625 0.915625 0.7734375 0.915625 0.7734375 0.8734375
19 0.79453125 0.875 0.7765625 0.875 0.7765625 0.915625 0.79453125 0.915625 0.79453125 0.875
19 0.82578125 0.8890625 0.8125 0.8890625 0.8125 0.915625 0.82578125 0.915625 0.82578125 0.8890625
19 0.80859375 0.8890625 0.7953125 0.8890625 0.7953125 0.91640625 0.80859375 0.91640625 0.80859375 0.8890625
19 0.8578125 0.8890625 0.84375 0.8890625 0.84375 0.91640625 0.8578125 0.91640625 0.8578125 0.8890625
19 0.875 0.890625 0.8609375 0.890625 0.8609375 0.91484375 0.875 0.91484375 0.875 0.890625
19 0.84140625 0.890625 0.828125 0.890625 0.828125 0.9171875 0.84140625 0.9171875 0.84140625 0.890625