19 0.17320261406249998 0.35620915000000003 0.257352940625 0.35620915000000003 0.257352940625 0.26797385625 0.17320261406249998 0.26797385625 0.17320261406249998 0.35620915000000003
19 0.51797385625 0.365196078125 0.5931372546875 0.365196078125 0.5931372546875 0.27450980468749997 0.51797385625 0.27450980468749997 0.51797385625 0.365196078125
19 0.3071895421875 0.35702614375 0.3602941171875 0.35702614375 0.3602941171875 0.2892156859375 0.3071895421875 0.2892156859375 0.3071895421875 0.35702614375
19 0.5931372546875 0.366013071875 0.6372549015625 0.366013071875 0.6372549015625 0.2990196078125 0.5931372546875 0.2990196078125 0.5931372546875 0.366013071875
19 0.7614379078125 0.3733660125 0.831699346875 0.3733660125 0.831699346875 0.294117646875 0.7614379078125 0.294117646875 0.7614379078125 0.3733660125
19 0.2647058828125 0.35620915000000003 0.3071895421875 0.35620915000000003 0.3071895421875 0.3169934640625 0.2647058828125 0.3169934640625 0.2647058828125 0.35620915000000003
19 0.6421568625 0.3700980390625 0.6911764703125 0.3700980390625 0.6911764703125 0.30228758125 0.6421568625 0.30228758125 0.6421568625 0.3700980390625
19 0.83823529375 0.375 0.903594771875 0.375 0.903594771875 0.2973856203125 0.83823529375 0.2973856203125 0.83823529375 0.375
19 0.223856209375 0.5065359484374999 0.29330065312500003 0.5065359484374999 0.29330065312500003 0.40196078437500005 0.223856209375 0.40196078437500005 0.223856209375 0.5065359484374999
19 0.294117646875 0.5057189546874999 0.364379084375 0.5057189546874999 0.364379084375 0.4052287578125 0.294117646875 0.4052287578125 0.294117646875 0.5057189546874999
19 0.37254902031250003 0.5057189546874999 0.43382352968750004 0.5057189546874999 0.43382352968750004 0.40359477187500004 0.37254902031250003 0.40359477187500004 0.37254902031250003 0.5057189546874999
19 0.437908496875 0.508986928125 0.5073529406249999 0.508986928125 0.5073529406249999 0.4068627453125 0.437908496875 0.4068627453125 0.437908496875 0.508986928125
19 0.09477124218750001 0.5032679734375 0.1560457515625 0.5032679734375 0.1560457515625 0.419934640625 0.09477124218750001 0.419934640625 0.09477124218750001 0.5032679734375
19 0.1568627453125 0.5049019609375 0.2205882359375 0.5049019609375 0.2205882359375 0.421568628125 0.1568627453125 0.421568628125 0.1568627453125 0.5049019609375
19 0.69607843125 0.5138888890625 0.7475490203125 0.5138888890625 0.7475490203125 0.41339869218749997 0.69607843125 0.41339869218749997 0.69607843125 0.5138888890625
19 0.6013071890624999 0.5130718953125 0.64133986875 0.5130718953125 0.64133986875 0.42973856250000003 0.6013071890624999 0.42973856250000003 0.6013071890624999 0.5130718953125
19 0.6470588234375 0.5138888890625 0.686274509375 0.5138888890625 0.686274509375 0.428104575 0.6470588234375 0.428104575 0.6470588234375 0.5138888890625
19 0.51633986875 0.508169934375 0.5473856203125 0.508169934375 0.5473856203125 0.44934640468750003 0.51633986875 0.44934640468750003 0.51633986875 0.508169934375
19 0.5555555562500001 0.5073529406249999 0.590686275 0.5073529406249999 0.590686275 0.44934640468750003 0.5555555562500001 0.44934640468750003 0.5555555562500001 0.5073529406249999