19 0.2546875 0.340625 0.21875 0.340625 0.21875 0.428125 0.2546875 0.428125 0.2546875 0.340625
19 0.2109375 0.340625 0.1796875 0.340625 0.1796875 0.428125 0.2109375 0.428125 0.2109375 0.340625
19 0.2984375 0.346875 0.2578125 0.346875 0.2578125 0.4265625 0.2984375 0.4265625 0.2984375 0.346875
19 0.7828125 0.3765625 0.7453125 0.3765625 0.7453125 0.43203125 0.7828125 0.43203125 0.7828125 0.3765625
19 0.83046875 0.3765625 0.7953125 0.3765625 0.7953125 0.43203125 0.83046875 0.43203125 0.83046875 0.3765625
19 0.72421875 0.4734375 0.65 0.4734375 0.65 0.55390625 0.72421875 0.55390625 0.72421875 0.4734375
19 0.78984375 0.4828125 0.734375 0.4828125 0.734375 0.55625 0.78984375 0.55625 0.78984375 0.4828125
19 0.27890625 0.4953125 0.234375 0.4953125 0.234375 0.5484375 0.27890625 0.5484375 0.27890625 0.4953125
19 0.22890625 0.4953125 0.184375 0.4953125 0.184375 0.5484375 0.22890625 0.5484375 0.22890625 0.4953125
19 0.32734375 0.4953125 0.284375 0.4953125 0.284375 0.54921875 0.32734375 0.54921875 0.32734375 0.4953125
19 0.478125 0.49375 0.4171875 0.49375 0.4171875 0.5515625 0.478125 0.5515625 0.478125 0.49375
19 0.5578125 0.5015625 0.484375 0.5015625 0.484375 0.553125 0.5578125 0.553125 0.5578125 0.5015625
19 0.634375 0.5015625 0.5671875 0.5015625 0.5671875 0.5546875 0.634375 0.5546875 0.634375 0.5015625
19 0.37109375 0.5140625 0.33125 0.5140625 0.33125 0.54765625 0.37109375 0.54765625 0.37109375 0.5140625
19 0.4109375 0.515625 0.3734375 0.515625 0.3734375 0.54921875 0.4109375 0.54921875 0.4109375 0.515625