19 0.64375 0.3578125 0.64375 0.299609375 0.594140625 0.299609375 0.594140625 0.3578125 0.64375 0.3578125
19 0.740625 0.3515625 0.740625 0.307421875 0.687109375 0.307421875 0.687109375 0.3515625 0.740625 0.3515625
19 0.6953125 0.3515625 0.6953125 0.30703125 0.63984375 0.30703125 0.63984375 0.3515625 0.6953125 0.3515625
19 0.393359375 0.3328125 0.393359375 0.3984375 0.490625 0.3984375 0.490625 0.3328125 0.393359375 0.3328125
19 1 0.356640625 0.932421875 0.356640625 0.932421875 0.3984375 1 0.3984375 1 0.356640625
19 0.474609375 0.3390625 0.474609375 0.41875 0.5328125 0.41875 0.5328125 0.3390625 0.474609375 0.3390625
19 0.837109375 0.3578125 0.837109375 0.4 0.9203125 0.4 0.9203125 0.3578125 0.837109375 0.3578125
19 0.525 0.3515625 0.525 0.409375 0.6046875 0.409375 0.6046875 0.3515625 0.525 0.3515625
19 0.946875 0.338671875 0.9046875 0.338671875 0.9046875 0.4203125 0.946875 0.4203125 0.946875 0.338671875
19 0.7890625 0.4171875 0.7890625 0.341796875 0.735546875 0.341796875 0.735546875 0.4171875 0.7890625 0.4171875
19 0.85625 0.4078125 0.85625 0.355078125 0.781640625 0.355078125 0.781640625 0.4078125 0.85625 0.4078125
19 0.640234375 0.3609375 0.640234375 0.41875 0.6828125 0.41875 0.6828125 0.3609375 0.640234375 0.3609375
19 0.5921875 0.3609375 0.5921875 0.4171875 0.6390625 0.4171875 0.6390625 0.3609375 0.5921875 0.3609375
19 0.7375 0.4125 0.7375 0.36484375 0.68203125 0.36484375 0.68203125 0.4125 0.7375 0.4125
19 0.7578125 0.4875 0.7578125 0.450390625 0.723828125 0.450390625 0.723828125 0.4875 0.7578125 0.4875
19 0.809375 0.453515625 0.76875 0.453515625 0.76875 0.4875 0.809375 0.4875 0.809375 0.453515625
19 0.816015625 0.4515625 0.816015625 0.4890625 0.85 0.4890625 0.85 0.4515625 0.816015625 0.4515625
19 0.859375 0.4515625 0.859375 0.4890625 0.9 0.4890625 0.9 0.4515625 0.859375 0.4515625
19 0.940625 0.490625 0.940625 0.452734375 0.906640625 0.452734375 0.906640625 0.490625 0.940625 0.490625
19 0.001953125 0.4640625 0.001953125 0.5375 0.0546875 0.5375 0.0546875 0.4640625 0.001953125 0.4640625
19 0.5015625 0.459375 0.5015625 0.54375 0.56875 0.54375 0.56875 0.459375 0.5015625 0.459375
19 0.0640625 0.4671875 0.0640625 0.5390625 0.1359375 0.5390625 0.1359375 0.4671875 0.0640625 0.4671875
19 0.65 0.5375 0.65 0.469140625 0.565234375 0.469140625 0.565234375 0.5375 0.65 0.5375
19 0.333203125 0.4921875 0.333203125 0.51875 0.409375 0.51875 0.409375 0.4921875 0.333203125 0.4921875
19 0.389453125 0.465625 0.389453125 0.5453125 0.421875 0.5453125 0.421875 0.465625 0.389453125 0.465625
19 0.4625 0.465625 0.4625 0.54375 0.49375 0.54375 0.49375 0.465625 0.4625 0.465625
19 0.403515625 0.4890625 0.403515625 0.5234375 0.48125 0.5234375 0.48125 0.4890625 0.403515625 0.4890625
19 0.7171875 0.5453125 0.7171875 0.466015625 0.648828125 0.466015625 0.648828125 0.5453125 0.7171875 0.5453125
19 0.3171875 0.495703125 0.2640625 0.495703125 0.2640625 0.5328125 0.3171875 0.5328125 0.3171875 0.495703125
19 0.275 0.53125 0.275 0.495703125 0.2203125 0.495703125 0.2203125 0.53125 0.275 0.53125
19 0.3578125 0.496484375 0.30703125 0.496484375 0.30703125 0.53125 0.3578125 0.53125 0.3578125 0.496484375
19 0.765625 0.5421875 0.765625 0.505078125 0.712890625 0.505078125 0.712890625 0.5421875 0.765625 0.5421875
19 0.853125 0.497265625 0.8125 0.497265625 0.8125 0.5515625 0.853125 0.5515625 0.853125 0.497265625
19 0.7640625 0.4984375 0.7640625 0.5515625 0.80625 0.5515625 0.80625 0.4984375 0.7640625 0.4984375
19 0.90625 0.50390625 0.854296875 0.50390625 0.854296875 0.546875 0.90625 0.546875 0.90625 0.50390625
19 0.901171875 0.5046875 0.901171875 0.54375 0.953125 0.54375 0.953125 0.5046875 0.901171875 0.5046875
19 0.8703125 0.6171875 0.8703125 0.646875 0.896875 0.646875 0.896875 0.6171875 0.8703125 0.6171875
19 0.8640625 0.621484375 0.83984375 0.621484375 0.83984375 0.6453125 0.8640625 0.6453125 0.8640625 0.621484375
19 0.9078125 0.6203125 0.9078125 0.646875 0.9375 0.646875 0.9375 0.6203125 0.9078125 0.6203125
19 0.1359375 0.598828125 0.0640625 0.598828125 0.0640625 0.6796875 0.1359375 0.6796875 0.1359375 0.598828125
19 0.2109375 0.60859375 0.133203125 0.60859375 0.133203125 0.675 0.2109375 0.675 0.2109375 0.60859375
19 0.203125 0.609375 0.203125 0.6765625 0.2828125 0.6765625 0.2828125 0.609375 0.203125 0.609375
19 0.353125 0.6765625 0.353125 0.6078125 0.271484375 0.6078125 0.271484375 0.6765625 0.353125 0.6765625
19 0.4125 0.621875 0.4125 0.6859375 0.4703125 0.6859375 0.4703125 0.621875 0.4125 0.621875
19 0.409375 0.6859375 0.409375 0.621484375 0.350390625 0.621484375 0.350390625 0.6859375 0.409375 0.6859375
19 0.53125 0.627734375 0.47109375 0.627734375 0.47109375 0.684375 0.53125 0.684375 0.53125 0.627734375
19 0.530078125 0.6265625 0.530078125 0.6890625 0.5875 0.6890625 0.5875 0.6265625 0.530078125 0.6265625
19 0.7125 0.6859375 0.7125 0.63046875 0.65234375 0.63046875 0.65234375 0.6859375 0.7125 0.6859375
19 0.590625 0.6296875 0.590625 0.690625 0.6515625 0.690625 0.6515625 0.6296875 0.590625 0.6296875
19 0.712890625 0.6265625 0.712890625 0.6953125 0.7703125 0.6953125 0.7703125 0.6265625 0.712890625 0.6265625
19 0.773046875 0.63125 0.773046875 0.6953125 0.8328125 0.6953125 0.8328125 0.63125 0.773046875 0.63125
19 0.9015625 0.690625 0.9015625 0.664453125 0.874609375 0.664453125 0.874609375 0.690625 0.9015625 0.690625
19 0.941796875 0.696875 0.941796875 0.662109375 0.914453125 0.662109375 0.914453125 0.696875 0.941796875 0.696875
19 0.836328125 0.6671875 0.836328125 0.6921875 0.8640625 0.6921875 0.8640625 0.6671875 0.836328125 0.6671875