19 0.9199999999999999 0.3858333328125 0.9516666671875 0.3858333328125 0.9516666671875 0.3566666671875 0.9199999999999999 0.3566666671875 0.9199999999999999 0.3858333328125
19 0.8766666671875001 0.3891666671875 0.9116666671875 0.3891666671875 0.9116666671875 0.3583333328125 0.8766666671875001 0.3583333328125 0.8766666671875001 0.3891666671875
19 0.8416666671874999 0.3875 0.8708333328125001 0.3875 0.8708333328125001 0.3583333328125 0.8416666671874999 0.3583333328125 0.8416666671874999 0.3875
19 0.805 0.43 0.8483333328124999 0.43 0.8483333328124999 0.37333333281250003 0.805 0.37333333281250003 0.805 0.43
19 0.7516666671875 0.4291666671875 0.7925 0.4291666671875 0.7925 0.375 0.7516666671875 0.375 0.7516666671875 0.4291666671875
19 0.9483333328124999 0.42750000000000005 0.9866666671875001 0.42750000000000005 0.9866666671875001 0.39 0.9483333328124999 0.39 0.9483333328124999 0.42750000000000005
19 0.9 0.42750000000000005 0.9375 0.42750000000000005 0.9375 0.3916666671875 0.9 0.3916666671875 0.9 0.42750000000000005
19 0.8550000000000001 0.42750000000000005 0.8908333328125 0.42750000000000005 0.8908333328125 0.3916666671875 0.8550000000000001 0.3916666671875 0.8550000000000001 0.42750000000000005
19 0.8883333328124999 0.5216666671875 0.9425000000000001 0.5216666671875 0.9425000000000001 0.4733333328125 0.8883333328124999 0.4733333328125 0.8883333328124999 0.5216666671875
19 1 0.475 0.9516666671875 0.475 0.9516666671875 0.5208333328125 1 0.5208333328125 1 0.475
19 0.8166666671874999 0.5208333328125 0.8741666671875 0.5208333328125 0.8741666671875 0.4733333328125 0.8166666671874999 0.4733333328125 0.8166666671874999 0.5208333328125
19 0.755 0.5225 0.8116666671875 0.5225 0.8116666671875 0.475 0.755 0.475 0.755 0.5225
19 0.6933333328125 0.5225 0.7458333328125 0.5225 0.7458333328125 0.4766666671875 0.6933333328125 0.4766666671875 0.6933333328125 0.5225
19 0.6266666671875 0.5225 0.6791666671875001 0.5225 0.6791666671875001 0.4766666671875 0.6266666671875 0.4766666671875 0.6266666671875 0.5225
19 0.5666666671875 0.5225 0.6191666671875 0.5225 0.6191666671875 0.4766666671875 0.5666666671875 0.4766666671875 0.5666666671875 0.5225
19 0.43166666718749996 0.5241666671874999 0.49083333281249997 0.5241666671874999 0.49083333281249997 0.4766666671875 0.43166666718749996 0.4766666671875 0.43166666718749996 0.5241666671874999
19 0.49833333281250003 0.5225 0.5508333328125 0.5225 0.5508333328125 0.4766666671875 0.49833333281250003 0.4766666671875 0.49833333281250003 0.5225
19 0.5549999999999999 0.605 0.6316666671875 0.605 0.6316666671875 0.5483333328125 0.5549999999999999 0.5483333328125 0.5549999999999999 0.605
19 0.7133333328125 0.6025 0.7891666671875 0.6025 0.7891666671875 0.55 0.7133333328125 0.55 0.7133333328125 0.6025
19 0.6333333328124999 0.6066666671875 0.7116666671874999 0.6066666671875 0.7116666671874999 0.5549999999999999 0.6333333328124999 0.5549999999999999 0.6333333328124999 0.6066666671875
19 0.7933333328125001 0.6033333328125 0.8625 0.6033333328125 0.8625 0.5633333328125001 0.7933333328125001 0.5633333328125001 0.7933333328125001 0.6033333328125
19 0.9316666671875 0.6025 0.9933333328125 0.6025 0.9933333328125 0.5650000000000001 0.9316666671875 0.5650000000000001 0.9316666671875 0.6025
19 0.8633333328124999 0.6033333328125 0.9275 0.6033333328125 0.9275 0.5633333328125001 0.8633333328124999 0.5633333328125001 0.8633333328124999 0.6033333328125
19 0.905 0.6808333328125 0.9758333328125 0.6808333328125 0.9758333328125 0.6283333328125 0.905 0.6283333328125 0.905 0.6808333328125
19 0.755 0.6808333328125 0.8283333328125 0.6808333328125 0.8283333328125 0.6233333328125 0.755 0.6233333328125 0.755 0.6808333328125
19 0.8300000000000001 0.6799999999999999 0.8991666671875 0.6799999999999999 0.8991666671875 0.625 0.8300000000000001 0.625 0.8300000000000001 0.6799999999999999
19 0.6016666671875 0.6816666671875 0.6733333328125 0.6816666671875 0.6733333328125 0.625 0.6016666671875 0.625 0.6016666671875 0.6816666671875
19 0.6766666671875 0.6816666671875 0.7525000000000001 0.6816666671875 0.7525000000000001 0.625 0.6766666671875 0.625 0.6766666671875 0.6816666671875