19 0.209265175 0.4361022359375 0.2460063890625 0.4361022359375 0.2460063890625 0.3466453671875 0.209265175 0.3466453671875 0.209265175 0.4361022359375
19 0.1693290734375 0.4361022359375 0.2012779546875 0.4361022359375 0.2012779546875 0.3466453671875 0.1693290734375 0.3466453671875 0.1693290734375 0.4361022359375
19 0.249201278125 0.43450479218750004 0.29073482500000003 0.43450479218750004 0.29073482500000003 0.35303514375 0.249201278125 0.35303514375 0.249201278125 0.43450479218750004
19 0.747603834375 0.440095846875 0.7859424921875 0.440095846875 0.7859424921875 0.38338658125 0.747603834375 0.38338658125 0.747603834375 0.440095846875
19 0.7987220453125 0.440095846875 0.8346645374999999 0.440095846875 0.8346645374999999 0.38338658125 0.7987220453125 0.38338658125 0.7987220453125 0.440095846875
19 0.65015974375 0.5646964859375 0.7260383390625 0.5646964859375 0.7260383390625 0.482428115625 0.65015974375 0.482428115625 0.65015974375 0.5646964859375
19 0.736421725 0.5670926515625 0.793130990625 0.5670926515625 0.793130990625 0.49201277968749996 0.736421725 0.49201277968749996 0.736421725 0.5670926515625
19 0.22523961718750002 0.55910543125 0.2707667734375 0.55910543125 0.2707667734375 0.5047923328125 0.22523961718750002 0.5047923328125 0.22523961718750002 0.55910543125
19 0.17412140625 0.55910543125 0.21964856250000003 0.55910543125 0.21964856250000003 0.5047923328125 0.17412140625 0.5047923328125 0.17412140625 0.55910543125
19 0.276357828125 0.559904153125 0.320287540625 0.559904153125 0.320287540625 0.5047923328125 0.276357828125 0.5047923328125 0.276357828125 0.559904153125
19 0.412140575 0.56230031875 0.4744408953125 0.56230031875 0.4744408953125 0.5031948875000001 0.412140575 0.5031948875000001 0.412140575 0.56230031875
19 0.4808306703125 0.5638977640625 0.55591054375 0.5638977640625 0.55591054375 0.511182109375 0.4808306703125 0.511182109375 0.4808306703125 0.5638977640625
19 0.5654952078125 0.5654952078125 0.634185303125 0.5654952078125 0.634185303125 0.511182109375 0.5654952078125 0.511182109375 0.5654952078125 0.5654952078125
19 0.32428115 0.558306709375 0.365015975 0.558306709375 0.365015975 0.5239616609375 0.32428115 0.5239616609375 0.32428115 0.558306709375
19 0.367412140625 0.559904153125 0.40575079843750006 0.559904153125 0.40575079843750006 0.5255591046875 0.367412140625 0.5255591046875 0.367412140625 0.559904153125