19 0.26328125 0.709375 0.240625 0.709375 0.240625 0.75390625 0.26328125 0.75390625 0.26328125 0.709375
19 0.28828125 0.7109375 0.265625 0.7109375 0.265625 0.753125 0.28828125 0.753125 0.28828125 0.7109375
19 0.31328125 0.7140625 0.290625 0.7140625 0.290625 0.75625 0.31328125 0.75625 0.31328125 0.7140625
19 0.4 0.7109375 0.375 0.7109375 0.375 0.75390625 0.4 0.75390625 0.4 0.7109375
19 0.34453125 0.7140625 0.315625 0.7140625 0.315625 0.7546875 0.34453125 0.7546875 0.34453125 0.7140625
19 0.36953125 0.7140625 0.3453125 0.7140625 0.3453125 0.7546875 0.36953125 0.7546875 0.36953125 0.7140625
19 0.4296875 0.7140625 0.403125 0.7140625 0.403125 0.75625 0.4296875 0.75625 0.4296875 0.7140625
19 0.26953125 0.81875 0.246875 0.81875 0.246875 0.84140625 0.26953125 0.84140625 0.26953125 0.81875
19 0.29140625 0.821875 0.2734375 0.821875 0.2734375 0.84375 0.29140625 0.84375 0.29140625 0.821875
19 0.53359375 0.825 0.490625 0.825 0.490625 0.878125 0.53359375 0.878125 0.53359375 0.825
19 0.43984375 0.828125 0.4 0.828125 0.4 0.87890625 0.43984375 0.87890625 0.43984375 0.828125
19 0.39765625 0.828125 0.3578125 0.828125 0.3578125 0.87734375 0.39765625 0.87734375 0.39765625 0.828125
19 0.4890625 0.83125 0.44375 0.83125 0.44375 0.8796875 0.4890625 0.8796875 0.4890625 0.83125
19 0.26796875 0.85625 0.2453125 0.85625 0.2453125 0.88046875 0.26796875 0.88046875 0.26796875 0.85625
19 0.29609375 0.8578125 0.271875 0.8578125 0.271875 0.8796875 0.29609375 0.8796875 0.29609375 0.8578125
19 0.2703125 0.2046875 0.21875 0.2046875 0.21875 0.29375 0.2703125 0.29375 0.2703125 0.2046875
19 0.69296875 0.2125 0.64375 0.2125 0.64375 0.2921875 0.69296875 0.2921875 0.69296875 0.2125
19 0.37578125 0.209375 0.325 0.209375 0.325 0.29375 0.37578125 0.29375 0.37578125 0.209375
19 0.74609375 0.2109375 0.6953125 0.2109375 0.6953125 0.29375 0.74609375 0.29375 0.74609375 0.2109375
19 0.79140625 0.2109375 0.746875 0.2109375 0.746875 0.29375 0.79140625 0.29375 0.79140625 0.2109375
19 0.6421875 0.2125 0.590625 0.2125 0.590625 0.29296875 0.6421875 0.29296875 0.6421875 0.2125
19 0.584375 0.215625 0.5390625 0.215625 0.5390625 0.28984375 0.584375 0.28984375 0.584375 0.215625
19 0.32421875 0.2125 0.2734375 0.2125 0.2734375 0.29453125 0.32421875 0.29453125 0.32421875 0.2125
19 0.48046875 0.2171875 0.4296875 0.2171875 0.4296875 0.29296875 0.48046875 0.29296875 0.48046875 0.2171875
19 0.53515625 0.21875 0.4859375 0.21875 0.4859375 0.290625 0.53515625 0.290625 0.53515625 0.21875
19 0.42734375 0.215625 0.378125 0.215625 0.378125 0.29375 0.42734375 0.29375 0.42734375 0.215625
19 0.3421875 0.3328125 0.3015625 0.3328125 0.3015625 0.4171875 0.3421875 0.4171875 0.3421875 0.3328125
19 0.3890625 0.334375 0.346875 0.334375 0.346875 0.41953125 0.3890625 0.41953125 0.3890625 0.334375
19 0.6953125 0.35 0.659375 0.35 0.659375 0.41484375 0.6953125 0.41484375 0.6953125 0.35
19 0.5828125 0.3484375 0.546875 0.3484375 0.546875 0.41484375 0.5828125 0.41484375 0.5828125 0.3484375
19 0.7703125 0.35 0.734375 0.35 0.734375 0.4140625 0.7703125 0.4140625 0.7703125 0.35
19 0.65625 0.35 0.6203125 0.35 0.6203125 0.4140625 0.65625 0.4140625 0.65625 0.35
19 0.73125 0.3515625 0.6984375 0.3515625 0.6984375 0.4140625 0.73125 0.4140625 0.73125 0.3515625
19 0.61640625 0.3484375 0.5828125 0.3484375 0.5828125 0.415625 0.61640625 0.415625 0.61640625 0.3484375
19 0.54375 0.35 0.5078125 0.35 0.5078125 0.41640625 0.54375 0.41640625 0.54375 0.35
19 0.42734375 0.353125 0.39375 0.353125 0.39375 0.4171875 0.42734375 0.4171875 0.42734375 0.353125
19 0.5046875 0.3515625 0.46875 0.3515625 0.46875 0.41640625 0.5046875 0.41640625 0.5046875 0.3515625
19 0.46640625 0.353125 0.43125 0.353125 0.43125 0.4171875 0.46640625 0.4171875 0.46640625 0.353125
19 0.4203125 0.45 0.3875 0.45 0.3875 0.5296875 0.4203125 0.5296875 0.4203125 0.45
19 0.4578125 0.45 0.421875 0.45 0.421875 0.528125 0.4578125 0.528125 0.4578125 0.45
19 0.3453125 0.45 0.309375 0.45 0.309375 0.53203125 0.3453125 0.53203125 0.3453125 0.45
19 0.30703125 0.45 0.2734375 0.45 0.2734375 0.53046875 0.30703125 0.53046875 0.30703125 0.45
19 0.2703125 0.4515625 0.234375 0.4515625 0.234375 0.53125 0.2703125 0.53125 0.2703125 0.4515625
19 0.696875 0.4625 0.6703125 0.4625 0.6703125 0.52890625 0.696875 0.52890625 0.696875 0.4625
19 0.38359375 0.459375 0.3484375 0.459375 0.3484375 0.53046875 0.38359375 0.53046875 0.38359375 0.459375
19 0.60703125 0.4625 0.5796875 0.4625 0.5796875 0.52734375 0.60703125 0.52734375 0.60703125 0.4625
19 0.66796875 0.4625 0.6390625 0.4625 0.6390625 0.5296875 0.66796875 0.5296875 0.66796875 0.4625
19 0.63671875 0.4609375 0.609375 0.4609375 0.609375 0.5296875 0.63671875 0.5296875 0.63671875 0.4609375
19 0.4875 0.4625 0.4625 0.4625 0.4625 0.52890625 0.4875 0.52890625 0.4875 0.4625
19 0.54921875 0.4625 0.521875 0.4625 0.521875 0.52890625 0.54921875 0.52890625 0.54921875 0.4625
19 0.51796875 0.4625 0.490625 0.4625 0.490625 0.5296875 0.51796875 0.5296875 0.51796875 0.4625
19 0.5765625 0.4640625 0.5515625 0.4640625 0.5515625 0.52890625 0.5765625 0.52890625 0.5765625 0.4640625
19 0.47578125 0.5734375 0.43125 0.5734375 0.43125 0.63125 0.47578125 0.63125 0.47578125 0.5734375
19 0.43046875 0.575 0.3859375 0.575 0.3859375 0.6328125 0.43046875 0.6328125 0.43046875 0.575