19 0.81953125 0.64375 0.81953125 0.623046875 0.8015625 0.623046875 0.8015625 0.64375 0.81953125 0.64375
19 0.8421875 0.6421875 0.8421875 0.625390625 0.824609375 0.625390625 0.824609375 0.6421875 0.8421875 0.6421875
19 0.865625 0.64375 0.865625 0.625 0.847265625 0.625 0.847265625 0.64375 0.865625 0.64375
19 0.890625 0.646875 0.890625 0.62578125 0.87109375 0.62578125 0.87109375 0.646875 0.890625 0.646875
19 0.896875 0.64375 0.9140625 0.64375 0.9140625 0.626171875 0.896875 0.626171875 0.896875 0.64375
19 0.78125 0.640625 0.78125 0.6765625 0.80625 0.6765625 0.80625 0.640625 0.78125 0.640625
19 0.7546875 0.644921875 0.72109375 0.644921875 0.72109375 0.66875 0.7546875 0.66875 0.7546875 0.644921875
19 0.5796875 0.640625 0.5796875 0.6765625 0.6046875 0.6765625 0.6046875 0.640625 0.5796875 0.640625
19 0.6015625 0.6453125 0.6015625 0.671875 0.6375 0.671875 0.6375 0.6453125 0.6015625 0.6453125
19 0.5515625 0.6703125 0.5515625 0.64453125 0.51484375 0.64453125 0.51484375 0.6703125 0.5515625 0.6703125
19 0.55 0.640625 0.55 0.6765625 0.575 0.6765625 0.575 0.640625 0.55 0.640625
19 0.66875 0.645703125 0.630859375 0.645703125 0.630859375 0.669921875 0.66875 0.669921875 0.66875 0.645703125
19 0.751953125 0.640625 0.751953125 0.6765625 0.778125 0.6765625 0.778125 0.640625 0.751953125 0.640625
19 0.4921875 0.640625 0.4921875 0.675 0.5171875 0.675 0.5171875 0.640625 0.4921875 0.640625
19 0.6609375 0.6453125 0.6609375 0.671875 0.696875 0.671875 0.696875 0.6453125 0.6609375 0.6453125
19 0.721875 0.644140625 0.689453125 0.644140625 0.689453125 0.673046875 0.721875 0.673046875 0.721875 0.644140625
19 0.93125 0.671875 0.93125 0.6546875 0.911328125 0.6546875 0.911328125 0.671875 0.93125 0.671875
19 0.8078125 0.653125 0.8078125 0.675 0.83125 0.675 0.83125 0.653125 0.8078125 0.653125
19 0.88125 0.654296875 0.8609375 0.654296875 0.8609375 0.6734375 0.88125 0.6734375 0.88125 0.654296875
19 0.8359375 0.6546875 0.8359375 0.675 0.85625 0.675 0.85625 0.6546875 0.8359375 0.6546875
19 0.8875 0.675 0.90625 0.675 0.90625 0.65625 0.8875 0.65625 0.8875 0.675
19 0.6875 0.7453125 0.6875 0.70390625 0.632421875 0.70390625 0.632421875 0.7453125 0.6875 0.7453125
19 0.6390625 0.695703125 0.59375 0.695703125 0.59375 0.753125 0.6390625 0.753125 0.6390625 0.695703125
19 0.5515625 0.75 0.5515625 0.700390625 0.492578125 0.700390625 0.492578125 0.75 0.5515625 0.75
19 0.548046875 0.6984375 0.548046875 0.7546875 0.5921875 0.7546875 0.5921875 0.6984375 0.548046875 0.6984375
19 0.88125 0.6984375 0.88125 0.7546875 0.925 0.7546875 0.925 0.6984375 0.88125 0.6984375
19 0.7875 0.70234375 0.730078125 0.70234375 0.730078125 0.7515625 0.7875 0.7515625 0.7875 0.70234375
19 0.7875 0.70625 0.7875 0.753125 0.8296875 0.753125 0.8296875 0.70625 0.7875 0.70625
19 0.6859375 0.7546875 0.734375 0.7546875 0.734375 0.705078125 0.6859375 0.705078125 0.6859375 0.7546875
19 0.8828125 0.7515625 0.8828125 0.7078125 0.830078125 0.7078125 0.830078125 0.7515625 0.8828125 0.7515625
19 0.6859375 0.778125 0.6859375 0.8296875 0.728125 0.8296875 0.728125 0.778125 0.6859375 0.778125
19 0.7296875 0.78125 0.7296875 0.8265625 0.778125 0.8265625 0.778125 0.78125 0.7296875 0.78125
19 0.6828125 0.778515625 0.640625 0.778515625 0.640625 0.83125 0.6828125 0.83125 0.6828125 0.778515625
19 0.921875 0.783984375 0.87734375 0.783984375 0.87734375 0.825 0.921875 0.825 0.921875 0.783984375
19 0.825 0.78515625 0.777734375 0.78515625 0.777734375 0.8296875 0.825 0.8296875 0.825 0.78515625
19 0.544140625 0.7828125 0.544140625 0.83125 0.5875 0.83125 0.5875 0.7828125 0.544140625 0.7828125
19 0.834765625 0.784375 0.834765625 0.8328125 0.8765625 0.8328125 0.8765625 0.784375 0.834765625 0.784375
19 0.5921875 0.784375 0.5921875 0.8328125 0.6375 0.8328125 0.6375 0.784375 0.5921875 0.784375
19 0.534375 0.8390625 0.534375 0.791015625 0.5015625 0.791015625 0.5015625 0.8390625 0.534375 0.8390625
19 0.6875 0.8765625 0.6875 0.9140625 0.728125 0.9140625 0.728125 0.8765625 0.6875 0.8765625
19 0.65 0.875 0.65 0.9171875 0.6875 0.9171875 0.6875 0.875 0.65 0.875
19 0.609375 0.9140625 0.609375 0.877734375 0.5703125 0.877734375 0.5703125 0.9140625 0.609375 0.9140625
19 0.6109375 0.8765625 0.6109375 0.9171875 0.6484375 0.9171875 0.6484375 0.8765625 0.6109375 0.8765625
19 0.5328125 0.878125 0.5328125 0.91875 0.5703125 0.91875 0.5703125 0.878125 0.5328125 0.878125
19 0.8890625 0.881640625 0.8640625 0.881640625 0.8640625 0.9140625 0.8890625 0.9140625 0.8890625 0.881640625
19 0.8609375 0.9140625 0.8609375 0.881640625 0.834765625 0.881640625 0.834765625 0.9140625 0.8609375 0.9140625
19 0.834375 0.880859375 0.8078125 0.880859375 0.8078125 0.9140625 0.834375 0.9140625 0.834375 0.880859375
19 0.9171875 0.915625 0.9171875 0.883203125 0.890234375 0.883203125 0.890234375 0.915625 0.9171875 0.915625
19 0.7765625 0.881640625 0.7515625 0.881640625 0.7515625 0.915625 0.7765625 0.915625 0.7765625 0.881640625
19 0.809375 0.9109375 0.809375 0.88671875 0.77734375 0.88671875 0.77734375 0.9109375 0.809375 0.9109375
19 0.7484375 0.915625 0.7484375 0.883203125 0.726171875 0.883203125 0.726171875 0.915625 0.7484375 0.915625
19 0.494921875 0.88125 0.494921875 0.91875 0.5296875 0.91875 0.5296875 0.88125 0.494921875 0.88125
19 0.8046875 0.515625 0.8046875 0.5796875 0.8421875 0.5796875 0.8421875 0.515625 0.8046875 0.515625
19 0.8921875 0.515625 0.8921875 0.5796875 0.9328125 0.5796875 0.9328125 0.515625 0.8921875 0.515625
19 0.85 0.515625 0.85 0.578125 0.8875 0.578125 0.8875 0.515625 0.85 0.515625
19 0.715625 0.56875 0.715625 0.52890625 0.65546875 0.52890625 0.65546875 0.56875 0.715625 0.56875
19 0.7640625 0.5671875 0.7640625 0.53046875 0.70078125 0.53046875 0.70078125 0.5671875 0.7640625 0.5671875
19 0.758203125 0.5171875 0.758203125 0.58125 0.7953125 0.58125 0.7953125 0.5171875 0.758203125 0.5171875