19 0.45078125 0.2609375 0.415625 0.2609375 0.415625 0.31171875 0.45078125 0.31171875 0.45078125 0.2609375
19 0.76875 0.4578125 0.73125 0.4578125 0.73125 0.484375 0.76875 0.484375 0.76875 0.4578125
19 0.44296875 0.4640625 0.378125 0.4640625 0.378125 0.51328125 0.44296875 0.51328125 0.44296875 0.4640625
19 0.515625 0.46875 0.44375 0.46875 0.44375 0.51171875 0.515625 0.51171875 0.515625 0.46875
19 0.7703125 0.4875 0.7296875 0.4875 0.7296875 0.51171875 0.7703125 0.51171875 0.7703125 0.4875
19 0.59765625 0.5296875 0.521875 0.5296875 0.521875 0.590625 0.59765625 0.590625 0.59765625 0.5296875
19 0.75234375 0.534375 0.703125 0.534375 0.703125 0.5875 0.75234375 0.5875 0.75234375 0.534375
19 0.64296875 0.534375 0.5984375 0.534375 0.5984375 0.5921875 0.64296875 0.5921875 0.64296875 0.534375
19 0.69765625 0.534375 0.6484375 0.534375 0.6484375 0.590625 0.69765625 0.590625 0.69765625 0.534375
19 0.3296875 0.5359375 0.2828125 0.5359375 0.2828125 0.59375 0.3296875 0.59375 0.3296875 0.5359375
19 0.27421875 0.5359375 0.1984375 0.5359375 0.1984375 0.596875 0.27421875 0.596875 0.27421875 0.5359375
19 0.3734375 0.5484375 0.3359375 0.5484375 0.3359375 0.590625 0.3734375 0.590625 0.3734375 0.5484375
19 0.51171875 0.5484375 0.4734375 0.5484375 0.4734375 0.590625 0.51171875 0.590625 0.51171875 0.5484375
19 0.425 0.5484375 0.384375 0.5484375 0.384375 0.59140625 0.425 0.59140625 0.425 0.5484375
19 0.4703125 0.5484375 0.4328125 0.5484375 0.4328125 0.590625 0.4703125 0.590625 0.4703125 0.5484375
19 0.15 0.55 0.109375 0.55 0.109375 0.59296875 0.15 0.59296875 0.15 0.55
19 0.1953125 0.55 0.1546875 0.55 0.1546875 0.5953125 0.1953125 0.5953125 0.1953125 0.55
19 0.7765625 0.6125 0.7296875 0.6125 0.7296875 0.68125 0.7765625 0.68125 0.7765625 0.6125