19 0.546875 0.312109375 0.475 0.312109375 0.475 0.3828125 0.546875 0.3828125 0.546875 0.312109375
19 0.703125 0.3859375 0.703125 0.315234375 0.635546875 0.315234375 0.635546875 0.3859375 0.703125 0.3859375
19 0.6265625 0.3875 0.6265625 0.314453125 0.556640625 0.314453125 0.556640625 0.3875 0.6265625 0.3875
19 0.7703125 0.330078125 0.716015625 0.330078125 0.716015625 0.390234375 0.7703125 0.390234375 0.7703125 0.330078125
19 0.7828125 0.334375 0.7828125 0.3875 0.846875 0.3875 0.846875 0.334375 0.7828125 0.334375
19 0.853125 0.3359375 0.853125 0.3890625 0.91875 0.3890625 0.91875 0.3359375 0.853125 0.3359375
19 0.0171875 0.40625 0.0171875 0.4796875 0.0859375 0.4796875 0.0859375 0.40625 0.0171875 0.40625
19 0.15078125 0.475 0.15078125 0.419921875 0.0921875 0.419921875 0.0921875 0.475 0.15078125 0.475
19 0.3375 0.4234375 0.3375 0.4765625 0.39375 0.4765625 0.39375 0.4234375 0.3375 0.4234375
19 0.2125 0.478125 0.2125 0.420703125 0.1578125 0.420703125 0.1578125 0.478125 0.2125 0.478125
19 0.2703125 0.475 0.2703125 0.423828125 0.215625 0.423828125 0.215625 0.475 0.2703125 0.475
19 0.3296875 0.4765625 0.3296875 0.422265625 0.276953125 0.422265625 0.276953125 0.4765625 0.3296875 0.4765625
19 0.4484375 0.4765625 0.4484375 0.421484375 0.398046875 0.421484375 0.398046875 0.4765625 0.4484375 0.4765625
19 0.5484375 0.436328125 0.5078125 0.436328125 0.5078125 0.478125 0.5484375 0.478125 0.5484375 0.436328125
19 0.461328125 0.4390625 0.461328125 0.4796875 0.4984375 0.4796875 0.4984375 0.4390625 0.461328125 0.4390625
19 0.555078125 0.4390625 0.555078125 0.48125 0.5921875 0.48125 0.5921875 0.4390625 0.555078125 0.4390625
19 0.823046875 0.4390625 0.823046875 0.48125 0.8671875 0.48125 0.8671875 0.4390625 0.823046875 0.4390625
19 0.725390625 0.440625 0.725390625 0.48125 0.7640625 0.48125 0.7640625 0.440625 0.725390625 0.440625
19 0.771875 0.4796875 0.8140625 0.4796875 0.8140625 0.441015625 0.771875 0.441015625 0.771875 0.4796875
19 0.628125 0.4828125 0.628125 0.448828125 0.605859375 0.448828125 0.605859375 0.4828125 0.628125 0.4828125
19 0.6421875 0.4546875 0.6421875 0.478125 0.6796875 0.478125 0.6796875 0.4546875 0.6421875 0.4546875
19 0.6875 0.4546875 0.6875 0.478125 0.725 0.478125 0.725 0.4546875 0.6875 0.4546875
19 0.0984375 0.51640625 0.034765625 0.51640625 0.034765625 0.58125 0.0984375 0.58125 0.0984375 0.51640625
19 0.1890625 0.5203125 0.1890625 0.584375 0.25 0.584375 0.25 0.5203125 0.1890625 0.5203125
19 0.328125 0.51015625 0.256640625 0.51015625 0.256640625 0.5859375 0.328125 0.5859375 0.328125 0.51015625
19 0.110546875 0.521875 0.110546875 0.5828125 0.1765625 0.5828125 0.1765625 0.521875 0.110546875 0.521875
19 0.4 0.5859375 0.4 0.5109375 0.330859375 0.5109375 0.330859375 0.5859375 0.4 0.5859375
19 0.40625 0.525 0.40625 0.5828125 0.478125 0.5828125 0.478125 0.525 0.40625 0.525
19 0.7546875 0.520703125 0.7015625 0.520703125 0.7015625 0.5890625 0.7546875 0.5890625 0.7546875 0.520703125
19 0.682421875 0.5875 0.682421875 0.522265625 0.626953125 0.522265625 0.626953125 0.5875 0.682421875 0.5875
19 0.485546875 0.5203125 0.485546875 0.59140625 0.540625 0.59140625 0.540625 0.5203125 0.485546875 0.5203125
19 0.558984375 0.5234375 0.558984375 0.58984375 0.609375 0.58984375 0.609375 0.5234375 0.558984375 0.5234375
19 0.7703125 0.540625 0.7703125 0.5890625 0.8328125 0.5890625 0.8328125 0.540625 0.7703125 0.540625
19 0.842578125 0.5421875 0.842578125 0.590625 0.9078125 0.590625 0.9078125 0.5421875 0.842578125 0.5421875