19 0.2203125 0.815625 0.2203125 0.7316542828125 0.175956075 0.7316542828125 0.175956075 0.815625 0.2203125 0.815625
19 0.3438483390625 0.7515625 0.3438483390625 0.7984375 0.4155266609375 0.7984375 0.4155266609375 0.7515625 0.3438483390625 0.7515625
19 0.584375 0.7953125 0.584375 0.7535839156249999 0.5141608390625 0.7535839156249999 0.5141608390625 0.7953125 0.584375 0.7953125
19 0.259375 0.8 0.3296875 0.8 0.3296875 0.7546875 0.259375 0.7546875 0.259375 0.8
19 0.5296875 0.4890625 0.5296875 0.41285511406250003 0.4383577359375 0.41285511406250003 0.4383577359375 0.4890625 0.5296875 0.4890625
19 0.43277425625 0.490625 0.43277425625 0.4147891171875 0.3409910390625 0.4147891171875 0.3409910390625 0.490625 0.43277425625 0.490625
19 0.6265625 0.490625 0.6265625 0.4147891171875 0.531670671875 0.4147891171875 0.531670671875 0.490625 0.6265625 0.490625
19 0.15606971249999999 0.4875 0.15606971249999999 0.44411603906249997 0.10799278906250001 0.44411603906249997 0.10799278906250001 0.4875 0.15606971249999999 0.4875
19 0.21874453749999997 0.445836975 0.1680452359375 0.445836975 0.1680452359375 0.48866914375 0.21874453749999997 0.48866914375 0.21874453749999997 0.445836975
19 0.3296875 0.490625 0.3296875 0.4430233828125 0.29111669375 0.4430233828125 0.29111669375 0.490625 0.3296875 0.490625
19 0.2734375 0.4953125 0.2734375 0.44214925625 0.2309877609375 0.44214925625 0.2309877609375 0.4953125 0.2734375 0.4953125
19 0.3304195796875 0.5859047203125 0.41958042031250004 0.5859047203125 0.41958042031250004 0.5203452796875 0.3304195796875 0.5203452796875 0.3304195796875 0.5859047203125
19 0.3234375 0.5859375 0.3234375 0.52416958125 0.2338614515625 0.52416958125 0.2338614515625 0.5859375 0.3234375 0.5859375
19 0.4953125 0.5109375 0.4348393796875 0.5109375 0.4348393796875 0.5995902531249999 0.4953125 0.5995902531249999 0.4953125 0.5109375
19 0.2109375 0.6046875 0.2109375 0.5102764421875 0.1526551578125 0.5102764421875 0.1526551578125 0.6046875 0.2109375 0.6046875
19 0.5921875 0.5125 0.5304742124999999 0.5125 0.5304742124999999 0.601491478125 0.5921875 0.601491478125 0.5921875 0.5125
19 0.2796875 0.6361177890625 0.208255025 0.6361177890625 0.208255025 0.6841947125 0.2796875 0.6841947125 0.2796875 0.6361177890625
19 0.3640625 0.684375 0.3640625 0.636609484375 0.2994318171875 0.636609484375 0.2994318171875 0.684375 0.3640625 0.684375
19 0.5203125 0.69375 0.5203125 0.626059878125 0.47620738593749995 0.626059878125 0.47620738593749995 0.69375 0.5203125 0.69375
19 0.653125 0.696875 0.6953125 0.696875 0.6953125 0.6248306390625 0.653125 0.6248306390625 0.653125 0.696875
19 0.4375 0.6953125 0.4375 0.6259451484375 0.39054305 0.6259451484375 0.39054305 0.6953125 0.4375 0.6953125
19 0.603125 0.696875 0.603125 0.6244263546875 0.5596864078125 0.6244263546875 0.5596864078125 0.696875 0.603125 0.696875
19 0.128125 0.6859375 0.196875 0.6859375 0.196875 0.636358171875 0.128125 0.636358171875 0.128125 0.6859375
19 0.665625 0.78125 0.665625 0.739521415625 0.596192090625 0.739521415625 0.596192090625 0.78125 0.665625 0.78125
19 0.4875 0.8078125 0.4875 0.7384451484375 0.44159746406249994 0.7384451484375 0.44159746406249994 0.8078125 0.4875 0.8078125