19 0.6423611109375 0.17013888906250002 0.551215278125 0.17013888906250002 0.551215278125 0.26996527812500004 0.6423611109375 0.26996527812500004 0.6423611109375 0.17013888906250002
19 0.26909722187499996 0.17361111093749998 0.1875 0.17361111093749998 0.1875 0.2673611109375 0.26909722187499996 0.2673611109375 0.26909722187499996 0.17361111093749998
19 0.546875 0.17534722187500001 0.45746527812500004 0.17534722187500001 0.45746527812500004 0.26475694375000003 0.546875 0.26475694375000003 0.546875 0.17534722187500001
19 0.3541666671875 0.17534722187500001 0.27430555624999997 0.17534722187500001 0.27430555624999997 0.26909722187499996 0.3541666671875 0.26909722187499996 0.3541666671875 0.17534722187500001
19 0.4548611109375 0.1770833328125 0.3723958328125 0.1770833328125 0.3723958328125 0.26909722187499996 0.4548611109375 0.26909722187499996 0.4548611109375 0.1770833328125
19 0.1875 0.18055555625 0.1076388890625 0.18055555625 0.1076388890625 0.26996527812500004 0.1875 0.26996527812500004 0.1875 0.18055555625
19 0.5295138890625 0.3420138890625 0.4453125 0.3420138890625 0.4453125 0.44097222187499996 0.5295138890625 0.44097222187499996 0.5295138890625 0.3420138890625
19 0.18402777812499999 0.34722222187499996 0.1067708328125 0.34722222187499996 0.1067708328125 0.44097222187499996 0.18402777812499999 0.44097222187499996 0.18402777812499999 0.34722222187499996
19 0.793402778125 0.3385416671875 0.7239583328125 0.3385416671875 0.7239583328125 0.4505208328125 0.793402778125 0.4505208328125 0.793402778125 0.3385416671875
19 0.3541666671875 0.34722222187499996 0.2717013890625 0.34722222187499996 0.2717013890625 0.44097222187499996 0.3541666671875 0.44097222187499996 0.3541666671875 0.34722222187499996
19 0.8697916671874999 0.3420138890625 0.8020833328125001 0.3420138890625 0.8020833328125001 0.44878472187499996 0.8697916671874999 0.44878472187499996 0.8697916671874999 0.3420138890625
19 0.4392361109375 0.34722222187499996 0.3576388890625 0.34722222187499996 0.3576388890625 0.44618055625 0.4392361109375 0.44618055625 0.4392361109375 0.34722222187499996
19 0.26909722187499996 0.3489583328125 0.18923611093749998 0.3489583328125 0.18923611093749998 0.4427083328125 0.26909722187499996 0.4427083328125 0.26909722187499996 0.3489583328125
19 0.621527778125 0.35069444375000003 0.5373263890625 0.35069444375000003 0.5373263890625 0.4470486109375 0.621527778125 0.4470486109375 0.621527778125 0.35069444375000003
19 0.71875 0.35243055624999997 0.6345486109375 0.35243055624999997 0.6345486109375 0.44878472187499996 0.71875 0.44878472187499996 0.71875 0.35243055624999997
19 0.6649305562500001 0.5381944437499999 0.6085069437499999 0.5381944437499999 0.6085069437499999 0.6171875 0.6649305562500001 0.6171875 0.6649305562500001 0.5381944437499999
19 0.39756944375000003 0.550347221875 0.3576388890625 0.550347221875 0.3576388890625 0.609375 0.39756944375000003 0.609375 0.39756944375000003 0.550347221875
19 0.3385416671875 0.550347221875 0.296875 0.550347221875 0.296875 0.609375 0.3385416671875 0.609375 0.3385416671875 0.550347221875
19 0.7274305562500001 0.5416666671875 0.6701388890625 0.5416666671875 0.6701388890625 0.6180555562500001 0.7274305562500001 0.6180555562500001 0.7274305562500001 0.5416666671875
19 0.4513888890625 0.550347221875 0.40972222187499996 0.550347221875 0.40972222187499996 0.609375 0.4513888890625 0.609375 0.4513888890625 0.550347221875
19 0.5 0.5538194437499999 0.4583333328125 0.5538194437499999 0.4583333328125 0.612847221875 0.5 0.612847221875 0.5 0.5538194437499999
19 0.7916666671875 0.5451388890625 0.734375 0.5451388890625 0.734375 0.621527778125 0.7916666671875 0.621527778125 0.7916666671875 0.5451388890625
19 0.859375 0.5451388890625 0.800347221875 0.5451388890625 0.800347221875 0.6267361109375 0.859375 0.6267361109375 0.859375 0.5451388890625
19 0.550347221875 0.5555555562500001 0.5086805562500001 0.5555555562500001 0.5086805562500001 0.6154513890625 0.550347221875 0.6154513890625 0.550347221875 0.5555555562500001
19 0.6041666671875 0.5572916671875 0.5598958328125 0.5572916671875 0.5598958328125 0.6171875 0.6041666671875 0.6171875 0.6041666671875 0.5572916671875