19 0.196875 0.18125 0.196875 0.259375 0.2796875 0.259375 0.2796875 0.18125 0.196875 0.18125
19 0.371875 0.2578125 0.371875 0.183984375 0.287890625 0.183984375 0.287890625 0.2578125 0.371875 0.2578125
19 0.184375 0.2625 0.184375 0.195703125 0.1296875 0.195703125 0.1296875 0.2625 0.184375 0.2625
19 0.053125 0.259375 0.053125 0.21328125 0.02421875 0.21328125 0.02421875 0.259375 0.053125 0.259375
19 0.1109375 0.215234375 0.07734375 0.215234375 0.07734375 0.2609375 0.1109375 0.2609375 0.1109375 0.215234375
19 0.934375 0.209375 0.934375 0.2703125 0.984375 0.2703125 0.984375 0.209375 0.934375 0.209375
19 0.928125 0.265625 0.928125 0.214453125 0.8703125 0.214453125 0.8703125 0.265625 0.928125 0.265625
19 0.627734375 0.2984375 0.627734375 0.3828125 0.7296875 0.3828125 0.7296875 0.2984375 0.627734375 0.2984375
19 0.1140625 0.36875 0.1140625 0.314453125 0.027734375 0.314453125 0.027734375 0.36875 0.1140625 0.36875
19 0.414453125 0.3203125 0.414453125 0.3765625 0.5046875 0.3765625 0.5046875 0.3203125 0.414453125 0.3203125
19 0.59375 0.29765625 0.536328125 0.29765625 0.536328125 0.403125 0.59375 0.403125 0.59375 0.29765625