19 0.11794020000000001 0.5913621265625 0.0390365453125 0.5913621265625 0.0390365453125 0.6561461796875 0.11794020000000001 0.6561461796875 0.11794020000000001 0.5913621265625
19 0.28405315625 0.59302325625 0.2051495015625 0.59302325625 0.2051495015625 0.65697674375 0.28405315625 0.65697674375 0.28405315625 0.59302325625
19 0.20099667812500002 0.59302325625 0.12292358750000001 0.59302325625 0.12292358750000001 0.657807309375 0.20099667812500002 0.657807309375 0.20099667812500002 0.59302325625
19 0.360465115625 0.5913621265625 0.28654484999999996 0.5913621265625 0.28654484999999996 0.6594684390625 0.360465115625 0.6594684390625 0.360465115625 0.5913621265625
19 0.423588040625 0.6096345515625 0.3662790703125 0.6096345515625 0.3662790703125 0.657807309375 0.423588040625 0.657807309375 0.423588040625 0.6096345515625
19 0.7458471765625 0.61129568125 0.6943521593749999 0.61129568125 0.6943521593749999 0.6594684390625 0.7458471765625 0.6594684390625 0.7458471765625 0.61129568125
19 0.6179401999999999 0.6096345515625 0.5606312296875 0.6096345515625 0.5606312296875 0.65697674375 0.6179401999999999 0.65697674375 0.6179401999999999 0.6096345515625
19 0.5531561468749999 0.61129568125 0.49833887031249996 0.61129568125 0.49833887031249996 0.6594684390625 0.5531561468749999 0.6594684390625 0.5531561468749999 0.61129568125
19 0.6860465109375 0.61129568125 0.6287375421875 0.61129568125 0.6287375421875 0.6594684390625 0.6860465109375 0.6594684390625 0.6860465109375 0.61129568125
19 0.490033221875 0.6096345515625 0.43106312343750003 0.6096345515625 0.43106312343750003 0.657807309375 0.490033221875 0.657807309375 0.490033221875 0.6096345515625
19 0.9667774093749999 0.62956810625 0.9127906984375 0.62956810625 0.9127906984375 0.657807309375 0.9667774093749999 0.657807309375 0.9667774093749999 0.62956810625
19 0.9086378734375 0.62956810625 0.860465115625 0.62956810625 0.860465115625 0.657807309375 0.9086378734375 0.657807309375 0.9086378734375 0.62956810625
19 0.8554817281249999 0.62956810625 0.8073089703124999 0.62956810625 0.8073089703124999 0.6586378734375 0.8554817281249999 0.6586378734375 0.8554817281249999 0.62956810625
19 0.8039867109375001 0.62956810625 0.755813953125 0.62956810625 0.755813953125 0.6586378734375 0.8039867109375001 0.6586378734375 0.8039867109375001 0.62956810625