19 0.7375 0.484375 0.7375 0.43731398749999995 0.562524803125 0.43731398749999995 0.562524803125 0.484375 0.7375 0.484375
19 0.7906994046875 0.425 0.7906994046875 0.5453125 0.8311755953125 0.5453125 0.8311755953125 0.425 0.7906994046875 0.425
19 0.784375 0.5453125 0.784375 0.425954859375 0.7466889890624999 0.425954859375 0.7466889890624999 0.5453125 0.784375 0.5453125
19 0.340625 0.8234375 0.340625 0.6273809515625001 0.29191468125000003 0.6273809515625001 0.29191468125000003 0.8234375 0.340625 0.8234375
19 0.9984375 0.6348958328125 0.9248015875 0.6348958328125 0.9248015875 0.8182291671874999 0.9984375 0.8182291671874999 0.9984375 0.6348958328125
19 0.9171875 0.809375 0.9171875 0.6510912703125 0.8278025796874999 0.6510912703125 0.8278025796874999 0.809375 0.9171875 0.809375
19 0.4921875 0.821875 0.4921875 0.6517981171875 0.4099578390625 0.6517981171875 0.4099578390625 0.821875 0.4921875 0.821875
19 0.8484375 0.7953125 0.8484375 0.7128100203125001 0.7154017859375 0.7128100203125001 0.7154017859375 0.7953125 0.8484375 0.7953125
19 0.2734375 0.7859375 0.2734375 0.7240823421875 0.10942460312499999 0.7240823421875 0.10942460312499999 0.7859375 0.2734375 0.7859375
19 0.34375 0.8296875 0.409375 0.8296875 0.409375 0.6890625 0.34375 0.6890625 0.34375 0.8296875
19 0.7390625 0.821875 0.7390625 0.702988590625 0.6875124015625 0.702988590625 0.6875124015625 0.821875 0.7390625 0.821875
19 0.2793154765625 0.8328125 0.2793154765625 0.7142981140625 0.22693452343749998 0.7142981140625 0.22693452343749998 0.8328125 0.2793154765625 0.8328125
19 0.159375 0.8265625 0.159375 0.7550347234375 0.1192956359375 0.7550347234375 0.1192956359375 0.8265625 0.159375 0.8265625