19 0.13203125 0.0234375 0.0578125 0.0234375 0.0578125 0.23125 0.13203125 0.23125 0.13203125 0.0234375
19 0.5296875 0.0328125 0.45 0.0328125 0.45 0.22890625 0.5296875 0.22890625 0.5296875 0.0328125
19 0.22109375 0.028125 0.134375 0.028125 0.134375 0.23515625 0.22109375 0.23515625 0.22109375 0.028125
19 0.44296875 0.040625 0.3609375 0.040625 0.3609375 0.2328125 0.44296875 0.2328125 0.44296875 0.040625
19 0.3625 0.0890625 0.2984375 0.0890625 0.2984375 0.23203125 0.3625 0.23203125 0.3625 0.0890625
19 0.29296875 0.0890625 0.2265625 0.0890625 0.2265625 0.234375 0.29296875 0.234375 0.29296875 0.0890625
19 0.59140625 0.0921875 0.53125 0.0921875 0.53125 0.2328125 0.59140625 0.2328125 0.59140625 0.0921875
19 0.6515625 0.1515625 0.603125 0.1515625 0.603125 0.22578125 0.6515625 0.22578125 0.6515625 0.1515625
19 0.7125 0.15 0.6640625 0.15 0.6640625 0.23203125 0.7125 0.23203125 0.7125 0.15
19 0.47109375 0.375 0.3703125 0.375 0.3703125 0.5265625 0.47109375 0.5265625 0.47109375 0.375
19 0.58046875 0.384375 0.4828125 0.384375 0.4828125 0.52890625 0.58046875 0.52890625 0.58046875 0.384375
19 0.678125 0.3828125 0.5890625 0.3828125 0.5890625 0.534375 0.678125 0.534375 0.678125 0.3828125
19 0.3640625 0.3890625 0.2703125 0.3890625 0.2703125 0.53203125 0.3640625 0.53203125 0.3640625 0.3890625
19 0.2765625 0.6453125 0.1671875 0.6453125 0.1671875 0.83671875 0.2765625 0.83671875 0.2765625 0.6453125
19 0.38671875 0.671875 0.2953125 0.671875 0.2953125 0.83203125 0.38671875 0.83203125 0.38671875 0.671875