19 0.9578125 0.15625 0.9171875 0.15625 0.9171875 0.1875 0.9578125 0.1875 0.9578125 0.15625
19 0.9125 0.1578125 0.8765625 0.1578125 0.8765625 0.1890625 0.9125 0.1890625 0.9125 0.1578125
19 0.97265625 0.1921875 0.9296875 0.1921875 0.9296875 0.228125 0.97265625 0.228125 0.97265625 0.1921875
19 0.92265625 0.19375 0.8828125 0.19375 0.8828125 0.22890625 0.92265625 0.22890625 0.92265625 0.19375
19 0.590625 0.171875 0.5265625 0.171875 0.5265625 0.27421875 0.590625 0.27421875 0.590625 0.171875
19 0.1765625 0.1765625 0.1203125 0.1765625 0.1203125 0.2796875 0.1765625 0.2796875 0.1765625 0.1765625
19 0.7796875 0.1921875 0.7234375 0.1921875 0.7234375 0.271875 0.7796875 0.271875 0.7796875 0.1921875
19 0.6546875 0.19375 0.5984375 0.19375 0.5984375 0.2734375 0.6546875 0.2734375 0.6546875 0.19375
19 0.71640625 0.1921875 0.65625 0.1921875 0.65625 0.27421875 0.71640625 0.27421875 0.71640625 0.1921875
19 0.221875 0.1921875 0.18125 0.1921875 0.18125 0.27890625 0.221875 0.27890625 0.221875 0.1921875
19 0.87890625 0.2109375 0.834375 0.2109375 0.834375 0.27109375 0.87890625 0.27109375 0.87890625 0.2109375
19 0.828125 0.2109375 0.7828125 0.2109375 0.7828125 0.27109375 0.828125 0.27109375 0.828125 0.2109375
19 0.31484375 0.215625 0.275 0.215625 0.275 0.2765625 0.31484375 0.2765625 0.31484375 0.215625
19 0.9640625 0.2328125 0.9265625 0.2328125 0.9265625 0.2703125 0.9640625 0.2703125 0.9640625 0.2328125
19 0.9203125 0.234375 0.8828125 0.234375 0.8828125 0.2703125 0.9203125 0.2703125 0.9203125 0.234375
19 0.81171875 0.34375 0.746875 0.34375 0.746875 0.44140625 0.81171875 0.44140625 0.81171875 0.34375
19 0.8859375 0.3421875 0.8171875 0.3421875 0.8171875 0.4421875 0.8859375 0.4421875 0.8859375 0.3421875
19 0.69609375 0.359375 0.6609375 0.359375 0.6609375 0.44375 0.69609375 0.44375 0.69609375 0.359375
19 0.7421875 0.38125 0.7 0.38125 0.7 0.43984375 0.7421875 0.43984375 0.7421875 0.38125
19 0.5796875 0.384375 0.51875 0.384375 0.51875 0.43984375 0.5796875 0.43984375 0.5796875 0.384375
19 0.65390625 0.3859375 0.5875 0.3859375 0.5875 0.4421875 0.65390625 0.4421875 0.65390625 0.3859375
19 0.74296875 0.5046875 0.6671875 0.5046875 0.6671875 0.59140625 0.74296875 0.59140625 0.74296875 0.5046875
19 0.82265625 0.50625 0.7484375 0.50625 0.7484375 0.59296875 0.82265625 0.59296875 0.82265625 0.50625