19 0.853125 0.0290820953125 0.7197899921875 0.0290820953125 0.7197899921875 0.1046447953125 0.853125 0.1046447953125 0.853125 0.0290820953125
19 0.66875 0 0.66875 0.1359375 0.746875 0.1359375 0.746875 0 0.66875 0
19 0.90625 0.1359375 0.90625 0.00035922343749999997 0.82935590625 0.00035922343749999997 0.82935590625 0.1359375 0.90625 0.1359375
19 0.5907229703125 0 0.5907229703125 0.1359375 0.6670895296875 0.1359375 0.6670895296875 0 0.5907229703125 0
19 0.446875 0.1203125 0.446875 0.023249093749999998 0.32509043437499996 0.023249093749999998 0.32509043437499996 0.1203125 0.446875 0.1203125
19 0.346875 0.125 0.346875 0.020757134375 0.2257686890625 0.020757134375 0.2257686890625 0.125 0.346875 0.125
19 0.5109375 0.13125 0.5109375 0.028476687499999997 0.43530194843750003 0.028476687499999997 0.43530194843750003 0.13125 0.5109375 0.13125
19 0.603125 0.11875 0.603125 0.045704379687500005 0.49760349687499994 0.045704379687500005 0.49760349687499994 0.11875 0.603125 0.11875
19 0.15625 0.334375 0.15625 0.285987740625 0.05450663125000001 0.285987740625 0.05450663125000001 0.334375 0.15625 0.334375
19 0.1703125 0.3640625 0.1703125 0.2615002015625 0.12773311874999999 0.2615002015625 0.12773311874999999 0.3640625 0.1703125 0.3640625
19 0.246875 0.334375 0.246875 0.291423834375 0.14286324374999998 0.291423834375 0.14286324374999998 0.334375 0.246875 0.334375
19 0.779674940625 0.3671875 0.779674940625 0.2657405546875 0.725012559375 0.2657405546875 0.725012559375 0.3671875 0.779674940625 0.3671875
19 0.74375 0.3453125 0.74375 0.28695739531250003 0.6427501999999999 0.28695739531250003 0.6427501999999999 0.3453125 0.74375 0.3453125
19 0.403125 0.359375 0.403125 0.3024090625 0.3359525734375 0.3024090625 0.3359525734375 0.359375 0.403125 0.359375
19 0.34375 0.3609375 0.34375 0.30625 0.27531400625 0.30625 0.27531400625 0.3609375 0.34375 0.3609375
19 0.4625 0.3609375 0.4625 0.3041675046875 0.3922980296875 0.3041675046875 0.3922980296875 0.3609375 0.4625 0.3609375
19 0.5671875 0.3546875 0.5671875 0.30735279375 0.49672427656249996 0.30735279375 0.49672427656249996 0.3546875 0.5671875 0.3546875
19 0.61875 0.3546875 0.61875 0.30909867343749997 0.5465861140625 0.30909867343749997 0.5465861140625 0.3546875 0.61875 0.3546875
19 0.7125 0.56875 0.7125 0.500190915625 0.63569131875 0.500190915625 0.63569131875 0.56875 0.7125 0.56875
19 0.7953125 0.5703125 0.7953125 0.50184385 0.7184284578125 0.50184385 0.7184284578125 0.5703125 0.7953125 0.5703125
19 0.8796096265625 0.5734375 0.8796096265625 0.5015097468749999 0.8008314921874999 0.5015097468749999 0.8008314921874999 0.5734375 0.8796096265625 0.5734375