19 0.821875 0.640625 0.7796875 0.640625 0.7796875 0.69140625 0.821875 0.69140625 0.821875 0.640625
19 0.8796875 0.6421875 0.83125 0.6421875 0.83125 0.6890625 0.8796875 0.6890625 0.8796875 0.6421875
19 0.15390625 0.0296875 0.0875 0.0296875 0.0875 0.1140625 0.15390625 0.1140625 0.15390625 0.0296875
19 0.29609375 0.0328125 0.23125 0.0328125 0.23125 0.11328125 0.29609375 0.11328125 0.29609375 0.0328125
19 0.225 0.034375 0.15625 0.034375 0.15625 0.11484375 0.225 0.11484375 0.225 0.034375
19 0.3671875 0.0359375 0.303125 0.0359375 0.303125 0.11640625 0.3671875 0.11640625 0.3671875 0.0359375
19 0.57421875 0.0390625 0.5078125 0.0390625 0.5078125 0.1171875 0.57421875 0.1171875 0.57421875 0.0390625
19 0.71640625 0.040625 0.6515625 0.040625 0.6515625 0.1171875 0.71640625 0.1171875 0.71640625 0.040625
19 0.8609375 0.0390625 0.7921875 0.0390625 0.7921875 0.11875 0.8609375 0.11875 0.8609375 0.0390625
19 0.5046875 0.0390625 0.4375 0.0390625 0.4375 0.1171875 0.5046875 0.1171875 0.5046875 0.0390625
19 0.78984375 0.0421875 0.7203125 0.0421875 0.7203125 0.11875 0.78984375 0.11875 0.78984375 0.0421875
19 0.43515625 0.0390625 0.36875 0.0390625 0.36875 0.11953125 0.43515625 0.11953125 0.43515625 0.0390625
19 0.6453125 0.0453125 0.5828125 0.0453125 0.5828125 0.11484375 0.6453125 0.11484375 0.6453125 0.0453125
19 0.93046875 0.040625 0.8640625 0.040625 0.8640625 0.1203125 0.93046875 0.1203125 0.93046875 0.040625
19 0.68984375 0.9015625 0.63125 0.9015625 0.63125 0.965625 0.68984375 0.965625 0.68984375 0.9015625
19 0.7625 0.9046875 0.7015625 0.9046875 0.7015625 0.96484375 0.7625 0.96484375 0.7625 0.9046875
19 0.8234375 0.9078125 0.765625 0.9078125 0.765625 0.9640625 0.8234375 0.9640625 0.8234375 0.9078125
19 0.88671875 0.9171875 0.828125 0.9171875 0.828125 0.97109375 0.88671875 0.97109375 0.88671875 0.9171875
19 0.89296875 0.346875 0.828125 0.346875 0.828125 0.39140625 0.89296875 0.39140625 0.89296875 0.346875
19 0.48046875 0.3625 0.421875 0.3625 0.421875 0.4390625 0.48046875 0.4390625 0.48046875 0.3625
19 0.54765625 0.36875 0.4828125 0.36875 0.4828125 0.43984375 0.54765625 0.43984375 0.54765625 0.36875
19 0.8265625 0.3703125 0.7625 0.3703125 0.7625 0.44140625 0.8265625 0.44140625 0.8265625 0.3703125
19 0.75859375 0.375 0.6921875 0.375 0.6921875 0.43984375 0.75859375 0.43984375 0.75859375 0.375
19 0.61484375 0.3734375 0.55 0.3734375 0.55 0.4421875 0.61484375 0.4421875 0.61484375 0.3734375
19 0.6828125 0.375 0.61875 0.375 0.61875 0.44140625 0.6828125 0.44140625 0.6828125 0.375
19 0.896875 0.390625 0.834375 0.390625 0.834375 0.44453125 0.896875 0.44453125 0.896875 0.390625
19 0.20703125 0.48125 0.1625 0.48125 0.1625 0.54375 0.20703125 0.54375 0.20703125 0.48125
19 0.15859375 0.48125 0.115625 0.48125 0.115625 0.5453125 0.15859375 0.5453125 0.15859375 0.48125
19 0.2625 0.4828125 0.215625 0.4828125 0.215625 0.5453125 0.2625 0.5453125 0.2625 0.4828125
19 0.296875 0.4984375 0.265625 0.4984375 0.265625 0.546875 0.296875 0.546875 0.296875 0.4984375
19 0.36640625 0.5015625 0.3375 0.5015625 0.3375 0.5484375 0.36640625 0.5484375 0.36640625 0.5015625
19 0.334375 0.5 0.3046875 0.5 0.3046875 0.5484375 0.334375 0.5484375 0.334375 0.5
19 0.4109375 0.5015625 0.375 0.5015625 0.375 0.55 0.4109375 0.55 0.4109375 0.5015625
19 0.4484375 0.503125 0.415625 0.503125 0.415625 0.5515625 0.4484375 0.5515625 0.4484375 0.503125
19 0.48984375 0.503125 0.45625 0.503125 0.45625 0.5515625 0.48984375 0.5515625 0.48984375 0.503125
19 0.6109375 0.5078125 0.575 0.5078125 0.575 0.55078125 0.6109375 0.55078125 0.6109375 0.5078125
19 0.53046875 0.50625 0.496875 0.50625 0.496875 0.553125 0.53046875 0.553125 0.53046875 0.50625
19 0.56796875 0.50625 0.534375 0.50625 0.534375 0.5515625 0.56796875 0.5515625 0.56796875 0.50625
19 0.65234375 0.5078125 0.61875 0.5078125 0.61875 0.553125 0.65234375 0.553125 0.65234375 0.5078125
19 0.69140625 0.5046875 0.65625 0.5046875 0.65625 0.55390625 0.69140625 0.55390625 0.69140625 0.5046875
19 0.7234375 0.5234375 0.6921875 0.5234375 0.6921875 0.5546875 0.7234375 0.5546875 0.7234375 0.5234375
19 0.7625 0.5265625 0.7296875 0.5265625 0.7296875 0.559375 0.7625 0.559375 0.7625 0.5265625
19 0.80234375 0.525 0.76875 0.525 0.76875 0.55859375 0.80234375 0.55859375 0.80234375 0.525
19 0.834375 0.5296875 0.8046875 0.5296875 0.8046875 0.559375 0.834375 0.559375 0.834375 0.5296875