19 0 0.2609375 0.1109375 0.2609375 0.1109375 0.183984375 0 0.183984375 0 0.2609375
19 0.19375 0.2640625 0.19375 0.189453125 0.068359375 0.189453125 0.068359375 0.2640625 0.19375 0.2640625
19 0.2515625 0.271875 0.2515625 0.21484375 0.14921875 0.21484375 0.14921875 0.271875 0.2515625 0.271875
19 0.204296875 0.2140625 0.204296875 0.2734375 0.3109375 0.2734375 0.3109375 0.2140625 0.204296875 0.2140625
19 0.2640625 0.2734375 0.36875 0.2734375 0.36875 0.215234375 0.2640625 0.215234375 0.2640625 0.2734375
19 0.5953125 0.223046875 0.50390625 0.223046875 0.50390625 0.2890625 0.5953125 0.2890625 0.5953125 0.223046875
19 0.571484375 0.221875 0.571484375 0.29140625 0.6625 0.29140625 0.6625 0.221875 0.571484375 0.221875
19 0.4125 0.23984375 0.341015625 0.23984375 0.341015625 0.284375 0.4125 0.284375 0.4125 0.23984375
19 0.8765625 0.30625 0.8765625 0.225 0.812890625 0.225 0.812890625 0.30625 0.8765625 0.30625
19 0.7234375 0.2328125 0.7234375 0.30625 0.803125 0.30625 0.803125 0.2328125 0.7234375 0.2328125
19 0.9546875 0.3 0.9546875 0.23828125 0.87578125 0.23828125 0.87578125 0.3 0.9546875 0.3
19 0.648046875 0.2453125 0.648046875 0.2984375 0.7109375 0.2984375 0.7109375 0.2453125 0.648046875 0.2453125
19 0.949609375 0.2703125 0.949609375 0.3078125 0.9890625 0.3078125 0.9890625 0.2703125 0.949609375 0.2703125
19 0.778125 0.4578125 0.778125 0.392578125 0.709765625 0.392578125 0.709765625 0.4578125 0.778125 0.4578125
19 0.7125 0.391796875 0.6453125 0.391796875 0.6453125 0.4609375 0.7125 0.4609375 0.7125 0.391796875
19 0.565625 0.3921875 0.565625 0.4609375 0.6375 0.4609375 0.6375 0.3921875 0.565625 0.3921875
19 0.4609375 0.386328125 0.3921875 0.386328125 0.3921875 0.4703125 0.4609375 0.4703125 0.4609375 0.386328125
19 0.48125 0.396875 0.48125 0.465625 0.559375 0.465625 0.559375 0.396875 0.48125 0.396875
19 0.1140625 0.459375 0.1140625 0.4046875 0.047265625 0.4046875 0.047265625 0.459375 0.1140625 0.459375
19 0.2375 0.40546875 0.173828125 0.40546875 0.173828125 0.4609375 0.2375 0.4609375 0.2375 0.40546875
19 0.29375 0.3953125 0.29375 0.4671875 0.378125 0.4671875 0.378125 0.3953125 0.29375 0.3953125
19 0.29453125 0.45625 0.29453125 0.405859375 0.228125 0.405859375 0.228125 0.45625 0.29453125 0.45625
19 0.115625 0.4 0.115625 0.4671875 0.1734375 0.4671875 0.1734375 0.4 0.115625 0.4