19 0.3640625 0.1140625 0.3640625 0.019140625 0.278515625 0.019140625 0.278515625 0.1140625 0.3640625 0.1140625
19 0.725 0.025390625 0.6609375 0.025390625 0.6609375 0.1140625 0.725 0.1140625 0.725 0.025390625
19 0.582421875 0.0265625 0.582421875 0.1140625 0.6484375 0.1140625 0.6484375 0.0265625 0.582421875 0.0265625
19 0.384375 0.0296875 0.384375 0.11875 0.4640625 0.11875 0.4640625 0.0296875 0.384375 0.0296875
19 0.5640625 0.030078125 0.491015625 0.030078125 0.491015625 0.121484375 0.5640625 0.121484375 0.5640625 0.030078125
19 0.7921875 0.1 0.7921875 0.05390625 0.73203125 0.05390625 0.73203125 0.1 0.7921875 0.1
19 0.852734375 0.1015625 0.852734375 0.051171875 0.794140625 0.051171875 0.794140625 0.1015625 0.852734375 0.1015625
19 0.9203125 0.0640625 0.9203125 0.115625 0.95625 0.115625 0.95625 0.0640625 0.9203125 0.0640625
19 0.9 0.1140625 0.9 0.06640625 0.86328125 0.06640625 0.86328125 0.1140625 0.9 0.1140625
19 0.328125 0.221875 0.328125 0.3265625 0.3890625 0.3265625 0.3890625 0.221875 0.328125 0.221875
19 0.4640625 0.221484375 0.4 0.221484375 0.4 0.3265625 0.4640625 0.3265625 0.4640625 0.221484375
19 0.5828125 0.3234375 0.5828125 0.238671875 0.532421875 0.238671875 0.532421875 0.3234375 0.5828125 0.3234375
19 0.54375 0.30625 0.54375 0.26015625 0.45546875 0.26015625 0.45546875 0.30625 0.54375 0.30625
19 0.8046875 0.325 0.8046875 0.24375 0.745703125 0.24375 0.745703125 0.325 0.8046875 0.325
19 0.684375 0.264453125 0.64375 0.264453125 0.64375 0.321875 0.684375 0.321875 0.684375 0.264453125
19 0.740625 0.3125 0.740625 0.273046875 0.6828125 0.273046875 0.6828125 0.3125 0.740625 0.3125
19 0.6328125 0.262890625 0.590625 0.262890625 0.590625 0.321875 0.6328125 0.321875 0.6328125 0.262890625
19 0.815625 0.2640625 0.815625 0.321875 0.86875 0.321875 0.86875 0.2640625 0.815625 0.2640625
19 0.93125 0.3171875 0.93125 0.266796875 0.87265625 0.266796875 0.87265625 0.3171875 0.93125 0.3171875
19 0.5328125 0.4625 0.5328125 0.371875 0.444140625 0.371875 0.444140625 0.4625 0.5328125 0.4625
19 0.54375 0.371875 0.54375 0.465625 0.63125 0.465625 0.63125 0.371875 0.54375 0.371875
19 0.730078125 0.396875 0.730078125 0.4640625 0.815625 0.4640625 0.815625 0.396875 0.730078125 0.396875
19 0.715625 0.4765625 0.715625 0.390234375 0.651171875 0.390234375 0.651171875 0.4765625 0.715625 0.4765625