19 0.725 0.23125 0.9171006937499999 0.23125 0.9171006937499999 0.13446180624999998 0.725 0.13446180624999998 0.725 0.23125
19 1 0.140885415625 0.824565971875 0.140885415625 0.824565971875 0.23125 1 0.23125 1 0.140885415625
19 0.634375 0.23125 0.634375 0.14322916562500002 0.4495659734375 0.14322916562500002 0.4495659734375 0.23125 0.634375 0.23125
19 0.81875 0.2375 0.81875 0.144791665625 0.6357638890625 0.144791665625 0.6357638890625 0.2375 0.81875 0.2375
19 0.675 0.0986111109375 0.5873263890625 0.0986111109375 0.5873263890625 0.2826388890625 0.675 0.2826388890625 0.675 0.0986111109375
19 0 0.4875 0.1078125 0.4875 0.1078125 0.44427083281249996 0 0.44427083281249996 0 0.4875
19 0.16875 0.5078125 0.16875 0.4295138890625 0.0064236109375 0.4295138890625 0.0064236109375 0.5078125 0.16875 0.5078125
19 0.921875 0.5609375 0.921875 0.3982638875 0.8558159734374999 0.3982638875 0.8558159734374999 0.5609375 0.921875 0.5609375
19 1 0.4458333328125 0.8771701375 0.4458333328125 0.8771701375 0.515277778125 1 0.515277778125 1 0.4458333328125
19 0.090625 0.5171875 0.2342881953125 0.5171875 0.2342881953125 0.44600694374999994 0.090625 0.44600694374999994 0.090625 0.5171875
19 0.309375 0.5171875 0.309375 0.451128471875 0.16362847187500001 0.451128471875 0.16362847187500001 0.5171875 0.309375 0.5171875
19 0.4484375 0.42673611093749997 0.36814236093749997 0.42673611093749997 0.36814236093749997 0.5560763890625 0.4484375 0.5560763890625 0.4484375 0.42673611093749997
19 0.3796875 0.5328125 0.3796875 0.454253471875 0.26458333437500003 0.454253471875 0.26458333437500003 0.5328125 0.3796875 0.5328125
19 0.684375 0.55 0.684375 0.43914930625000004 0.6350694453125 0.43914930625000004 0.6350694453125 0.55 0.684375 0.55
19 0.509375 0.4392361109375 0.46197916718750004 0.4392361109375 0.46197916718750004 0.5529513890625 0.509375 0.5529513890625 0.509375 0.4392361109375
19 0.5171875 0.55625 0.5671875 0.55625 0.5671875 0.4375 0.5171875 0.4375 0.5171875 0.55625
19 0.625 0.553125 0.625 0.4421875 0.5768229171875 0.4421875 0.5768229171875 0.553125 0.625 0.553125
19 0.8515625 0.553125 0.8515625 0.48289930625000005 0.80234375 0.48289930625000005 0.80234375 0.553125 0.8515625 0.553125
19 0.7453125 0.540625 0.7453125 0.4955729171875 0.6782118046875001 0.4955729171875 0.6782118046875001 0.540625 0.7453125 0.540625
19 0.796875 0.553125 0.796875 0.4828125 0.7486979171875 0.4828125 0.7486979171875 0.553125 0.796875 0.553125