19 0.1116666671875 0.9366666671875 0.1691666671875 0.9366666671875 0.1691666671875 0.8866666671875001 0.1116666671875 0.8866666671875001 0.1116666671875 0.9366666671875
19 0.32 0.9366666671875 0.38416666718750003 0.9366666671875 0.38416666718750003 0.8916666671875 0.32 0.8916666671875 0.32 0.9366666671875
19 0.2533333328125 0.9366666671875 0.3125 0.9366666671875 0.3125 0.8916666671875 0.2533333328125 0.8916666671875 0.2533333328125 0.9366666671875
19 0.1816666671875 0.9341666671875 0.24583333281250003 0.9341666671875 0.24583333281250003 0.8933333328125 0.1816666671875 0.8933333328125 0.1816666671875 0.9341666671875
19 0.2416666671875 0.3291666671875 0.30416666718749996 0.3291666671875 0.30416666718749996 0.21000000000000002 0.2416666671875 0.21000000000000002 0.2416666671875 0.3291666671875
19 0.3116666671875 0.3283333328125 0.3591666671875 0.3283333328125 0.3591666671875 0.22999999999999998 0.3116666671875 0.22999999999999998 0.3116666671875 0.3283333328125
19 0.41333333281250006 0.3275 0.4591666671875 0.3275 0.4591666671875 0.25666666718750003 0.41333333281250006 0.25666666718750003 0.41333333281250006 0.3275
19 0.36833333281249997 0.3283333328125 0.4091666671875 0.3283333328125 0.4091666671875 0.26 0.36833333281249997 0.26 0.36833333281249997 0.3283333328125
19 0.7016666671875 0.5008333328125001 0.7474999999999999 0.5008333328125001 0.7474999999999999 0.43833333281250003 0.7016666671875 0.43833333281250003 0.7016666671875 0.5008333328125001
19 0.27 0.5041666671875 0.3183333328125 0.5041666671875 0.3183333328125 0.44166666718750003 0.27 0.44166666718750003 0.27 0.5041666671875
19 0.16833333281250001 0.5066666671875 0.2166666671875 0.5066666671875 0.2166666671875 0.44666666718750003 0.16833333281250001 0.44666666718750003 0.16833333281250001 0.5066666671875
19 0.1183333328125 0.5066666671875 0.1666666671875 0.5066666671875 0.1666666671875 0.44666666718750003 0.1183333328125 0.44666666718750003 0.1183333328125 0.5066666671875
19 0.21833333281249998 0.505 0.2641666671875 0.505 0.2641666671875 0.445 0.21833333281249998 0.445 0.21833333281249998 0.505
19 0.0716666671875 0.5058333328125 0.11750000000000001 0.5058333328125 0.11750000000000001 0.4683333328125 0.0716666671875 0.4683333328125 0.0716666671875 0.5058333328125
19 0.32999999999999996 0.6608333328125 0.40416666718750005 0.6608333328125 0.40416666718750005 0.575 0.32999999999999996 0.575 0.32999999999999996 0.6608333328125
19 0.2416666671875 0.6616666671875 0.3183333328125 0.6616666671875 0.3183333328125 0.5783333328125 0.2416666671875 0.5783333328125 0.2416666671875 0.6616666671875
19 0.195 0.6641666671875 0.24 0.6641666671875 0.24 0.61 0.195 0.61 0.195 0.6641666671875
19 0.095 0.6633333328125001 0.1408333328125 0.6633333328125001 0.1408333328125 0.6116666671875 0.095 0.6116666671875 0.095 0.6633333328125001
19 0.1433333328125 0.6641666671875 0.1891666671875 0.6641666671875 0.1891666671875 0.61 0.1433333328125 0.61 0.1433333328125 0.6641666671875
19 0.2416666671875 0.8058333328125 0.2966666671875 0.8058333328125 0.2966666671875 0.7366666671875 0.2416666671875 0.7366666671875 0.2416666671875 0.8058333328125
19 0.1766666671875 0.8066666671875 0.2383333328125 0.8066666671875 0.2383333328125 0.7466666671875 0.1766666671875 0.7466666671875 0.1766666671875 0.8066666671875
19 0.11000000000000001 0.8091666671875 0.17250000000000001 0.8091666671875 0.17250000000000001 0.75 0.11000000000000001 0.75 0.11000000000000001 0.8091666671875