19 0.75703125 0.2125 0.721875 0.2125 0.721875 0.265625 0.75703125 0.265625 0.75703125 0.2125
19 0.7203125 0.2125 0.690625 0.2125 0.690625 0.265625 0.7203125 0.265625 0.7203125 0.2125
19 0.6484375 0.2109375 0.615625 0.2109375 0.615625 0.26640625 0.6484375 0.26640625 0.6484375 0.2109375
19 0.6828125 0.2140625 0.653125 0.2140625 0.653125 0.265625 0.6828125 0.265625 0.6828125 0.2140625
19 0.7640625 0.3234375 0.734375 0.3234375 0.734375 0.3484375 0.7640625 0.3484375 0.7640625 0.3234375
19 0.728125 0.325 0.696875 0.325 0.696875 0.34921875 0.728125 0.34921875 0.728125 0.325
19 0.27734375 0.30625 0.21875 0.30625 0.21875 0.37578125 0.27734375 0.37578125 0.27734375 0.30625
19 0.40703125 0.3046875 0.346875 0.3046875 0.346875 0.37890625 0.40703125 0.37890625 0.40703125 0.3046875
19 0.22265625 0.30625 0.15625 0.30625 0.15625 0.378125 0.22265625 0.378125 0.22265625 0.30625
19 0.3453125 0.3078125 0.28125 0.3078125 0.28125 0.3796875 0.3453125 0.3796875 0.3453125 0.3078125
19 0.553125 0.3125 0.50625 0.3125 0.50625 0.38125 0.553125 0.38125 0.553125 0.3125
19 0.50390625 0.3125 0.4546875 0.3125 0.4546875 0.37890625 0.50390625 0.37890625 0.50390625 0.3125
19 0.45546875 0.315625 0.4125 0.315625 0.4125 0.38203125 0.45546875 0.38203125 0.45546875 0.315625
19 0.69375 0.325 0.6421875 0.325 0.6421875 0.37890625 0.69375 0.37890625 0.69375 0.325
19 0.63046875 0.3296875 0.596875 0.3296875 0.596875 0.38046875 0.63046875 0.38046875 0.63046875 0.3296875
19 0.59140625 0.33125 0.55625 0.33125 0.55625 0.3796875 0.59140625 0.3796875 0.59140625 0.33125
19 0.72578125 0.35 0.696875 0.35 0.696875 0.3796875 0.72578125 0.3796875 0.72578125 0.35
19 0.7609375 0.35 0.73125 0.35 0.73125 0.37734375 0.7609375 0.37734375 0.7609375 0.35
19 0.44921875 0.415625 0.384375 0.415625 0.384375 0.48984375 0.44921875 0.48984375 0.44921875 0.415625
19 0.38359375 0.41875 0.3171875 0.41875 0.3171875 0.4921875 0.38359375 0.4921875 0.38359375 0.41875
19 0.31875 0.4171875 0.2546875 0.4171875 0.2546875 0.49140625 0.31875 0.49140625 0.31875 0.4171875
19 0.24921875 0.41875 0.184375 0.41875 0.184375 0.4921875 0.24921875 0.4921875 0.24921875 0.41875
19 0.57890625 0.421875 0.5203125 0.421875 0.5203125 0.490625 0.57890625 0.490625 0.57890625 0.421875
19 0.51171875 0.421875 0.453125 0.421875 0.453125 0.490625 0.51171875 0.490625 0.51171875 0.421875
19 0.64296875 0.4296875 0.584375 0.4296875 0.584375 0.4921875 0.64296875 0.4921875 0.64296875 0.4296875
19 0.72421875 0.4421875 0.684375 0.4421875 0.684375 0.490625 0.72421875 0.490625 0.72421875 0.4421875
19 0.76328125 0.4421875 0.728125 0.4421875 0.728125 0.490625 0.76328125 0.490625 0.76328125 0.4421875
19 0.684375 0.44375 0.646875 0.44375 0.646875 0.490625 0.684375 0.490625 0.684375 0.44375