19 0.290880503125 0.112421384375 0.3183962265625 0.112421384375 0.3183962265625 0.037735848437500004 0.290880503125 0.037735848437500004 0.290880503125 0.112421384375
19 0.2594339625 0.11084905625000001 0.2885220125 0.11084905625000001 0.2885220125 0.039308176562500005 0.2594339625 0.039308176562500005 0.2594339625 0.11084905625000001
19 0.3207547171875 0.1147798734375 0.3474842765625 0.1147798734375 0.3474842765625 0.040880503125 0.3207547171875 0.040880503125 0.3207547171875 0.1147798734375
19 0.3333333328125 0.8419811328125 0.363207546875 0.8419811328125 0.363207546875 0.8144654093750001 0.3333333328125 0.8144654093750001 0.3333333328125 0.8419811328125
19 0.190251571875 0.8443396218749999 0.21933962187499997 0.8443396218749999 0.21933962187499997 0.8144654093750001 0.190251571875 0.8144654093750001 0.190251571875 0.8443396218749999
19 0.396226415625 0.8443396218749999 0.42531446562499997 0.8443396218749999 0.42531446562499997 0.8144654093750001 0.396226415625 0.8144654093750001 0.396226415625 0.8443396218749999
19 0.2940251578125 0.8451257859375 0.3278301890625 0.8451257859375 0.3278301890625 0.8160377359375 0.2940251578125 0.8160377359375 0.2940251578125 0.8451257859375
19 0.36477987343749996 0.84591195 0.393867925 0.84591195 0.393867925 0.8160377359375 0.36477987343749996 0.8160377359375 0.36477987343749996 0.84591195
19 0.25628930781250003 0.8451257859375 0.2916666671875 0.8451257859375 0.2916666671875 0.8160377359375 0.25628930781250003 0.8160377359375 0.25628930781250003 0.8451257859375
19 0.22484276718750001 0.8474842765625 0.25628930781250003 0.8474842765625 0.25628930781250003 0.8176100625 0.22484276718750001 0.8176100625 0.22484276718750001 0.8474842765625
19 0.272012578125 0.887578615625 0.305031446875 0.887578615625 0.305031446875 0.853773584375 0.272012578125 0.853773584375 0.272012578125 0.887578615625
19 0.3066037734375 0.887578615625 0.3364779875 0.887578615625 0.3364779875 0.8522012578125 0.3066037734375 0.8522012578125 0.3066037734375 0.887578615625
19 0.40094339687499997 0.8867924531250001 0.430031446875 0.8867924531250001 0.430031446875 0.8553459125 0.40094339687499997 0.8553459125 0.40094339687499997 0.8867924531250001
19 0.2389937109375 0.88993710625 0.2727987421875 0.88993710625 0.2727987421875 0.8522012578125 0.2389937109375 0.8522012578125 0.2389937109375 0.88993710625
19 0.3364779875 0.887578615625 0.367924528125 0.887578615625 0.367924528125 0.853773584375 0.3364779875 0.853773584375 0.3364779875 0.887578615625
19 0.17767295624999999 0.88993710625 0.20676100625 0.88993710625 0.20676100625 0.8522012578125 0.17767295624999999 0.8522012578125 0.17767295624999999 0.88993710625
19 0.367924528125 0.88993710625 0.401729559375 0.88993710625 0.401729559375 0.8569182390625001 0.367924528125 0.8569182390625001 0.367924528125 0.88993710625
19 0.209119496875 0.8907232703125001 0.2405660375 0.8907232703125001 0.2405660375 0.8569182390625001 0.209119496875 0.8569182390625001 0.209119496875 0.8907232703125001
19 0.3930817609375 0.9339622640625 0.42924528281249996 0.9339622640625 0.42924528281249996 0.90408805 0.3930817609375 0.90408805 0.3930817609375 0.9339622640625
19 0.35849056562500003 0.934748428125 0.38757861562499996 0.934748428125 0.38757861562499996 0.9056603781250001 0.35849056562500003 0.9056603781250001 0.35849056562500003 0.934748428125
19 0.319182390625 0.934748428125 0.352987421875 0.934748428125 0.352987421875 0.9056603781250001 0.319182390625 0.9056603781250001 0.319182390625 0.934748428125
19 0.24685534531250003 0.934748428125 0.276729559375 0.934748428125 0.276729559375 0.9072327046875 0.24685534531250003 0.9072327046875 0.24685534531250003 0.934748428125
19 0.16981132031249999 0.9355345906249999 0.2028301890625 0.9355345906249999 0.2028301890625 0.9103773578125001 0.16981132031249999 0.9103773578125001 0.16981132031249999 0.9355345906249999
19 0.281446540625 0.9363207546875 0.31289308125000004 0.9363207546875 0.31289308125000004 0.9072327046875 0.281446540625 0.9072327046875 0.281446540625 0.9363207546875
19 0.209119496875 0.93789308125 0.24213836406250003 0.93789308125 0.24213836406250003 0.90880503125 0.209119496875 0.90880503125 0.209119496875 0.93789308125
19 0.7783018875 0.21305031406250002 0.80345911875 0.21305031406250002 0.80345911875 0.1619496859375 0.7783018875 0.1619496859375 0.7783018875 0.21305031406250002
19 0.7484276734375 0.2657232703125 0.781446540625 0.2657232703125 0.781446540625 0.1933962265625 0.7484276734375 0.1933962265625 0.7484276734375 0.2657232703125
19 0.709119496875 0.2657232703125 0.7421383640625 0.2657232703125 0.7421383640625 0.19654088125 0.709119496875 0.19654088125 0.709119496875 0.2657232703125
19 0.672955975 0.268867925 0.704402515625 0.268867925 0.704402515625 0.19654088125 0.672955975 0.19654088125 0.672955975 0.268867925
19 0.7830188671875 0.26493710625 0.81210691875 0.26493710625 0.81210691875 0.213836478125 0.7830188671875 0.213836478125 0.7830188671875 0.26493710625
19 0.48899371093750005 0.3710691828125 0.5471698109375 0.3710691828125 0.5471698109375 0.2971698109375 0.48899371093750005 0.2971698109375 0.48899371093750005 0.3710691828125
19 0.43396226406249994 0.37185534531250003 0.487421384375 0.37185534531250003 0.487421384375 0.2971698109375 0.43396226406249994 0.2971698109375 0.43396226406249994 0.37185534531250003
19 0.34905660312500003 0.3710691828125 0.38757861562499996 0.3710691828125 0.38757861562499996 0.30188679218750003 0.34905660312500003 0.30188679218750003 0.34905660312500003 0.3710691828125
19 0.5518867921874999 0.36871069218749997 0.6053459125 0.36871069218749997 0.6053459125 0.30345911875 0.5518867921874999 0.30345911875 0.5518867921874999 0.36871069218749997
19 0.2610062890625 0.37185534531250003 0.30188679218750003 0.37185534531250003 0.30188679218750003 0.30188679218750003 0.2610062890625 0.30188679218750003 0.2610062890625 0.37185534531250003
19 0.305031446875 0.37185534531250003 0.34591194999999997 0.37185534531250003 0.34591194999999997 0.30188679218750003 0.305031446875 0.30188679218750003 0.305031446875 0.37185534531250003
19 0.17295597499999998 0.3710691828125 0.2154088046875 0.3710691828125 0.2154088046875 0.30188679218750003 0.17295597499999998 0.30188679218750003 0.17295597499999998 0.3710691828125
19 0.39150943437499997 0.3734276734375 0.43160377343749995 0.3734276734375 0.43160377343749995 0.30345911875 0.39150943437499997 0.30345911875 0.39150943437499997 0.3734276734375
19 0.21855345937499998 0.372641509375 0.257075471875 0.372641509375 0.257075471875 0.305031446875 0.21855345937499998 0.305031446875 0.21855345937499998 0.372641509375
19 0.44968553437500003 0.47248427656249997 0.47169811250000004 0.47248427656249997 0.47169811250000004 0.405660378125 0.44968553437500003 0.405660378125 0.44968553437500003 0.47248427656249997
19 0.42138364843750004 0.473270440625 0.44339622656250005 0.473270440625 0.44339622656250005 0.40880503125 0.42138364843750004 0.40880503125 0.42138364843750004 0.473270440625
19 0.47641509375 0.473270440625 0.49842767343750005 0.473270440625 0.49842767343750005 0.41037735781249995 0.47641509375 0.41037735781249995 0.47641509375 0.473270440625
19 0.6194968546874999 0.47248427656249997 0.672955975 0.47248427656249997 0.672955975 0.41194968593750003 0.6194968546874999 0.41194968593750003 0.6194968546874999 0.47248427656249997
19 0.382075471875 0.47641509375 0.41823899375 0.47641509375 0.41823899375 0.41194968593750003 0.382075471875 0.41194968593750003 0.382075471875 0.47641509375
19 0.5298742140625 0.47484276718749996 0.5542452828125 0.47484276718749996 0.5542452828125 0.4135220125 0.5298742140625 0.4135220125 0.5298742140625 0.47484276718749996
19 0.6745283015625 0.47248427656249997 0.727987421875 0.47248427656249997 0.727987421875 0.4135220125 0.6745283015625 0.4135220125 0.6745283015625 0.47248427656249997
19 0.56289308125 0.473270440625 0.6147798734375 0.473270440625 0.6147798734375 0.4150943390625 0.56289308125 0.4150943390625 0.56289308125 0.473270440625
19 0.3333333328125 0.47641509375 0.3757861640625 0.47641509375 0.3757861640625 0.4135220125 0.3333333328125 0.4135220125 0.3333333328125 0.47641509375
19 0.5015723265625 0.47405660312500003 0.525943396875 0.47405660312500003 0.525943396875 0.4150943390625 0.5015723265625 0.4150943390625 0.5015723265625 0.47405660312500003
19 0.290880503125 0.477987421875 0.329402515625 0.477987421875 0.329402515625 0.4135220125 0.290880503125 0.4135220125 0.290880503125 0.477987421875
19 0.28930817656249996 0.569182390625 0.3364779875 0.569182390625 0.3364779875 0.5110062890625 0.28930817656249996 0.5110062890625 0.28930817656249996 0.569182390625
19 0.232704403125 0.569182390625 0.2885220125 0.569182390625 0.2885220125 0.517295596875 0.232704403125 0.517295596875 0.232704403125 0.569182390625
19 0.3364779875 0.5660377359375001 0.36949685468750004 0.5660377359375001 0.36949685468750004 0.5204402515625 0.3364779875 0.5204402515625 0.3364779875 0.5660377359375001
19 0.3710691828125 0.5660377359375001 0.40251572343750003 0.5660377359375001 0.40251572343750003 0.5204402515625 0.3710691828125 0.5204402515625 0.3710691828125 0.5660377359375001
19 0.47641509375 0.5636792453125 0.5062893078124999 0.5636792453125 0.5062893078124999 0.52358490625 0.47641509375 0.52358490625 0.47641509375 0.5636792453125
19 0.405660378125 0.5660377359375001 0.439465409375 0.5660377359375001 0.439465409375 0.5204402515625 0.405660378125 0.5204402515625 0.405660378125 0.5660377359375001
19 0.17295597499999998 0.57232704375 0.228773584375 0.57232704375 0.228773584375 0.518867925 0.17295597499999998 0.518867925 0.17295597499999998 0.57232704375
19 0.44339622656250005 0.5668238999999999 0.473270440625 0.5668238999999999 0.473270440625 0.52358490625 0.44339622656250005 0.52358490625 0.44339622656250005 0.5668238999999999
19 0.3977987421875 0.6666666671875 0.42924528281249996 0.6666666671875 0.42924528281249996 0.6194968546874999 0.3977987421875 0.6194968546874999 0.3977987421875 0.6666666671875
19 0.4323899375 0.66823899375 0.46540880468749996 0.66823899375 0.46540880468749996 0.6210691828125 0.4323899375 0.6210691828125 0.4323899375 0.66823899375
19 0.3616352203125 0.6666666671875 0.3930817609375 0.6666666671875 0.3930817609375 0.6210691828125 0.3616352203125 0.6210691828125 0.3616352203125 0.6666666671875
19 0.2924528296875 0.6698113203125 0.3238993703125 0.6698113203125 0.3238993703125 0.6210691828125 0.2924528296875 0.6210691828125 0.2924528296875 0.6698113203125
19 0.3254716984375 0.6698113203125 0.3592767296875 0.6698113203125 0.3592767296875 0.6210691828125 0.3254716984375 0.6210691828125 0.3254716984375 0.6698113203125
19 0.2578616359375 0.6713836484375 0.290880503125 0.6713836484375 0.290880503125 0.6257861640625 0.2578616359375 0.6257861640625 0.2578616359375 0.6713836484375
19 0.2201257859375 0.6713836484375 0.25314465468749997 0.6713836484375 0.25314465468749997 0.6257861640625 0.2201257859375 0.6257861640625 0.2201257859375 0.6713836484375
19 0.18710691875000002 0.6713836484375 0.21619496875 0.6713836484375 0.21619496875 0.6257861640625 0.18710691875000002 0.6257861640625 0.18710691875000002 0.6713836484375
19 0.48584905625 0.7783018875 0.5283018875 0.7783018875 0.5283018875 0.7216981125 0.48584905625 0.7216981125 0.48584905625 0.7783018875
19 0.43396226406249994 0.7783018875 0.47720125781249995 0.7783018875 0.47720125781249995 0.7248427671875 0.43396226406249994 0.7248427671875 0.43396226406249994 0.7783018875
19 0.1933962265625 0.7822327046875001 0.2389937109375 0.7822327046875001 0.2389937109375 0.723270440625 0.1933962265625 0.723270440625 0.1933962265625 0.7822327046875001
19 0.2405660375 0.781446540625 0.281446540625 0.781446540625 0.281446540625 0.7248427671875 0.2405660375 0.7248427671875 0.2405660375 0.781446540625
19 0.38522012656250004 0.780660378125 0.430031446875 0.780660378125 0.430031446875 0.7248427671875 0.38522012656250004 0.7248427671875 0.38522012656250004 0.780660378125
19 0.28930817656249996 0.781446540625 0.3325471703125 0.781446540625 0.3325471703125 0.727987421875 0.28930817656249996 0.727987421875 0.28930817656249996 0.781446540625
19 0.3380503140625 0.780660378125 0.38128930781250003 0.780660378125 0.38128930781250003 0.7295597484375 0.3380503140625 0.7295597484375 0.3380503140625 0.780660378125
19 0.35062893125 0.11084905625000001 0.3757861640625 0.11084905625000001 0.3757861640625 0.036163521875 0.35062893125 0.036163521875 0.35062893125 0.11084905625000001
19 0.23113207500000002 0.11006289375 0.25628930781250003 0.11006289375 0.25628930781250003 0.037735848437500004 0.23113207500000002 0.037735848437500004 0.23113207500000002 0.11006289375
19 0.16981132031249999 0.10927672968749999 0.1988993703125 0.10927672968749999 0.1988993703125 0.039308176562500005 0.16981132031249999 0.039308176562500005 0.16981132031249999 0.10927672968749999
19 0.20125786093750003 0.11084905625000001 0.22798742187499998 0.11084905625000001 0.22798742187499998 0.039308176562500005 0.20125786093750003 0.039308176562500005 0.20125786093750003 0.11084905625000001