19 0.5140625 0.165625 0.5140625 0.1219873359375 0.4383935859375 0.1219873359375 0.4383935859375 0.165625 0.5140625 0.165625
19 0.5498621328125 0.184375 0.5498621328125 0.10966094687500001 0.5049274921875 0.10966094687500001 0.5049274921875 0.184375 0.5498621328125 0.184375
19 0.559375 0.1875 0.603125 0.1875 0.603125 0.111192809375 0.559375 0.111192809375 0.559375 0.1875
19 0.5953125 0.171875 0.671875 0.171875 0.671875 0.1302951390625 0.5953125 0.1302951390625 0.5953125 0.171875
19 0.7046875 0.1953125 0.7046875 0.11618157656250001 0.6616217328125 0.11618157656250001 0.6616217328125 0.1953125 0.7046875 0.1953125
19 0.3703125 0.4953125 0.4515625 0.4953125 0.4515625 0.42155841406250005 0.3703125 0.42155841406250005 0.3703125 0.4953125
19 0.4546875 0.5 0.53125 0.5 0.53125 0.41811172343749997 0.4546875 0.41811172343749997 0.4546875 0.5
19 0.8765012249999999 0.509375 0.8765012249999999 0.43021344062500005 0.780095996875 0.43021344062500005 0.780095996875 0.509375 0.8765012249999999 0.509375
19 0.6219873375 0.4296875 0.6219873375 0.5125 0.7061376640625 0.5125 0.7061376640625 0.4296875 0.6219873375 0.4296875
19 0.54375 0.5125 0.61875 0.5125 0.61875 0.4296875 0.54375 0.4296875 0.54375 0.5125
19 0.7921875 0.509375 0.7921875 0.4310712828125 0.701664625 0.4310712828125 0.701664625 0.509375 0.7921875 0.509375
19 0.9578125 0.521875 0.9578125 0.4265625 0.8748161765625 0.4265625 0.8748161765625 0.521875 0.9578125 0.521875
19 0.9984375 0.5265625 0.9984375 0.4298866421875 0.9544679328125 0.4298866421875 0.9544679328125 0.5265625 0.9984375 0.5265625
19 0.4546568625 0.5828125 0.4546568625 0.5412939140625 0.4203431375 0.5412939140625 0.4203431375 0.5828125 0.4546568625 0.5828125
19 0.4953125 0.54850388125 0.45933415 0.54850388125 0.45933415 0.58118361875 0.4953125 0.58118361875 0.4953125 0.54850388125
19 0.534375 0.584375 0.534375 0.543295546875 0.5012969765624999 0.543295546875 0.5012969765624999 0.584375 0.534375 0.584375
19 0.0828125 0.6140625 0.0828125 0.5390625 0.026465482812500003 0.5390625 0.02646548125 0.6140625 0.0828125 0.6140625
19 0.0865145015625 0.540625 0.0865145015625 0.615625 0.1494229984375 0.615625 0.1494229984375 0.540625 0.0865145015625 0.540625
19 0.2168351703125 0.6124234078125 0.2168351703125 0.5519658890625 0.144122753125 0.551965890625 0.144122753125 0.6124234078125 0.2168351703125 0.6124234078125
19 0.2796875 0.5519658890625 0.20376327500000002 0.551965890625 0.20376327500000002 0.6124234078125 0.2796875 0.6124234078125 0.2796875 0.5519658890625
19 0.365625 0.6234375 0.365625 0.570608659375 0.3220996734375 0.570608659375 0.3220996734375 0.6234375 0.365625 0.6234375
19 0.31875 0.61875 0.31875 0.575 0.2670955875 0.575 0.2670955875 0.61875 0.31875 0.61875
19 0.5984375 0.63125 0.5984375 0.560396240625 0.541171365625 0.560396240625 0.541171365625 0.63125 0.5984375 0.63125
19 0.415625 0.6265625 0.415625 0.5703125 0.3713286359375 0.5703125 0.3713286359375 0.6265625 0.415625 0.6265625
19 0.65625 0.634375 0.65625 0.565625 0.59990298125 0.565625 0.59990298125 0.634375 0.65625 0.634375
19 0.715625 0.640625 0.715625 0.56725388125 0.6614634390624999 0.56725388125 0.6614634390624999 0.640625 0.715625 0.640625
19 0.778125 0.6421875 0.778125 0.569847834375 0.7209609890625 0.569847834375 0.7209609890625 0.6421875 0.778125 0.6421875
19 0.84375 0.640625 0.84375 0.5797640921875 0.7750561671875 0.5797640921875 0.7750561671875 0.640625 0.84375 0.640625
19 0.4546875 0.628125 0.4546875 0.5953431375 0.41711090781250004 0.5953431375 0.41711090781250004 0.628125 0.4546875 0.628125
19 0.9107843140625 0.6421875 0.9107843140625 0.5821435875 0.8364379078124999 0.5821435875 0.8364379078124999 0.6421875 0.9107843140625 0.6421875
19 0.4578125 0.6296875 0.496875 0.6296875 0.496875 0.5969056375 0.4578125 0.5969056375 0.4578125 0.6296875
19 0.9671875 0.6515625 0.9671875 0.578451796875 0.9124387265625 0.578451796875 0.9124387265625 0.6515625 0.9671875 0.6515625
19 0.5359375 0.634375 0.5359375 0.59362234375 0.5008731609375 0.59362234375 0.5008731609375 0.634375 0.5359375 0.634375
19 1 0.60634701875 0.9487438718750001 0.60634701875 0.9487438718750001 0.634375 1 0.634375 1 0.60634701875
19 0.396875 0.76875 0.46875 0.76875 0.46875 0.6880565765625 0.396875 0.6880565765625 0.396875 0.76875
19 0.6263378265624999 0.7671875 0.6263378265624999 0.6929942812500001 0.5421875 0.6929942812500001 0.5421875 0.7671875 0.6263378265624999 0.7671875
19 0.5453125 0.6943576390625 0.466988359375 0.6943576390625 0.466988359375 0.76707005625 0.5453125 0.76707005625 0.5453125 0.6943576390625
19 0.69375 0.6946180546875 0.62490298125 0.6946180546875 0.62490298125 0.7779513890625 0.69375 0.7779513890625 0.69375 0.6946180546875
19 0.753125 0.7515625 0.753125 0.7268484468749999 0.6802032265625 0.7268484468749999 0.6802032265625 0.7515625 0.753125 0.7515625
19 0.784375 0.75625 0.784375 0.731617646875 0.71335784375 0.731617646875 0.71335784375 0.75625 0.784375 0.75625
19 0.7734375 0.7796875 0.7984375 0.7796875 0.7984375 0.7078125 0.7734375 0.7078125 0.7734375 0.7796875
19 0.8609375 0.759375 0.9328125 0.759375 0.9328125 0.734375 0.8609375 0.734375 0.8609375 0.759375
19 0.871875 0.784375 0.871875 0.7109375 0.8482741015625 0.7109375 0.8482741015625 0.784375 0.871875 0.784375
19 1 0.734681371875 0.9320823125000001 0.734681371875 0.9320823125000001 0.759375 1 0.759375 1 0.734681371875
19 0.8328125 0.784375 0.8328125 0.7108558 0.8108098437500001 0.7108558 0.8108098437500001 0.784375 0.8328125 0.784375
19 0.946875 0.7875 0.946875 0.7103758171875 0.9193831703124999 0.7103758171875 0.9193831703124999 0.7875 0.946875 0.7875