19 0.1 0.1609375 0.0578125 0.1609375 0.0578125 0.2234375 0.1 0.2234375 0.1 0.1609375
19 0.04765625 0.1640625 0.003125 0.1640625 0.003125 0.22421875 0.04765625 0.22421875 0.04765625 0.1640625
19 0.68046875 0.2765625 0.6265625 0.2765625 0.6265625 0.38125 0.68046875 0.38125 0.68046875 0.2765625
19 0.740625 0.278125 0.6890625 0.278125 0.6890625 0.38359375 0.740625 0.38359375 0.740625 0.278125
19 0.81796875 0.31875 0.746875 0.31875 0.746875 0.38125 0.81796875 0.38125 0.81796875 0.31875
19 0.8953125 0.321875 0.828125 0.321875 0.828125 0.3828125 0.8953125 0.3828125 0.8953125 0.321875
19 0.9734375 0.325 0.9046875 0.325 0.9046875 0.38125 0.9734375 0.38125 0.9734375 0.325
19 0.31484375 0.4109375 0.2296875 0.4109375 0.2296875 0.50078125 0.31484375 0.50078125 0.31484375 0.4109375
19 0.2234375 0.4109375 0.140625 0.4109375 0.140625 0.50078125 0.2234375 0.50078125 0.2234375 0.4109375
19 0.13203125 0.4234375 0.046875 0.4234375 0.046875 0.503125 0.13203125 0.503125 0.13203125 0.4234375
19 0.40703125 0.4171875 0.321875 0.4171875 0.321875 0.50859375 0.40703125 0.50859375 0.40703125 0.4171875
19 0.69375 0.4375 0.6421875 0.4375 0.6421875 0.51171875 0.69375 0.51171875 0.69375 0.4375
19 0.7546875 0.440625 0.7015625 0.440625 0.7015625 0.51171875 0.7546875 0.51171875 0.7546875 0.440625
19 0.815625 0.440625 0.7640625 0.440625 0.7640625 0.51484375 0.815625 0.51484375 0.815625 0.440625
19 0.875 0.4421875 0.821875 0.4421875 0.821875 0.5140625 0.875 0.5140625 0.875 0.4421875
19 0.93671875 0.44375 0.8828125 0.44375 0.8828125 0.5171875 0.93671875 0.5171875 0.93671875 0.44375
19 0.475 0.453125 0.4328125 0.453125 0.4328125 0.50703125 0.475 0.50703125 0.475 0.453125
19 0.57109375 0.4546875 0.5328125 0.4546875 0.5328125 0.5078125 0.57109375 0.5078125 0.57109375 0.4546875
19 0.628125 0.453125 0.5859375 0.453125 0.5859375 0.50859375 0.628125 0.50859375 0.628125 0.453125
19 0.525 0.4546875 0.478125 0.4546875 0.478125 0.51015625 0.525 0.51015625 0.525 0.4546875
19 0.92109375 0.7125 0.8875 0.7125 0.8875 0.7453125 0.92109375 0.7453125 0.92109375 0.7125
19 0.88359375 0.7140625 0.84375 0.7140625 0.84375 0.7453125 0.88359375 0.7453125 0.88359375 0.7140625
19 0.87265625 0.7484375 0.8328125 0.7484375 0.8328125 0.7796875 0.87265625 0.7796875 0.87265625 0.7484375
19 0.9234375 0.7484375 0.8765625 0.7484375 0.8765625 0.7796875 0.9234375 0.7796875 0.9234375 0.7484375
19 0.921875 0.8703125 0.859375 0.8703125 0.859375 0.93671875 0.921875 0.93671875 0.921875 0.8703125
19 0.853125 0.878125 0.790625 0.878125 0.790625 0.93828125 0.853125 0.93828125 0.853125 0.878125