19 0.4625 0.2015625 0.4625 0.0880199953125 0.396920215625 0.0880199953125 0.396920215625 0.2015625 0.4625 0.2015625
19 0.24917604531249998 0.115625 0.24917604531249998 0.18125 0.3633239546875 0.18125 0.3633239546875 0.115625 0.24917604531249998 0.115625
19 0.2 0.203125 0.2 0.103125 0.1414891484375 0.103125 0.1414891484375 0.203125 0.2 0.203125
19 0.0953125 0.125479803125 0.0018036578125000002 0.125479803125 0.0018036578125000002 0.18576919218750002 0.0953125 0.18576919218750002 0.0953125 0.125479803125
19 0.528125 0.2140625 0.43990403906250003 0.2140625 0.439904040625 0.32794664375 0.528125 0.32794664375 0.528125 0.2140625
19 0.4203125 0.2392056875 0.3458123984375 0.2392056875 0.3458123984375 0.31235681249999997 0.4203125 0.31235681249999997 0.4203125 0.2392056875
19 0.321875 0.2706089234375 0.2948653546875 0.2706089234375 0.2948653546875 0.3228597265625 0.321875 0.3228597265625 0.321875 0.2706089234375
19 0.27489700625 0.3109375 0.27489700625 0.2847719046875 0.22666549531250002 0.2847719046875 0.22666549531250002 0.3109375 0.27489700625 0.3109375
19 0.2078125 0.325 0.2078125 0.2745201953125 0.180627009375 0.274520196875 0.180627009375 0.325 0.2078125 0.325
19 0.0921875 0.3140625 0.0921875 0.2859375 0.03867313125 0.2859375 0.03867313125 0.3140625 0.0921875 0.3140625
19 0.1 0.3140625 0.1609375 0.3140625 0.1609375 0.28472668749999996 0.1 0.28472668749999996 0.1 0.3140625
19 0.3984375 0.421875 0.3984375 0.37286475 0.3113545015625 0.37286475 0.3113545015625 0.421875 0.3984375 0.421875
19 0.178125 0.425 0.178125 0.3757686890625 0.08626155468749999 0.3757686890625 0.08626155468749999 0.425 0.178125 0.425
19 0.2984375 0.428125 0.2984375 0.375012559375 0.20768438437499998 0.375012559375 0.20768438437499998 0.428125 0.2984375 0.428125