19 0 0.15625 0.16839247968749999 0.15625 0.16839247968749999 0.07758209687499999 0 0.07758209687499999 0 0.15625
19 0.5265625 0.2265625 0.5265625 0.01498940625 0.4409825203125 0.01498940625 0.4409825203125 0.2265625 0.5265625 0.2265625
19 0.25625 0.16875 0.25625 0.075397246875 0.032852225 0.0753972453125 0.032852225 0.16875 0.25625 0.16875
19 0.4921875 0.171875 0.4921875 0.0837526484375 0.28448093281250003 0.0837526484375 0.28448093281250003 0.171875 0.4921875 0.171875
19 0.2765625 0.2296875 0.3453125 0.2296875 0.3453125 0.0763638765625 0.2765625 0.0763638765625 0.2765625 0.2296875
19 0.26875 0.2328125 0.26875 0.07588718125 0.19825211874999998 0.07588718125 0.19825211874999998 0.2328125 0.26875 0.2328125
19 0.59356461875 0.23125 0.59356461875 0.0799788140625 0.5283103812500001 0.0799788140625 0.5283103812500001 0.23125 0.59356461875 0.23125
19 0.67335805 0.209375 0.67335805 0.15828919531250002 0.592849575 0.15828919531250002 0.592849575 0.209375 0.67335805 0.209375
19 0.7421875 0.2125 0.7421875 0.1609375 0.6548066734375 0.1609375 0.6548066734375 0.2125 0.7421875 0.2125
19 0.4625 0.55 0.4625 0.3865466109375 0.3547139828125 0.3865466109375 0.3547139828125 0.55 0.4625 0.55
19 0.58125 0.553125 0.58125 0.396875 0.47582097343749996 0.396875 0.47582097343749996 0.553125 0.58125 0.553125
19 0.6859375 0.5578125 0.6859375 0.3951403609375 0.5915386640625 0.3951403609375 0.5915386640625 0.5578125 0.6859375 0.5578125
19 0.3734375 0.428125 0.2193988359375 0.428125 0.2193988359375 0.529568325 0.3734375 0.529568325 0.3734375 0.428125
19 0.2515625 0.8859375 0.2515625 0.6797801906250001 0.13442796562499998 0.6797801906250001 0.13442796562499998 0.8859375 0.2515625 0.8859375
19 0.4092955515625 0.84375 0.4092955515625 0.7455640890625 0.23556673749999998 0.7455640890625 0.23556673749999998 0.84375 0.4092955515625 0.84375