19 0.646875 0.36099154843750003 0.5782969734375001 0.36099154843750003 0.5782969734375001 0.46869595000000003 0.646875 0.46869595000000003 0.646875 0.36099154843750003
19 0.5703125 0.471875 0.5703125 0.3634728765625 0.5006240187500001 0.3634728765625 0.5006240187500001 0.471875 0.5703125 0.471875
19 0.4265625 0.45625 0.5109375 0.45625 0.5109375 0.39878636093750003 0.4265625 0.39878636093750003 0.4265625 0.45625
19 0.696875 0.5875 0.696875 0.5507468546875 0.6646668625000001 0.5507468546875 0.6646668625000001 0.5875 0.696875 0.5875
19 0.575 0.634375 0.575 0.5658854171875001 0.49865860937499995 0.5658854171875001 0.49865860937499995 0.634375 0.575 0.634375
19 0.6609375 0.6390625 0.6609375 0.57220911875 0.5789848671875 0.57220911875 0.5789848671875 0.6390625 0.6609375 0.6390625
19 0.803125 0.6375 0.803125 0.58028695 0.7557045984374999 0.58028695 0.7557045984374999 0.6375 0.803125 0.6375
19 0.8578125 0.6390625 0.8578125 0.5816725625 0.8071196921875 0.5816725625 0.8071196921875 0.6390625 0.8578125 0.6390625
19 0.7578125 0.63125 0.7578125 0.5870037359375 0.6995872640624999 0.5870037359375 0.6995872640624999 0.63125 0.7578125 0.63125
19 0.91030365625 0.640625 0.91030365625 0.5802771234375 0.86313384375 0.5802771234375 0.86313384375 0.640625 0.91030365625 0.640625
19 0.701302084375 0.6375 0.701302084375 0.5974547953125 0.662780071875 0.5974547953125 0.662780071875 0.6375 0.701302084375 0.6375