19 0.372990353125 0.1784565921875 0.4871382640625 0.1784565921875 0.4871382640625 0.1125401921875 0.372990353125 0.1125401921875 0.372990353125 0.1784565921875
19 0.24919614218750002 0.181672025 0.3633440515625 0.181672025 0.3633440515625 0.1157556265625 0.24919614218750002 0.1157556265625 0.24919614218750002 0.181672025
19 0.120578778125 0.1832797421875 0.22106109375 0.1832797421875 0.22106109375 0.1237942125 0.120578778125 0.1237942125 0.120578778125 0.1832797421875
19 0.0016077171875000002 0.18569131875 0.0956591640625 0.18569131875 0.0956591640625 0.1254019296875 0.0016077171875000002 0.1254019296875 0.0016077171875000002 0.18569131875
19 0.4276527328125 0.3159163984375 0.54180064375 0.3159163984375 0.54180064375 0.226688103125 0.4276527328125 0.226688103125 0.4276527328125 0.3159163984375
19 0.3456591640625 0.3127009640625 0.421221865625 0.3127009640625 0.421221865625 0.2395498390625 0.3456591640625 0.2395498390625 0.3456591640625 0.3127009640625
19 0.2829582 0.311093246875 0.335209003125 0.311093246875 0.335209003125 0.2829582 0.2829582 0.2829582 0.2829582 0.311093246875
19 0.226688103125 0.31189710625 0.2749196140625 0.31189710625 0.2749196140625 0.284565915625 0.226688103125 0.284565915625 0.226688103125 0.31189710625
19 0.1688102890625 0.31430868125 0.22106109375 0.31430868125 0.22106109375 0.2861736328125 0.1688102890625 0.2861736328125 0.1688102890625 0.31430868125
19 0.038585209375 0.31430868125 0.094051446875 0.31430868125 0.094051446875 0.2861736328125 0.038585209375 0.2861736328125 0.038585209375 0.31430868125
19 0.09967845625 0.315112540625 0.1615755625 0.315112540625 0.1615755625 0.284565915625 0.09967845625 0.284565915625 0.09967845625 0.315112540625
19 0.31189710625 0.423633440625 0.399517684375 0.423633440625 0.399517684375 0.372990353125 0.31189710625 0.372990353125 0.31189710625 0.423633440625
19 0.0868167203125 0.426045015625 0.17926045 0.426045015625 0.17926045 0.3762057875 0.0868167203125 0.3762057875 0.0868167203125 0.426045015625
19 0.2073954984375 0.42926045 0.299839228125 0.42926045 0.299839228125 0.3745980703125 0.2073954984375 0.3745980703125 0.2073954984375 0.42926045