19 0.14375 0.7625 0.14375 0.803125 0.2203125 0.803125 0.2203125 0.7625 0.14375 0.7625
19 0.3234375 0.7515625 0.3234375 0.815625 0.365625 0.815625 0.365625 0.7515625 0.3234375 0.7515625
19 0.51484375 0.8140625 0.51484375 0.751171875 0.4765625 0.751171875 0.4765625 0.8140625 0.51484375 0.8140625
19 0.2359375 0.765625 0.2359375 0.80625 0.3 0.80625 0.3 0.765625 0.2359375 0.765625
19 0.397265625 0.459375 0.397265625 0.528125 0.478125 0.528125 0.478125 0.459375 0.397265625 0.459375
19 0.309765625 0.4609375 0.309765625 0.5296875 0.390625 0.5296875 0.390625 0.4609375 0.309765625 0.4609375
19 0.55625 0.45234375 0.487890625 0.45234375 0.487890625 0.5375 0.55625 0.5375 0.55625 0.45234375
19 0.14375 0.5265625 0.14375 0.487109375 0.101953125 0.487109375 0.101953125 0.5265625 0.14375 0.5265625
19 0.19609375 0.5296875 0.19609375 0.485546875 0.1578125 0.485546875 0.1578125 0.5296875 0.19609375 0.5296875
19 0.261328125 0.490625 0.261328125 0.5265625 0.303125 0.5265625 0.303125 0.490625 0.261328125 0.490625
19 0.2484375 0.5328125 0.2484375 0.485546875 0.2109375 0.485546875 0.2109375 0.5328125 0.2484375 0.5328125
19 0.3796875 0.556640625 0.3 0.556640625 0.3 0.6140625 0.3796875 0.6140625 0.3796875 0.556640625
19 0.226171875 0.546875 0.226171875 0.6265625 0.28125 0.6265625 0.28125 0.546875 0.226171875 0.546875
19 0.4609375 0.559765625 0.38125 0.559765625 0.38125 0.6140625 0.4609375 0.6140625 0.4609375 0.559765625
19 0.141015625 0.546875 0.141015625 0.63125 0.19375 0.63125 0.19375 0.546875 0.141015625 0.546875
19 0.4671875 0.5609375 0.4671875 0.615625 0.546875 0.615625 0.546875 0.5609375 0.4671875 0.5609375
19 0.24375 0.7125 0.24375 0.648046875 0.201953125 0.648046875 0.201953125 0.7125 0.24375 0.7125
19 0.3296875 0.7015625 0.3296875 0.658984375 0.271484375 0.658984375 0.271484375 0.7015625 0.3296875 0.7015625
19 0.41875 0.6609375 0.41875 0.7015625 0.48125 0.7015625 0.48125 0.6609375 0.41875 0.6609375
19 0.625 0.648828125 0.587890625 0.648828125 0.587890625 0.713671875 0.625 0.713671875 0.625 0.648828125
19 0.396875 0.649609375 0.35390625 0.649609375 0.35390625 0.7109375 0.396875 0.7109375 0.396875 0.649609375
19 0.55625 0.7 0.55625 0.661328125 0.492578125 0.661328125 0.492578125 0.7 0.55625 0.7
19 0.11875 0.659375 0.11875 0.7046875 0.18125 0.7046875 0.18125 0.659375 0.11875 0.659375
19 0.6015625 0.751171875 0.5375 0.751171875 0.5375 0.7890625 0.6015625 0.7890625 0.6015625 0.751171875
19 0.3890625 0.7609375 0.3890625 0.803125 0.4515625 0.803125 0.4515625 0.7609375 0.3890625 0.7609375