19 0.4375 0.10625 0.4375 0.0606821890625 0.38594771250000004 0.0606821890625 0.38594771250000004 0.10625 0.4375 0.10625
19 0.4953125 0.0578125 0.447931984375 0.0578125 0.447931984375 0.11076388749999999 0.4953125 0.11076388749999999 0.4953125 0.0578125
19 0.178125 0.051685049999999996 0.062561275 0.051685049999999996 0.062561275 0.129299428125 0.178125 0.129299428125 0.178125 0.051685049999999996
19 0.265625 0.128125 0.265625 0.05403390625 0.14856004843749998 0.05403390625 0.14856004843749998 0.128125 0.265625 0.128125
19 0.3921875 0.140625 0.3921875 0.0860396234375 0.3099213640625 0.0860396234375 0.3099213640625 0.140625 0.3921875 0.140625
19 0.915625 0.159375 0.915625 0.0609375 0.8405075578125001 0.0609375 0.8405075578125001 0.159375 0.915625 0.159375
19 0.3125 0.1515625 0.3125 0.07043504843750001 0.2502042484375 0.07043504843750001 0.2502042484375 0.1515625 0.3125 0.1515625
19 0.8324857031249999 0.16875 0.8324857031249999 0.060477940625000004 0.758139296875 0.060477940625000004 0.758139296875 0.16875 0.8324857031249999 0.16875
19 0.7640625 0.09387255 0.6870200171875 0.09387255 0.6870200171875 0.152696078125 0.7640625 0.152696078125 0.7640625 0.09387255
19 0.696875 0.1515625 0.696875 0.0984375 0.614379084375 0.0984375 0.614379084375 0.1515625 0.696875 0.1515625
19 0.4375 0.159375 0.4375 0.11266339843749999 0.3869740609375 0.11266339843749999 0.3869740609375 0.159375 0.4375 0.159375
19 0.490625 0.1625 0.490625 0.11369485312500001 0.44383680468750003 0.11369485312500001 0.44383680468750003 0.1625 0.490625 0.1625
19 0.771875 0.665625 0.8546875 0.665625 0.8546875 0.57498468125 0.771875 0.57498468125 0.771875 0.665625
19 0.7578125 0.659375 0.7578125 0.5786866828125 0.6628319046875 0.5786866828125 0.6628319046875 0.659375 0.7578125 0.659375
19 0.66084048125 0.66875 0.66084048125 0.5860498359374999 0.581592115625 0.5860498359374999 0.581592115625 0.66875 0.66084048125 0.66875
19 0.47630718906249997 0.6640625 0.47630718906249997 0.596527778125 0.3986928109375 0.596527778125 0.3986928109375 0.6640625 0.47630718906249997 0.6640625
19 0.38125 0.66875 0.38125 0.596420546875 0.31252553125000004 0.596420546875 0.31252553125000004 0.66875 0.38125 0.66875
19 0.5671875 0.6703125 0.5671875 0.5960171562500001 0.4865808828125 0.5960171562500001 0.4865808828125 0.6703125 0.5671875 0.6703125
19 0.6171875 0.8203125 0.6171875 0.7445414609375 0.5505565765625 0.7445414609375 0.5505565765625 0.8203125 0.6171875 0.8203125