19 0.8890625 0.28125 0.8890625 0.2423027671875 0.8309426234374999 0.2423027671875 0.8309426234374999 0.28125 0.8890625 0.28125
19 0.93125 0.2828125 0.93125 0.24106045156250003 0.8723360671875 0.24106045156250003 0.8723360671875 0.2828125 0.93125 0.2828125
19 0.31875 0.33597592187499997 0.2723232578125 0.33597592187499997 0.2723232578125 0.43433657812500004 0.31875 0.43433657812500004 0.31875 0.33597592187499997
19 0.4 0.4078125 0.4 0.357492315625 0.3045338125 0.357492315625 0.3045338125 0.4078125 0.4 0.4078125
19 0.203125 0.4328125 0.2703125 0.4328125 0.2703125 0.3723872953125 0.203125 0.3723872953125 0.203125 0.4328125
19 0.1953125 0.4328125 0.1953125 0.371875 0.13221055312500002 0.371875 0.13221055312500002 0.4328125 0.1953125 0.4328125
19 0.121875 0.434375 0.121875 0.3733094265625 0.058414446875000005 0.3733094265625 0.058414446875000005 0.434375 0.121875 0.434375
19 0.8109375 0.540625 0.8109375 0.4673155734375 0.7256275609375 0.4673155734375 0.7256275609375 0.540625 0.8109375 0.540625
19 0.7328125 0.540625 0.7328125 0.46875 0.6439933390625 0.46875 0.6439933390625 0.540625 0.7328125 0.540625
19 0.6546875 0.5421875 0.6546875 0.46798155625 0.564241803125 0.46798155625 0.564241803125 0.5421875 0.6546875 0.5421875
19 0.8890625 0.546875 0.8890625 0.4722464140625 0.8142930328125001 0.4722464140625 0.8142930328125001 0.546875 0.8890625 0.546875
19 0.3640625 0.5546875 0.3640625 0.4846439546875 0.31216700625 0.4846439546875 0.31216700625 0.5546875 0.3640625 0.5546875
19 0.303125 0.553125 0.303125 0.48501536874999995 0.2572745890625 0.48501536874999995 0.2572745890625 0.553125 0.303125 0.553125
19 0.2609375 0.5453125 0.2609375 0.498655225 0.19127817656249999 0.498655225 0.19127817656249999 0.5453125 0.2609375 0.5453125
19 0.19375 0.55625 0.19375 0.4850922125 0.1414959015625 0.4850922125 0.1414959015625 0.55625 0.19375 0.55625
19 0.5578125 0.5053022546875 0.5060706953125 0.5053022546875 0.5060706953125 0.54792520625 0.5578125 0.54792520625 0.5578125 0.5053022546875
19 0.503125 0.553125 0.503125 0.5015625 0.46987705 0.5015625 0.46987705 0.553125 0.503125 0.553125
19 0.41875 0.5453125 0.41875 0.506493340625 0.3668801234375 0.506493340625 0.3668801234375 0.5453125 0.41875 0.5453125
19 0.4609375 0.5546875 0.4609375 0.5014216171875 0.42260502187500004 0.5014216171875 0.42260502187500004 0.5546875 0.4609375 0.5546875
19 0.2796875 0.778125 0.2796875 0.7481557390625 0.2465163921875 0.7481557390625 0.2465163921875 0.778125 0.2796875 0.778125
19 0.2109375 0.778125 0.2390625 0.778125 0.2390625 0.7481557390625 0.2109375 0.7481557390625 0.2109375 0.778125
19 0.2046875 0.8078125 0.2046875 0.7578125 0.1475281765625 0.7578125 0.1475281765625 0.8078125 0.2046875 0.8078125
19 0.278125 0.7817494875000001 0.25 0.7817494875000001 0.25 0.8104380125 0.278125 0.8104380125 0.278125 0.7817494875000001
19 0.24375 0.7817494875000001 0.209375 0.7817494875000001 0.209375 0.8104380125 0.24375 0.8104380125 0.24375 0.7817494875000001