19 0.1 0.2546875 0.1 0.1980594765625 0.058190523437499996 0.1980594765625 0.058190523437499996 0.2546875 0.1 0.2546875
19 0.14375 0.2578125 0.14375 0.2001260078125 0.1032006046875 0.2001260078125 0.1032006046875 0.2578125 0.14375 0.2578125
19 0.6421875 0.3047631046875 0.590574596875 0.3047631046875 0.590574596875 0.3999243953125 0.6421875 0.3999243953125 0.6421875 0.3047631046875
19 0.71875 0.3281502015625 0.6249243953125 0.3281502015625 0.6249243953125 0.3765372984375 0.71875 0.3765372984375 0.71875 0.3281502015625
19 0.7578125 0.396875 0.7578125 0.3401461703125 0.698109878125 0.3401461703125 0.698109878125 0.396875 0.7578125 0.396875
19 0.8203125 0.4 0.8203125 0.33807963750000003 0.7667590734374999 0.33807963750000003 0.7667590734374999 0.4 0.8203125 0.4
19 0.89375 0.4 0.89375 0.34203629062499996 0.8294354828125 0.34203629062499996 0.8294354828125 0.4 0.89375 0.4
19 0.2484375 0.509375 0.2484375 0.42600806562500004 0.176184475 0.42600806562500004 0.176184475 0.509375 0.2484375 0.509375
19 0.3265625 0.509375 0.3265625 0.42683971718749997 0.254939515625 0.42683971718749997 0.254939515625 0.509375 0.3265625 0.509375
19 0.16875 0.5078125 0.16875 0.436592740625 0.098865928125 0.436592740625 0.098865928125 0.5078125 0.16875 0.5078125
19 0.4078125 0.5078125 0.4078125 0.4368951609375 0.32706653124999996 0.4368951609375 0.32706653124999996 0.5078125 0.4078125 0.5078125
19 0.6578125 0.51875 0.6578125 0.4515625 0.605040321875 0.4515625 0.605040321875 0.51875 0.6578125 0.51875
19 0.7109375 0.51875 0.7109375 0.4515625 0.66328125 0.4515625 0.66328125 0.51875 0.7109375 0.51875
19 0.7125504031250001 0.4515625 0.7125504031250001 0.5203125 0.7593245953125 0.5203125 0.7593245953125 0.4515625 0.7125504031250001 0.4515625
19 0.7625 0.453125 0.7625 0.521875 0.8125 0.521875 0.8125 0.453125 0.7625 0.453125
19 0.8734375 0.4640625 0.8068800406250001 0.4640625 0.8068800406250001 0.51202116875 0.8734375 0.51202116875 0.8734375 0.4640625
19 0.41779233906249996 0.4659274203125 0.41779233906249996 0.5118951625 0.47021169374999994 0.5118951625 0.47021169374999994 0.4659274203125 0.41779233906249996 0.4659274203125
19 0.5078125 0.464591734375 0.46449092812500004 0.464591734375 0.46449092812500004 0.5153981859375001 0.5078125 0.5153981859375001 0.5078125 0.464591734375
19 0.603125 0.4678427421875 0.55070564375 0.4678427421875 0.55070564375 0.513810484375 0.603125 0.513810484375 0.603125 0.4678427421875
19 0.5515625 0.46441532187499995 0.5082913312499999 0.46441532187499995 0.5082913312499999 0.5168346765625 0.5515625 0.5168346765625 0.5515625 0.46441532187499995
19 0.8125 0.73125 0.8125 0.7008568546875 0.7828125 0.7008568546875 0.7828125 0.73125 0.8125 0.73125
19 0.8465977812500001 0.7296875 0.8465977812500001 0.7034778234375 0.8143397171875 0.7034778234375 0.8143397171875 0.7296875 0.8465977812500001 0.7296875
19 0.815625 0.7609375 0.8421875 0.7609375 0.8421875 0.7297127 0.815625 0.7297127 0.815625 0.7609375
19 0.8078125 0.759375 0.8078125 0.7339465734374999 0.77762096875 0.7339465734374999 0.77762096875 0.759375 0.8078125 0.759375
19 0.7921875 0.9078125 0.8484375 0.9078125 0.8484375 0.8470766125000001 0.7921875 0.8470766125000001 0.7921875 0.9078125
19 0.790625 0.9015625 0.790625 0.8520161281249999 0.7333921375 0.8520161281249999 0.7333921375 0.9015625 0.790625 0.9015625