19 0.1798679875 0.14768976875 0.243399340625 0.14768976875 0.243399340625 0.067656765625 0.1798679875 0.067656765625 0.1798679875 0.14768976875
19 0.252475246875 0.1485148515625 0.3168316828125 0.1485148515625 0.3168316828125 0.07755775625 0.252475246875 0.07755775625 0.252475246875 0.1485148515625
19 0.5313531359375 0.15181518125 0.5907590765624999 0.15181518125 0.5907590765624999 0.0792079203125 0.5313531359375 0.0792079203125 0.5313531359375 0.15181518125
19 0.5957095703124999 0.14768976875 0.6526402640625 0.14768976875 0.6526402640625 0.08580858125 0.5957095703124999 0.08580858125 0.5957095703124999 0.14768976875
19 0.321782178125 0.15181518125 0.367161715625 0.15181518125 0.367161715625 0.08415841562500001 0.321782178125 0.08415841562500001 0.321782178125 0.15181518125
19 0.3696369640625 0.1501650171875 0.4125412546875 0.1501650171875 0.4125412546875 0.08580858125 0.3696369640625 0.08580858125 0.3696369640625 0.1501650171875
19 0.7161716171875 0.1509900984375 0.7731023109375 0.1509900984375 0.7731023109375 0.0891089109375 0.7161716171875 0.0891089109375 0.7161716171875 0.1509900984375
19 0.7755775578125 0.15181518125 0.8300330031250001 0.15181518125 0.8300330031250001 0.092409240625 0.7755775578125 0.092409240625 0.7755775578125 0.15181518125
19 0.6551155109375 0.1526402640625 0.711221121875 0.1526402640625 0.711221121875 0.09405940625 0.6551155109375 0.09405940625 0.6551155109375 0.1526402640625
19 0.21617161718750003 0.255775578125 0.2450495046875 0.255775578125 0.2450495046875 0.1881188125 0.21617161718750003 0.1881188125 0.21617161718750003 0.255775578125
19 0.244224421875 0.255775578125 0.2772277234375 0.255775578125 0.2772277234375 0.1881188125 0.244224421875 0.1881188125 0.244224421875 0.255775578125
19 0.1567656765625 0.258250825 0.18481848125 0.258250825 0.18481848125 0.1881188125 0.1567656765625 0.1881188125 0.1567656765625 0.258250825
19 0.305280528125 0.255775578125 0.3366336640625 0.255775578125 0.3366336640625 0.1914191421875 0.305280528125 0.1914191421875 0.305280528125 0.255775578125
19 0.6039603953125 0.260726071875 0.6625412546875 0.260726071875 0.6625412546875 0.1881188125 0.6039603953125 0.1881188125 0.6039603953125 0.260726071875
19 0.542904290625 0.260726071875 0.6014851484375 0.260726071875 0.6014851484375 0.1881188125 0.542904290625 0.1881188125 0.542904290625 0.260726071875
19 0.1881188125 0.259900990625 0.21617161718750003 0.259900990625 0.21617161718750003 0.1897689765625 0.1881188125 0.1897689765625 0.1881188125 0.259900990625
19 0.2772277234375 0.259900990625 0.3061056109375 0.259900990625 0.3061056109375 0.1914191421875 0.2772277234375 0.1914191421875 0.2772277234375 0.259900990625
19 0.3366336640625 0.256600659375 0.3820132015625 0.256600659375 0.3820132015625 0.194719471875 0.3366336640625 0.194719471875 0.3366336640625 0.256600659375
19 0.3844884484375 0.258250825 0.43151815156250006 0.258250825 0.43151815156250006 0.1963696375 0.3844884484375 0.1963696375 0.3844884484375 0.258250825
19 0.7145214515625 0.2590759078125 0.768151815625 0.2590759078125 0.768151815625 0.19966996718750002 0.7145214515625 0.19966996718750002 0.7145214515625 0.2590759078125
19 0.6633663359375 0.2590759078125 0.7128712875 0.2590759078125 0.7128712875 0.19966996718750002 0.6633663359375 0.19966996718750002 0.6633663359375 0.2590759078125
19 0.772277228125 0.2590759078125 0.8267326734375 0.2590759078125 0.8267326734375 0.19966996718750002 0.772277228125 0.19966996718750002 0.772277228125 0.2590759078125
19 0.8333333328125001 0.259900990625 0.8877887781249999 0.259900990625 0.8877887781249999 0.20132013125 0.8333333328125001 0.20132013125 0.8333333328125001 0.259900990625
19 0.43234323437500005 0.259900990625 0.4678217828125 0.259900990625 0.4678217828125 0.2128712875 0.43234323437500005 0.2128712875 0.43234323437500005 0.259900990625
19 0.501650165625 0.25742574218750003 0.538778878125 0.25742574218750003 0.538778878125 0.21452145156250002 0.501650165625 0.21452145156250002 0.501650165625 0.25742574218750003
19 0.4702970296875 0.2590759078125 0.5033003296875 0.2590759078125 0.5033003296875 0.21452145156250002 0.4702970296875 0.21452145156250002 0.4702970296875 0.2590759078125
19 0.7854785484375 0.3448844890625 0.8391089109375001 0.3448844890625 0.8391089109375001 0.297029703125 0.7854785484375 0.297029703125 0.7854785484375 0.3448844890625
19 0.68481848125 0.3349834984375 0.7136963703125 0.3349834984375 0.7136963703125 0.3085808578125 0.68481848125 0.3085808578125 0.68481848125 0.3349834984375
19 0.625412540625 0.3366336640625 0.653465346875 0.3366336640625 0.653465346875 0.3102310234375 0.625412540625 0.3102310234375 0.625412540625 0.3366336640625
19 0.6551155109375 0.3366336640625 0.6815181515625001 0.3366336640625 0.6815181515625001 0.3102310234375 0.6551155109375 0.3102310234375 0.6551155109375 0.3366336640625
19 0.161716171875 0.354785478125 0.198844884375 0.354785478125 0.198844884375 0.29867986874999997 0.161716171875 0.29867986874999997 0.161716171875 0.354785478125
19 0.19966996718750002 0.35726072656249996 0.2376237625 0.35726072656249996 0.2376237625 0.29867986874999997 0.19966996718750002 0.29867986874999997 0.19966996718750002 0.35726072656249996
19 0.33993399375 0.35973597343749997 0.3844884484375 0.35973597343749997 0.3844884484375 0.305280528125 0.33993399375 0.305280528125 0.33993399375 0.35973597343749997
19 0.3861386140625 0.3613861390625 0.43151815156250006 0.3613861390625 0.43151815156250006 0.305280528125 0.3861386140625 0.305280528125 0.3861386140625 0.3613861390625
19 0.43234323437500005 0.362211221875 0.47689768906249996 0.362211221875 0.47689768906249996 0.305280528125 0.43234323437500005 0.305280528125 0.43234323437500005 0.362211221875
19 0.475247525 0.362211221875 0.5206270625 0.362211221875 0.5206270625 0.305280528125 0.475247525 0.305280528125 0.475247525 0.362211221875
19 0.235973596875 0.358910890625 0.2689768984375 0.358910890625 0.2689768984375 0.3168316828125 0.235973596875 0.3168316828125 0.235973596875 0.358910890625
19 0.3003300328125 0.36056105625 0.3349834984375 0.36056105625 0.3349834984375 0.3184818484375 0.3003300328125 0.3184818484375 0.3003300328125 0.36056105625
19 0.2706270625 0.358910890625 0.3036303625 0.358910890625 0.3036303625 0.3184818484375 0.2706270625 0.3184818484375 0.2706270625 0.358910890625
19 0.7260726078124999 0.36468646875 0.7772277234375 0.36468646875 0.7772277234375 0.3168316828125 0.7260726078124999 0.3168316828125 0.7260726078124999 0.36468646875
19 0.5231023109375 0.362211221875 0.5602310234375001 0.362211221875 0.5602310234375001 0.321782178125 0.5231023109375 0.321782178125 0.5231023109375 0.362211221875
19 0.59405940625 0.363036303125 0.62706270625 0.363036303125 0.62706270625 0.3201320125 0.59405940625 0.3201320125 0.59405940625 0.363036303125
19 0.838283828125 0.3655115515625 0.8943894390624999 0.3655115515625 0.8943894390624999 0.3184818484375 0.838283828125 0.3184818484375 0.838283828125 0.3655115515625
19 0.559405940625 0.36468646875 0.59405940625 0.36468646875 0.59405940625 0.321782178125 0.559405940625 0.321782178125 0.559405940625 0.36468646875
19 0.6320132015625 0.363036303125 0.66006600625 0.363036303125 0.66006600625 0.3366336640625 0.6320132015625 0.3366336640625 0.6320132015625 0.363036303125
19 0.661716171875 0.3638613859375 0.6897689765624999 0.3638613859375 0.6897689765624999 0.338283828125 0.661716171875 0.338283828125 0.661716171875 0.3638613859375
19 0.69306930625 0.3638613859375 0.7219471953125 0.3638613859375 0.7219471953125 0.338283828125 0.69306930625 0.338283828125 0.69306930625 0.3638613859375