19 0.840625 0.2640625 0.840625 0.2248132859375 0.7759728765625 0.2248132859375 0.7759728765625 0.2640625 0.840625 0.2640625
19 0.782527515625 0.2796875 0.782527515625 0.21385121875 0.748722484375 0.21385121875 0.748722484375 0.2796875 0.782527515625 0.2796875
19 0.73879225625 0.2796875 0.73879225625 0.21385121875 0.70027024375 0.21385121875 0.70027024375 0.2796875 0.73879225625 0.2796875
19 0.7078125 0.2640625 0.7078125 0.2318445359375 0.6423005109375 0.2318445359375 0.6423005109375 0.2640625 0.7078125 0.2640625
19 0.65625 0.3484375 0.65625 0.244000590625 0.5915880515625 0.244000590625 0.5915880515625 0.3484375 0.65625 0.3484375
19 0.8890625 0.34375 0.8890625 0.2566037734375 0.8383795203125001 0.2566037734375 0.8383795203125001 0.34375 0.8890625 0.34375
19 0.5796875 0.3515625 0.5796875 0.267669025 0.5227348671875001 0.267669025 0.5227348671875001 0.3515625 0.5796875 0.3515625
19 0.53125 0.3375 0.53125 0.28189858437500004 0.4492777125 0.28189858437500004 0.4492777125 0.3375 0.53125 0.3375
19 0.7861586093749999 0.2921875 0.7861586093749999 0.334375 0.8529825078125001 0.334375 0.8529825078125001 0.2921875 0.7861586093749999 0.2921875
19 0.6984375 0.3453125 0.6984375 0.28125 0.6592472484375 0.28125 0.6592472484375 0.3453125 0.6984375 0.3453125
19 0.7890625 0.2798693015625 0.753125 0.2798693015625 0.753125 0.3466932 0.7890625 0.3466932 0.7890625 0.2798693015625
19 0.7421875 0.2814318 0.706132075 0.2814318 0.706132075 0.3482557 0.7421875 0.3482557 0.7421875 0.2814318
19 0.4625 0.3421875 0.4625 0.3007321140625 0.40296285468750004 0.3007321140625 0.40296285468750004 0.3421875 0.4625 0.3421875
19 0.403125 0.2923938671875 0.3643278296875 0.2923938671875 0.3643278296875 0.35135613125 0.403125 0.35135613125 0.403125 0.2923938671875
19 0.3046875 0.353125 0.3046875 0.2921875 0.263536753125 0.2921875 0.263536753125 0.353125 0.3046875 0.353125
19 0.3578125 0.353125 0.3578125 0.2929097875 0.3134286546875 0.2929097875 0.3134286546875 0.353125 0.3578125 0.353125
19 0.2578125 0.4234375 0.2578125 0.3890674125 0.2163865953125 0.3890674125 0.2163865953125 0.4234375 0.2578125 0.4234375
19 0.2078125 0.3875 0.1680228 0.3875 0.1680228 0.429643278125 0.2078125 0.429643278125 0.2078125 0.3875
19 0.121875 0.4265625 0.1640625 0.4265625 0.1640625 0.3894310140625 0.121875 0.3894310140625 0.121875 0.4265625
19 0.9921875 0.421875 0.9068248828125001 0.421875 0.9068248828125001 0.4576307 0.9921875 0.4576307 0.9921875 0.421875
19 0.884375 0.4828125 0.884375 0.3958529875 0.8537391890625001 0.3958529875 0.8537391890625001 0.4828125 0.884375 0.4828125
19 0.9265625 0.4859375 0.9265625 0.3981574296875 0.895209315625 0.3981574296875 0.895209315625 0.4859375 0.9265625 0.4859375
19 0.834375 0.45625 0.834375 0.4297710296875 0.7468946546875 0.4297710296875 0.7468946546875 0.45625 0.834375 0.45625
19 0.7953125 0.4609375 0.7953125 0.42453812968750004 0.7079009421875 0.42453812968750004 0.7079009421875 0.4609375 0.7953125 0.4609375
19 0.871875 0.459375 0.871875 0.429343553125 0.783367728125 0.429343553125 0.783367728125 0.459375 0.871875 0.459375
19 0.328125 0.4875 0.328125 0.3990222078125 0.2601120296875 0.3990222078125 0.2601120296875 0.4875 0.328125 0.4875
19 0.4843504328125 0.490625 0.4843504328125 0.3974547953125 0.4143818796875 0.3974547953125 0.4143818796875 0.490625 0.4843504328125 0.490625
19 0.41875 0.478125 0.41875 0.40958628125 0.3281790484375 0.4095862828125 0.3281790484375 0.478125 0.41875 0.478125
19 0.665625 0.4875 0.665625 0.4106918234375 0.6127211078125 0.4106918234375 0.6127211078125 0.4875 0.665625 0.4875
19 0.6171875 0.4734375 0.6171875 0.4265625 0.5382124593750001 0.4265625 0.5382124593750001 0.4734375 0.6171875 0.4734375
19 0.5497788921875 0.4875 0.5497788921875 0.4122592375 0.49553360937499996 0.4122592375 0.49553360937499996 0.4875 0.5497788921875 0.4875
19 0.7375 0.4765625 0.7375 0.4234375 0.6583284203125 0.4234375 0.6583284203125 0.4765625 0.7375 0.4765625
19 0.04375 0.4890625 0.1171875 0.4890625 0.1171875 0.415625 0.04375 0.415625 0.04375 0.4890625
19 0.2515625 0.490625 0.2515625 0.4359375 0.215310534375 0.4359375 0.215310534375 0.490625 0.2515625 0.490625
19 0.1690448125 0.4359375 0.1690448125 0.4890625 0.21228380625 0.4890625 0.21228380625 0.4359375 0.1690448125 0.4359375
19 0.1640625 0.490625 0.1640625 0.43530856875 0.12158018749999999 0.43530856875 0.12158018749999999 0.490625 0.1640625 0.490625
19 0.390625 0.59375 0.390625 0.5618071921875 0.35731132187500003 0.5618071921875 0.35731132187500003 0.59375 0.390625 0.59375
19 0.353125 0.590625 0.353125 0.5591145828124999 0.32028301875 0.559114584375 0.32028301875 0.590625 0.353125 0.590625
19 0.4234375 0.559841784375 0.395268278125 0.559841784375 0.395268278125 0.5952191421874999 0.4234375 0.5952191421874999 0.4234375 0.559841784375
19 0.2375 0.6359375 0.2375 0.5532724046874999 0.172277909375 0.5532724046874999 0.172277909375 0.6359375 0.2375 0.6359375
19 0.321875 0.628125 0.321875 0.5650402890625 0.2352397796875 0.565040290625 0.2352397796875 0.628125 0.321875 0.628125
19 0.171875 0.6296875 0.171875 0.56252948125 0.0866597875 0.56252948125 0.0866597875 0.6296875 0.171875 0.6296875
19 0.0890625 0.6390625 0.0890625 0.5552034203125 0.02440055 0.5552034203125 0.02440055 0.6390625 0.0890625 0.6390625
19 0.55625 0.6359375 0.6140625 0.6359375 0.6140625 0.5740222078125 0.55625 0.5740222078125 0.55625 0.6359375
19 0.4921875 0.63125 0.4921875 0.5776876953125 0.42793828593749994 0.5776876953125 0.42793828593749994 0.63125 0.4921875 0.63125
19 0.9484375 0.6375 0.9484375 0.5725923734375 0.8862814468750001 0.5725923734375 0.8862814468750001 0.6375 0.9484375 0.6375
19 0.8765625 0.6359375 0.8765625 0.5721992921875 0.8178360859374999 0.5721992921875 0.8178360859374999 0.6359375 0.8765625 0.6359375
19 0.7390625 0.634375 0.7390625 0.57377161875 0.686880896875 0.57377161875 0.686880896875 0.634375 0.7390625 0.634375
19 0.5578125 0.6296875 0.5578125 0.5787784984375001 0.4938384421875 0.5787784984375001 0.4938384421875 0.6296875 0.5578125 0.6296875
19 0.684375 0.6328125 0.684375 0.57918140625 0.6192216984375001 0.57918140625 0.6192216984375001 0.6328125 0.684375 0.6328125
19 0.8109375 0.63125 0.8109375 0.578832546875 0.7447671 0.578832546875 0.7447671 0.63125 0.8109375 0.63125
19 0.34948899375 0.63125 0.34948899375 0.60429441875 0.316470125 0.60429441875 0.316470125 0.63125 0.34948899375 0.63125
19 0.425 0.6359375 0.425 0.6009777921875 0.39409394531249997 0.6009777921875 0.39409394531249997 0.6359375 0.425 0.6359375
19 0.3890625 0.6375 0.3890625 0.602181603125 0.353803065625 0.602181603125 0.353803065625 0.6375 0.3890625 0.6375