19 0.78984375 0.0890625 0.734375 0.0890625 0.734375 0.19609375 0.78984375 0.19609375 0.78984375 0.0890625
19 0.89453125 0.090625 0.8390625 0.090625 0.8390625 0.1984375 0.89453125 0.1984375 0.89453125 0.090625
19 0.8421875 0.09375 0.7859375 0.09375 0.7859375 0.19453125 0.8421875 0.19453125 0.8421875 0.09375
19 0.734375 0.09375 0.6828125 0.09375 0.6828125 0.1984375 0.734375 0.1984375 0.734375 0.09375
19 0.52109375 0.3515625 0.4828125 0.3515625 0.4828125 0.42578125 0.52109375 0.42578125 0.52109375 0.3515625
19 0.56328125 0.353125 0.5234375 0.353125 0.5234375 0.4265625 0.56328125 0.4265625 0.56328125 0.353125
19 0.60859375 0.359375 0.565625 0.359375 0.565625 0.43359375 0.60859375 0.43359375 0.60859375 0.359375
19 0.653125 0.3625 0.6109375 0.3625 0.6109375 0.43828125 0.653125 0.43828125 0.653125 0.3625
19 0.75 0.3625 0.7015625 0.3625 0.7015625 0.4453125 0.75 0.4453125 0.75 0.3625
19 0.7015625 0.365625 0.6546875 0.365625 0.6546875 0.44375 0.7015625 0.44375 0.7015625 0.365625
19 0.31328125 0.45625 0.2890625 0.45625 0.2890625 0.5125 0.31328125 0.5125 0.31328125 0.45625
19 0.5 0.475 0.4796875 0.475 0.4796875 0.5390625 0.5 0.5390625 0.5 0.475
19 0.33359375 0.4875 0.3140625 0.4875 0.3140625 0.534375 0.33359375 0.534375 0.33359375 0.4875
19 0.5203125 0.509375 0.503125 0.509375 0.503125 0.5625 0.5203125 0.5625 0.5203125 0.509375
19 0.5421875 0.5109375 0.525 0.5109375 0.525 0.5640625 0.5421875 0.5640625 0.5421875 0.5109375
19 0.29296875 0.53125 0.2703125 0.53125 0.2703125 0.59375 0.29296875 0.59375 0.29296875 0.53125
19 0.440625 0.5484375 0.4265625 0.5484375 0.4265625 0.575 0.440625 0.575 0.440625 0.5484375
19 0.34296875 0.5359375 0.31875 0.5359375 0.31875 0.6046875 0.34296875 0.6046875 0.34296875 0.5359375
19 0.36875 0.5375 0.34375 0.5375 0.34375 0.60625 0.36875 0.60625 0.36875 0.5375
19 0.46953125 0.53125 0.4453125 0.53125 0.4453125 0.62265625 0.46953125 0.62265625 0.46953125 0.53125
19 0.39609375 0.5390625 0.371875 0.5390625 0.371875 0.60859375 0.39609375 0.60859375 0.39609375 0.5390625
19 0.3140625 0.553125 0.29375 0.553125 0.29375 0.6 0.3140625 0.6 0.3140625 0.553125
19 0.49375 0.5453125 0.471875 0.5453125 0.471875 0.6234375 0.49375 0.6234375 0.49375 0.5453125
19 0.4203125 0.5625 0.3984375 0.5625 0.3984375 0.61640625 0.4203125 0.61640625 0.4203125 0.5625
19 0.5171875 0.571875 0.496875 0.571875 0.496875 0.625 0.5171875 0.625 0.5171875 0.571875
19 0.440625 0.5859375 0.4203125 0.5859375 0.4203125 0.61484375 0.440625 0.61484375 0.440625 0.5859375
19 0.53671875 0.575 0.51875 0.575 0.51875 0.63125 0.53671875 0.63125 0.53671875 0.575
19 0.78671875 0.603125 0.7484375 0.603125 0.7484375 0.6703125 0.78671875 0.6703125 0.78671875 0.603125
19 0.8390625 0.609375 0.796875 0.609375 0.796875 0.678125 0.8390625 0.678125 0.8390625 0.609375
19 0.4140625 0.7578125 0.3828125 0.7578125 0.3828125 0.80859375 0.4140625 0.80859375 0.4140625 0.7578125
19 0.45 0.76875 0.4203125 0.76875 0.4203125 0.8171875 0.45 0.8171875 0.45 0.76875