19 0.72734375 0.803125 0.6421875 0.803125 0.6421875 0.89453125 0.72734375 0.89453125 0.72734375 0.803125
19 0.83125 0.8046875 0.7359375 0.8046875 0.7359375 0.896875 0.83125 0.896875 0.83125 0.8046875
19 0.934375 0.803125 0.8421875 0.803125 0.8421875 0.8953125 0.934375 0.8953125 0.934375 0.803125
19 0.63203125 0.8046875 0.546875 0.8046875 0.546875 0.8921875 0.63203125 0.8921875 0.63203125 0.8046875
19 0.146875 0.8203125 0.0734375 0.8203125 0.0734375 0.8875 0.146875 0.8875 0.146875 0.8203125
19 0.21953125 0.8203125 0.1484375 0.8203125 0.1484375 0.88984375 0.21953125 0.88984375 0.21953125 0.8203125
19 0.30078125 0.8203125 0.2203125 0.8203125 0.2203125 0.8921875 0.30078125 0.8921875 0.30078125 0.8203125
19 0.3671875 0.8234375 0.3046875 0.8234375 0.3046875 0.8921875 0.3671875 0.8921875 0.3671875 0.8234375
19 0.45234375 0.8234375 0.378125 0.8234375 0.378125 0.89296875 0.45234375 0.89296875 0.45234375 0.8234375
19 0.53359375 0.821875 0.4640625 0.821875 0.4640625 0.89296875 0.53359375 0.89296875 0.53359375 0.821875
19 0.39296875 0.6171875 0.353125 0.6171875 0.353125 0.646875 0.39296875 0.646875 0.39296875 0.6171875
19 0.44140625 0.615625 0.403125 0.615625 0.403125 0.6484375 0.44140625 0.6484375 0.44140625 0.615625
19 0.94765625 0.590625 0.871875 0.590625 0.871875 0.675 0.94765625 0.675 0.94765625 0.590625
19 0.49453125 0.615625 0.45625 0.615625 0.45625 0.65078125 0.49453125 0.65078125 0.49453125 0.615625
19 0.3515625 0.61875 0.303125 0.61875 0.303125 0.65 0.3515625 0.65 0.3515625 0.61875
19 0.79609375 0.6109375 0.73125 0.6109375 0.73125 0.690625 0.79609375 0.690625 0.79609375 0.6109375
19 0.86796875 0.6125 0.8015625 0.6125 0.8015625 0.68671875 0.86796875 0.68671875 0.86796875 0.6125
19 0.72265625 0.63125 0.66875 0.63125 0.66875 0.6875 0.72265625 0.6875 0.72265625 0.63125
19 0.65625 0.6296875 0.6078125 0.6296875 0.6078125 0.68828125 0.65625 0.68828125 0.65625 0.6296875
19 0.53828125 0.6296875 0.4890625 0.6296875 0.4890625 0.690625 0.53828125 0.690625 0.53828125 0.6296875
19 0.59609375 0.6296875 0.5515625 0.6296875 0.5515625 0.68828125 0.59609375 0.68828125 0.59609375 0.6296875
19 0.33125 0.65625 0.290625 0.65625 0.290625 0.6859375 0.33125 0.6859375 0.33125 0.65625
19 0.38125 0.659375 0.3390625 0.659375 0.3390625 0.6859375 0.38125 0.6859375 0.38125 0.659375
19 0.434375 0.6609375 0.3875 0.6609375 0.3875 0.6859375 0.434375 0.6859375 0.434375 0.6609375
19 0.48125 0.6640625 0.4390625 0.6640625 0.4390625 0.6890625 0.48125 0.6890625 0.48125 0.6640625