19 0.75967741875 0.75967741875 0.70967741875 0.75967741875 0.70967741875 0.838709678125 0.75967741875 0.838709678125 0.75967741875 0.75967741875
19 0.8177419359375 0.761290321875 0.7620967734375 0.761290321875 0.7620967734375 0.8395161296874999 0.8177419359375 0.8395161296874999 0.8177419359375 0.761290321875
19 0.8709677421875 0.7629032265625 0.8185483874999999 0.7629032265625 0.8185483874999999 0.838709678125 0.8709677421875 0.838709678125 0.8709677421875 0.7629032265625
19 0.7080645156250001 0.7774193546875 0.663709678125 0.7774193546875 0.663709678125 0.8370967734375 0.7080645156250001 0.8370967734375 0.7080645156250001 0.7774193546875
19 0.5725806453125 0.7790322578125 0.526612903125 0.7790322578125 0.526612903125 0.8395161296874999 0.5725806453125 0.8395161296874999 0.5725806453125 0.7790322578125
19 0.6596774187500001 0.7790322578125 0.620161290625 0.7790322578125 0.620161290625 0.8370967734375 0.6596774187500001 0.8370967734375 0.6596774187500001 0.7790322578125
19 0.6161290328125 0.7790322578125 0.5717741937499999 0.7790322578125 0.5717741937499999 0.8370967734375 0.6161290328125 0.8370967734375 0.6161290328125 0.7790322578125
19 0.5241935484375 0.7806451609375 0.47983870937499995 0.7806451609375 0.47983870937499995 0.8411290328125001 0.5241935484375 0.8411290328125001 0.5241935484375 0.7806451609375
19 0.47741935468749996 0.7790322578125 0.43306451562500003 0.7790322578125 0.43306451562500003 0.8395161296874999 0.47741935468749996 0.8395161296874999 0.47741935468749996 0.7790322578125
19 0.4290322578125 0.7935483875 0.3943548390625 0.7935483875 0.3943548390625 0.84032258125 0.4290322578125 0.84032258125 0.4290322578125 0.7935483875
19 0.2838709671875 0.7951612906250001 0.24193548437499998 0.7951612906250001 0.24193548437499998 0.8395161296874999 0.2838709671875 0.8395161296874999 0.2838709671875 0.7951612906250001
19 0.3209677421875 0.7951612906250001 0.279838709375 0.7951612906250001 0.279838709375 0.841935484375 0.3209677421875 0.841935484375 0.3209677421875 0.7951612906250001
19 0.3935483875 0.7951612906250001 0.3572580640625 0.7951612906250001 0.3572580640625 0.8435483874999999 0.3935483875 0.8435483874999999 0.3935483875 0.7951612906250001
19 0.354838709375 0.7951612906250001 0.3209677421875 0.7951612906250001 0.3209677421875 0.8411290328125001 0.354838709375 0.8411290328125001 0.354838709375 0.7951612906250001
19 0.1629032265625 0.7967741937499999 0.1241935484375 0.7967741937499999 0.1241935484375 0.8435483874999999 0.1629032265625 0.8435483874999999 0.1629032265625 0.7967741937499999
19 0.24032258125 0.7967741937499999 0.2040322578125 0.7967741937499999 0.2040322578125 0.8435483874999999 0.24032258125 0.8435483874999999 0.24032258125 0.7967741937499999
19 0.20322580625 0.798387096875 0.1645161296875 0.798387096875 0.1645161296875 0.845161290625 0.20322580625 0.845161290625 0.20322580625 0.798387096875
19 0.3774193546875 0.28064516093749997 0.28467741874999997 0.28064516093749997 0.28467741874999997 0.4 0.3774193546875 0.4 0.3774193546875 0.28064516093749997
19 0.2758064515625 0.3258064515625 0.21532258125 0.3258064515625 0.21532258125 0.3943548390625 0.2758064515625 0.3943548390625 0.2758064515625 0.3258064515625
19 0.21129032187500002 0.341935484375 0.15806451562499998 0.341935484375 0.15806451562499998 0.3943548390625 0.21129032187500002 0.3943548390625 0.21129032187500002 0.341935484375
19 0.151612903125 0.3435483875 0.09596774218750001 0.3435483875 0.09596774218750001 0.39596774218749997 0.151612903125 0.39596774218749997 0.151612903125 0.3435483875
19 0.591935484375 0.42580645156249997 0.5475806453125001 0.42580645156249997 0.5475806453125001 0.5064516125 0.591935484375 0.5064516125 0.591935484375 0.42580645156249997
19 0.4274193546875 0.4354838703125 0.3911290328125 0.4354838703125 0.3911290328125 0.5040322578125 0.4274193546875 0.5040322578125 0.4274193546875 0.4354838703125
19 0.39032258125 0.4354838703125 0.35403225781250003 0.4354838703125 0.35403225781250003 0.5040322578125 0.39032258125 0.5040322578125 0.39032258125 0.4354838703125
19 0.4693548390625 0.4354838703125 0.42983870937499996 0.4354838703125 0.42983870937499996 0.5024193546875 0.4693548390625 0.5024193546875 0.4693548390625 0.4354838703125
19 0.5064516125 0.4354838703125 0.470161290625 0.4354838703125 0.470161290625 0.504838709375 0.5064516125 0.504838709375 0.5064516125 0.4354838703125
19 0.35161290312500004 0.454838709375 0.3193548390625 0.454838709375 0.3193548390625 0.504838709375 0.35161290312500004 0.504838709375 0.35161290312500004 0.454838709375
19 0.31612903281250004 0.4564516125 0.28629032187500003 0.4564516125 0.28629032187500003 0.50322580625 0.31612903281250004 0.50322580625 0.31612903281250004 0.4564516125
19 0.5306451609375 0.548387096875 0.48064516093750004 0.548387096875 0.48064516093750004 0.611290321875 0.5306451609375 0.611290321875 0.5306451609375 0.548387096875
19 0.43709677343750003 0.548387096875 0.38709677343750004 0.548387096875 0.38709677343750004 0.611290321875 0.43709677343750003 0.611290321875 0.43709677343750003 0.548387096875
19 0.388709678125 0.548387096875 0.3427419359375 0.548387096875 0.3427419359375 0.611290321875 0.388709678125 0.611290321875 0.388709678125 0.548387096875
19 0.5741935484375 0.548387096875 0.5258064515624999 0.548387096875 0.5258064515624999 0.6129032265625 0.5741935484375 0.6129032265625 0.5741935484375 0.548387096875
19 0.6693548390624999 0.55 0.6193548390625 0.55 0.6193548390625 0.6129032265625 0.6693548390624999 0.6129032265625 0.6693548390624999 0.55
19 0.7161290328125001 0.55 0.6661290328125 0.55 0.6661290328125 0.6104838703125 0.7161290328125001 0.6104838703125 0.7161290328125001 0.55
19 0.6225806453125 0.548387096875 0.5741935484375 0.548387096875 0.5741935484375 0.6145161296875 0.6225806453125 0.6145161296875 0.6225806453125 0.548387096875
19 0.48225806406249994 0.548387096875 0.43629032187499994 0.548387096875 0.43629032187499994 0.6129032265625 0.48225806406249994 0.6129032265625 0.48225806406249994 0.548387096875
19 0.75967741875 0.55 0.7161290328125001 0.55 0.7161290328125001 0.6129032265625 0.75967741875 0.6129032265625 0.75967741875 0.55
19 0.2661290328125 0.5661290328125 0.2274193546875 0.5661290328125 0.2274193546875 0.6145161296875 0.2661290328125 0.6145161296875 0.2661290328125 0.5661290328125
19 0.30322580625 0.5661290328125 0.266935484375 0.5661290328125 0.266935484375 0.6129032265625 0.30322580625 0.6129032265625 0.30322580625 0.5661290328125
19 0.34032258125000003 0.5661290328125 0.30322580625 0.5661290328125 0.30322580625 0.6145161296875 0.34032258125000003 0.6145161296875 0.34032258125000003 0.5661290328125
19 0.2258064515625 0.5806451609375001 0.19193548437500002 0.5806451609375001 0.19193548437500002 0.611290321875 0.2258064515625 0.611290321875 0.2258064515625 0.5806451609375001
19 0.188709678125 0.5806451609375001 0.1588709671875 0.5806451609375001 0.1588709671875 0.611290321875 0.188709678125 0.611290321875 0.188709678125 0.5806451609375001
19 0.15967741875000002 0.5822580640624999 0.123387096875 0.5822580640624999 0.123387096875 0.6104838703125 0.15967741875000002 0.6104838703125 0.15967741875000002 0.5822580640624999
19 0.411290321875 0.6612903218749999 0.35161290312500004 0.6612903218749999 0.35161290312500004 0.7354838703125 0.411290321875 0.7354838703125 0.411290321875 0.6612903218749999
19 0.35 0.6596774187500001 0.2895161296875 0.6596774187500001 0.2895161296875 0.7379032265625 0.35 0.7379032265625 0.35 0.6596774187500001
19 0.2774193546875 0.6822580640625 0.2177419359375 0.6822580640625 0.2177419359375 0.7379032265625 0.2774193546875 0.7379032265625 0.2774193546875 0.6822580640625