19 0.8258064515625 0.22258064531250002 0.7838709671874999 0.22258064531250002 0.7838709671874999 0.288709678125 0.8258064515625 0.288709678125 0.8258064515625 0.22258064531250002
19 0.7774193546875 0.2241935484375 0.7379032265625 0.2241935484375 0.7379032265625 0.288709678125 0.7774193546875 0.288709678125 0.7774193546875 0.2241935484375
19 0.8709677421875 0.22258064531250002 0.8290322578125 0.22258064531250002 0.8290322578125 0.288709678125 0.8709677421875 0.288709678125 0.8709677421875 0.22258064531250002
19 0.7338709671875 0.22258064531250002 0.695161290625 0.22258064531250002 0.695161290625 0.288709678125 0.7338709671875 0.288709678125 0.7338709671875 0.22258064531250002
19 0.9338709671875 0.2629032265625 0.883064515625 0.2629032265625 0.883064515625 0.35322580625 0.9338709671875 0.35322580625 0.9338709671875 0.2629032265625
19 0.695161290625 0.25322580625 0.6266129031250001 0.25322580625 0.6266129031250001 0.35967741875 0.695161290625 0.35967741875 0.695161290625 0.25322580625
19 0.6241935484375001 0.2758064515625 0.5637096781250001 0.2758064515625 0.5637096781250001 0.3588709671875 0.6241935484375001 0.3588709671875 0.6241935484375001 0.2758064515625
19 0.5645161296875 0.2774193546875 0.5040322578125 0.2774193546875 0.5040322578125 0.35967741875 0.5645161296875 0.35967741875 0.5645161296875 0.2774193546875
19 0.8822580640625001 0.29032258125 0.8411290328125001 0.29032258125 0.8411290328125001 0.35322580625 0.8822580640625001 0.35322580625 0.8822580640625001 0.29032258125
19 0.8322580640625 0.291935484375 0.79032258125 0.291935484375 0.79032258125 0.354838709375 0.8322580640625 0.354838709375 0.8322580640625 0.291935484375
19 0.788709678125 0.2935483875 0.74677419375 0.2935483875 0.74677419375 0.3564516125 0.788709678125 0.3564516125 0.788709678125 0.2935483875
19 0.74677419375 0.2935483875 0.7008064515625 0.2935483875 0.7008064515625 0.3564516125 0.74677419375 0.3564516125 0.74677419375 0.2935483875
19 0.49677419375 0.298387096875 0.4508064515625 0.298387096875 0.4508064515625 0.3604838703125 0.49677419375 0.3604838703125 0.49677419375 0.298387096875
19 0.448387096875 0.3 0.4040322578125 0.3 0.4040322578125 0.35967741875 0.448387096875 0.35967741875 0.448387096875 0.3
19 0.39838709687499996 0.301612903125 0.35241935468749996 0.301612903125 0.35241935468749996 0.3620967734375 0.39838709687499996 0.3620967734375 0.39838709687499996 0.301612903125
19 0.35161290312500004 0.30322580625 0.3056451609375 0.30322580625 0.3056451609375 0.3604838703125 0.35161290312500004 0.3604838703125 0.35161290312500004 0.30322580625
19 0.24516129062499997 0.39677419375 0.20080645156250002 0.39677419375 0.20080645156250002 0.43870967812500006 0.24516129062499997 0.43870967812500006 0.24516129062499997 0.39677419375
19 0.291935484375 0.39677419375 0.254838709375 0.39677419375 0.254838709375 0.43790322656249997 0.291935484375 0.43790322656249997 0.291935484375 0.39677419375
19 0.198387096875 0.4 0.1564516125 0.4 0.1564516125 0.43870967812500006 0.198387096875 0.43870967812500006 0.198387096875 0.4
19 1 0.4064516125 0.9677419359374999 0.4064516125 0.9677419359374999 0.48870967812500005 1 0.48870967812500005 1 0.4064516125
19 0.9661290328125001 0.4064516125 0.929838709375 0.4064516125 0.929838709375 0.4895161296875 0.9661290328125001 0.4895161296875 0.9661290328125001 0.4064516125
19 0.9258064515625 0.4064516125 0.8895161296874999 0.4064516125 0.8895161296874999 0.491935484375 0.9258064515625 0.491935484375 0.9258064515625 0.4064516125
19 0.85 0.4064516125 0.808064515625 0.4064516125 0.808064515625 0.49112903281250003 0.85 0.49112903281250003 0.85 0.4064516125
19 0.8903225812500001 0.408064515625 0.8491935484375001 0.408064515625 0.8491935484375001 0.4959677421875 0.8903225812500001 0.4959677421875 0.8903225812500001 0.408064515625
19 0.811290321875 0.411290321875 0.7725806453125 0.411290321875 0.7725806453125 0.4935483875 0.811290321875 0.4935483875 0.811290321875 0.411290321875
19 0.5258064515624999 0.408064515625 0.4540322578125 0.408064515625 0.4540322578125 0.4975806453125 0.5258064515624999 0.4975806453125 0.5258064515624999 0.408064515625
19 0.448387096875 0.408064515625 0.376612903125 0.408064515625 0.376612903125 0.5 0.448387096875 0.5 0.448387096875 0.408064515625
19 0.3677419359375 0.411290321875 0.2935483875 0.411290321875 0.2935483875 0.5016129031250001 0.3677419359375 0.5016129031250001 0.3677419359375 0.411290321875
19 0.65 0.4193548390625 0.5903225812499999 0.4193548390625 0.5903225812499999 0.4935483875 0.65 0.4935483875 0.65 0.4193548390625
19 0.7048387093749999 0.4193548390625 0.65 0.4193548390625 0.65 0.4959677421875 0.7048387093749999 0.4959677421875 0.7048387093749999 0.4193548390625
19 0.7693548390625 0.4209677421875 0.7137096781250001 0.4209677421875 0.7137096781250001 0.4975806453125 0.7693548390625 0.4975806453125 0.7693548390625 0.4209677421875
19 0.5903225812499999 0.4225806453125 0.5306451609375 0.4225806453125 0.5306451609375 0.4959677421875 0.5903225812499999 0.4959677421875 0.5903225812499999 0.4225806453125
19 0.151612903125 0.42580645156249997 0.0774193546875 0.42580645156249997 0.0774193546875 0.504838709375 0.151612903125 0.504838709375 0.151612903125 0.42580645156249997
19 0 0.504838709375 0.0709677421875 0.504838709375 0.0709677421875 0.43064516093750005 0 0.43064516093750005 0 0.504838709375
19 0.20161290312500002 0.43870967812500006 0.1572580640625 0.43870967812500006 0.1572580640625 0.5016129031250001 0.20161290312500002 0.5016129031250001 0.20161290312500002 0.43870967812500006
19 0.25 0.43870967812500006 0.2056451609375 0.43870967812500006 0.2056451609375 0.5016129031250001 0.25 0.5016129031250001 0.25 0.43870967812500006
19 0.2935483875 0.44032258124999996 0.25 0.44032258124999996 0.25 0.504838709375 0.2935483875 0.504838709375 0.2935483875 0.44032258124999996
19 0.4693548390625 0.5338709671874999 0.4354838703125 0.5338709671874999 0.4354838703125 0.55967741875 0.4693548390625 0.55967741875 0.4693548390625 0.5338709671874999
19 0.3935483875 0.5338709671874999 0.3588709671875 0.5338709671874999 0.3588709671875 0.55967741875 0.3935483875 0.55967741875 0.3935483875 0.5338709671874999
19 0.4290322578125 0.5354838703125 0.395161290625 0.5354838703125 0.395161290625 0.5604838703125 0.4290322578125 0.5604838703125 0.4290322578125 0.5354838703125
19 0.9790322578125 0.5306451609375 0.9185483874999999 0.5306451609375 0.9185483874999999 0.5725806453125 0.9790322578125 0.5725806453125 0.9790322578125 0.5306451609375
19 0.85322580625 0.5322580640625 0.7935483875 0.5322580640625 0.7935483875 0.5741935484375 0.85322580625 0.5741935484375 0.85322580625 0.5322580640625
19 0.9161290328125 0.5306451609375 0.8564516125000001 0.5306451609375 0.8564516125000001 0.575 0.9161290328125 0.575 0.9161290328125 0.5306451609375
19 0.7209677421875 0.5322580640625 0.663709678125 0.5322580640625 0.663709678125 0.5741935484375 0.7209677421875 0.5741935484375 0.7209677421875 0.5322580640625
19 0.7870967734375001 0.5338709671874999 0.726612903125 0.5338709671874999 0.726612903125 0.5758064515625 0.7870967734375001 0.5758064515625 0.7870967734375001 0.5338709671874999
19 0.4677419359375 0.5661290328125 0.4290322578125 0.5661290328125 0.4290322578125 0.6 0.4677419359375 0.6 0.4677419359375 0.5661290328125
19 0.4290322578125 0.5693548390625 0.3927419359375 0.5693548390625 0.3927419359375 0.6 0.4290322578125 0.6 0.4290322578125 0.5693548390625
19 0.39032258125 0.5709677421875 0.3556451609375 0.5709677421875 0.3556451609375 0.598387096875 0.39032258125 0.598387096875 0.39032258125 0.5709677421875
19 0.35322580625 0.5629032265625 0.2822580640625 0.5629032265625 0.2822580640625 0.648387096875 0.35322580625 0.648387096875 0.35322580625 0.5629032265625
19 0.2 0.5629032265625 0.13145161249999998 0.5629032265625 0.13145161249999998 0.65 0.2 0.65 0.2 0.5629032265625
19 0.2758064515625 0.5645161296875 0.2064516125 0.5645161296875 0.2064516125 0.64677419375 0.2758064515625 0.64677419375 0.2758064515625 0.5645161296875
19 0.9193548390625 0.5758064515625 0.8564516125000001 0.5758064515625 0.8564516125000001 0.641935484375 0.9193548390625 0.641935484375 0.9193548390625 0.5758064515625
19 0.12096774218749999 0.5677419359375 0.058064515625 0.5677419359375 0.058064515625 0.6524193546875 0.12096774218749999 0.6524193546875 0.12096774218749999 0.5677419359375
19 0.848387096875 0.5774193546874999 0.7862903218749999 0.5774193546874999 0.7862903218749999 0.6395161296875 0.848387096875 0.6395161296875 0.848387096875 0.5774193546874999
19 0.9903225812500001 0.5758064515625 0.9241935484375 0.5758064515625 0.9241935484375 0.6427419359375001 0.9903225812500001 0.6427419359375001 0.9903225812500001 0.5758064515625
19 0.7790322578125 0.5806451609375001 0.726612903125 0.5806451609375001 0.726612903125 0.64032258125 0.7790322578125 0.64032258125 0.7790322578125 0.5806451609375001
19 0.6596774187500001 0.5790322578125 0.5975806453125 0.5790322578125 0.5975806453125 0.645161290625 0.6596774187500001 0.645161290625 0.6596774187500001 0.5790322578125
19 0.5306451609375 0.5790322578125 0.4725806453125 0.5790322578125 0.4725806453125 0.645161290625 0.5306451609375 0.645161290625 0.5306451609375 0.5790322578125
19 0.7225806453125 0.5806451609375001 0.6629032265625 0.5806451609375001 0.6629032265625 0.64677419375 0.7225806453125 0.64677419375 0.7225806453125 0.5806451609375001
19 0.5903225812499999 0.5806451609375001 0.5354838703125 0.5806451609375001 0.5354838703125 0.64677419375 0.5903225812499999 0.64677419375 0.5903225812499999 0.5806451609375001
19 0.4661290328125 0.60967741875 0.42983870937499996 0.60967741875 0.42983870937499996 0.6443548390625 0.4661290328125 0.6443548390625 0.4661290328125 0.60967741875
19 0.4241935484375 0.611290321875 0.3895161296875 0.611290321875 0.3895161296875 0.6459677421875 0.4241935484375 0.6459677421875 0.4241935484375 0.611290321875
19 0.39032258125 0.611290321875 0.35403225781250003 0.611290321875 0.35403225781250003 0.6459677421875 0.39032258125 0.6459677421875 0.39032258125 0.611290321875