19 0.880078125 0.5953125 0.880078125 0.65625 0.953125 0.65625 0.953125 0.5953125 0.880078125 0.5953125
19 0.7890625 0.6625 0.7890625 0.590234375 0.730078125 0.590234375 0.730078125 0.6625 0.7890625 0.6625
19 0.8078125 0.590625 0.8078125 0.6640625 0.86875 0.6640625 0.86875 0.590625 0.8078125 0.590625
19 0.654296875 0.5921875 0.654296875 0.66171875 0.7171875 0.66171875 0.7171875 0.5921875 0.654296875 0.5921875
19 0.596484375 0.6078125 0.596484375 0.66171875 0.640625 0.66171875 0.640625 0.6078125 0.596484375 0.6078125
19 0.2890625 0.6140625 0.2890625 0.659375 0.3375 0.659375 0.3375 0.6140625 0.2890625 0.6140625
19 0.4625 0.65625 0.4625 0.612890625 0.409765625 0.612890625 0.409765625 0.65625 0.4625 0.65625
19 0.4734375 0.6109375 0.4734375 0.6625 0.51875 0.6625 0.51875 0.6109375 0.4734375 0.6109375
19 0.344921875 0.6140625 0.344921875 0.659375 0.3984375 0.659375 0.3984375 0.6140625 0.344921875 0.6140625
19 0.534765625 0.6078125 0.534765625 0.6625 0.5796875 0.6625 0.5796875 0.6078125 0.534765625 0.6078125
19 0.081640625 0.63125 0.081640625 0.6578125 0.13125 0.6578125 0.13125 0.63125 0.081640625 0.63125
19 0.1359375 0.63125 0.1359375 0.6578125 0.18125 0.6578125 0.18125 0.63125 0.1359375 0.63125
19 0.221875 0.622265625 0.19453125 0.622265625 0.19453125 0.6671875 0.221875 0.6671875 0.221875 0.622265625
19 0.2703125 0.622265625 0.24296875 0.622265625 0.24296875 0.6671875 0.2703125 0.6671875 0.2703125 0.622265625