19 0.902777778125 0.6640625 0.902777778125 0.6442708328125 0.878472221875 0.6442708328125 0.878472221875 0.6640625 0.902777778125 0.6640625
19 0.925 0.6439236109375 0.9060763890624999 0.6439236109375 0.9060763890624999 0.6638888890625 0.925 0.6638888890625 0.925 0.6439236109375
19 0.9515625 0.6640625 0.9515625 0.6440972234375 0.9302951390624999 0.6440972234375 0.9302951390624999 0.6640625 0.9515625 0.6640625
19 0.956597221875 0.668315971875 0.980902778125 0.668315971875 0.980902778125 0.6457465265625 0.956597221875 0.6457465265625 0.956597221875 0.668315971875
19 1 0.648784721875 0.9834201390624999 0.648784721875 0.9834201390624999 0.6625 1 0.6625 1 0.648784721875
19 0.8513888890624999 0.6671875 0.8513888890624999 0.694965278125 0.890625 0.694965278125 0.890625 0.6671875 0.8513888890624999 0.6671875
19 0.821875 0.6984375 0.821875 0.661892359375 0.7947916671875 0.661892359375 0.7947916671875 0.6984375 0.821875 0.6984375
19 0.659375 0.66163194375 0.6335937515625 0.66163194375 0.6335937515625 0.7015625 0.659375 0.7015625 0.659375 0.66163194375
19 0.696875 0.6953125 0.696875 0.6672743046875 0.6578125 0.6672743046875 0.6578125 0.6953125 0.696875 0.6953125
19 0.603125 0.6953125 0.603125 0.6662326375000001 0.5615451375 0.6662326375000001 0.5615451375 0.6953125 0.603125 0.6953125
19 0.6001736109375 0.7012152781250001 0.6279513890625 0.7012152781250001 0.6279513890625 0.661284721875 0.6001736109375 0.661284721875 0.6001736109375 0.7012152781250001
19 0.689583334375 0.6671875 0.689583334375 0.69375 0.73125 0.69375 0.73125 0.6671875 0.689583334375 0.6671875
19 0.8546875 0.661284721875 0.825 0.661284721875 0.825 0.7012152781250001 0.8546875 0.7012152781250001 0.8546875 0.661284721875
19 0.56875 0.69375 0.56875 0.666753471875 0.5313368046875 0.666753471875 0.5313368046875 0.69375 0.56875 0.69375
19 0.7637152796875 0.6953125 0.7637152796875 0.6660590281250001 0.723784721875 0.6660590281250001 0.723784721875 0.6953125 0.7637152796875 0.6953125
19 0.7890625 0.7 0.7890625 0.66380208125 0.758420140625 0.66380208125 0.758420140625 0.7 0.7890625 0.7
19 0.9125 0.7 0.9125 0.6738715281250001 0.8884548609375 0.6738715281250001 0.8884548609375 0.7 0.9125 0.7
19 0.9671875 0.6984375 0.9671875 0.6769965265625 0.9470486109375 0.6769965265625 0.9470486109375 0.6984375 0.9671875 0.6984375
19 0.940625 0.6984375 0.940625 0.6770833328125 0.918315971875 0.6770833328125 0.918315971875 0.6984375 0.940625 0.6984375
19 0.996875 0.7 0.996875 0.67942708125 0.9763020812500001 0.67942708125 0.9763020812500001 0.7 0.996875 0.7
19 0.7 0.7859375 0.746875 0.7859375 0.746875 0.724479165625 0.7 0.724479165625 0.7 0.7859375
19 0.6984375 0.722135415625 0.6498263890625 0.722135415625 0.6498263890625 0.7872395828125 0.6984375 0.7872395828125 0.6984375 0.722135415625
19 0.603125 0.7828125 0.603125 0.726996528125 0.5362847234375 0.726996528125 0.5362847234375 0.7828125 0.603125 0.7828125
19 0.5986979171875 0.725 0.5986979171875 0.7875 0.648177084375 0.7875 0.648177084375 0.725 0.5986979171875 0.725
19 1 0.7413194437499999 0.9538194437499999 0.7413194437499999 0.9538194437499999 0.771875 1 0.771875 1 0.7413194437499999
19 0.859375 0.7256944437499999 0.80625 0.7256944437499999 0.80625 0.7899305562500001 0.859375 0.7899305562500001 0.859375 0.7256944437499999
19 0.9109375 0.7859375 0.9109375 0.7346354171875 0.8651041656249999 0.7346354171875 0.8651041656249999 0.7859375 0.9109375 0.7859375
19 0.80625 0.7875 0.80625 0.7336805562500001 0.7509548609375 0.7336805562500001 0.7509548609375 0.7875 0.80625 0.7875
19 0.9171875 0.7890625 0.965625 0.7890625 0.965625 0.7308159734374999 0.9171875 0.7308159734374999 0.9171875 0.7890625
19 0.803125 0.865625 0.803125 0.8196180546875 0.7466145828124999 0.8196180562500001 0.7466145828124999 0.865625 0.803125 0.865625
19 0.853125 0.8671875 0.853125 0.8176215265625 0.800434028125 0.8176215265625 0.800434028125 0.8671875 0.853125 0.8671875
19 0.746875 0.8734375 0.746875 0.8140625 0.7015625 0.8140625 0.7015625 0.8734375 0.746875 0.8734375
19 0.9984375 0.819010415625 0.9654513890624999 0.819010415625 0.9654513890624999 0.8684895828125001 0.9984375 0.8684895828125001 0.9984375 0.819010415625
19 0.9046875 0.819184028125 0.85625 0.819184028125 0.85625 0.8730034734375 0.9046875 0.8730034734375 0.9046875 0.819184028125
19 0.645138890625 0.8703125 0.645138890625 0.8213541671875 0.5913194453124999 0.8213541671875 0.5913194453124999 0.8703125 0.645138890625 0.8703125
19 0.9625 0.8734375 0.9625 0.821527778125 0.916753471875 0.821527778125 0.916753471875 0.8734375 0.9625 0.8734375
19 0.698003471875 0.8734375 0.698003471875 0.8208333343750001 0.6476562484375 0.8208333343750001 0.6476562484375 0.8734375 0.698003471875 0.8734375
19 0.5828125 0.8288194437499999 0.546875 0.8288194437499999 0.546875 0.8826388890624999 0.5828125 0.8826388890624999 0.5828125 0.8288194437499999
19 0.796614584375 0.965625 0.796614584375 0.9219618046875 0.7549479171875 0.9219618046875 0.7549479171875 0.965625 0.796614584375 0.965625
19 0.7116319453125 0.921875 0.7116319453125 0.96875 0.7515625 0.96875 0.7515625 0.921875 0.7116319453125 0.921875
19 0.665625 0.9671875 0.665625 0.9240451390625 0.6247395828125 0.9240451390625 0.6247395828125 0.9671875 0.665625 0.9671875
19 0.66875 0.96875 0.709375 0.96875 0.709375 0.9236979171874999 0.66875 0.9236979171874999 0.66875 0.96875
19 0.62335069375 0.9703125 0.62335069375 0.9256076390624999 0.5816840265625001 0.9256076390624999 0.5816840265625001 0.9703125 0.62335069375 0.9703125
19 0.98125 0.9330729171875 0.944270834375 0.9330729171875 0.944270834375 0.9608506953125 0.98125 0.9608506953125 0.98125 0.9330729171875
19 0.9453125 0.9282118046875001 0.916840278125 0.9282118046875001 0.916840278125 0.9655381953125 0.9453125 0.9655381953125 0.9453125 0.9282118046875001
19 0.9203125 0.9609375 0.9203125 0.933159721875 0.8838541671875 0.933159721875 0.8838541671875 0.9609375 0.9203125 0.9609375
19 0.9984375 0.9671875 0.9984375 0.93125 0.97890625 0.93125 0.97890625 0.9671875 0.9984375 0.9671875
19 0.8251736109375001 0.928125 0.8251736109375001 0.9671875 0.8515625 0.9671875 0.8515625 0.928125 0.8251736109375001 0.928125
19 0.8890625 0.9345486109375001 0.8537326390625 0.9345486109375001 0.8537326390625 0.9623263906249999 0.8890625 0.9623263906249999 0.8890625 0.9345486109375001
19 0.796875 0.9671875 0.821875 0.9671875 0.821875 0.93125 0.796875 0.93125 0.796875 0.9671875
19 0.5806423609375 0.96875 0.5806423609375 0.930815971875 0.5381076375 0.930815971875 0.5381076375 0.96875 0.5806423609375 0.96875
19 0.9390625 0.578125 0.9390625 0.5375 0.8685763890624999 0.5375 0.8685763890624999 0.578125 0.9390625 0.578125
19 1 0.5487847218749999 0.9552083328125001 0.5487847218749999 0.9552083328125001 0.5671875 1 0.5671875 1 0.5487847218749999
19 0.9890625 0.578125 0.9890625 0.5361979171875 0.9208333328125 0.5361979171875 0.9208333328125 0.578125 0.9890625 0.578125
19 0.784375 0.58125 0.784375 0.5379340265625 0.7176215296875 0.5379340265625 0.7176215296875 0.58125 0.784375 0.58125
19 0.8375 0.5796875 0.8375 0.5391493046875 0.7679687515625 0.5391493046875 0.7679687515625 0.5796875 0.8375 0.5796875
19 0.8734375 0.59375 0.8734375 0.524045140625 0.8321180546875 0.524045140625 0.8321180546875 0.59375 0.8734375 0.59375