19 0.403125 0.7125 0.403125 0.6109375 0.330078125 0.6109375 0.330078125 0.7125 0.403125 0.7125
19 0.3015625 0.7078125 0.3015625 0.60859375 0.22578125 0.60859375 0.22578125 0.7078125 0.3015625 0.7078125
19 0.013671875 0.603125 0.013671875 0.70078125 0.0921875 0.70078125 0.0921875 0.603125 0.013671875 0.603125
19 0.1078125 0.6171875 0.1078125 0.69375 0.2125 0.69375 0.2125 0.6171875 0.1078125 0.6171875
19 0.525 0.721875 0.525 0.61640625 0.462109375 0.61640625 0.462109375 0.721875 0.525 0.721875
19 0.8890625 0.636328125 0.7859375 0.636328125 0.7859375 0.7 0.8890625 0.7 0.8890625 0.636328125
19 0.66875 0.643359375 0.5640625 0.643359375 0.5640625 0.7015625 0.66875 0.7015625 0.66875 0.643359375
19 0.669140625 0.64375 0.669140625 0.7046875 0.775 0.7046875 0.775 0.64375 0.669140625 0.64375
19 0.984375 0.62109375 0.917578125 0.62109375 0.917578125 0.7171875 0.984375 0.7171875 0.984375 0.62109375
19 0.2171875 0.8 0.2171875 0.7359375 0.120703125 0.7359375 0.120703125 0.8 0.2171875 0.8
19 0.0359375 0.71875 0.0359375 0.81875 0.0984375 0.81875 0.0984375 0.71875 0.0359375 0.71875
19 0.243359375 0.71875 0.243359375 0.8203125 0.3046875 0.8203125 0.3046875 0.71875 0.243359375 0.71875
19 0.4140625 0.8234375 0.4140625 0.721484375 0.350390625 0.721484375 0.350390625 0.8234375 0.4140625 0.8234375
19 0.50625 0.735546875 0.44609375 0.735546875 0.44609375 0.8078125 0.50625 0.8078125 0.50625 0.735546875
19 0.584375 0.8140625 0.584375 0.73984375 0.527734375 0.73984375 0.527734375 0.8140625 0.584375 0.8140625
19 0.671875 0.8171875 0.671875 0.7375 0.614453125 0.7375 0.614453125 0.8171875 0.671875 0.8171875
19 0.703515625 0.7375 0.703515625 0.8171875 0.7609375 0.8171875 0.7609375 0.7375 0.703515625 0.7375
19 0.7875 0.809375 0.86875 0.809375 0.86875 0.75625 0.7875 0.75625 0.7875 0.809375
19 0.9625 0.253125 0.894140625 0.253125 0.894140625 0.328125 0.9625 0.328125 0.9625 0.253125
19 0.798828125 0.2578125 0.798828125 0.325 0.8734375 0.325 0.8734375 0.2578125 0.798828125 0.2578125
19 0.1796875 0.25 0.1796875 0.334375 0.259375 0.334375 0.259375 0.25 0.1796875 0.25
19 0.1671875 0.251171875 0.090625 0.251171875 0.090625 0.3328125 0.1671875 0.3328125 0.1671875 0.251171875
19 0 0.3328125 0.0796875 0.3328125 0.0796875 0.251171875 0 0.251171875 0 0.3328125
19 0.78125 0.259765625 0.7125 0.259765625 0.7125 0.325 0.78125 0.325 0.78125 0.259765625
19 0.624609375 0.2578125 0.624609375 0.33203125 0.6921875 0.33203125 0.6921875 0.2578125 0.624609375 0.2578125
19 0.3953125 0.264453125 0.32421875 0.264453125 0.32421875 0.325 0.3953125 0.325 0.3953125 0.264453125
19 0.3171875 0.33125 0.3171875 0.2609375 0.264453125 0.2609375 0.264453125 0.33125 0.3171875 0.33125
19 0.5984375 0.33125 0.5984375 0.260546875 0.53515625 0.260546875 0.53515625 0.33125 0.5984375 0.33125
19 0.4 0.284375 0.4 0.328125 0.4484375 0.328125 0.4484375 0.284375 0.4 0.284375
19 0.4640625 0.2828125 0.4640625 0.3296875 0.509375 0.3296875 0.509375 0.2828125 0.4640625 0.2828125
19 1 0.3890625 0.9515625 0.3890625 0.9515625 0.415625 1 0.415625 1 0.3890625
19 0.7203125 0.3875 0.7203125 0.459375 0.7890625 0.459375 0.7890625 0.3875 0.7203125 0.3875
19 0.8625 0.459375 0.8625 0.403515625 0.8125 0.403515625 0.8125 0.459375 0.8625 0.459375
19 0.6953125 0.46875 0.6953125 0.39609375 0.643359375 0.39609375 0.643359375 0.46875 0.6953125 0.46875
19 0.888671875 0.403125 0.888671875 0.46328125 0.9359375 0.46328125 0.9359375 0.403125 0.888671875 0.403125
19 0.3875 0.396875 0.3875 0.46875 0.434375 0.46875 0.434375 0.396875 0.3875 0.396875
19 0.5234375 0.46875 0.5234375 0.396484375 0.473046875 0.396484375 0.473046875 0.46875 0.5234375 0.46875
19 0.279296875 0.4109375 0.279296875 0.459375 0.3609375 0.459375 0.3609375 0.4109375 0.279296875 0.4109375
19 0.60625 0.4734375 0.60625 0.39765625 0.56015625 0.39765625 0.56015625 0.4734375 0.60625 0.4734375
19 0.212109375 0.409375 0.212109375 0.46796875 0.2515625 0.46796875 0.2515625 0.409375 0.212109375 0.409375
19 0.128125 0.41875 0.128125 0.459375 0.184375 0.459375 0.184375 0.41875 0.128125 0.41875
19 0.05 0.415234375 0.00546875 0.415234375 0.00546875 0.4625 0.05 0.4625 0.05 0.415234375
19 0.1140625 0.417578125 0.0609375 0.417578125 0.0609375 0.4609375 0.1140625 0.4609375 0.1140625 0.417578125
19 1 0.428515625 0.946875 0.428515625 0.946875 0.4546875 1 0.4546875 1 0.428515625
19 0.6703125 0.5765625 0.6703125 0.502734375 0.565234375 0.502734375 0.565234375 0.5765625 0.6703125 0.5765625
19 0.824609375 0.4828125 0.824609375 0.59609375 0.896875 0.59609375 0.896875 0.4828125 0.824609375 0.4828125
19 0.110546875 0.484375 0.110546875 0.58984375 0.1875 0.58984375 0.1875 0.484375 0.110546875 0.484375
19 0.0046875 0.5015625 0.0046875 0.5734375 0.1078125 0.5734375 0.1078125 0.5015625 0.0046875 0.5015625
19 0.923828125 0.50625 0.923828125 0.578125 0.9984375 0.578125 0.9984375 0.50625 0.923828125 0.50625
19 0.773046875 0.6 0.773046875 0.484765625 0.698828125 0.484765625 0.698828125 0.6 0.773046875 0.6
19 0.296875 0.5890625 0.296875 0.48359375 0.221484375 0.48359375 0.221484375 0.5890625 0.296875 0.5890625
19 0.423828125 0.5 0.423828125 0.5765625 0.528125 0.5765625 0.528125 0.5 0.423828125 0.5
19 0.4203125 0.575 0.4203125 0.5 0.314453125 0.5 0.314453125 0.575 0.4203125 0.575