19 0.46171875 0.8203125 0.4171875 0.8203125 0.4171875 0.8625 0.46171875 0.8625 0.46171875 0.8203125
19 0.4125 0.8203125 0.365625 0.8203125 0.365625 0.86328125 0.4125 0.86328125 0.4125 0.8203125
19 0.21875 0.821875 0.1703125 0.821875 0.1703125 0.8640625 0.21875 0.8640625 0.21875 0.821875
19 0.2671875 0.821875 0.2203125 0.821875 0.2203125 0.8640625 0.2671875 0.8640625 0.2671875 0.821875
19 0.1671875 0.8203125 0.1203125 0.8203125 0.1203125 0.86328125 0.1671875 0.86328125 0.1671875 0.8203125
19 0.3140625 0.8203125 0.26875 0.8203125 0.26875 0.86328125 0.3140625 0.86328125 0.3140625 0.8203125
19 0.5109375 0.821875 0.4640625 0.821875 0.4640625 0.8625 0.5109375 0.8625 0.5109375 0.821875
19 0.36171875 0.821875 0.3171875 0.821875 0.3171875 0.8625 0.36171875 0.8625 0.36171875 0.821875
19 0.5640625 0.8203125 0.5171875 0.8203125 0.5171875 0.86328125 0.5640625 0.86328125 0.5640625 0.8203125
19 0.6109375 0.81875 0.5640625 0.81875 0.5640625 0.8609375 0.6109375 0.8609375 0.6109375 0.81875
19 0.2875 0.4484375 0.21875 0.4484375 0.21875 0.5203125 0.2875 0.5203125 0.2875 0.4484375
19 0.146875 0.4484375 0.075 0.4484375 0.075 0.5203125 0.146875 0.5203125 0.146875 0.4484375
19 0.3578125 0.45 0.2859375 0.45 0.2859375 0.521875 0.3578125 0.521875 0.3578125 0.45
19 0.42734375 0.45 0.3578125 0.45 0.3578125 0.52109375 0.42734375 0.52109375 0.42734375 0.45
19 0.21640625 0.45 0.146875 0.45 0.146875 0.51953125 0.21640625 0.51953125 0.21640625 0.45
19 0.50078125 0.4515625 0.4296875 0.4515625 0.4296875 0.52109375 0.50078125 0.52109375 0.50078125 0.4515625
19 0.52578125 0.54375 0.4609375 0.54375 0.4609375 0.6078125 0.52578125 0.6078125 0.52578125 0.54375
19 0.390625 0.5484375 0.3265625 0.5484375 0.3265625 0.609375 0.390625 0.609375 0.390625 0.5484375
19 0.45625 0.5484375 0.39375 0.5484375 0.39375 0.609375 0.45625 0.609375 0.45625 0.5484375
19 0.678125 0.55625 0.63125 0.55625 0.63125 0.609375 0.678125 0.609375 0.678125 0.55625
19 0.628125 0.559375 0.5796875 0.559375 0.5796875 0.61015625 0.628125 0.61015625 0.628125 0.559375
19 0.5765625 0.559375 0.53125 0.559375 0.53125 0.61015625 0.5765625 0.61015625 0.5765625 0.559375
19 0.265625 0.5625 0.2078125 0.5625 0.2078125 0.609375 0.265625 0.609375 0.265625 0.5625
19 0.20859375 0.5609375 0.1484375 0.5609375 0.1484375 0.609375 0.20859375 0.609375 0.20859375 0.5609375
19 0.321875 0.5640625 0.265625 0.5640625 0.265625 0.609375 0.321875 0.609375 0.321875 0.5640625
19 0.1453125 0.5640625 0.0875 0.5640625 0.0875 0.6109375 0.1453125 0.6109375 0.1453125 0.5640625
19 0.71796875 0.5703125 0.6796875 0.5703125 0.6796875 0.60859375 0.71796875 0.60859375 0.71796875 0.5703125
19 0.5265625 0.64375 0.490625 0.64375 0.490625 0.6953125 0.5265625 0.6953125 0.5265625 0.64375
19 0.3234375 0.646875 0.2859375 0.646875 0.2859375 0.6953125 0.3234375 0.6953125 0.3234375 0.646875
19 0.48515625 0.6453125 0.45 0.6453125 0.45 0.69609375 0.48515625 0.69609375 0.48515625 0.6453125
19 0.365625 0.646875 0.328125 0.646875 0.328125 0.69765625 0.365625 0.69765625 0.365625 0.646875
19 0.4046875 0.6453125 0.36875 0.6453125 0.36875 0.69609375 0.4046875 0.69609375 0.4046875 0.6453125
19 0.446875 0.6453125 0.4109375 0.6453125 0.4109375 0.69609375 0.446875 0.69609375 0.446875 0.6453125
19 0.175 0.659375 0.1421875 0.659375 0.1421875 0.69765625 0.175 0.69765625 0.175 0.659375
19 0.209375 0.6609375 0.1765625 0.6609375 0.1765625 0.696875 0.209375 0.696875 0.209375 0.6609375
19 0.28359375 0.659375 0.25 0.659375 0.25 0.696875 0.28359375 0.696875 0.28359375 0.659375
19 0.24609375 0.6609375 0.2125 0.6609375 0.2125 0.696875 0.24609375 0.696875 0.24609375 0.6609375
19 0.1390625 0.6625 0.10625 0.6625 0.10625 0.6984375 0.1390625 0.6984375 0.1390625 0.6625