19 0.3828125 0.066015625 0.303125 0.066015625 0.303125 0.1234375 0.3828125 0.1234375 0.3828125 0.066015625
19 0.3078125 0.089453125 0.259375 0.089453125 0.259375 0.1328125 0.3078125 0.1328125 0.3078125 0.089453125
19 0.2046875 0.090625 0.2046875 0.1375 0.253125 0.1375 0.253125 0.090625 0.2046875 0.090625
19 0.515625 0.234765625 0.403125 0.234765625 0.403125 0.328125 0.515625 0.328125 0.515625 0.234765625
19 0.603125 0.3390625 0.603125 0.237109375 0.512890625 0.237109375 0.512890625 0.3390625 0.603125 0.3390625
19 0.7125 0.3359375 0.7125 0.24140625 0.61015625 0.24140625 0.61015625 0.3359375 0.7125 0.3359375
19 0.6921875 0.021875 0.6921875 0.1328125 0.7640625 0.1328125 0.7640625 0.021875 0.6921875 0.021875
19 0.453515625 0.025 0.453515625 0.1359375 0.5234375 0.1359375 0.5234375 0.025 0.453515625 0.025
19 0.614453125 0.0265625 0.614453125 0.134375 0.6828125 0.134375 0.6828125 0.0265625 0.614453125 0.0265625
19 0.4484375 0.024609375 0.3765625 0.024609375 0.3765625 0.1359375 0.4484375 0.1359375 0.4484375 0.024609375
19 0.459375 0.8390625 0.459375 0.776171875 0.39375 0.776171875 0.39375 0.8390625 0.459375 0.8390625
19 0.603125 0.1328125 0.603125 0.026171875 0.534765625 0.026171875 0.534765625 0.1328125 0.603125 0.1328125
19 0.5375 0.781640625 0.4640625 0.781640625 0.4640625 0.846875 0.5375 0.846875 0.5375 0.781640625