19 0.22000000000000003 0.1875 0.2741666671875 0.1875 0.2741666671875 0.09 0.22000000000000003 0.09 0.22000000000000003 0.1875
19 0.1516666671875 0.19083333281249998 0.20833333281250002 0.19083333281249998 0.20833333281250002 0.0933333328125 0.1516666671875 0.0933333328125 0.1516666671875 0.19083333281249998
19 0.4016666671875 0.1833333328125 0.4516666671875 0.1833333328125 0.4516666671875 0.10166666718749999 0.4016666671875 0.10166666718749999 0.4016666671875 0.1833333328125
19 0.08333333281250001 0.1925 0.145 0.1925 0.145 0.095 0.08333333281250001 0.095 0.08333333281250001 0.1925
19 0.29 0.185 0.3383333328125 0.185 0.3383333328125 0.10333333281249998 0.29 0.10333333281249998 0.29 0.185
19 0.34500000000000003 0.1866666671875 0.3933333328125 0.1866666671875 0.3933333328125 0.10333333281249998 0.34500000000000003 0.10333333281249998 0.34500000000000003 0.1866666671875
19 0.6966666671875 0.1741666671875 0.7424999999999999 0.1741666671875 0.7424999999999999 0.11499999999999999 0.6966666671875 0.11499999999999999 0.6966666671875 0.1741666671875
19 0.7516666671875 0.1758333328125 0.795 0.1758333328125 0.795 0.1166666671875 0.7516666671875 0.1166666671875 0.7516666671875 0.1758333328125
19 0.0116666671875 0.1975 0.06833333281250001 0.1975 0.06833333281250001 0.1 0.0116666671875 0.1 0.0116666671875 0.1975
19 0.6316666671875 0.1775 0.6775 0.1775 0.6775 0.1183333328125 0.6316666671875 0.1183333328125 0.6316666671875 0.1775
19 0.1116666671875 0.3583333328125 0.1833333328125 0.3583333328125 0.1833333328125 0.265 0.1116666671875 0.265 0.1116666671875 0.3583333328125
19 0.195 0.3608333328125 0.2575 0.3608333328125 0.2575 0.2633333328125 0.195 0.2633333328125 0.195 0.3608333328125
19 0.3983333328125 0.3566666671875 0.4583333328125 0.3566666671875 0.4583333328125 0.2833333328125 0.3983333328125 0.2833333328125 0.3983333328125 0.3566666671875
19 0.3333333328125 0.35750000000000004 0.3875 0.35750000000000004 0.3875 0.2833333328125 0.3333333328125 0.2833333328125 0.3333333328125 0.35750000000000004
19 0.265 0.3591666671875 0.3241666671875 0.3591666671875 0.3241666671875 0.2833333328125 0.265 0.2833333328125 0.265 0.3591666671875
19 0.7516666671875 0.3566666671875 0.8400000000000001 0.3566666671875 0.8400000000000001 0.2916666671875 0.7516666671875 0.2916666671875 0.7516666671875 0.3566666671875
19 1 0.2916666671875 0.9566666671874999 0.2916666671875 0.9566666671874999 0.3566666671875 1 0.3566666671875 1 0.2916666671875
19 0.8566666671875 0.35583333281249996 0.9425000000000001 0.35583333281249996 0.9425000000000001 0.2916666671875 0.8566666671875 0.2916666671875 0.8566666671875 0.35583333281249996
19 0.5816666671874999 0.35750000000000004 0.6275000000000001 0.35750000000000004 0.6275000000000001 0.2983333328125 0.5816666671874999 0.2983333328125 0.5816666671874999 0.35750000000000004
19 0.46666666718750005 0.3583333328125 0.5141666671875 0.3583333328125 0.5141666671875 0.3016666671875 0.46666666718750005 0.3016666671875 0.46666666718750005 0.3583333328125
19 0.5216666671875 0.3583333328125 0.5716666671875 0.3583333328125 0.5716666671875 0.3016666671875 0.5216666671875 0.3016666671875 0.5216666671875 0.3583333328125
19 0.6866666671874999 0.355 0.735 0.355 0.735 0.32166666718750003 0.6866666671874999 0.32166666718750003 0.6866666671874999 0.355
19 0.6366666671875 0.3566666671875 0.6816666671875 0.3566666671875 0.6816666671875 0.32166666718750003 0.6366666671875 0.32166666718750003 0.6366666671875 0.3566666671875
19 0.38333333281250004 0.4933333328125 0.4591666671875 0.4933333328125 0.4591666671875 0.40833333281249995 0.38333333281250004 0.40833333281249995 0.38333333281250004 0.4933333328125
19 0.46333333281250005 0.4933333328125 0.5508333328125 0.4933333328125 0.5508333328125 0.41166666718749995 0.46333333281250005 0.41166666718749995 0.46333333281250005 0.4933333328125
19 0.0366666671875 0.4883333328125 0.0958333328125 0.4883333328125 0.0958333328125 0.4266666671875 0.0366666671875 0.4266666671875 0.0366666671875 0.4883333328125
19 0.1716666671875 0.4891666671875 0.2425 0.4891666671875 0.2425 0.425 0.1716666671875 0.425 0.1716666671875 0.4891666671875
19 0.2483333328125 0.49083333281249997 0.3125 0.49083333281249997 0.3125 0.42833333281249997 0.2483333328125 0.42833333281249997 0.2483333328125 0.49083333281249997
19 0.3183333328125 0.49000000000000005 0.38333333281250004 0.49000000000000005 0.38333333281250004 0.43 0.3183333328125 0.43 0.3183333328125 0.49000000000000005
19 0.10500000000000001 0.49083333281249997 0.1716666671875 0.49083333281249997 0.1716666671875 0.43166666718749996 0.10500000000000001 0.43166666718749996 0.10500000000000001 0.49083333281249997
19 0.7333333328125 0.495 0.7791666671875 0.495 0.7791666671875 0.43833333281250003 0.7333333328125 0.43833333281250003 0.7333333328125 0.495
19 0.675 0.49583333281249997 0.7233333328125 0.49583333281249997 0.7233333328125 0.43833333281250003 0.675 0.43833333281250003 0.675 0.49583333281249997
19 0.5599999999999999 0.4933333328125 0.6075 0.4933333328125 0.6075 0.44166666718750003 0.5599999999999999 0.44166666718750003 0.5599999999999999 0.4933333328125
19 0.6183333328125 0.49416666718749996 0.6658333328125 0.49416666718749996 0.6658333328125 0.44000000000000006 0.6183333328125 0.44000000000000006 0.6183333328125 0.49416666718749996
19 0.79 0.5 0.8416666671874999 0.5 0.8416666671874999 0.44000000000000006 0.79 0.44000000000000006 0.79 0.5
19 0.8533333328125 0.5 0.9008333328125 0.5 0.9008333328125 0.44000000000000006 0.8533333328125 0.44000000000000006 0.8533333328125 0.5
19 1 0.44000000000000006 0.9800000000000001 0.44000000000000006 0.9800000000000001 0.5 1 0.5 1 0.44000000000000006
19 0.9116666671875 0.49916666718749997 0.9633333328125 0.49916666718749997 0.9633333328125 0.44000000000000006 0.9116666671875 0.44000000000000006 0.9116666671875 0.49916666718749997