19 0.2859375 0.171875 0.2859375 0.121875 0.194921875 0.121875 0.194921875 0.171875 0.2859375 0.171875
19 0.2234375 0.123828125 0.13203125 0.123828125 0.13203125 0.1765625 0.2234375 0.1765625 0.2234375 0.123828125
19 0.3859375 0.1125 0.3859375 0.1890625 0.4328125 0.1890625 0.4328125 0.1125 0.3859375 0.1125
19 0.1453125 0.106640625 0.0875 0.106640625 0.0875 0.196875 0.1453125 0.196875 0.1453125 0.106640625
19 0.28125 0.1140625 0.28125 0.190625 0.3265625 0.190625 0.3265625 0.1140625 0.28125 0.1140625
19 0.39375 0.175 0.39375 0.13046875 0.31640625 0.13046875 0.31640625 0.175 0.39375 0.175
19 0.7109375 0.1734375 0.7109375 0.130859375 0.656640625 0.130859375 0.656640625 0.1734375 0.7109375 0.1734375
19 0.7609375 0.1734375 0.7609375 0.133984375 0.70625 0.133984375 0.70625 0.1734375 0.7609375 0.1734375
19 0.0921875 0.130078125 0.00078125 0.130078125 0.00078125 0.1828125 0.0921875 0.1828125 0.0921875 0.130078125
19 0.6015625 0.1828125 0.64375 0.1828125 0.64375 0.128515625 0.6015625 0.128515625 0.6015625 0.1828125
19 0.190625 0.3421875 0.190625 0.27578125 0.10390625 0.27578125 0.10390625 0.3421875 0.190625 0.3421875
19 0.266796875 0.3375 0.266796875 0.280078125 0.175390625 0.280078125 0.175390625 0.3375 0.266796875 0.3375
19 0.3765625 0.2890625 0.3765625 0.3453125 0.4453125 0.3453125 0.4453125 0.2890625 0.3765625 0.2890625
19 0.38125 0.3421875 0.38125 0.2921875 0.312109375 0.2921875 0.312109375 0.3421875 0.38125 0.3421875
19 0.3125 0.353125 0.3125 0.283203125 0.258203125 0.283203125 0.258203125 0.353125 0.3125 0.353125
19 0.7140625 0.290625 0.7140625 0.3515625 0.796875 0.3515625 0.796875 0.290625 0.7140625 0.290625
19 0.978125 0.3625 0.978125 0.27890625 0.91796875 0.27890625 0.91796875 0.3625 0.978125 0.3625
19 0.8921875 0.35 0.8921875 0.291015625 0.812109375 0.291015625 0.812109375 0.35 0.8921875 0.35
19 0.5546875 0.3515625 0.596875 0.3515625 0.596875 0.297265625 0.5546875 0.297265625 0.5546875 0.3515625
19 0.442578125 0.3046875 0.442578125 0.3484375 0.4953125 0.3484375 0.4953125 0.3046875 0.442578125 0.3046875
19 0.4953125 0.303125 0.4953125 0.35 0.5484375 0.35 0.5484375 0.303125 0.4953125 0.303125
19 0.653125 0.31875 0.653125 0.35 0.6984375 0.35 0.6984375 0.31875 0.653125 0.31875
19 0.6109375 0.3140625 0.6109375 0.35625 0.64375 0.35625 0.64375 0.3140625 0.6109375 0.3140625
19 0.368359375 0.4 0.368359375 0.4796875 0.4390625 0.4796875 0.4390625 0.4 0.368359375 0.4
19 0.444140625 0.403125 0.444140625 0.4796875 0.525 0.4796875 0.525 0.403125 0.444140625 0.403125
19 0.1 0.41796875 0.042578125 0.41796875 0.042578125 0.4734375 0.1 0.4734375 0.1 0.41796875
19 0.2359375 0.475 0.2359375 0.415625 0.170703125 0.415625 0.170703125 0.475 0.2359375 0.475
19 0.3015625 0.4765625 0.3015625 0.419140625 0.242578125 0.419140625 0.242578125 0.4765625 0.3015625 0.4765625
19 0.3078125 0.4203125 0.3078125 0.4765625 0.36875 0.4765625 0.36875 0.4203125 0.3078125 0.4203125
19 0.1703125 0.421484375 0.1078125 0.421484375 0.1078125 0.4765625 0.1703125 0.4765625 0.1703125 0.421484375
19 0.697265625 0.428125 0.697265625 0.48125 0.7390625 0.48125 0.7390625 0.428125 0.697265625 0.428125
19 0.6875 0.428515625 0.6421875 0.428515625 0.6421875 0.48125 0.6875 0.48125 0.6875 0.428515625
19 0.5796875 0.4765625 0.5796875 0.43359375 0.532421875 0.43359375 0.532421875 0.4765625 0.5796875 0.4765625
19 0.6328125 0.4796875 0.6328125 0.430078125 0.589453125 0.430078125 0.589453125 0.4796875 0.6328125 0.4796875
19 0.75 0.4296875 0.75 0.4859375 0.7984375 0.4859375 0.7984375 0.4296875 0.75 0.4296875
19 0.859375 0.4359375 0.803515625 0.4359375 0.803515625 0.4796875 0.859375 0.4796875 0.859375 0.4359375
19 0.978125 0.4796875 0.978125 0.43515625 0.92265625 0.43515625 0.92265625 0.4796875 0.978125 0.4796875
19 0.9125 0.430078125 0.8640625 0.430078125 0.8640625 0.484375 0.9125 0.484375 0.9125 0.430078125