19 0.676171875 0.1296875 0.676171875 0.184375 0.7625 0.184375 0.7625 0.1296875 0.676171875 0.1296875
19 0.6046875 0.2375 0.6046875 0.321875 0.65 0.321875 0.65 0.2375 0.6046875 0.2375
19 0.7203125 0.3015625 0.7203125 0.259765625 0.633984375 0.259765625 0.633984375 0.3015625 0.7203125 0.3015625
19 0.6171875 0.258203125 0.530859375 0.258203125 0.530859375 0.302734375 0.6171875 0.302734375 0.6171875 0.258203125
19 0.5640625 0.3078125 0.5640625 0.26015625 0.47734375 0.26015625 0.47734375 0.3078125 0.5640625 0.3078125
19 0.8953125 0.309375 0.8953125 0.281640625 0.845703125 0.281640625 0.845703125 0.309375 0.8953125 0.309375
19 0.8515625 0.269921875 0.8203125 0.269921875 0.8203125 0.3203125 0.8515625 0.3203125 0.8515625 0.269921875
19 0.8109375 0.31875 0.8109375 0.270703125 0.783984375 0.270703125 0.783984375 0.31875 0.8109375 0.31875
19 0.746875 0.3125 0.746875 0.282421875 0.69921875 0.282421875 0.69921875 0.3125 0.746875 0.3125
19 0.778125 0.273828125 0.746875 0.273828125 0.746875 0.3234375 0.778125 0.3234375 0.778125 0.273828125
19 0.2796875 0.474609375 0.21328125 0.474609375 0.21328125 0.5375 0.2796875 0.5375 0.2796875 0.474609375
19 0.4234375 0.5390625 0.4234375 0.479296875 0.3546875 0.479296875 0.3546875 0.5390625 0.4234375 0.5390625
19 0.7875 0.479296875 0.746875 0.479296875 0.746875 0.5390625 0.7875 0.5390625 0.7875 0.479296875
19 0.846875 0.491015625 0.78671875 0.491015625 0.78671875 0.528125 0.846875 0.528125 0.846875 0.491015625
19 0.6953125 0.4796875 0.6953125 0.54375 0.7375 0.54375 0.7375 0.4796875 0.6953125 0.4796875
19 0.6484375 0.5328125 0.6484375 0.4890625 0.589453125 0.4890625 0.589453125 0.5328125 0.6484375 0.5328125
19 0.2125 0.4796875 0.148828125 0.4796875 0.148828125 0.54375 0.2125 0.54375 0.2125 0.4796875
19 0.5921875 0.481640625 0.5515625 0.481640625 0.5515625 0.540625 0.5921875 0.540625 0.5921875 0.481640625
19 0.14375 0.478515625 0.0796875 0.478515625 0.0796875 0.54375 0.14375 0.54375 0.14375 0.478515625
19 0.644921875 0.4796875 0.644921875 0.5421875 0.6890625 0.5421875 0.6890625 0.4796875 0.644921875 0.4796875
19 0.35 0.480078125 0.290625 0.480078125 0.290625 0.5421875 0.35 0.5421875 0.35 0.480078125
19 0.429296875 0.490625 0.429296875 0.54453125 0.4765625 0.54453125 0.4765625 0.490625 0.429296875 0.490625
19 0.4921875 0.49375 0.4921875 0.5421875 0.5453125 0.5421875 0.5453125 0.49375 0.4921875 0.49375