19 0.42214532812499994 0.397923875 0.34083045 0.397923875 0.34083045 0.5 0.42214532812499994 0.5 0.42214532812499994 0.397923875
19 0.63321799375 0.397923875 0.55968858125 0.397923875 0.55968858125 0.5 0.63321799375 0.5 0.63321799375 0.397923875
19 0.55363321875 0.4152249140625 0.4948096890625 0.4152249140625 0.4948096890625 0.5034602078125 0.55363321875 0.5034602078125 0.55363321875 0.4152249140625
19 0.33217993125 0.418685121875 0.25605536406249996 0.418685121875 0.25605536406249996 0.5 0.33217993125 0.5 0.33217993125 0.418685121875
19 0.24740484375 0.418685121875 0.1756055359375 0.418685121875 0.1756055359375 0.498269896875 0.24740484375 0.498269896875 0.24740484375 0.418685121875
19 0.7439446359375 0.4152249140625 0.692041521875 0.4152249140625 0.692041521875 0.5034602078125 0.7439446359375 0.5034602078125 0.7439446359375 0.4152249140625
19 0.683391003125 0.4152249140625 0.6366782 0.4152249140625 0.6366782 0.501730103125 0.683391003125 0.501730103125 0.683391003125 0.4152249140625
19 0.095155709375 0.43598615937499996 0.0389273359375 0.43598615937499996 0.0389273359375 0.49740484374999994 0.095155709375 0.49740484374999994 0.095155709375 0.43598615937499996
19 0.1643598609375 0.43598615937499996 0.10553633281250001 0.43598615937499996 0.10553633281250001 0.49740484374999994 0.1643598609375 0.49740484374999994 0.1643598609375 0.43598615937499996
19 0.4861591703125 0.43771626250000006 0.4299307953125 0.43771626250000006 0.4299307953125 0.4991349484375 0.4861591703125 0.4991349484375 0.4861591703125 0.43771626250000006
19 0 0.4965397921875 0.032871971875 0.4965397921875 0.032871971875 0.45674740468749997 0 0.45674740468749997 0 0.4965397921875
19 0.37716262968750003 0.5622837374999999 0.2958477515625 0.5622837374999999 0.2958477515625 0.6686851218750001 0.37716262968750003 0.6686851218750001 0.37716262968750003 0.5622837374999999
19 0.28546712812499997 0.5622837374999999 0.197231834375 0.5622837374999999 0.197231834375 0.6686851218750001 0.28546712812499997 0.6686851218750001 0.28546712812499997 0.5622837374999999
19 0.69031141875 0.5761245671874999 0.59083045 0.5761245671874999 0.59083045 0.674740484375 0.69031141875 0.674740484375 0.69031141875 0.5761245671874999
19 0.19031141875 0.5847750859375 0.1133218 0.5847750859375 0.1133218 0.6669550171874999 0.19031141875 0.6669550171874999 0.19031141875 0.5847750859375
19 0.80968858125 0.579584775 0.6989619375 0.579584775 0.6989619375 0.6738754328125001 0.80968858125 0.6738754328125001 0.80968858125 0.579584775
19 0.9256055359375001 0.58823529375 0.8174740484375 0.58823529375 0.8174740484375 0.674740484375 0.9256055359375001 0.674740484375 0.9256055359375001 0.58823529375
19 0.1072664359375 0.6038062281250001 0.0475778546875 0.6038062281250001 0.0475778546875 0.6652249140625 0.1072664359375 0.6652249140625 0.1072664359375 0.6038062281250001
19 0 0.6652249140625 0.0397923875 0.6652249140625 0.0397923875 0.6038062281250001 0 0.6038062281250001 0 0.6652249140625
19 0.47750865 0.6038062281250001 0.3858131484375 0.6038062281250001 0.3858131484375 0.670415225 0.47750865 0.670415225 0.47750865 0.6038062281250001
19 0.5830449828125001 0.602076125 0.48356401406250005 0.602076125 0.48356401406250005 0.6712802765625 0.5830449828125001 0.6712802765625 0.5830449828125001 0.602076125