19 0.1546875 0.4875 0.1546875 0.55 0.234375 0.55 0.234375 0.4875 0.1546875 0.4875
19 0.0734375 0.4890625 0.0734375 0.553125 0.146875 0.553125 0.146875 0.4890625 0.0734375 0.4890625
19 0.58125 0.483984375 0.51640625 0.483984375 0.51640625 0.5546875 0.58125 0.5546875 0.58125 0.483984375
19 0.6640625 0.481640625 0.59921875 0.481640625 0.59921875 0.5578125 0.6640625 0.5578125 0.6640625 0.481640625
19 0.5015625 0.5515625 0.5015625 0.487109375 0.430859375 0.487109375 0.430859375 0.5515625 0.5015625 0.5515625
19 0.2953125 0.55 0.2953125 0.501953125 0.240234375 0.501953125 0.240234375 0.55 0.2953125 0.55
19 0.303125 0.5515625 0.35625 0.5515625 0.35625 0.503515625 0.303125 0.503515625 0.303125 0.5515625
19 0.3671875 0.503125 0.3671875 0.5515625 0.421875 0.5515625 0.421875 0.503125 0.3671875 0.503125
19 0.6796875 0.50625 0.6796875 0.5546875 0.73125 0.5546875 0.73125 0.50625 0.6796875 0.50625
19 0.790625 0.5578125 0.790625 0.505078125 0.741015625 0.505078125 0.741015625 0.5578125 0.790625 0.5578125
19 0.7984375 0.5265625 0.7984375 0.55625 0.85 0.55625 0.85 0.5265625 0.7984375 0.5265625
19 0.85625 0.553125 0.90625 0.553125 0.90625 0.5265625 0.85625 0.5265625 0.85625 0.553125
19 0.953125 0.516015625 0.9265625 0.516015625 0.9265625 0.5640625 0.953125 0.5640625 0.953125 0.516015625
19 0.5921875 0.584765625 0.5234375 0.584765625 0.5234375 0.678125 0.5921875 0.678125 0.5921875 0.584765625
19 0.69296875 0.6765625 0.69296875 0.588671875 0.6234375 0.588671875 0.6234375 0.6765625 0.69296875 0.6765625
19 0.408984375 0.6078125 0.408984375 0.665625 0.5046875 0.665625 0.5046875 0.6078125 0.408984375 0.6078125
19 0.1109375 0.6078125 0.1109375 0.6640625 0.1984375 0.6640625 0.1984375 0.6078125 0.1109375 0.6078125
19 0.284375 0.68125 0.284375 0.596875 0.231640625 0.596875 0.231640625 0.68125 0.284375 0.68125
19 0.330859375 0.5953125 0.330859375 0.68515625 0.3828125 0.68515625 0.3828125 0.5953125 0.330859375 0.5953125