19 0.016393442187500003 0.19508196718749998 0.060655737499999994 0.19508196718749998 0.060655737499999994 0.12950819687499998 0.016393442187500003 0.12950819687499998 0.016393442187500003 0.19508196718749998
19 0.6131147546875 0.3606557375 0.66967213125 0.3606557375 0.66967213125 0.250819671875 0.6131147546875 0.250819671875 0.6131147546875 0.3606557375
19 0.678688525 0.3631147546875 0.7327868859375 0.3631147546875 0.7327868859375 0.252459015625 0.678688525 0.252459015625 0.678688525 0.3631147546875
19 0.7393442625 0.3606557375 0.8139344265625 0.3606557375 0.8139344265625 0.2950819671875 0.7393442625 0.2950819671875 0.7393442625 0.3606557375
19 0.8245901640625 0.36229508125 0.8950819671874999 0.36229508125 0.8950819671874999 0.29836065624999997 0.8245901640625 0.29836065624999997 0.8245901640625 0.36229508125
19 0.9049180328125 0.3606557375 0.9770491796874999 0.3606557375 0.9770491796874999 0.30163934375 0.9049180328125 0.30163934375 0.9049180328125 0.3606557375
19 0.1967213109375 0.4860655734375 0.2860655734375 0.4860655734375 0.2860655734375 0.391803278125 0.1967213109375 0.391803278125 0.1967213109375 0.4860655734375
19 0.1032786890625 0.4860655734375 0.190163934375 0.4860655734375 0.190163934375 0.391803278125 0.1032786890625 0.391803278125 0.1032786890625 0.4860655734375
19 0.0049180328125 0.488524590625 0.0942622953125 0.488524590625 0.0942622953125 0.4049180328125 0.0049180328125 0.4049180328125 0.0049180328125 0.488524590625
19 0.2934426234375 0.49426229531250004 0.3827868859375 0.49426229531250004 0.3827868859375 0.39836065625 0.2934426234375 0.39836065625 0.2934426234375 0.49426229531250004
19 0.629508196875 0.49754098437499994 0.6836065578125 0.49754098437499994 0.6836065578125 0.41967213125 0.629508196875 0.41967213125 0.629508196875 0.49754098437499994
19 0.691803278125 0.49754098437499994 0.7475409843749999 0.49754098437499994 0.7475409843749999 0.42295082031250003 0.691803278125 0.42295082031250003 0.691803278125 0.49754098437499994
19 0.7573770484375 0.500819671875 0.811475409375 0.500819671875 0.811475409375 0.42295082031250003 0.7573770484375 0.42295082031250003 0.7573770484375 0.500819671875
19 0.8180327875 0.5 0.8737704921875 0.5 0.8737704921875 0.4245901640625 0.8180327875 0.4245901640625 0.8180327875 0.5
19 0.8819672125 0.5032786890625001 0.938524590625 0.5032786890625001 0.938524590625 0.42622950781249996 0.8819672125 0.42622950781249996 0.8819672125 0.5032786890625001
19 0.40983606562499997 0.49262295156249997 0.4540983609375 0.49262295156249997 0.4540983609375 0.4360655734375 0.40983606562499997 0.4360655734375 0.40983606562499997 0.49262295156249997
19 0.5147540984375001 0.49344262343749995 0.5549180328125 0.49344262343749995 0.5549180328125 0.43770491875 0.5147540984375001 0.43770491875 0.5147540984375001 0.49344262343749995
19 0.570491803125 0.49426229531250004 0.6147540984375001 0.49426229531250004 0.6147540984375001 0.4360655734375 0.570491803125 0.4360655734375 0.570491803125 0.49426229531250004
19 0.45737704843750004 0.4959016390625 0.5065573765625 0.4959016390625 0.5065573765625 0.43770491875 0.45737704843750004 0.43770491875 0.45737704843750004 0.4959016390625
19 0.8868852453124999 0.7426229515625 0.9221311468750001 0.7426229515625 0.9221311468750001 0.708196721875 0.8868852453124999 0.708196721875 0.8868852453124999 0.7426229515625
19 0.84098360625 0.7426229515625 0.8827868859375 0.7426229515625 0.8827868859375 0.709836065625 0.84098360625 0.709836065625 0.84098360625 0.7426229515625
19 0.8295081968750001 0.778688525 0.8713114750000001 0.778688525 0.8713114750000001 0.7459016390625 0.8295081968750001 0.7459016390625 0.8295081968750001 0.778688525
19 0.8754098359375 0.778688525 0.9245901640625 0.778688525 0.9245901640625 0.7459016390625 0.8754098359375 0.7459016390625 0.8754098359375 0.778688525
19 0.8573770484375001 0.9434426234375 0.9229508203125001 0.9434426234375 0.9229508203125001 0.8737704921875 0.8573770484375001 0.8737704921875 0.8573770484375001 0.9434426234375
19 0.7852459015625 0.9450819671874999 0.850819671875 0.9450819671874999 0.850819671875 0.8819672125 0.7852459015625 0.8819672125 0.7852459015625 0.9450819671874999