19 0.1453125 0.4859375 0.078125 0.4859375 0.078125 0.58671875 0.1453125 0.58671875 0.1453125 0.4859375
19 0.0703125 0.4859375 0.003125 0.4859375 0.003125 0.5859375 0.0703125 0.5859375 0.0703125 0.4859375
19 0.38125 0.49375 0.2875 0.49375 0.2875 0.5875 0.38125 0.5875 0.38125 0.49375
19 0.4703125 0.4953125 0.3828125 0.4953125 0.3828125 0.5875 0.4703125 0.5875 0.4703125 0.4953125
19 0.5671875 0.49375 0.478125 0.49375 0.478125 0.5875 0.5671875 0.5875 0.5671875 0.49375
19 0.28203125 0.515625 0.228125 0.515625 0.228125 0.58515625 0.28203125 0.58515625 0.28203125 0.515625
19 0.2140625 0.5171875 0.1578125 0.5171875 0.1578125 0.5859375 0.2140625 0.5859375 0.2140625 0.5171875
19 0.8671875 0.5140625 0.76875 0.5140625 0.76875 0.58828125 0.8671875 0.58828125 0.8671875 0.5140625
19 0.76484375 0.515625 0.66875 0.515625 0.66875 0.5875 0.76484375 0.5875 0.76484375 0.515625
19 0.66953125 0.5125 0.571875 0.5125 0.571875 0.58671875 0.66953125 0.58671875 0.66953125 0.5125
19 0.990625 0.5453125 0.9390625 0.5453125 0.9390625 0.58515625 0.990625 0.58515625 0.990625 0.5453125
19 0.9234375 0.546875 0.8765625 0.546875 0.8765625 0.58515625 0.9234375 0.58515625 0.9234375 0.546875
19 0.58671875 0.6171875 0.46875 0.6171875 0.46875 0.709375 0.58671875 0.709375 0.58671875 0.6171875
19 0 0.709375 0.053125 0.709375 0.053125 0.6171875 0 0.6171875 0 0.709375
19 0.27421875 0.615625 0.1734375 0.615625 0.1734375 0.715625 0.27421875 0.715625 0.27421875 0.615625
19 0.16640625 0.615625 0.0609375 0.615625 0.0609375 0.71328125 0.16640625 0.71328125 0.16640625 0.615625
19 0.46015625 0.6234375 0.3734375 0.6234375 0.3734375 0.71328125 0.46015625 0.71328125 0.46015625 0.6234375
19 0.3671875 0.625 0.2796875 0.625 0.2796875 0.7125 0.3671875 0.7125 0.3671875 0.625
19 0.696875 0.640625 0.5890625 0.640625 0.5890625 0.71015625 0.696875 0.71015625 0.696875 0.640625