19 0.0703125 0.1399205953125 0.0055327859375000005 0.1399205953125 0.0055327859375000005 0.1841828890625 0.0703125 0.1841828890625 0.0703125 0.1399205953125
19 0.66875 0.359375 0.66875 0.2503073765625 0.613101946875 0.2503073765625 0.613101946875 0.359375 0.66875 0.359375
19 0.759375 0.334375 0.759375 0.28100666093750004 0.65043545 0.28100666093750004 0.65043545 0.334375 0.759375 0.334375
19 0.8138575828124999 0.359375 0.8138575828124999 0.295338115625 0.7392674171875 0.295338115625 0.7392674171875 0.359375 0.8138575828124999 0.359375
19 0.89375 0.3609375 0.89375 0.298219775 0.8242699796874999 0.298219775 0.8242699796874999 0.3609375 0.89375 0.3609375
19 0.9046875 0.359375 0.9765625 0.359375 0.9765625 0.301741803125 0.9046875 0.301741803125 0.9046875 0.359375
19 0.284375 0.484375 0.284375 0.3919313515625 0.19673411875 0.3919313515625 0.19673411875 0.484375 0.284375 0.484375
19 0.1890625 0.484375 0.1890625 0.3919313515625 0.1034323765625 0.3919313515625 0.1034323765625 0.484375 0.1890625 0.484375
19 0.090625 0.490625 0.090625 0.40242059374999994 0.0079405734375 0.40242059374999994 0.0079405734375 0.490625 0.090625 0.490625
19 0.38125 0.49375 0.38125 0.3984375 0.29360911875 0.3984375 0.29360911875 0.49375 0.38125 0.49375
19 0.69375 0.4859375 0.69375 0.43203125 0.6176357578125 0.43203125 0.6176357578125 0.4859375 0.69375 0.4859375
19 0.6828125 0.4875 0.75625 0.4875 0.75625 0.4328125 0.6828125 0.4328125 0.6828125 0.4875
19 0.7453125 0.4875 0.8227458999999999 0.4875 0.8227458999999999 0.43478483749999997 0.7453125 0.43478483749999997 0.7453125 0.4875
19 0.871875 0.4984375 0.871875 0.424385246875 0.8178406765625 0.424385246875 0.8178406765625 0.4984375 0.871875 0.4984375
19 0.871875 0.4921875 0.9484375 0.4921875 0.9484375 0.4363857578125 0.871875 0.4363857578125 0.871875 0.4921875
19 0.453125 0.4921875 0.453125 0.4359375 0.4099001015625 0.4359375 0.4099001015625 0.4921875 0.453125 0.4921875
19 0.5546875 0.4921875 0.5546875 0.4376536890625 0.5152151640625 0.4376536890625 0.5152151640625 0.4921875 0.5546875 0.4921875
19 0.6140625 0.49375 0.6140625 0.4363857578125 0.5709272546874999 0.4363857578125 0.5709272546874999 0.49375 0.6140625 0.49375
19 0.5046875 0.4953125 0.5046875 0.438101946875 0.4573130109375 0.438101946875 0.4573130109375 0.4953125 0.5046875 0.4953125
19 0.9203125 0.7421875 0.9203125 0.7079661890625 0.8877049171875001 0.7079661890625 0.8877049171875001 0.7421875 0.9203125 0.7421875
19 0.878125 0.746875 0.878125 0.7051613718749999 0.8459400609375001 0.7051613718749999 0.8459400609375001 0.746875 0.878125 0.746875
19 0.8703125 0.74532530625 0.8298796109375 0.74532530625 0.8298796109375 0.77811219375 0.8703125 0.77811219375 0.8703125 0.74532530625
19 0.9245901640625 0.778125 0.9245901640625 0.746477971875 0.8754098359375 0.746477971875 0.8754098359375 0.778125 0.9245901640625 0.778125
19 0.9249871921875 0.940625 0.9249871921875 0.8753586062500001 0.8553150609375001 0.8753586062500001 0.8553150609375001 0.940625 0.9249871921875 0.940625
19 0.85 0.8817238734374999 0.785963115625 0.8817238734374999 0.785963115625 0.9448386265625001 0.85 0.9448386265625001 0.85 0.8817238734374999