19 0.4625 0.2015625 0.4625 0.0880199953125 0.396920215625 0.0880199953125 0.396920215625 0.2015625 0.4625 0.2015625
19 0.2734375 0.2058078765625 0.3389519703125 0.2058078765625 0.3389519703125 0.09165996875 0.2734375 0.09165996875 0.2734375 0.2058078765625
19 0.2203125 0.1828125 0.2203125 0.124206190625 0.1210862140625 0.124206190625 0.1210862140625 0.1828125 0.2203125 0.1828125
19 0.078125 0.2015625 0.078125 0.108324959375 0.0185666203125 0.108324959375 0.0185666203125 0.2015625 0.078125 0.2015625
19 0.528125 0.328125 0.528125 0.21465785781250002 0.4403210421875 0.21465785781250002 0.44032104062500005 0.328125 0.528125 0.328125
19 0.4203125 0.3125 0.4203125 0.239893990625 0.3455059296875 0.239893990625 0.3455059296875 0.3125 0.4203125 0.3125
19 0.334375 0.3109375 0.334375 0.2831089234375 0.2826668015625 0.2831089234375 0.2826668015625 0.3109375 0.334375 0.3109375
19 0.27489700625 0.3109375 0.27489700625 0.2847719046875 0.22666549531250002 0.2847719046875 0.22666549531250002 0.3109375 0.27489700625 0.3109375
19 0.2078125 0.325 0.2078125 0.2745201953125 0.180627009375 0.274520196875 0.180627009375 0.325 0.2078125 0.325
19 0.0796875 0.3265625 0.0796875 0.272595959375 0.052491960937500005 0.272595959375 0.052491960937500005 0.3265625 0.0796875 0.3265625
19 0.1 0.3140625 0.1609375 0.3140625 0.1609375 0.28472668749999996 0.1 0.28472668749999996 0.1 0.3140625
19 0.3796875 0.440625 0.3796875 0.3550442125 0.3302602484375 0.3550442125 0.3302602484375 0.440625 0.3796875 0.440625
19 0.1078125 0.446875 0.15752110156250002 0.446875 0.15752110156250002 0.35545870156250003 0.1078125 0.35545870156250003 0.1078125 0.446875
19 0.2796875 0.446875 0.2796875 0.355418509375 0.2267006625 0.355418509375 0.2267006625 0.446875 0.2796875 0.446875