19 0.2125 0.216015625 0.171875 0.216015625 0.171875 0.2796875 0.2125 0.2796875 0.2125 0.216015625
19 0.2171875 0.2171875 0.2171875 0.284375 0.25 0.284375 0.25 0.2171875 0.2171875 0.2171875
19 0.261328125 0.2171875 0.261328125 0.284375 0.2984375 0.284375 0.2984375 0.2171875 0.261328125 0.2171875
19 0.3078125 0.21875 0.3078125 0.284375 0.340625 0.284375 0.340625 0.21875 0.3078125 0.21875
19 0.4265625 0.2671875 0.322265625 0.2671875 0.322265625 0.33125 0.4265625 0.33125 0.4265625 0.2671875
19 0.1796875 0.27734375 0.092578125 0.27734375 0.092578125 0.328125 0.1796875 0.328125 0.1796875 0.27734375
19 0.404296875 0.2828125 0.404296875 0.340625 0.4875 0.340625 0.4875 0.2828125 0.404296875 0.2828125
19 0.5484375 0.284765625 0.4671875 0.284765625 0.4671875 0.340625 0.5484375 0.340625 0.5484375 0.284765625
19 0.2015625 0.3484375 0.2015625 0.283203125 0.159765625 0.283203125 0.159765625 0.3484375 0.2015625 0.3484375
19 0.3515625 0.3359375 0.3515625 0.29609375 0.28828125 0.29609375 0.28828125 0.3359375 0.3515625 0.3359375
19 0.2625 0.298046875 0.19609375 0.298046875 0.19609375 0.3328125 0.2625 0.3328125 0.2625 0.298046875
19 0.3078125 0.298828125 0.2421875 0.298828125 0.2421875 0.3359375 0.3078125 0.3359375 0.3078125 0.298828125
19 0.534375 0.303125 0.534375 0.3453125 0.5953125 0.3453125 0.5953125 0.303125 0.534375 0.303125
19 0.6328125 0.353125 0.6328125 0.295703125 0.593359375 0.295703125 0.593359375 0.353125 0.6328125 0.353125
19 0.7421875 0.30390625 0.681640625 0.30390625 0.681640625 0.346875 0.7421875 0.346875 0.7421875 0.30390625
19 0.6390625 0.2953125 0.6390625 0.35625 0.684375 0.35625 0.684375 0.2953125 0.6390625 0.2953125
19 0.742578125 0.3875 0.742578125 0.4296875 0.7765625 0.4296875 0.7765625 0.3875 0.742578125 0.3875
19 0.7875 0.390625 0.7875 0.43125 0.8296875 0.43125 0.8296875 0.390625 0.7875 0.390625
19 0.8734375 0.428125 0.8734375 0.391796875 0.83125 0.391796875 0.83125 0.428125 0.8734375 0.428125
19 0.09375 0.459375 0.09375 0.423828125 0.0078125 0.423828125 0.0078125 0.459375 0.09375 0.459375
19 0.115625 0.3984375 0.115625 0.4859375 0.146875 0.4859375 0.146875 0.3984375 0.115625 0.3984375
19 0.0453125 0.428125 0.0453125 0.4609375 0.134375 0.4609375 0.134375 0.428125 0.0453125 0.428125
19 0.1953125 0.4015625 0.1953125 0.4890625 0.221875 0.4890625 0.221875 0.4015625 0.1953125 0.4015625
19 0.2296875 0.4015625 0.2296875 0.4890625 0.2671875 0.4890625 0.2671875 0.4015625 0.2296875 0.4015625
19 0.215625 0.4609375 0.215625 0.430859375 0.1265625 0.430859375 0.1265625 0.4609375 0.215625 0.4609375
19 0.667578125 0.4015625 0.667578125 0.490625 0.7359375 0.490625 0.7359375 0.4015625 0.667578125 0.4015625
19 0.513671875 0.4 0.513671875 0.49375 0.5828125 0.49375 0.5828125 0.4 0.513671875 0.4
19 0.5890625 0.4 0.5890625 0.4921875 0.6578125 0.4921875 0.6578125 0.4 0.5890625 0.4
19 0.3984375 0.478125 0.3984375 0.425 0.320703125 0.425 0.320703125 0.478125 0.3984375 0.478125
19 0.396875 0.4125 0.396875 0.4921875 0.44375 0.4921875 0.44375 0.4125 0.396875 0.4125
19 0.437109375 0.425 0.437109375 0.47890625 0.5125 0.47890625 0.5125 0.425 0.437109375 0.425
19 0.275 0.4125 0.275 0.4921875 0.328125 0.4921875 0.328125 0.4125 0.275 0.4125
19 0.878125 0.490625 0.9515625 0.490625 0.9515625 0.416796875 0.878125 0.416796875 0.878125 0.490625
19 0.78125 0.437890625 0.74375 0.437890625 0.74375 0.4921875 0.78125 0.4921875 0.78125 0.437890625
19 0.83125 0.442578125 0.778515625 0.442578125 0.778515625 0.485546875 0.83125 0.485546875 0.83125 0.442578125
19 0.830859375 0.4375 0.830859375 0.49375 0.8734375 0.49375 0.8734375 0.4375 0.830859375 0.4375
19 0.6390625 0.56171875 0.606640625 0.56171875 0.606640625 0.5953125 0.6390625 0.5953125 0.6390625 0.56171875
19 0.6765625 0.559765625 0.64375 0.559765625 0.64375 0.5921875 0.6765625 0.5921875 0.6765625 0.559765625
19 0.6046875 0.5921875 0.6046875 0.564453125 0.569921875 0.564453125 0.569921875 0.5921875 0.6046875 0.5921875
19 0.759765625 0.5546875 0.759765625 0.6375 0.8234375 0.6375 0.8234375 0.5546875 0.759765625 0.5546875
19 0.7609375 0.566015625 0.675 0.566015625 0.675 0.6296875 0.7609375 0.6296875 0.7609375 0.566015625
19 0.9 0.554296875 0.8328125 0.554296875 0.8328125 0.6390625 0.9 0.6390625 0.9 0.554296875
19 0.9796875 0.63125 0.9796875 0.565625 0.895703125 0.565625 0.895703125 0.63125 0.9796875 0.63125
19 0.44375 0.57734375 0.382421875 0.57734375 0.382421875 0.6359375 0.44375 0.6359375 0.44375 0.57734375
19 0.5640625 0.6375 0.5640625 0.5734375 0.511328125 0.5734375 0.511328125 0.6375 0.5640625 0.6375
19 0.1140625 0.6359375 0.1140625 0.574609375 0.05 0.574609375 0.05 0.6359375 0.1140625 0.6359375
19 0.123828125 0.5734375 0.123828125 0.6375 0.18125 0.6375 0.18125 0.5734375 0.123828125 0.5734375
19 0.315625 0.63125 0.315625 0.57890625 0.25546875 0.57890625 0.25546875 0.63125 0.315625 0.63125
19 0.446875 0.5734375 0.446875 0.6375 0.4984375 0.6375 0.4984375 0.5734375 0.446875 0.5734375
19 0.3796875 0.580078125 0.315234375 0.580078125 0.315234375 0.633984375 0.3796875 0.633984375 0.3796875 0.580078125
19 0.2484375 0.6390625 0.2484375 0.573046875 0.194921875 0.573046875 0.194921875 0.6390625 0.2484375 0.6390625
19 0.65 0.603125 0.65 0.6359375 0.678125 0.6359375 0.678125 0.603125 0.65 0.603125
19 0.603125 0.601171875 0.571875 0.601171875 0.571875 0.6359375 0.603125 0.6359375 0.603125 0.601171875
19 0.6078125 0.603125 0.6078125 0.6390625 0.64375 0.6390625 0.64375 0.603125 0.6078125 0.603125