19 0.8934707906250001 0.32646048125 0.9647766328125 0.32646048125 0.9647766328125 0.2044673546875 0.8934707906250001 0.2044673546875 0.8934707906250001 0.32646048125
19 0.8109965640624999 0.32817869375000003 0.8840206187499999 0.32817869375000003 0.8840206187499999 0.20790377968749998 0.8109965640624999 0.20790377968749998 0.8109965640624999 0.32817869375000003
19 1 0.2319587625 0.972508590625 0.2319587625 0.972508590625 0.32474226875 1 0.32474226875 1 0.2319587625
19 0.8470790375 0.473367696875 0.9140893468750001 0.473367696875 0.9140893468750001 0.3797250859375 0.8470790375 0.3797250859375 0.8470790375 0.473367696875
19 0.5257731953125 0.48024055 0.57474226875 0.48024055 0.57474226875 0.374570446875 0.5257731953125 0.374570446875 0.5257731953125 0.48024055
19 0.19415807499999999 0.48281786875000005 0.278350515625 0.48281786875000005 0.278350515625 0.3986254296875 0.19415807499999999 0.3986254296875 0.19415807499999999 0.48281786875000005
19 0.278350515625 0.48281786875000005 0.3591065296875 0.48281786875000005 0.3591065296875 0.3986254296875 0.278350515625 0.3986254296875 0.278350515625 0.48281786875000005
19 0.7938144328125001 0.4759450171875 0.8427835046875 0.4759450171875 0.8427835046875 0.40721649531250004 0.7938144328125001 0.40721649531250004 0.7938144328125001 0.4759450171875
19 0.02061855625 0.4853951890625 0.10652920937499999 0.4853951890625 0.10652920937499999 0.3969072171875 0.02061855625 0.3969072171875 0.02061855625 0.4853951890625
19 0.47250859062500006 0.47938144375 0.5163230234375 0.47938144375 0.5163230234375 0.40549828125 0.47250859062500006 0.40549828125 0.47250859062500006 0.47938144375
19 0.7353951890625 0.4759450171875 0.7843642609375 0.4759450171875 0.7843642609375 0.40721649531250004 0.7353951890625 0.40721649531250004 0.7353951890625 0.4759450171875
19 0.11168384843750001 0.4862542953125 0.1950171828125 0.4862542953125 0.1950171828125 0.40206185625 0.11168384843750001 0.40206185625 0.11168384843750001 0.4862542953125
19 0.36426116875000003 0.48281786875000005 0.41065292031249995 0.48281786875000005 0.41065292031249995 0.41580755937499997 0.36426116875000003 0.41580755937499997 0.36426116875000003 0.48281786875000005
19 0.4192439859375 0.48024055 0.47250859062500006 0.48024055 0.47250859062500006 0.4364261171875 0.4192439859375 0.4364261171875 0.4192439859375 0.48024055