19 0.376171875 0.0859375 0.376171875 0.13125 0.4265625 0.13125 0.4265625 0.0859375 0.376171875 0.0859375
19 0.434375 0.0859375 0.434375 0.1328125 0.484375 0.1328125 0.484375 0.0859375 0.434375 0.0859375
19 0.0859375 0.059375 0.0859375 0.1703125 0.159375 0.1703125 0.159375 0.059375 0.0859375 0.059375
19 0.2625 0.080078125 0.15 0.080078125 0.15 0.1515625 0.2625 0.1515625 0.2625 0.080078125
19 0.3828125 0.1625 0.3828125 0.11015625 0.30390625 0.11015625 0.30390625 0.1625 0.3828125 0.1625
19 0.8109375 0.0859375 0.8109375 0.18125 0.884375 0.18125 0.884375 0.0859375 0.8109375 0.0859375
19 0.247265625 0.0953125 0.247265625 0.1734375 0.30625 0.1734375 0.30625 0.0953125 0.247265625 0.0953125
19 0.7328125 0.190625 0.803125 0.190625 0.803125 0.0859375 0.7328125 0.0859375 0.7328125 0.190625
19 0.7296875 0.109765625 0.6734375 0.109765625 0.6734375 0.1828125 0.7296875 0.1828125 0.7296875 0.109765625
19 0.609375 0.1078125 0.609375 0.1875 0.6609375 0.1875 0.6609375 0.1078125 0.609375 0.1078125
19 0.378125 0.1359375 0.378125 0.18125 0.4265625 0.18125 0.4265625 0.1359375 0.378125 0.1359375
19 0.4765625 0.1828125 0.4765625 0.13671875 0.43203125 0.13671875 0.43203125 0.1828125 0.4765625 0.1828125
19 0.828125 0.6609375 0.828125 0.58203125 0.741796875 0.58203125 0.741796875 0.6609375 0.828125 0.6609375
19 0.7265625 0.575390625 0.6484375 0.575390625 0.6484375 0.665625 0.7265625 0.665625 0.7265625 0.575390625
19 0.5625 0.590625 0.5625 0.665625 0.6421875 0.665625 0.6421875 0.590625 0.5625 0.590625
19 0.458984375 0.6671875 0.458984375 0.594140625 0.392578125 0.594140625 0.392578125 0.6671875 0.458984375 0.6671875
19 0.375 0.600390625 0.3046875 0.600390625 0.3046875 0.6671875 0.375 0.6671875 0.375 0.600390625
19 0.4765625 0.5953125 0.4765625 0.6734375 0.5484375 0.6734375 0.5484375 0.5953125 0.4765625 0.5953125
19 0.534375 0.740625 0.534375 0.8140625 0.5984375 0.8140625 0.5984375 0.740625 0.534375 0.740625