19 0.7338709671875 0.4088709671875 0.770161290625 0.4088709671875 0.770161290625 0.35161290312500004 0.7338709671875 0.35161290312500004 0.7338709671875 0.4088709671875
19 0.695161290625 0.4129032265625 0.7314516125 0.4129032265625 0.7314516125 0.35322580625 0.695161290625 0.35322580625 0.695161290625 0.4129032265625
19 0.7725806453125 0.4104838703125 0.80967741875 0.4104838703125 0.80967741875 0.35967741875 0.7725806453125 0.35967741875 0.7725806453125 0.4104838703125
19 0.654838709375 0.4129032265625 0.6895161296875 0.4129032265625 0.6895161296875 0.358064515625 0.654838709375 0.358064515625 0.654838709375 0.4129032265625
19 0.5709677421875 0.4120967734375 0.6072580640624999 0.4120967734375 0.6072580640624999 0.35967741875 0.5709677421875 0.35967741875 0.5709677421875 0.4120967734375
19 0.611290321875 0.4120967734375 0.648387096875 0.4120967734375 0.648387096875 0.35967741875 0.611290321875 0.35967741875 0.611290321875 0.4120967734375
19 0.5354838703125 0.4129032265625 0.5693548390625 0.4129032265625 0.5693548390625 0.35967741875 0.5354838703125 0.35967741875 0.5354838703125 0.4129032265625
19 0.498387096875 0.4161290328125 0.533064515625 0.4161290328125 0.533064515625 0.3564516125 0.498387096875 0.3564516125 0.498387096875 0.4161290328125
19 0.8032258062500001 0.5725806453125 0.85322580625 0.5725806453125 0.85322580625 0.4661290328125 0.8032258062500001 0.4661290328125 0.8032258062500001 0.5725806453125
19 0.695161290625 0.573387096875 0.7459677421875 0.573387096875 0.7459677421875 0.4677419359375 0.695161290625 0.4677419359375 0.695161290625 0.573387096875
19 0.7483870968749999 0.573387096875 0.8008064515625 0.573387096875 0.8008064515625 0.4693548390625 0.7483870968749999 0.4693548390625 0.7483870968749999 0.573387096875
19 0.6435483875 0.575 0.6943548390625 0.575 0.6943548390625 0.4693548390625 0.6435483875 0.4693548390625 0.6435483875 0.575
19 0.5903225812499999 0.5790322578125 0.6411290328125 0.5790322578125 0.6411290328125 0.4709677421875 0.5903225812499999 0.4709677421875 0.5903225812499999 0.5790322578125
19 0.5338709671874999 0.575 0.5588709671875 0.575 0.5588709671875 0.5145161296875 0.5338709671874999 0.5145161296875 0.5338709671874999 0.575
19 0.5629032265625 0.5774193546874999 0.5887096781250001 0.5774193546874999 0.5887096781250001 0.511290321875 0.5629032265625 0.511290321875 0.5629032265625 0.5774193546874999
19 0.47741935468749996 0.5774193546874999 0.5024193546875 0.5774193546874999 0.5024193546875 0.511290321875 0.47741935468749996 0.511290321875 0.47741935468749996 0.5774193546874999
19 0.448387096875 0.5790322578125 0.47580645156249995 0.5790322578125 0.47580645156249995 0.5129032265625 0.448387096875 0.5129032265625 0.448387096875 0.5790322578125
19 0.5064516125 0.5798387093749999 0.5314516125 0.5798387093749999 0.5314516125 0.5129032265625 0.5064516125 0.5129032265625 0.5064516125 0.5798387093749999
19 0.388709678125 0.5790322578125 0.41370967812500004 0.5790322578125 0.41370967812500004 0.5161290328125 0.388709678125 0.5161290328125 0.388709678125 0.5790322578125
19 0.4193548390625 0.5814516125 0.44435483906249995 0.5814516125 0.44435483906249995 0.5145161296875 0.4193548390625 0.5145161296875 0.4193548390625 0.5814516125
19 0.7370967734375 0.74677419375 0.7879032265625 0.74677419375 0.7879032265625 0.64032258125 0.7370967734375 0.64032258125 0.7370967734375 0.74677419375
19 0.7919354843749999 0.7483870968749999 0.8427419359374999 0.7483870968749999 0.8427419359374999 0.64032258125 0.7919354843749999 0.64032258125 0.7919354843749999 0.7483870968749999
19 0.6322580640625 0.7524193546875 0.683064515625 0.7524193546875 0.683064515625 0.6354838703125 0.6322580640625 0.6354838703125 0.6322580640625 0.7524193546875
19 0.6822580640625 0.75 0.7322580640624999 0.75 0.7322580640624999 0.6370967734375 0.6822580640625 0.6370967734375 0.6822580640625 0.75
19 0.5806451609375001 0.7475806453125 0.6266129031250001 0.7475806453125 0.6266129031250001 0.641935484375 0.5806451609375001 0.641935484375 0.5806451609375001 0.7475806453125
19 0.5209677421875 0.7524193546875 0.573387096875 0.7524193546875 0.573387096875 0.6435483875 0.5209677421875 0.6435483875 0.5209677421875 0.7524193546875