19 0.2890625 0.725 0.2890625 0.671875 0.230078125 0.671875 0.230078125 0.725 0.2890625 0.725
19 0.353125 0.725 0.353125 0.672265625 0.298828125 0.672265625 0.298828125 0.725 0.353125 0.725
19 0.5515625 0.728125 0.5515625 0.668359375 0.4921875 0.668359375 0.4921875 0.728125 0.5515625 0.728125
19 0.3609375 0.6734375 0.3609375 0.728125 0.4296875 0.728125 0.4296875 0.6734375 0.3609375 0.6734375
19 0.15 0.68125 0.15 0.7296875 0.21875 0.7296875 0.21875 0.68125 0.15 0.68125
19 0.4328125 0.6796875 0.4328125 0.7328125 0.484375 0.7328125 0.484375 0.6796875 0.4328125 0.6796875
19 0.470703125 0.8 0.470703125 0.825 0.509375 0.825 0.509375 0.8 0.470703125 0.8
19 0.55625 0.8015625 0.55625 0.8265625 0.5875 0.8265625 0.5875 0.8015625 0.55625 0.8015625
19 0.51875 0.8015625 0.51875 0.825 0.5484375 0.825 0.5484375 0.8015625 0.51875 0.8015625
19 0.5515625 0.8453125 0.5515625 0.8703125 0.590625 0.8703125 0.590625 0.8453125 0.5515625 0.8453125
19 0.5453125 0.84453125 0.516796875 0.84453125 0.516796875 0.8734375 0.5453125 0.8734375 0.5453125 0.84453125
19 0.509375 0.844140625 0.4734375 0.844140625 0.4734375 0.8765625 0.509375 0.8765625 0.509375 0.844140625
19 0.6421875 0.925 0.6421875 0.866015625 0.585546875 0.866015625 0.585546875 0.925 0.6421875 0.925
19 0.7109375 0.9296875 0.7109375 0.869140625 0.653125 0.869140625 0.653125 0.9296875 0.7109375 0.9296875
19 0.7828125 0.870703125 0.7203125 0.870703125 0.7203125 0.928125 0.7828125 0.928125 0.7828125 0.870703125
19 0.4734375 0.89375 0.4734375 0.921875 0.5046875 0.921875 0.5046875 0.89375 0.4734375 0.89375
19 0.5453125 0.921875 0.5453125 0.89375 0.512890625 0.89375 0.512890625 0.921875 0.5453125 0.921875
19 0.5515625 0.89375 0.5515625 0.921875 0.5828125 0.921875 0.5828125 0.89375 0.5515625 0.89375
19 0.1171875 0.4359375 0.1171875 0.398046875 0.036328125 0.398046875 0.036328125 0.4359375 0.1171875 0.4359375
19 0.2078125 0.3859375 0.2078125 0.4625 0.259375 0.4625 0.259375 0.3859375 0.2078125 0.3859375
19 0.33125 0.39765625 0.255078125 0.39765625 0.255078125 0.453125 0.33125 0.453125 0.33125 0.39765625
19 0.515625 0.4515625 0.515625 0.39921875 0.43984375 0.39921875 0.43984375 0.4515625 0.515625 0.4515625
19 0.506640625 0.3875 0.506640625 0.4640625 0.5640625 0.4640625 0.5640625 0.3875 0.506640625 0.3875
19 0.3921875 0.4515625 0.3921875 0.40078125 0.31484375 0.40078125 0.31484375 0.4515625 0.3921875 0.4515625
19 0.634375 0.40078125 0.556640625 0.40078125 0.556640625 0.4515625 0.634375 0.4515625 0.634375 0.40078125
19 0.375 0.4 0.375 0.453125 0.453125 0.453125 0.453125 0.4 0.375 0.4
19 0.20625 0.41640625 0.151171875 0.41640625 0.151171875 0.45 0.20625 0.45 0.20625 0.41640625
19 0.1484375 0.405078125 0.1109375 0.405078125 0.1109375 0.4640625 0.1484375 0.4640625 0.1484375 0.405078125
19 0.4359375 0.5171875 0.347265625 0.5171875 0.347265625 0.590625 0.4359375 0.590625 0.4359375 0.5171875
19 0.5171875 0.5921875 0.5171875 0.52109375 0.43828125 0.52109375 0.43828125 0.5921875 0.5171875 0.5921875
19 0.5171875 0.51875 0.5171875 0.5984375 0.5953125 0.5984375 0.5953125 0.51875 0.5171875 0.51875
19 0.1625 0.59375 0.1625 0.523828125 0.112890625 0.523828125 0.112890625 0.59375 0.1625 0.59375
19 0.173046875 0.525 0.173046875 0.596875 0.2234375 0.596875 0.2234375 0.525 0.173046875 0.525
19 0.115625 0.5859375 0.115625 0.53515625 0.04765625 0.53515625 0.04765625 0.5859375 0.115625 0.5859375
19 0.2765625 0.5890625 0.2765625 0.549609375 0.22265625 0.549609375 0.22265625 0.5890625 0.2765625 0.5890625