19 0.2125 0.215234375 0.171875 0.215234375 0.171875 0.2796875 0.2125 0.2796875 0.2125 0.215234375
19 0.217578125 0.2171875 0.217578125 0.284375 0.25 0.284375 0.25 0.2171875 0.217578125 0.2171875
19 0.261328125 0.2171875 0.261328125 0.284375 0.2984375 0.284375 0.2984375 0.2171875 0.261328125 0.2171875
19 0.3078125 0.21875 0.3078125 0.284375 0.340625 0.284375 0.340625 0.21875 0.3078125 0.21875
19 0.3421875 0.246875 0.3421875 0.3515625 0.40625 0.3515625 0.40625 0.246875 0.3421875 0.246875
19 0.1796875 0.27734375 0.092578125 0.27734375 0.092578125 0.328125 0.1796875 0.328125 0.1796875 0.27734375
19 0.404296875 0.2828125 0.404296875 0.340625 0.4875 0.340625 0.4875 0.2828125 0.404296875 0.2828125
19 0.5484375 0.340625 0.5484375 0.284765625 0.4671875 0.284765625 0.4671875 0.340625 0.5484375 0.340625
19 0.2015625 0.3484375 0.2015625 0.282421875 0.158984375 0.282421875 0.158984375 0.3484375 0.2015625 0.3484375
19 0.3 0.284375 0.3 0.3484375 0.340625 0.3484375 0.340625 0.284375 0.3 0.284375
19 0.26171875 0.3328125 0.26171875 0.298046875 0.1953125 0.298046875 0.1953125 0.3328125 0.26171875 0.3328125
19 0.25625 0.284375 0.25625 0.35 0.29375 0.35 0.29375 0.284375 0.25625 0.284375
19 0.534375 0.303125 0.534375 0.3453125 0.5953125 0.3453125 0.5953125 0.303125 0.534375 0.303125
19 0.6328125 0.353125 0.6328125 0.295703125 0.593359375 0.295703125 0.593359375 0.353125 0.6328125 0.353125
19 0.7421875 0.346875 0.7421875 0.3046875 0.681640625 0.3046875 0.681640625 0.346875 0.7421875 0.346875
19 0.6390625 0.2953125 0.6390625 0.35625 0.684375 0.35625 0.684375 0.2953125 0.6390625 0.2953125
19 0.742578125 0.3875 0.742578125 0.4296875 0.7765625 0.4296875 0.7765625 0.3875 0.742578125 0.3875
19 0.7875 0.390625 0.7875 0.43125 0.8296875 0.43125 0.8296875 0.390625 0.7875 0.390625
19 0.871875 0.389453125 0.834375 0.389453125 0.834375 0.43125 0.871875 0.43125 0.871875 0.389453125
19 0.06875 0.398828125 0.0328125 0.398828125 0.0328125 0.484375 0.06875 0.484375 0.06875 0.398828125
19 0.0875 0.4265625 0.0875 0.4578125 0.175 0.4578125 0.175 0.4265625 0.0875 0.4265625
19 0.0734375 0.4 0.0734375 0.4890625 0.10625 0.4890625 0.10625 0.4 0.0734375 0.4
19 0.195703125 0.4015625 0.195703125 0.4890625 0.221875 0.4890625 0.221875 0.4015625 0.195703125 0.4015625
19 0.2296875 0.4015625 0.2296875 0.4890625 0.2671875 0.4890625 0.2671875 0.4015625 0.2296875 0.4015625
19 0.215625 0.4609375 0.215625 0.430859375 0.12734375 0.430859375 0.12734375 0.4609375 0.215625 0.4609375
19 0.666796875 0.4015625 0.666796875 0.490625 0.7359375 0.490625 0.7359375 0.4015625 0.666796875 0.4015625
19 0.5953125 0.41171875 0.501953125 0.41171875 0.501953125 0.48125 0.5953125 0.48125 0.5953125 0.41171875
19 0.5890625 0.4 0.5890625 0.4921875 0.6578125 0.4921875 0.6578125 0.4 0.5890625 0.4
19 0.3984375 0.478125 0.3984375 0.425 0.320703125 0.425 0.320703125 0.478125 0.3984375 0.478125
19 0.459375 0.475 0.459375 0.42890625 0.38046875 0.42890625 0.38046875 0.475 0.459375 0.475
19 0.5125 0.42578125 0.437109375 0.42578125 0.437109375 0.4796875 0.5125 0.4796875 0.5125 0.42578125
19 0.275 0.4125 0.275 0.4921875 0.328125 0.4921875 0.328125 0.4125 0.275 0.4125
19 0.878125 0.490625 0.9515625 0.490625 0.9515625 0.416796875 0.878125 0.416796875 0.878125 0.490625
19 0.78125 0.437890625 0.74375 0.437890625 0.74375 0.4921875 0.78125 0.4921875 0.78125 0.437890625
19 0.8265625 0.490625 0.8265625 0.4375 0.784765625 0.4375 0.784765625 0.490625 0.8265625 0.490625
19 0.8796875 0.44453125 0.824609375 0.44453125 0.824609375 0.4875 0.8796875 0.4875 0.8796875 0.44453125
19 0.6390625 0.56171875 0.606640625 0.56171875 0.606640625 0.5953125 0.6390625 0.5953125 0.6390625 0.56171875
19 0.6765625 0.559765625 0.64296875 0.559765625 0.64296875 0.5921875 0.6765625 0.5921875 0.6765625 0.559765625
19 0.6046875 0.5921875 0.6046875 0.563671875 0.570703125 0.563671875 0.570703125 0.5921875 0.6046875 0.5921875
19 0.8328125 0.628125 0.8328125 0.5640625 0.750390625 0.5640625 0.750390625 0.628125 0.8328125 0.628125
19 0.6859375 0.5546875 0.6859375 0.640625 0.75 0.640625 0.75 0.5546875 0.6859375 0.5546875
19 0.90859375 0.6296875 0.90859375 0.563671875 0.8234375 0.563671875 0.8234375 0.6296875 0.90859375 0.6296875
19 0.9796875 0.56484375 0.895703125 0.56484375 0.895703125 0.63125 0.9796875 0.63125 0.9796875 0.56484375
19 0.384765625 0.575 0.384765625 0.6375 0.4421875 0.6375 0.4421875 0.575 0.384765625 0.575
19 0.56875 0.6328125 0.56875 0.579296875 0.505859375 0.579296875 0.505859375 0.6328125 0.56875 0.6328125
19 0.1140625 0.6359375 0.1140625 0.574609375 0.05078125 0.574609375 0.05078125 0.6359375 0.1140625 0.6359375
19 0.184375 0.5765625 0.120703125 0.5765625 0.120703125 0.634375 0.184375 0.634375 0.184375 0.5765625
19 0.259375 0.575 0.259375 0.6359375 0.3125 0.6359375 0.3125 0.575 0.259375 0.575
19 0.440625 0.5796875 0.440625 0.63125 0.5046875 0.63125 0.5046875 0.5796875 0.440625 0.5796875
19 0.3734375 0.6390625 0.3734375 0.574609375 0.319921875 0.574609375 0.319921875 0.6390625 0.3734375 0.6390625
19 0.2546875 0.6328125 0.2546875 0.580078125 0.188671875 0.580078125 0.188671875 0.6328125 0.2546875 0.6328125
19 0.6796875 0.6328125 0.6796875 0.60546875 0.648046875 0.60546875 0.648046875 0.6328125 0.6796875 0.6328125
19 0.6046875 0.634375 0.6046875 0.603515625 0.5703125 0.603515625 0.5703125 0.634375 0.6046875 0.634375
19 0.6078125 0.603125 0.6078125 0.6390625 0.64375 0.6390625 0.64375 0.603125 0.6078125 0.603125