19 0.4765625 0.2640625 0.4765625 0.19303155156250001 0.3643790203125 0.19303155156250001 0.3643790203125 0.2640625 0.4765625 0.2640625
19 0.459375 0.284375 0.5265625 0.284375 0.5265625 0.17382686875 0.459375 0.17382686875 0.459375 0.284375
19 0.3359375 0.2734375 0.3359375 0.2030797828125 0.254737740625 0.2030797828125 0.254737740625 0.2734375 0.3359375 0.2734375
19 0.6028310890624999 0.2640625 0.6028310890624999 0.2130199953125 0.507975784375 0.2130199953125 0.507975784375 0.2640625 0.6028310890624999 0.2640625
19 0.2546875 0.275 0.2546875 0.2055390875 0.1722141265625 0.2055390875 0.1722141265625 0.275 0.2546875 0.275
19 0.63125 0.1923934890625 0.5836741359375 0.1923934890625 0.5836741359375 0.2888565109375 0.63125 0.2888565109375 0.63125 0.1923934890625
19 0.3875 0.2734375 0.3875 0.22248291875 0.32199055312499997 0.22248291875 0.32199055312499997 0.2734375 0.3875 0.2734375
19 0.628125 0.41875 0.628125 0.3611460015625 0.5522784359374999 0.3611460015625 0.5522784359374999 0.41875 0.628125 0.41875
19 0.678125 0.35381581406249996 0.6208777125 0.35381581406249996 0.6208777125 0.43259394999999995 0.678125 0.43259394999999995 0.678125 0.35381581406249996
19 0.734375 0.4328125 0.734375 0.35584806874999997 0.679245378125 0.35584806874999997 0.679245378125 0.4328125 0.734375 0.4328125
19 0.80625 0.421875 0.80625 0.366253015625 0.72773060625 0.366253015625 0.72773060625 0.421875 0.80625 0.421875
19 0.8484375 0.4234375 0.8484375 0.384643790625 0.78944433125 0.384643790625 0.78944433125 0.4234375 0.8484375 0.4234375
19 0.8921875 0.4265625 0.8921875 0.3851110328125 0.8339027328125 0.3851110328125 0.8339027328125 0.4265625 0.8921875 0.4265625
19 0.9355004031249999 0.434375 0.9355004031249999 0.376507234375 0.883249596875 0.376507234375 0.883249596875 0.434375 0.9355004031249999 0.434375