19 0.840625 0.2640625 0.840625 0.2248132859375 0.7759728765625 0.2248132859375 0.7759728765625 0.2640625 0.840625 0.2640625
19 0.782527515625 0.2796875 0.782527515625 0.21385121875 0.748722484375 0.21385121875 0.748722484375 0.2796875 0.782527515625 0.2796875
19 0.753125 0.265625 0.753125 0.2285819578125 0.6859424140625 0.2285819578125 0.6859424140625 0.265625 0.753125 0.265625
19 0.690625 0.28125 0.690625 0.215010809375 0.658338246875 0.215010809375 0.658338246875 0.28125 0.690625 0.28125
19 0.6765625 0.328125 0.6765625 0.2641509421875 0.5722238609375 0.2641509421875 0.5722238609375 0.328125 0.6765625 0.328125
19 0.8890625 0.34375 0.8890625 0.25625 0.8392934359374999 0.25625 0.8392934359374999 0.34375 0.8890625 0.34375
19 0.5796875 0.3515625 0.5796875 0.2671875 0.52286261875 0.2671875 0.52286261875 0.3515625 0.5796875 0.3515625
19 0.53125 0.3375 0.53125 0.2817806609375 0.44930719375 0.2817806609375 0.44930719375 0.3375 0.53125 0.3375
19 0.840625 0.2798693015625 0.7984375 0.2798693015625 0.7984375 0.3466932 0.840625 0.3466932 0.840625 0.2798693015625
19 0.6984375 0.3453125 0.6984375 0.28125 0.6592472484375 0.28125 0.6592472484375 0.3453125 0.6984375 0.3453125
19 0.8046334515625 0.33125 0.8046334515625 0.29533706875 0.737809553125 0.29533706875 0.737809553125 0.33125 0.8046334515625 0.33125
19 0.7421875 0.28146128125000003 0.705817609375 0.28146128125000003 0.705817609375 0.34828518124999996 0.7421875 0.34828518124999996 0.7421875 0.28146128125000003
19 0.453125 0.3515625 0.453125 0.290625 0.4123673359375 0.290625 0.4123673359375 0.3515625 0.453125 0.3515625
19 0.4125 0.3015625 0.3545007859375 0.3015625 0.3545007859375 0.3416470125 0.4125 0.3416470125 0.4125 0.3015625
19 0.3140625 0.34375 0.3140625 0.3015625 0.2538669421875 0.3015625 0.2538669421875 0.34375 0.3140625 0.34375
19 0.3046875 0.3453125 0.365625 0.3453125 0.365625 0.3008500390625 0.3046875 0.3008500390625 0.3046875 0.3453125
19 0.215625 0.4234375 0.2576700078125 0.4234375 0.2576700078125 0.3884483109375 0.215625 0.3884483109375 0.215625 0.4234375
19 0.2078125 0.3875 0.1680228 0.3875 0.1680228 0.429643278125 0.2078125 0.429643278125 0.2078125 0.3875
19 0.162062696875 0.428125 0.162062696875 0.386610653125 0.124326846875 0.386610653125 0.124326846875 0.428125 0.162062696875 0.428125
19 0.9921875 0.421875 0.9068248828125001 0.421875 0.9068248828125001 0.4576307 0.9921875 0.4576307 0.9921875 0.421875
19 0.9125 0.42449390625000005 0.8258451250000001 0.42449390625000005 0.8258451250000001 0.45594045000000005 0.9125 0.45594045000000005 0.9125 0.42449390625000005
19 0.9265625 0.4859375 0.9265625 0.3981574296875 0.895209315625 0.3981574296875 0.895209315625 0.4859375 0.9265625 0.4859375
19 0.834375 0.45625 0.834375 0.4297710296875 0.7468946546875 0.4297710296875 0.7468946546875 0.45625 0.834375 0.45625
19 0.7328125 0.4859375 0.7703125 0.4859375 0.7703125 0.39972484218750004 0.7328125 0.39972484218750004 0.7328125 0.4859375
19 0.871875 0.459375 0.871875 0.429343553125 0.783367728125 0.429343553125 0.783367728125 0.459375 0.871875 0.459375
19 0.328125 0.4875 0.328125 0.3990222078125 0.2601120296875 0.3990222078125 0.2601120296875 0.4875 0.328125 0.4875
19 0.4843504328125 0.490625 0.4843504328125 0.3974547953125 0.4143818796875 0.3974547953125 0.4143818796875 0.490625 0.4843504328125 0.490625
19 0.41875 0.478125 0.41875 0.40958628125 0.3281790484375 0.4095862828125 0.3281790484375 0.478125 0.41875 0.478125
19 0.665625 0.4875 0.665625 0.41006289218749997 0.612121659375 0.41006289218749997 0.612121659375 0.4875 0.665625 0.4875
19 0.6171875 0.4734375 0.6171875 0.4273781453125 0.5388315640625 0.4273781453125 0.5388315640625 0.4734375 0.6171875 0.4734375
19 0.55 0.4875 0.55 0.41164013437499997 0.4966047578125 0.41164013437499997 0.4966047578125 0.4875 0.55 0.4875
19 0.6578125 0.4765625 0.7375 0.4765625 0.7375 0.42406643125 0.6578125 0.42406643125 0.6578125 0.4765625
19 0.04375 0.4890625 0.1171875 0.4890625 0.1171875 0.415625 0.04375 0.415625 0.04375 0.4890625
19 0.2609375 0.48125 0.2609375 0.44467374218750005 0.2065300703125 0.444673740625 0.2065300703125 0.48125 0.2609375 0.48125
19 0.1690448125 0.4359375 0.1690448125 0.4890625 0.21228380625 0.4890625 0.21228380625 0.4359375 0.1690448125 0.4359375
19 0.1640625 0.490625 0.1640625 0.43530856875 0.12158018749999999 0.43530856875 0.12158018749999999 0.490625 0.1640625 0.490625
19 0.390625 0.59375 0.390625 0.561320753125 0.3585839234375 0.561320753125 0.3585839234375 0.59375 0.390625 0.59375
19 0.353125 0.590625 0.353125 0.5580237828125 0.3204402515625 0.5580237828125 0.3204402515625 0.590625 0.353125 0.590625
19 0.4265625 0.5627211078125 0.392202240625 0.5627211078125 0.392202240625 0.5918091578125 0.4265625 0.5918091578125 0.4265625 0.5627211078125
19 0.2375 0.6359375 0.2375 0.5532724046874999 0.172277909375 0.5532724046874999 0.172277909375 0.6359375 0.2375 0.6359375
19 0.321875 0.628125 0.321875 0.5646766890625 0.23567216875 0.5646766890625 0.23567216875 0.628125 0.321875 0.628125
19 0.16349253125000002 0.5532478375000001 0.09588246875 0.5532478375000001 0.09588246875 0.6389396625 0.16349253125000002 0.6389396625 0.16349253125000002 0.5532478375000001
19 0.0890625 0.6390625 0.0890625 0.5548594734375001 0.0243415875 0.5548594734375001 0.0243415875 0.6390625 0.0890625 0.6390625
19 0.55625 0.6359375 0.6140625 0.6359375 0.6140625 0.5740222078125 0.55625 0.5740222078125 0.55625 0.6359375
19 0.4921875 0.63125 0.4921875 0.5776876953125 0.42793828593749994 0.5776876953125 0.42793828593749994 0.63125 0.4921875 0.63125
19 0.9484375 0.6375 0.9484375 0.5725923734375 0.8862814468750001 0.5725923734375 0.8862814468750001 0.6375 0.9484375 0.6375
19 0.8765625 0.6359375 0.8765625 0.5724547953125 0.8189563671875 0.5724547953125 0.8189563671875 0.6359375 0.8765625 0.6359375
19 0.7390625 0.634375 0.7390625 0.57377161875 0.686880896875 0.57377161875 0.686880896875 0.634375 0.7390625 0.634375
19 0.5578125 0.6296875 0.5578125 0.57845420625 0.4935829390625 0.57845420625 0.4935829390625 0.6296875 0.5578125 0.6296875
19 0.678125 0.5736242125000001 0.625221109375 0.5736242125000001 0.625221109375 0.6388757859374999 0.678125 0.6388757859374999 0.678125 0.5736242125000001
19 0.803125 0.6390625 0.803125 0.5725972875 0.7505699703125 0.5725972875 0.7505699703125 0.6390625 0.803125 0.6390625
19 0.34941037812500003 0.63125 0.34941037812500003 0.604038915625 0.316391509375 0.604038915625 0.316391509375 0.63125 0.34941037812500003 0.63125
19 0.425 0.6359375 0.425 0.6009777921875 0.39409394531249997 0.6009777921875 0.39409394531249997 0.6359375 0.425 0.6359375
19 0.3890625 0.6375 0.3890625 0.6022209125 0.35374410312500004 0.6022209125 0.35374410312500004 0.6375 0.3890625 0.6375