19 0.058064515625 0.2556451609375 0.1 0.2556451609375 0.1 0.198387096875 0.058064515625 0.198387096875 0.058064515625 0.2556451609375
19 0.10322580625 0.258064515625 0.145161290625 0.258064515625 0.145161290625 0.2 0.10322580625 0.2 0.10322580625 0.258064515625
19 0.5903225812499999 0.4 0.6435483875 0.4 0.6435483875 0.304838709375 0.5903225812499999 0.304838709375 0.5903225812499999 0.4
19 0.648387096875 0.4 0.6967741937499999 0.4 0.6967741937499999 0.304838709375 0.648387096875 0.304838709375 0.648387096875 0.4
19 0.698387096875 0.39838709687499996 0.7588709671875 0.39838709687499996 0.7588709671875 0.34032258125000003 0.698387096875 0.34032258125000003 0.698387096875 0.39838709687499996
19 0.7629032265625 0.39677419375 0.8258064515625 0.39677419375 0.8258064515625 0.341935484375 0.7629032265625 0.341935484375 0.7629032265625 0.39677419375
19 0.8290322578125 0.40161290312500003 0.895161290625 0.40161290312500003 0.895161290625 0.341935484375 0.8290322578125 0.341935484375 0.8290322578125 0.40161290312500003
19 0.17580645156250002 0.511290321875 0.25 0.511290321875 0.25 0.42580645156249997 0.17580645156250002 0.42580645156249997 0.17580645156250002 0.511290321875
19 0.254838709375 0.5104838703125 0.326612903125 0.5104838703125 0.326612903125 0.4274193546875 0.254838709375 0.4274193546875 0.254838709375 0.5104838703125
19 0.098387096875 0.508064515625 0.17016129062500002 0.508064515625 0.17016129062500002 0.43709677343750003 0.098387096875 0.43709677343750003 0.098387096875 0.508064515625
19 0.3322580640625 0.5145161296875 0.4040322578125 0.5145161296875 0.4040322578125 0.43225806406249995 0.3322580640625 0.43225806406249995 0.3322580640625 0.5145161296875
19 0.604838709375 0.520161290625 0.658064515625 0.520161290625 0.658064515625 0.451612903125 0.604838709375 0.451612903125 0.604838709375 0.520161290625
19 0.6629032265625 0.520161290625 0.711290321875 0.520161290625 0.711290321875 0.451612903125 0.6629032265625 0.451612903125 0.6629032265625 0.520161290625
19 0.7129032265624999 0.5209677421875 0.75967741875 0.5209677421875 0.75967741875 0.451612903125 0.7129032265624999 0.451612903125 0.7129032265624999 0.5209677421875
19 0.7629032265625 0.5225806453125 0.8129032265625 0.5225806453125 0.8129032265625 0.45322580625000003 0.7629032265625 0.45322580625000003 0.7629032265625 0.5225806453125
19 0.8161290328125 0.52177419375 0.8645161296874999 0.52177419375 0.8645161296874999 0.454838709375 0.8161290328125 0.454838709375 0.8161290328125 0.52177419375
19 0.4209677421875 0.51532258125 0.466935484375 0.51532258125 0.466935484375 0.4629032265625 0.4209677421875 0.4629032265625 0.4209677421875 0.51532258125
19 0.4645161296875 0.51532258125 0.5088709671875 0.51532258125 0.5088709671875 0.4645161296875 0.4645161296875 0.4645161296875 0.4645161296875 0.51532258125
19 0.554838709375 0.5177419359375001 0.6008064515625 0.5177419359375001 0.6008064515625 0.4645161296875 0.554838709375 0.4645161296875 0.554838709375 0.5177419359375001
19 0.508064515625 0.516935484375 0.5524193546875 0.516935484375 0.5524193546875 0.4645161296875 0.508064515625 0.4645161296875 0.508064515625 0.516935484375
19 0.7822580640625 0.7322580640624999 0.8145161296874999 0.7322580640624999 0.8145161296874999 0.701612903125 0.7822580640625 0.701612903125 0.7822580640625 0.7322580640624999
19 0.8145161296874999 0.7306451609375 0.84677419375 0.7306451609375 0.84677419375 0.7032258062500001 0.8145161296874999 0.7032258062500001 0.8145161296874999 0.7306451609375
19 0.8129032265625 0.75967741875 0.845161290625 0.75967741875 0.845161290625 0.7322580640624999 0.8129032265625 0.7322580640624999 0.8129032265625 0.75967741875
19 0.7774193546875 0.761290321875 0.80967741875 0.761290321875 0.80967741875 0.7338709671875 0.7774193546875 0.7338709671875 0.7774193546875 0.761290321875
19 0.7919354843749999 0.9088709671874999 0.8491935484375001 0.9088709671874999 0.8491935484375001 0.84677419375 0.7919354843749999 0.84677419375 0.7919354843749999 0.9088709671874999
19 0.7370967734375 0.9064516125000001 0.7879032265625 0.9064516125000001 0.7879032265625 0.848387096875 0.7370967734375 0.848387096875 0.7370967734375 0.9064516125000001