19 0.76484375 0.246875 0.6828125 0.246875 0.6828125 0.33828125 0.76484375 0.33828125 0.76484375 0.246875
19 0.23046875 0.253125 0.171875 0.253125 0.171875 0.3328125 0.23046875 0.3328125 0.23046875 0.253125
19 0.2921875 0.2515625 0.2359375 0.2515625 0.2359375 0.33359375 0.2921875 0.33359375 0.2921875 0.2515625
19 0.6796875 0.2640625 0.603125 0.2640625 0.603125 0.340625 0.6796875 0.340625 0.6796875 0.2640625
19 0.84140625 0.2625 0.771875 0.2625 0.771875 0.34296875 0.84140625 0.34296875 0.84140625 0.2625
19 0.92265625 0.265625 0.8484375 0.265625 0.8484375 0.3421875 0.92265625 0.3421875 0.92265625 0.265625
19 0.346875 0.278125 0.2984375 0.278125 0.2984375 0.334375 0.346875 0.334375 0.346875 0.278125
19 0.39296875 0.278125 0.3484375 0.278125 0.3484375 0.334375 0.39296875 0.334375 0.39296875 0.278125
19 0.48984375 0.278125 0.4453125 0.278125 0.4453125 0.33671875 0.48984375 0.33671875 0.48984375 0.278125
19 0.59765625 0.278125 0.546875 0.278125 0.546875 0.33828125 0.59765625 0.33828125 0.59765625 0.278125
19 0.54453125 0.278125 0.49375 0.278125 0.49375 0.33828125 0.54453125 0.33828125 0.54453125 0.278125
19 0.43828125 0.3015625 0.3984375 0.3015625 0.3984375 0.334375 0.43828125 0.334375 0.43828125 0.3015625