19 0.090277778125 0.5260416671875 0.17881944375 0.5260416671875 0.17881944375 0.45659722187499996 0.090277778125 0.45659722187499996 0.090277778125 0.5260416671875
19 0 0.5295138890625 0.081597221875 0.5295138890625 0.081597221875 0.4583333328125 0 0.4583333328125 0 0.5295138890625
19 0.48784722187499996 0.5286458328125 0.5677083328125 0.5286458328125 0.5677083328125 0.45659722187499996 0.48784722187499996 0.45659722187499996 0.48784722187499996 0.5286458328125
19 0.578125 0.5286458328125 0.6631944437499999 0.5286458328125 0.6631944437499999 0.45659722187499996 0.578125 0.45659722187499996 0.578125 0.5286458328125
19 0.39756944375000003 0.5286458328125 0.4765625 0.5286458328125 0.4765625 0.45659722187499996 0.39756944375000003 0.45659722187499996 0.39756944375000003 0.5286458328125
19 0.18576388906250002 0.526909721875 0.24739583281250002 0.526909721875 0.24739583281250002 0.47222222187499996 0.18576388906250002 0.47222222187499996 0.18576388906250002 0.526909721875
19 0.2552083328125 0.5286458328125 0.3151041671875 0.5286458328125 0.3151041671875 0.4739583328125 0.2552083328125 0.4739583328125 0.2552083328125 0.5286458328125
19 0.3263888890625 0.527777778125 0.3880208328125 0.527777778125 0.3880208328125 0.4739583328125 0.3263888890625 0.4739583328125 0.3263888890625 0.527777778125
19 0.6736111109375 0.53125 0.730902778125 0.53125 0.730902778125 0.47743055625 0.6736111109375 0.47743055625 0.6736111109375 0.53125
19 0.7395833328125 0.5338541671875 0.7994791671875 0.5338541671875 0.7994791671875 0.47743055625 0.7395833328125 0.47743055625 0.7395833328125 0.5338541671875
19 0.8055555562500001 0.5329861109375 0.862847221875 0.5329861109375 0.862847221875 0.5 0.8055555562500001 0.5 0.8055555562500001 0.5329861109375
19 0.8697916671874999 0.5303819437499999 0.926215278125 0.5303819437499999 0.926215278125 0.5 0.8697916671874999 0.5 0.8697916671874999 0.5303819437499999
19 0.9357638890625 0.5303819437499999 0.9895833328125001 0.5303819437499999 0.9895833328125001 0.5 0.9357638890625 0.5 0.9357638890625 0.5303819437499999
19 0.4861111109375 0.6553819437499999 0.590277778125 0.6553819437499999 0.590277778125 0.578125 0.4861111109375 0.578125 0.4861111109375 0.6553819437499999
19 0.6006944437499999 0.6571180562500001 0.699652778125 0.6571180562500001 0.699652778125 0.5798611109375 0.6006944437499999 0.5798611109375 0.6006944437499999 0.6571180562500001
19 0.3732638890625 0.6545138890625 0.48003472187499996 0.6545138890625 0.48003472187499996 0.590277778125 0.3732638890625 0.590277778125 0.3732638890625 0.6545138890625
19 0.0416666671875 0.652777778125 0.13888888906250002 0.652777778125 0.13888888906250002 0.590277778125 0.0416666671875 0.590277778125 0.0416666671875 0.652777778125
19 0.15798611093749998 0.6553819437499999 0.2526041671875 0.6553819437499999 0.2526041671875 0.5954861109375 0.15798611093749998 0.5954861109375 0.15798611093749998 0.6553819437499999
19 0.265625 0.65625 0.3654513890625 0.65625 0.3654513890625 0.597222221875 0.265625 0.597222221875 0.265625 0.65625