19 0.45625 0.559375 0.45625 0.7015625 0.5296875 0.7015625 0.5296875 0.559375 0.45625 0.559375
19 0.6421875 0.589453125 0.499609375 0.589453125 0.499609375 0.665234375 0.6421875 0.665234375 0.6421875 0.589453125
19 0.6140625 0.578125 0.6140625 0.7078125 0.6765625 0.7078125 0.6765625 0.578125 0.6140625 0.578125
19 0.1484375 0.588671875 0.075 0.588671875 0.075 0.7015625 0.1484375 0.7015625 0.1484375 0.588671875
19 0.4546875 0.0578125 0.4546875 0.0984375 0.6109375 0.0984375 0.6109375 0.0578125 0.4546875 0.0578125
19 0.5640625 0.1578125 0.60625 0.1578125 0.60625 0.000390625 0.5640625 0.000390625 0.5640625 0.1578125
19 0.08125 0.7609375 0.08125 0.9234375 0.1296875 0.9234375 0.1296875 0.7609375 0.08125 0.7609375
19 0.2875 0.9265625 0.2875 0.794921875 0.237890625 0.794921875 0.237890625 0.9265625 0.2875 0.9265625
19 0.3828125 0.8875 0.3828125 0.83515625 0.26015625 0.83515625 0.26015625 0.8875 0.3828125 0.8875
19 0.3515625 0.7984375 0.3515625 0.925 0.403125 0.925 0.403125 0.7984375 0.3515625 0.7984375
19 0.190625 0.828125 0.190625 0.925 0.2328125 0.925 0.2328125 0.828125 0.190625 0.828125
19 0.1859375 0.925 0.1859375 0.8296875 0.142578125 0.8296875 0.142578125 0.925 0.1859375 0.925
19 0.460546875 0.9125 0.460546875 0.877734375 0.401953125 0.877734375 0.401953125 0.9125 0.460546875 0.9125
19 0.443359375 0.8765625 0.443359375 0.91484375 0.503125 0.91484375 0.503125 0.8765625 0.443359375 0.8765625
19 0.425 0.115625 0.425 0.079296875 0.3078125 0.079296875 0.3078125 0.115625 0.425 0.115625
19 0.303125 0.1609375 0.340625 0.1609375 0.340625 0.039453125 0.303125 0.039453125 0.303125 0.1609375