19 0.675 0.596875 0.675 0.690625 0.728125 0.690625 0.728125 0.596875 0.675 0.596875
19 0.6140625 0.596875 0.6140625 0.6890625 0.6625 0.6890625 0.6625 0.596875 0.6140625 0.596875
19 0.8328125 0.6078125 0.8328125 0.6875 0.8703125 0.6875 0.8703125 0.6078125 0.8328125 0.6078125
19 0.84375 0.6640625 0.84375 0.629296875 0.76328125 0.629296875 0.76328125 0.6640625 0.84375 0.6640625
19 0.8796875 0.6859375 0.9125 0.6859375 0.9125 0.631640625 0.8796875 0.631640625 0.8796875 0.6859375
19 0.9125 0.64375 0.9125 0.6765625 0.9703125 0.6765625 0.9703125 0.64375 0.9125 0.64375
19 0.3296875 0.637890625 0.2875 0.637890625 0.2875 0.696875 0.3296875 0.696875 0.3296875 0.637890625
19 0.230859375 0.646875 0.230859375 0.690625 0.2875 0.690625 0.2875 0.646875 0.230859375 0.646875
19 0.234375 0.642578125 0.1921875 0.642578125 0.1921875 0.696875 0.234375 0.696875 0.234375 0.642578125
19 0.190625 0.6484375 0.134765625 0.6484375 0.134765625 0.6921875 0.190625 0.6921875 0.190625 0.6484375
19 0.1421875 0.64921875 0.086328125 0.64921875 0.086328125 0.69375 0.1421875 0.69375 0.1421875 0.64921875
19 0.3890625 0.378125 0.3890625 0.30546875 0.28046875 0.30546875 0.28046875 0.378125 0.3890625 0.378125
19 0.2078125 0.3078125 0.2078125 0.375 0.315625 0.375 0.315625 0.3078125 0.2078125 0.3078125
19 0.15 0.3875 0.15 0.303515625 0.049609375 0.303515625 0.049609375 0.3875 0.15 0.3875
19 0.2234375 0.305078125 0.14375 0.305078125 0.14375 0.3953125 0.2234375 0.3953125 0.2234375 0.305078125
19 0.7921875 0.309375 0.7921875 0.3921875 0.871875 0.3921875 0.871875 0.309375 0.7921875 0.309375
19 0.875 0.309375 0.875 0.3921875 0.9515625 0.3921875 0.9515625 0.309375 0.875 0.309375
19 0.7390625 0.3296875 0.7390625 0.39375 0.784375 0.39375 0.784375 0.3296875 0.7390625 0.3296875
19 0.6875 0.33125 0.6875 0.39375 0.7359375 0.39375 0.7359375 0.33125 0.6875 0.33125
19 0.627734375 0.3390625 0.627734375 0.3828125 0.690625 0.3828125 0.690625 0.3390625 0.627734375 0.3390625
19 0.7578125 0.5453125 0.7578125 0.444921875 0.707421875 0.444921875 0.707421875 0.5453125 0.7578125 0.5453125
19 0.5921875 0.51875 0.5921875 0.471484375 0.495703125 0.471484375 0.495703125 0.51875 0.5921875 0.51875
19 0.653125 0.5234375 0.653125 0.4703125 0.555859375 0.4703125 0.555859375 0.5234375 0.653125 0.5234375
19 0.6171875 0.475 0.6171875 0.521875 0.7171875 0.521875 0.7171875 0.475 0.6171875 0.475
19 0.31875 0.484765625 0.24375 0.484765625 0.24375 0.540625 0.31875 0.540625 0.31875 0.484765625
19 0.2578125 0.540625 0.2578125 0.484765625 0.1828125 0.484765625 0.1828125 0.540625 0.2578125 0.540625
19 0.1234375 0.540625 0.196875 0.540625 0.196875 0.486328125 0.1234375 0.486328125 0.1234375 0.540625
19 0.1359375 0.485546875 0.06015625 0.485546875 0.06015625 0.5421875 0.1359375 0.5421875 0.1359375 0.485546875
19 0.33515625 0.6296875 0.33515625 0.588671875 0.28125 0.588671875 0.28125 0.6296875 0.33515625 0.6296875
19 0.2328125 0.5875 0.2328125 0.6359375 0.284375 0.6359375 0.284375 0.5875 0.2328125 0.5875
19 0.184375 0.585546875 0.1375 0.585546875 0.1375 0.6390625 0.184375 0.6390625 0.184375 0.585546875
19 0.090625 0.5890625 0.090625 0.6421875 0.1328125 0.6421875 0.1328125 0.5890625 0.090625 0.5890625