19 0.678125 0.3671875 0.678125 0.329352678125 0.6252232140625 0.329352678125 0.6252232140625 0.3671875 0.678125 0.3671875
19 0.6798701296874999 0.328125 0.6798701296874999 0.36875 0.7326298703125 0.36875 0.7326298703125 0.328125 0.6798701296874999 0.328125
19 0.7796875 0.3734375 0.7796875 0.3242491875 0.740878653125 0.3242491875 0.740878653125 0.3734375 0.7796875 0.3734375
19 0.946875 0.3671875 0.946875 0.33125 0.904241071875 0.33125 0.904241071875 0.3671875 0.946875 0.3671875
19 0.89375 0.36875 0.89375 0.33103693125 0.849279625 0.33103693125 0.849279625 0.36875 0.89375 0.36875
19 0.8359375 0.371875 0.8359375 0.329383115625 0.8004565749999999 0.329383115625 0.8004565749999999 0.371875 0.8359375 0.371875
19 1 0.332721184375 0.9594358765625 0.332721184375 0.9594358765625 0.3703125 1 0.3703125 1 0.332721184375
19 0.2453125 0.4078125 0.321875 0.4078125 0.321875 0.3376014609375 0.2453125 0.3376014609375 0.2453125 0.4078125
19 0.4015625 0.4140625 0.4015625 0.332315340625 0.33029626562500003 0.332315340625 0.33029626562500003 0.4140625 0.4015625 0.4140625
19 0.2453125 0.33928571406249997 0.1578125 0.33928571406249997 0.1578125 0.41071428593750003 0.2453125 0.41071428593750003 0.2453125 0.33928571406249997
19 0 0.4109375 0.071875 0.4109375 0.071875 0.3380377421875 0 0.3380377421875 0 0.4109375
19 0.15 0.334375 0.07954545468749999 0.334375 0.07954545468749999 0.41521915624999994 0.15 0.41521915624999994 0.15 0.334375
19 0.4734375 0.41875 0.4734375 0.34695617031250003 0.41971387968749996 0.34695617031250003 0.41971387968749996 0.41875 0.4734375 0.41875
19 0.623122971875 0.409375 0.623122971875 0.355996346875 0.5565645296875 0.355996346875 0.5565645296875 0.409375 0.623122971875 0.409375
19 0.5484375 0.353216315625 0.4839082796875 0.353216315625 0.4839082796875 0.4108461859375 0.5484375 0.4108461859375 0.5484375 0.353216315625
19 0.63125 0.415625 0.671875 0.415625 0.671875 0.3626420453125 0.63125 0.3626420453125 0.63125 0.415625
19 0.7390625 0.409375 0.7390625 0.3715807640625 0.6839488625000001 0.3715807640625 0.6839488625000001 0.409375 0.7390625 0.409375
19 0.85 0.409375 0.85 0.373609984375 0.8024655031249999 0.373609984375 0.8024655031249999 0.409375 0.85 0.409375
19 0.9015625 0.4109375 0.9015625 0.37198660625 0.8586038968749999 0.37198660625 0.8586038968749999 0.4109375 0.9015625 0.4109375
19 0.746875 0.41875 0.7828125 0.41875 0.7828125 0.3630275984375 0.746875 0.3630275984375 0.746875 0.41875
19 0.9171875 0.409375 0.965625 0.409375 0.965625 0.3719257296875 0.9171875 0.3719257296875 0.9171875 0.409375
19 0.9721387984375 0.3734375 0.9721387984375 0.409375 0.9997362015625001 0.409375 0.9997362015625001 0.3734375 0.9721387984375 0.3734375
19 0.246875 0.5203125 0.246875 0.46273336093750006 0.1671875 0.46273336093750006 0.1671875 0.5203125 0.246875 0.5203125
19 0.0625 0.525 0.0625 0.4568587671875 0.005752840625 0.4568587671875 0.005752840625 0.525 0.0625 0.525
19 0.1578125 0.462591315625 0.07975852343749999 0.462591315625 0.07975852343749999 0.520221184375 0.1578125 0.520221184375 0.1578125 0.462591315625
19 0.325 0.44903612031250006 0.26694399375 0.44903612031250006 0.26694399375 0.53426339375 0.325 0.53426339375 0.325 0.44903612031250006
19 0.3487926125 0.5234070609375 0.43401988593749996 0.5234070609375 0.43401988593749996 0.4625304375 0.3487926125 0.4625304375 0.3487926125 0.5234070609375
19 0.5828125 0.5390625 0.5828125 0.457640015625 0.534963471875 0.457640015625 0.534963471875 0.5390625 0.5828125 0.5390625
19 0.43126014687499997 0.52478693125 0.5140523546875 0.52478693125 0.5140523546875 0.47365056718750004 0.43126014687499997 0.47365056718750004 0.43126014687499997 0.52478693125
19 0.8340604718750001 0.5234375 0.8340604718750001 0.480803571875 0.7675020296875 0.480803571875 0.7675020296875 0.5234375 0.8340604718750001 0.5234375
19 0.903125 0.5234375 0.903125 0.480235390625 0.8428469968750001 0.480235390625 0.8428469968750001 0.5234375 0.903125 0.5234375
19 0.6640625 0.5359375 0.6640625 0.4703125 0.6219054390625 0.4703125 0.6219054390625 0.5359375 0.6640625 0.5359375
19 0.74375 0.5375 0.74375 0.4693993515625 0.704362825 0.4693993515625 0.704362825 0.5375 0.74375 0.5375
19 0.9243100656250001 0.740625 0.9243100656250001 0.6631087671875 0.8691152593749999 0.6631087671875 0.8691152593749999 0.740625 0.9243100656250001 0.740625
19 0.846875 0.7328125 0.846875 0.6802455359375 0.77478693125 0.6802455359375 0.77478693125 0.7328125 0.846875 0.7328125
19 0.6036323046875001 0.734253246875 0.6807426953125 0.734253246875 0.6807426953125 0.678246753125 0.6036323046875001 0.678246753125 0.6036323046875001 0.734253246875
19 0.765625 0.734375 0.765625 0.6822037328125 0.6882711046875001 0.6822037328125 0.6882711046875001 0.734375 0.765625 0.734375
19 0.4140625 0.746875 0.4140625 0.670434253125 0.357558846875 0.670434253125 0.357558846875 0.746875 0.4140625 0.746875
19 0.253125 0.6802353890624999 0.1768262984375 0.6802353890624999 0.1768262984375 0.7386769484375 0.253125 0.7386769484375 0.253125 0.6802353890624999
19 0.0859375 0.680265828125 0.014559657812499998 0.680265828125 0.014559657812499998 0.7403307640625 0.0859375 0.7403307640625 0.0859375 0.680265828125
19 0.33125 0.746875 0.33125 0.67085024375 0.2735795453125 0.67085024375 0.2735795453125 0.746875 0.33125 0.746875
19 0.596875 0.68354301875 0.5151481312499999 0.68354301875 0.5151481312499999 0.7387378250000001 0.596875 0.7387378250000001 0.596875 0.68354301875
19 0.42691761250000004 0.738971184375 0.5121448859375 0.738971184375 0.5121448859375 0.6813413140625 0.42691761250000004 0.6813413140625 0.42691761250000004 0.738971184375
19 0.0954444 0.7421570625 0.17174309999999998 0.7421570625 0.17174309999999998 0.6812804375 0.0954444 0.6812804375 0.0954444 0.7421570625
19 0.9245332796874999 0.8015625 0.9245332796874999 0.7535004062499999 0.8474228890625 0.7535004062499999 0.8474228890625 0.8015625 0.9245332796874999 0.8015625
19 1 0.7535511374999999 0.9477982953125 0.7535511374999999 0.9477982953125 0.8 1 0.8 1 0.7535511374999999
19 0.8234375 0.815625 0.8234375 0.7405539765625 0.7740665578125 0.7405539765625 0.7740665578125 0.815625 0.8234375 0.815625
19 0.7453125 0.8171875 0.7453125 0.7403206171875001 0.694896509375 0.7403206171875001 0.694896509375 0.8171875 0.7453125 0.8171875
19 0.6625 0.815625 0.6625 0.74243100625 0.6145393671875 0.74243100625 0.6145393671875 0.815625 0.6625 0.815625
19 0.435947646875 0.753125 0.435947646875 0.8078125 0.5187398546875001 0.8078125 0.5187398546875001 0.753125 0.435947646875 0.753125
19 0.59375 0.7548701296875 0.5216619312499999 0.7548701296875 0.5216619312499999 0.8076298703125 0.59375 0.8076298703125 0.59375 0.7548701296875
19 0.359375 0.8078125 0.434375 0.8078125 0.434375 0.7552759734375 0.359375 0.7552759734375 0.359375 0.8078125
19 0.35 0.7548701296875 0.27791193125 0.7548701296875 0.27791193125 0.8076298703125 0.35 0.8076298703125 0.35 0.7548701296875
19 0.259375 0.81875 0.259375 0.7453125 0.20532670625 0.7453125 0.20532670625 0.81875 0.259375 0.81875
19 0.1890625 0.7565543828125 0.113484171875 0.7565543828125 0.113484171875 0.8093141234375001 0.1890625 0.8093141234375001 0.1890625 0.7565543828125
19 0.096875 0.821875 0.096875 0.750304384375 0.0436181 0.750304384375 0.0436181 0.821875 0.096875 0.821875