19 0.5984375 0.21875 0.5984375 0.17902151718749998 0.5479892421875 0.17902151718749998 0.5479892421875 0.21875 0.5984375 0.21875
19 0.55 0.225 0.55 0.171875 0.5131787906249999 0.171875 0.5131787906249999 0.225 0.55 0.225
19 0.6375 0.2171875 0.6375 0.179008709375 0.5910604515625 0.179008709375 0.5910604515625 0.2171875 0.6375 0.2171875
19 0.6390625 0.2234375 0.6765625 0.2234375 0.6765625 0.17380891406250001 0.6390625 0.17380891406250001 0.6390625 0.2234375
19 0.46871157812500003 0.246875 0.46871157812500003 0.2141521515625 0.440023053125 0.2141521515625 0.440023053125 0.246875 0.46871157812500003 0.246875
19 0.4265625 0.246875 0.4265625 0.2151511265625 0.40498206875 0.2151511265625 0.40498207031250005 0.246875 0.4265625 0.246875
19 0.50625 0.2453125 0.50625 0.2175973375 0.4740906765625 0.2175973375 0.4740906765625 0.2453125 0.50625 0.2453125
19 0.5921875 0.2734375 0.5921875 0.2275358609375 0.5586834015625 0.2275358609375 0.5586834015625 0.2734375 0.5921875 0.2734375
19 0.5578125 0.271875 0.5578125 0.23433657812500003 0.5116290984375 0.23433657812500003 0.5116290984375 0.271875 0.5578125 0.271875
19 0.678125 0.2765625 0.678125 0.2259349390625 0.641444671875 0.2259349390625 0.641444671875 0.2765625 0.678125 0.2765625
19 0.5984375 0.278125 0.6375 0.278125 0.6375 0.228125 0.5984375 0.228125 0.5984375 0.278125
19 0.471875 0.2460297125 0.43842213125 0.2460297125 0.43842213125 0.27635758125 0.471875 0.27635758125 0.471875 0.2460297125
19 0.48053278906249997 0.2453125 0.48053278906249997 0.2796875 0.51086065625 0.2796875 0.51086065625 0.2453125 0.48053278906249997 0.2453125
19 0.434375 0.2765625 0.434375 0.2497950828125 0.40554559375 0.2497950828125 0.40554559375 0.2765625 0.434375 0.2765625
19 0.45 0.4390625 0.45 0.39011270468750003 0.391239753125 0.39011270468750003 0.391239753125 0.4390625 0.45 0.4390625
19 0.5796875 0.4484375 0.5796875 0.38579661875000004 0.529943646875 0.38579661875000004 0.529943646875 0.4484375 0.5796875 0.4484375
19 0.515625 0.38515625 0.463498975 0.38515625 0.463498975 0.448271003125 0.515625 0.448271003125 0.515625 0.38515625
19 0.38125 0.4484375 0.38125 0.3869877046875 0.32998206875 0.3869877046875 0.32998206875 0.4484375 0.38125 0.4484375
19 0.39375 0.528125 0.440625 0.528125 0.440625 0.4671875 0.39375 0.4671875 0.39375 0.528125
19 0.3953125 0.521875 0.3953125 0.474756659375 0.33025102500000003 0.474756659375 0.33025102500000003 0.521875 0.3953125 0.521875
19 0.675 0.578125 0.675 0.534823259375 0.5917008203125 0.534823259375 0.5917008203125 0.578125 0.675 0.578125
19 0.4921875 0.603125 0.4921875 0.5211449781249999 0.43429815625 0.5211449781249999 0.43429815625 0.603125 0.4921875 0.603125
19 0.625 0.584375 0.625 0.548603996875 0.550384221875 0.548603996875 0.550384221875 0.584375 0.625 0.584375
19 0.390625 0.5953125 0.390625 0.5470671109375 0.3235527671875 0.5470671109375 0.3235527671875 0.5953125 0.390625 0.5953125
19 0.43269723437499996 0.6046875 0.43269723437499996 0.5378586078125001 0.3876152671875 0.5378586078125001 0.3876152671875 0.6046875 0.43269723437499996 0.6046875
19 0.33125 0.60625 0.33125 0.5390625 0.28400358593749997 0.5390625 0.28400358593749997 0.60625 0.33125 0.60625
19 0.5328125 0.5921875 0.5328125 0.5623206953125 0.480071721875 0.5623206953125 0.480071721875 0.5921875 0.5328125 0.5921875
19 0.459375 0.7625 0.459375 0.6831583 0.396503584375 0.6831583 0.396503584375 0.7625 0.459375 0.7625
19 0.5234375 0.753125 0.5953125 0.753125 0.5953125 0.6925717203125 0.5234375 0.6925717203125 0.5234375 0.753125
19 0.528125 0.7515625 0.528125 0.694159834375 0.45689036875 0.694159834375 0.45689036875 0.7515625 0.528125 0.7515625
19 0.3140625 0.7578125 0.390625 0.7578125 0.390625 0.6964651640625 0.3140625 0.6964651640625 0.3140625 0.7578125