19 0.6453125 0.2640625 0.6453125 0.1743923625 0.5471354171875 0.1743923625 0.5471354171875 0.2640625 0.6453125 0.2640625
19 0.275 0.2609375 0.275 0.1796875 0.181597221875 0.1796875 0.181597221875 0.2609375 0.275 0.2609375
19 0.5453125 0.2640625 0.5453125 0.1751736109375 0.45694444531249995 0.1751736109375 0.45694444531249995 0.2640625 0.5453125 0.2640625
19 0.3609375 0.2609375 0.3609375 0.1828993046875 0.2677083328125 0.1828993046875 0.2677083328125 0.2609375 0.3609375 0.2609375
19 0.459375 0.181510415625 0.3680555546875 0.181510415625 0.3680555546875 0.26397569375 0.459375 0.26397569375 0.459375 0.181510415625
19 0.1859375 0.26875 0.1859375 0.1800347234375 0.107552084375 0.1800347234375 0.107552084375 0.26875 0.1859375 0.26875
19 0.5359375 0.4328125 0.5359375 0.3493055546875 0.4378472234375 0.3493055546875 0.4378472234375 0.4328125 0.5359375 0.4328125
19 0.18411458281249998 0.440625 0.18411458281249998 0.34756944375 0.10685763749999999 0.34756944375 0.10685763749999999 0.440625 0.18411458281249998 0.440625
19 0.8140625 0.35972222187499997 0.703125 0.35972222187499997 0.703125 0.4291666671875 0.8140625 0.4291666671875 0.8140625 0.35972222187499997
19 0.2720486109375 0.346875 0.2720486109375 0.440625 0.353125 0.440625 0.353125 0.346875 0.2720486109375 0.346875
19 0.8020833328125001 0.3421875 0.8020833328125001 0.4484375 0.8697916671874999 0.4484375 0.8697916671874999 0.3421875 0.8020833328125001 0.3421875
19 0.44774305625000005 0.4359375 0.44774305625000005 0.35590277812500004 0.348784721875 0.35590277812500004 0.348784721875 0.4359375 0.44774305625000005 0.4359375
19 0.275 0.434375 0.275 0.35616319375 0.181770834375 0.35616319375 0.181770834375 0.434375 0.275 0.434375
19 0.6265625 0.440625 0.6265625 0.3565104171875 0.530815971875 0.3565104171875 0.530815971875 0.440625 0.6265625 0.440625
19 0.71866319375 0.446875 0.71866319375 0.3526041671875 0.6344618046875 0.3526041671875 0.6344618046875 0.446875 0.71866319375 0.446875
19 0.596875 0.605902778125 0.67586805625 0.605902778125 0.67586805625 0.549479165625 0.596875 0.549479165625 0.596875 0.605902778125
19 0.396875 0.5501736109375 0.3578125 0.5501736109375 0.3578125 0.6092013890625 0.396875 0.6092013890625 0.396875 0.5501736109375
19 0.3375 0.5501736109375 0.297135415625 0.5501736109375 0.297135415625 0.6092013890625 0.3375 0.6092013890625 0.3375 0.5501736109375
19 0.7265625 0.6171875 0.7265625 0.5422743046875 0.6705729171875 0.5422743046875 0.6705729171875 0.6171875 0.7265625 0.6171875
19 0.45130208281249995 0.5501736109375 0.40963541562500005 0.5501736109375 0.40963541562500005 0.6092013890625 0.45130208281249995 0.6092013890625 0.45130208281249995 0.5501736109375
19 0.5078125 0.603125 0.5078125 0.5622395828125 0.450173609375 0.5622395828125 0.450173609375 0.603125 0.5078125 0.603125
19 0.8 0.6109375 0.8 0.554947915625 0.7245659718749999 0.554947915625 0.7245659718749999 0.6109375 0.8 0.6109375
19 0.8001736109375001 0.5453125 0.8001736109375001 0.6265625 0.8592013890624999 0.6265625 0.8592013890624999 0.5453125 0.8001736109375001 0.5453125
19 0.5578125 0.6046875 0.5578125 0.5644965296875 0.5 0.5644965296875 0.5 0.6046875 0.5578125 0.6046875
19 0.6041666671875 0.615625 0.6041666671875 0.5575520828125 0.5598958328125 0.5575520828125 0.5598958328125 0.615625 0.6041666671875 0.615625