19 0.1640625 0.23125 0.090625 0.23125 0.090625 0.340625 0.1640625 0.340625 0.1640625 0.23125
19 0.2359375 0.234375 0.159375 0.234375 0.159375 0.3421875 0.2359375 0.3421875 0.2359375 0.234375
19 0.3078125 0.2375 0.240625 0.2375 0.240625 0.3453125 0.3078125 0.3453125 0.3078125 0.2375
19 0.5734375 0.2640625 0.5 0.2640625 0.5 0.35390625 0.5734375 0.35390625 0.5734375 0.2640625
19 0.42734375 0.2796875 0.378125 0.2796875 0.378125 0.34375 0.42734375 0.34375 0.42734375 0.2796875
19 0.36953125 0.278125 0.3140625 0.278125 0.3140625 0.346875 0.36953125 0.346875 0.36953125 0.278125
19 0.48828125 0.28125 0.434375 0.28125 0.434375 0.35 0.48828125 0.35 0.48828125 0.28125
19 0.653125 0.271875 0.5796875 0.271875 0.5796875 0.35703125 0.653125 0.35703125 0.653125 0.271875
19 0.7328125 0.2734375 0.6640625 0.2734375 0.6640625 0.36015625 0.7328125 0.36015625 0.7328125 0.2734375
19 0.81328125 0.278125 0.74375 0.278125 0.74375 0.36484375 0.81328125 0.36484375 0.81328125 0.278125
19 0.8859375 0.2828125 0.8234375 0.2828125 0.8234375 0.371875 0.8859375 0.371875 0.8859375 0.2828125
19 0.93515625 0.334375 0.8921875 0.334375 0.8921875 0.3703125 0.93515625 0.3703125 0.93515625 0.334375
19 0.99140625 0.3375 0.940625 0.3375 0.940625 0.375 0.99140625 0.375 0.99140625 0.3375
19 0.2234375 0.375 0.1671875 0.375 0.1671875 0.4421875 0.2234375 0.4421875 0.2234375 0.375
19 0.27734375 0.375 0.2265625 0.375 0.2265625 0.44609375 0.27734375 0.44609375 0.27734375 0.375
19 0.1625 0.371875 0.1109375 0.371875 0.1109375 0.46953125 0.1625 0.46953125 0.1625 0.371875
19 0.33359375 0.3796875 0.284375 0.3796875 0.284375 0.475 0.33359375 0.475 0.33359375 0.3796875
19 0.41484375 0.3875 0.3390625 0.3875 0.3390625 0.47421875 0.41484375 0.47421875 0.41484375 0.3875
19 0.50234375 0.3890625 0.4265625 0.3890625 0.4265625 0.47890625 0.50234375 0.47890625 0.50234375 0.3890625
19 0.56640625 0.415625 0.5125 0.415625 0.5125 0.48046875 0.56640625 0.48046875 0.56640625 0.415625
19 0.696875 0.41875 0.64375 0.41875 0.64375 0.48125 0.696875 0.48125 0.696875 0.41875
19 0.6375 0.41875 0.5765625 0.41875 0.5765625 0.48359375 0.6375 0.48359375 0.6375 0.41875
19 0.7671875 0.421875 0.70625 0.421875 0.70625 0.4859375 0.7671875 0.4859375 0.7671875 0.421875