19 0.115625 0.078125 0.0328125 0.078125 0.0328125 0.18984375 0.115625 0.18984375 0.115625 0.078125
19 0.2015625 0.084375 0.11875 0.084375 0.11875 0.1890625 0.2015625 0.1890625 0.2015625 0.084375
19 0.578125 0.0890625 0.5140625 0.0890625 0.5140625 0.19453125 0.578125 0.19453125 0.578125 0.0890625
19 0.64921875 0.090625 0.5796875 0.090625 0.5796875 0.19609375 0.64921875 0.19609375 0.64921875 0.090625
19 0.7765625 0.103125 0.7046875 0.103125 0.7046875 0.196875 0.7765625 0.196875 0.7765625 0.103125
19 0.509375 0.125 0.4375 0.125 0.4375 0.19375 0.509375 0.19375 0.509375 0.125
19 0.434375 0.1296875 0.3875 0.1296875 0.3875 0.19453125 0.434375 0.19453125 0.434375 0.1296875
19 0.3875 0.1296875 0.3390625 0.1296875 0.3390625 0.196875 0.3875 0.196875 0.3875 0.1296875
19 0.54375 0.465625 0.475 0.465625 0.475 0.5234375 0.54375 0.5234375 0.54375 0.465625
19 0.475 0.4640625 0.4140625 0.4640625 0.4140625 0.52421875 0.475 0.52421875 0.475 0.4640625
19 0.60859375 0.465625 0.5484375 0.465625 0.5484375 0.52578125 0.60859375 0.52578125 0.60859375 0.465625
19 0.36953125 0.4671875 0.325 0.4671875 0.325 0.525 0.36953125 0.525 0.36953125 0.4671875
19 0.41328125 0.4671875 0.3734375 0.4671875 0.3734375 0.525 0.41328125 0.525 0.41328125 0.4671875
19 0.14921875 0.4921875 0.1109375 0.4921875 0.1109375 0.52578125 0.14921875 0.52578125 0.14921875 0.4921875
19 0.109375 0.490625 0.071875 0.490625 0.071875 0.5234375 0.109375 0.5234375 0.109375 0.490625