19 0.76953125 0.1921875 0.7140625 0.1921875 0.7140625 0.29453125 0.76953125 0.29453125 0.76953125 0.1921875
19 0.83359375 0.1984375 0.7828125 0.1984375 0.7828125 0.2984375 0.83359375 0.2984375 0.83359375 0.1984375
19 0.9 0.2 0.8484375 0.2 0.8484375 0.30078125 0.9 0.30078125 0.9 0.2
19 0.9625 0.2046875 0.909375 0.2046875 0.909375 0.30546875 0.9625 0.30546875 0.9625 0.2046875
19 0.14453125 0.3078125 0.0328125 0.3078125 0.0328125 0.4078125 0.14453125 0.4078125 0.14453125 0.3078125
19 0.25859375 0.3125 0.1578125 0.3125 0.1578125 0.41015625 0.25859375 0.41015625 0.25859375 0.3125
19 0.3796875 0.309375 0.271875 0.309375 0.271875 0.41171875 0.3796875 0.41171875 0.3796875 0.309375
19 0.4984375 0.3109375 0.3953125 0.3109375 0.3953125 0.41328125 0.4984375 0.41328125 0.4984375 0.3109375
19 0.59453125 0.3296875 0.5078125 0.3296875 0.5078125 0.41171875 0.59453125 0.41171875 0.59453125 0.3296875
19 0.68984375 0.3359375 0.6078125 0.3359375 0.6078125 0.4140625 0.68984375 0.4140625 0.68984375 0.3359375
19 0.77265625 0.3375 0.690625 0.3375 0.690625 0.41953125 0.77265625 0.41953125 0.77265625 0.3375
19 0.83125 0.3453125 0.784375 0.3453125 0.784375 0.4171875 0.83125 0.4171875 0.83125 0.3453125
19 0.8859375 0.346875 0.8375 0.346875 0.8375 0.41875 0.8859375 0.41875 0.8859375 0.346875
19 0.940625 0.35 0.89375 0.35 0.89375 0.421875 0.940625 0.421875 0.940625 0.35
19 0.1625 0.4390625 0.059375 0.4390625 0.059375 0.559375 0.1625 0.559375 0.1625 0.4390625
19 0.72109375 0.478125 0.6671875 0.478125 0.6671875 0.51796875 0.72109375 0.51796875 0.72109375 0.478125
19 0.2671875 0.440625 0.171875 0.440625 0.171875 0.559375 0.2671875 0.559375 0.2671875 0.440625
19 0.83515625 0.4828125 0.7859375 0.4828125 0.7859375 0.51875 0.83515625 0.51875 0.83515625 0.4828125
19 0.778125 0.4828125 0.7296875 0.4828125 0.7296875 0.5203125 0.778125 0.5203125 0.778125 0.4828125
19 0.359375 0.4421875 0.275 0.4421875 0.275 0.56015625 0.359375 0.56015625 0.359375 0.4421875
19 0.4515625 0.465625 0.371875 0.465625 0.371875 0.559375 0.4515625 0.559375 0.4515625 0.465625
19 0.5359375 0.465625 0.4578125 0.465625 0.4578125 0.5609375 0.5359375 0.5609375 0.5359375 0.465625
19 0.596875 0.49375 0.54375 0.49375 0.54375 0.5625 0.596875 0.5625 0.596875 0.49375
19 0.9453125 0.4953125 0.85625 0.4953125 0.85625 0.56015625 0.9453125 0.56015625 0.9453125 0.4953125
19 0.65859375 0.4953125 0.6046875 0.4953125 0.6046875 0.56171875 0.65859375 0.56171875 0.65859375 0.4953125
19 0.71640625 0.5234375 0.6671875 0.5234375 0.6671875 0.56171875 0.71640625 0.56171875 0.71640625 0.5234375
19 0.775 0.5234375 0.728125 0.5234375 0.728125 0.56171875 0.775 0.56171875 0.775 0.5234375
19 0.8296875 0.5234375 0.78125 0.5234375 0.78125 0.56171875 0.8296875 0.56171875 0.8296875 0.5234375