19 0.3375 0.296875 0.2921875 0.296875 0.2921875 0.4234375 0.3375 0.4234375 0.3375 0.296875
19 0.22890625 0.3375 0.1890625 0.3375 0.1890625 0.42421875 0.22890625 0.42421875 0.22890625 0.3375
19 0.71875 0.46875 0.6625 0.46875 0.6625 0.61171875 0.71875 0.61171875 0.71875 0.46875
19 0.56875 0.48125 0.4890625 0.48125 0.4890625 0.60859375 0.56875 0.60859375 0.56875 0.48125
19 0.8453125 0.4984375 0.784375 0.4984375 0.784375 0.60078125 0.8453125 0.60078125 0.8453125 0.4984375
19 0.78125 0.528125 0.725 0.528125 0.725 0.60625 0.78125 0.60625 0.78125 0.528125
19 0.64921875 0.5234375 0.5734375 0.5234375 0.5734375 0.6125 0.64921875 0.6125 0.64921875 0.5234375
19 0.17578125 0.515625 0.0953125 0.515625 0.0953125 0.62109375 0.17578125 0.62109375 0.17578125 0.515625
19 0 0.6296875 0.084375 0.6296875 0.084375 0.509375 0 0.509375 0 0.6296875
19 0.896875 0.5484375 0.85 0.5484375 0.85 0.6046875 0.896875 0.6046875 0.896875 0.5484375
19 0.30859375 0.5375 0.2640625 0.5375 0.2640625 0.61953125 0.30859375 0.61953125 0.30859375 0.5375
19 0.26015625 0.5359375 0.184375 0.5359375 0.184375 0.625 0.26015625 0.625 0.26015625 0.5359375