19 0.7061688312500001 0.030844156249999997 0.6461038968749999 0.030844156249999997 0.6461038968749999 0.1144480515625 0.7061688312500001 0.1144480515625 0.7061688312500001 0.030844156249999997
19 0.7629870125 0.0665584421875 0.7126623375000001 0.0665584421875 0.7126623375000001 0.112824675 0.7629870125 0.112824675 0.7629870125 0.0665584421875
19 0.8198051953125001 0.06818181875 0.76948051875 0.06818181875 0.76948051875 0.1168831171875 0.8198051953125001 0.1168831171875 0.8198051953125001 0.06818181875
19 0.6038961031250001 0.2077922078125 0.50649350625 0.2077922078125 0.50649350625 0.3254870125 0.6038961031250001 0.3254870125 0.6038961031250001 0.2077922078125
19 0.5 0.2207792203125 0.40503246718749997 0.2207792203125 0.40503246718749997 0.3271103890625 0.5 0.3271103890625 0.5 0.2207792203125
19 0.39448051875 0.2207792203125 0.29545454531250004 0.2207792203125 0.29545454531250004 0.32792207812499996 0.39448051875 0.32792207812499996 0.39448051875 0.2207792203125
19 0.2386363640625 0 0.2386363640625 0.1120129875 0.3133116890625 0.1120129875 0.3133116890625 0 0.2386363640625 0
19 0.487824675 0 0.487824675 0.115259740625 0.5616883109375 0.115259740625 0.5616883109375 0 0.487824675 0
19 0.39448051875 0.0016233765625 0.322240259375 0.0016233765625 0.322240259375 0.1136363640625 0.39448051875 0.1136363640625 0.39448051875 0.0016233765625
19 0.5665584421875 0 0.5665584421875 0.116071428125 0.641233765625 0.116071428125 0.641233765625 0 0.5665584421875 0
19 0.621753246875 0.7792207796875 0.5551948046875 0.7792207796875 0.5551948046875 0.8482142859374999 0.621753246875 0.8482142859374999 0.621753246875 0.7792207796875
19 0.47727272656249997 0.0016233765625 0.40503246718749997 0.0016233765625 0.40503246718749997 0.112824675 0.47727272656249997 0.112824675 0.47727272656249997 0.0016233765625
19 0.5503246749999999 0.7857142859375 0.47402597343749997 0.7857142859375 0.47402597343749997 0.8547077921874999 0.5503246749999999 0.8547077921874999 0.5503246749999999 0.7857142859375