19 0 0.15625 0.1680482 0.15625 0.1680482 0.077502646875 0 0.077502646875 0 0.15625
19 0.5890625 0.1640625 0.5890625 0.078125 0.3772775421875 0.078125 0.3772775421875 0.1640625 0.5890625 0.1640625
19 0.0984375 0.2328125 0.1921875 0.2328125 0.1921875 0.0103681140625 0.0984375 0.0103681140625 0.0984375 0.2328125
19 0.4921875 0.171875 0.4921875 0.0837526484375 0.28448093281250003 0.0837526484375 0.28448093281250003 0.171875 0.4921875 0.171875
19 0.2765625 0.2296875 0.3453125 0.2296875 0.3453125 0.07617849531250001 0.2765625 0.07617849531250001 0.2765625 0.2296875
19 0.26875 0.2328125 0.26875 0.07665519062500001 0.19835805 0.07665519062500001 0.19835805 0.2328125 0.26875 0.2328125
19 0.59375 0.23125 0.59375 0.07934322031249999 0.5293167375000001 0.07934322031249999 0.5293167375000001 0.23125 0.59375 0.23125
19 0.6590836859375 0.2234375 0.6590836859375 0.1441207625 0.6065413140625 0.1441207625 0.6065413140625 0.2234375 0.6590836859375 0.2234375
19 0.7421875 0.2125 0.7421875 0.1609375 0.6548066734375 0.1609375 0.6548066734375 0.2125 0.7421875 0.2125
19 0.4625 0.55 0.4625 0.38633474687499997 0.3537605921875 0.38633474687499997 0.3537605921875 0.55 0.4625 0.55
19 0.58125 0.553125 0.58125 0.396875 0.47582097343749996 0.396875 0.47582097343749996 0.553125 0.58125 0.553125
19 0.6859375 0.5578125 0.6859375 0.39469015 0.5915121828125 0.39469015 0.5915121828125 0.5578125 0.6859375 0.5578125
19 0.346875 0.55625 0.346875 0.402025953125 0.24627913281249997 0.402025953125 0.24627913281249997 0.55625 0.346875 0.55625
19 0.2515625 0.8859375 0.2515625 0.67954184375 0.13336864375 0.67954184375 0.13336864375 0.8859375 0.2515625 0.8859375
19 0.3703125 0.708501059375 0.272682734375 0.708501059375 0.272682734375 0.882229871875 0.3703125 0.882229871875 0.3703125 0.708501059375