19 0.984375 0.1828125 0.984375 0.137890625 0.9046875 0.137890625 0.9046875 0.1828125 0.984375 0.1828125
19 0.232421875 0.259375 0.232421875 0.3625 0.3015625 0.3625 0.3015625 0.259375 0.232421875 0.259375
19 0.828125 0.2953125 0.828125 0.328125 0.8640625 0.328125 0.8640625 0.2953125 0.828125 0.2953125
19 0.303515625 0.259375 0.303515625 0.3625 0.3734375 0.3625 0.3734375 0.259375 0.303515625 0.259375
19 0.867578125 0.2921875 0.867578125 0.33125 0.9 0.33125 0.9 0.2921875 0.867578125 0.2921875
19 0.8265625 0.3296875 0.8265625 0.294921875 0.793359375 0.294921875 0.793359375 0.3296875 0.8265625 0.3296875
19 0.3765625 0.2609375 0.3765625 0.3625 0.4453125 0.3625 0.4453125 0.2609375 0.3765625 0.2609375
19 0.9421875 0.3328125 0.9421875 0.292578125 0.9078125 0.292578125 0.9078125 0.3328125 0.9421875 0.3328125
19 0.5125 0.353125 0.5125 0.2953125 0.433203125 0.2953125 0.433203125 0.353125 0.5125 0.353125
19 0.5578125 0.365625 0.5578125 0.284375 0.503515625 0.284375 0.503515625 0.365625 0.5578125 0.365625
19 0.63125 0.296484375 0.54921875 0.296484375 0.54921875 0.35625 0.63125 0.35625 0.63125 0.296484375
19 0.6796875 0.286328125 0.621875 0.286328125 0.621875 0.3671875 0.6796875 0.3671875 0.6796875 0.286328125
19 0.739453125 0.2890625 0.739453125 0.36875 0.79375 0.36875 0.79375 0.2890625 0.739453125 0.2890625
19 0.7484375 0.3578125 0.7484375 0.303125 0.669140625 0.303125 0.669140625 0.3578125 0.7484375 0.3578125
19 0.8375 0.333984375 0.796875 0.333984375 0.796875 0.3671875 0.8375 0.3671875 0.8375 0.333984375
19 0.875 0.3703125 0.875 0.333203125 0.841015625 0.333203125 0.841015625 0.3703125 0.875 0.3703125
19 0.9140625 0.371875 0.9140625 0.33515625 0.88203125 0.33515625 0.88203125 0.371875 0.9140625 0.371875
19 0.91875 0.3375 0.91875 0.3703125 0.9546875 0.3703125 0.9546875 0.3375 0.91875 0.3375
19 0.5140625 0.4328125 0.5515625 0.4328125 0.5515625 0.398828125 0.5140625 0.398828125 0.5140625 0.4328125
19 0.60625 0.4 0.60625 0.4359375 0.640625 0.4359375 0.640625 0.4 0.60625 0.4
19 0.469921875 0.396875 0.469921875 0.43671875 0.50625 0.43671875 0.50625 0.396875 0.469921875 0.396875
19 0.59375 0.4359375 0.59375 0.39921875 0.55859375 0.39921875 0.55859375 0.4359375 0.59375 0.4359375
19 0.7328125 0.4375 0.7328125 0.4 0.695703125 0.4 0.695703125 0.4375 0.7328125 0.4375
19 0.871875 0.4359375 0.871875 0.399609375 0.8328125 0.399609375 0.8328125 0.4359375 0.871875 0.4359375
19 0.6515625 0.4 0.6515625 0.4375 0.6890625 0.4375 0.6890625 0.4 0.6515625 0.4
19 0.784375 0.398046875 0.74375 0.398046875 0.74375 0.4359375 0.784375 0.4359375 0.784375 0.398046875
19 0.828125 0.39921875 0.787890625 0.39921875 0.787890625 0.4375 0.828125 0.4375 0.828125 0.39921875
19 0.878515625 0.4 0.878515625 0.440625 0.9171875 0.440625 0.9171875 0.4 0.878515625 0.4
19 0 0.4625 0.0703125 0.4625 0.0703125 0.43125 0 0.43125 0 0.4625
19 0.1453125 0.43359375 0.069140625 0.43359375 0.069140625 0.4671875 0.1453125 0.4671875 0.1453125 0.43359375
19 0.1078125 0.43515625 0.030859375 0.43515625 0.030859375 0.46875 0.1078125 0.46875 0.1078125 0.43515625
19 0.18125 0.4703125 0.18125 0.43359375 0.10546875 0.43359375 0.10546875 0.4703125 0.18125 0.4703125
19 0.221875 0.4375 0.144140625 0.4375 0.144140625 0.465625 0.221875 0.465625 0.221875 0.4375
19 0.2625 0.43671875 0.183203125 0.43671875 0.183203125 0.4703125 0.2625 0.4703125 0.2625 0.43671875
19 0.24375 0.4140625 0.24375 0.49375 0.2765625 0.49375 0.2765625 0.4140625 0.24375 0.4140625
19 0.334375 0.471875 0.334375 0.43671875 0.25703125 0.43671875 0.25703125 0.471875 0.334375 0.471875
19 0.353125 0.4171875 0.353125 0.4953125 0.390625 0.4953125 0.390625 0.4171875 0.353125 0.4171875
19 0.3953125 0.4171875 0.3953125 0.4953125 0.4203125 0.4953125 0.4203125 0.4171875 0.3953125 0.4171875
19 0.3171875 0.415625 0.3171875 0.4953125 0.35 0.4953125 0.35 0.415625 0.3171875 0.415625
19 0.428125 0.4171875 0.428125 0.4953125 0.459375 0.4953125 0.459375 0.4171875 0.428125 0.4171875
19 0.5046875 0.442578125 0.46875 0.442578125 0.46875 0.4921875 0.5046875 0.4921875 0.5046875 0.442578125
19 0.50625 0.4484375 0.50625 0.490625 0.5578125 0.490625 0.5578125 0.4484375 0.50625 0.4484375
19 0.596875 0.444921875 0.5546875 0.444921875 0.5546875 0.4953125 0.596875 0.4953125 0.596875 0.444921875
19 0.5984375 0.4484375 0.5984375 0.49375 0.65 0.49375 0.65 0.4484375 0.5984375 0.4484375
19 0.6921875 0.446484375 0.65 0.446484375 0.65 0.4953125 0.6921875 0.4953125 0.6921875 0.446484375
19 0.6984375 0.446875 0.6984375 0.5 0.740625 0.5 0.740625 0.446875 0.6984375 0.446875
19 0.7484375 0.4484375 0.7484375 0.496875 0.7890625 0.496875 0.7890625 0.4484375 0.7484375 0.4484375
19 0.794140625 0.446875 0.794140625 0.5 0.8328125 0.5 0.8328125 0.446875 0.794140625 0.446875
19 0.882421875 0.4546875 0.882421875 0.49296875 0.9328125 0.49296875 0.9328125 0.4546875 0.882421875 0.4546875
19 0.8875 0.4921875 0.8875 0.4546875 0.834765625 0.4546875 0.834765625 0.4921875 0.8875 0.4921875
19 0.096484375 0.559375 0.096484375 0.62890625 0.1625 0.62890625 0.1625 0.559375 0.096484375 0.559375
19 0.2375 0.56484375 0.164453125 0.56484375 0.164453125 0.6296875 0.2375 0.6296875 0.2375 0.56484375
19 0.548046875 0.5671875 0.548046875 0.625 0.61875 0.625 0.61875 0.5671875 0.548046875 0.5671875
19 0.484765625 0.5625 0.484765625 0.634375 0.55 0.634375 0.55 0.5625 0.484765625 0.5625
19 0.3046875 0.566015625 0.240625 0.566015625 0.240625 0.6296875 0.3046875 0.6296875 0.3046875 0.566015625
19 0.023828125 0.5640625 0.023828125 0.6328125 0.0953125 0.6328125 0.0953125 0.5640625 0.023828125 0.5640625
19 0.306640625 0.571875 0.306640625 0.634375 0.3640625 0.634375 0.3640625 0.571875 0.306640625 0.571875
19 0.616015625 0.571875 0.616015625 0.6359375 0.6734375 0.6359375 0.6734375 0.571875 0.616015625 0.571875
19 0.4265625 0.576953125 0.3671875 0.576953125 0.3671875 0.6328125 0.4265625 0.6328125 0.4265625 0.576953125
19 0.426953125 0.5765625 0.426953125 0.634375 0.4796875 0.634375 0.4796875 0.5765625 0.426953125 0.5765625
19 0.733984375 0.5765625 0.733984375 0.6390625 0.7921875 0.6390625 0.7921875 0.5765625 0.733984375 0.5765625
19 0.674609375 0.5765625 0.674609375 0.6390625 0.7296875 0.6390625 0.7296875 0.5765625 0.674609375 0.5765625
19 0.85625 0.578515625 0.79140625 0.578515625 0.79140625 0.6359375 0.85625 0.6359375 0.85625 0.578515625
19 0.8546875 0.5765625 0.8546875 0.6390625 0.9125 0.6390625 0.9125 0.5765625 0.8546875 0.5765625