19 0.7849999999999999 0.4483333328125 0.8658333328125 0.4483333328125 0.8658333328125 0.3916666671875 0.7849999999999999 0.3916666671875 0.7849999999999999 0.4483333328125
19 0.6116666671875 0.4483333328125 0.6933333328125 0.4483333328125 0.6933333328125 0.3916666671875 0.6116666671875 0.3916666671875 0.6116666671875 0.4483333328125
19 1 0.3933333328125 0.9683333328125 0.3933333328125 0.9683333328125 0.44749999999999995 1 0.44749999999999995 1 0.3933333328125
19 0.8800000000000001 0.4491666671875 0.9616666671875 0.4491666671875 0.9616666671875 0.395 0.8800000000000001 0.395 0.8800000000000001 0.4491666671875
19 0.51 0.44666666718750003 0.6033333328125 0.44666666718750003 0.6033333328125 0.3983333328125 0.51 0.3983333328125 0.51 0.44666666718750003
19 0.6916666671875 0.45 0.7825 0.45 0.7825 0.3983333328125 0.6916666671875 0.3983333328125 0.6916666671875 0.45
19 0.1566666671875 0.5491666671875 0.2108333328125 0.5491666671875 0.2108333328125 0.48666666718749996 0.1566666671875 0.48666666718749996 0.1566666671875 0.5491666671875
19 0.215 0.55 0.27 0.55 0.27 0.4883333328125 0.215 0.4883333328125 0.215 0.55
19 0 0.5483333328125 0.0416666671875 0.5483333328125 0.0416666671875 0.505 0 0.505 0 0.5483333328125
19 0.0516666671875 0.5475 0.095 0.5475 0.095 0.505 0.0516666671875 0.505 0.0516666671875 0.5475
19 0.11000000000000001 0.5483333328125 0.1508333328125 0.5483333328125 0.1508333328125 0.505 0.11000000000000001 0.505 0.11000000000000001 0.5483333328125
19 0.795 0.5525 0.8766666671875001 0.5525 0.8766666671875001 0.5 0.795 0.5 0.795 0.5525
19 0.8883333328124999 0.5525 0.97 0.5525 0.97 0.5 0.8883333328124999 0.5 0.8883333328124999 0.5525
19 0.7 0.5549999999999999 0.79 0.5549999999999999 0.79 0.505 0.7 0.505 0.7 0.5549999999999999