19 0.9890625 0.3 0.9890625 0.2296875 0.867966065625 0.2296875 0.867966065625 0.3 0.9890625 0.3
19 0.90625 0.23138155 0.7872986484375 0.23138155 0.7872986484375 0.3044056046875 0.90625 0.3044056046875 0.90625 0.23138155
19 1 0.26492160625 0.9396370265625 0.26492160625 0.9396370265625 0.2921875 1 0.2921875 1 0.26492160625
19 0.9139739046875001 0.471875 0.9139739046875001 0.37974119375000004 0.8469635953125 0.37974119375000004 0.8469635953125 0.471875 0.9139739046875001 0.471875
19 0.5255154640625 0.375 0.5255154640625 0.4796875 0.5744845375 0.4796875 0.5744845375 0.375 0.5255154640625 0.375
19 0.278125 0.3984375 0.19425472500000002 0.3984375 0.19425472500000002 0.4825010734375 0.278125 0.4825010734375 0.278125 0.3984375
19 0.359375 0.4003651203125 0.2767289515625 0.40036511875 0.2767289515625 0.48112113437500004 0.359375 0.48112113437500004 0.359375 0.4003651203125
19 0.8515625 0.465625 0.8515625 0.4171875 0.7833279640625 0.4171875 0.7833279640625 0.465625 0.8515625 0.465625
19 0.10756282187499999 0.4828125 0.10756282187499999 0.39790324374999997 0.019074849999999997 0.39790324374999997 0.019074849999999997 0.4828125 0.10756282187499999 0.4828125
19 0.5296875 0.4640625 0.5296875 0.421198453125 0.45800311406249994 0.421198453125 0.45800311406249994 0.4640625 0.5296875 0.4640625
19 0.79375 0.465625 0.79375 0.4171875 0.7261222078125 0.4171875 0.7261222078125 0.465625 0.79375 0.465625
19 0.1952426984375 0.4859375 0.1952426984375 0.4024699328125 0.1119093640625 0.4024699328125 0.1119093640625 0.4859375 0.1952426984375 0.4859375
19 0.4203125 0.471875 0.4203125 0.42615979375 0.35404585312500003 0.42615979375 0.35404585312500003 0.471875 0.4203125 0.471875
19 0.471875 0.4796875 0.471875 0.4369469515625 0.41980777500000005 0.4369469515625 0.41980777500000005 0.4796875 0.471875 0.4796875