19 0.7703125 0.68125 0.7703125 0.6054687515625 0.6975694453125 0.6054687515625 0.6975694453125 0.68125 0.7703125 0.68125
19 0.846875 0.684375 0.846875 0.611197915625 0.7704861109375 0.611197915625 0.7704861109375 0.684375 0.846875 0.684375
19 0.9104166671874999 0.6875 0.9104166671874999 0.6282986109375 0.8505208328125 0.6282986109375 0.8505208328125 0.6875 0.9104166671874999 0.6875
19 0.7078125 0.034809028125 0.6019965296875001 0.034809028125 0.6019965296875001 0.1546006953125 0.7078125 0.1546006953125 0.7078125 0.034809028125
19 0.83125 0.153125 0.83125 0.0645833328125 0.775607640625 0.0645833328125 0.775607640625 0.153125 0.83125 0.153125
19 0.7859375 0.1359375 0.7859375 0.084375 0.69539930625 0.084375 0.69539930625 0.1359375 0.7859375 0.1359375
19 0.596875 0.1484375 0.596875 0.0970486109375 0.5398437515625 0.0970486109375 0.5398437515625 0.1484375 0.596875 0.1484375
19 0.534375 0.15 0.534375 0.1022569453125 0.4773437515625 0.1022569453125 0.4773437515625 0.15 0.534375 0.15
19 0.6265625 0.3 0.725 0.3 0.725 0.191753471875 0.6265625 0.191753471875 0.6265625 0.3
19 0.8015625 0.2953125 0.8015625 0.2227430546875 0.7328125 0.2227430546875 0.7328125 0.2953125 0.8015625 0.2953125
19 0.809375 0.30625 0.8625 0.30625 0.8625 0.23524305625 0.809375 0.23524305625 0.809375 0.30625
19 0.1703125 0.333159721875 0.1140625 0.333159721875 0.1140625 0.419965278125 0.1703125 0.419965278125 0.1703125 0.333159721875
19 0.1078125 0.3337673609375 0.06788194374999999 0.3337673609375 0.06788194374999999 0.4171875 0.1078125 0.4171875 0.1078125 0.3337673609375
19 0.24375 0.4015625 0.24375 0.3484375 0.1597222234375 0.3484375 0.1597222234375 0.4015625 0.24375 0.4015625
19 0.303125 0.4046875 0.303125 0.35538194375 0.217708334375 0.35538194375 0.217708334375 0.4046875 0.303125 0.4046875
19 0.2953125 0.421875 0.3453125 0.421875 0.3453125 0.3391493046875 0.2953125 0.3391493046875 0.2953125 0.421875
19 0.49375 0.4265625 0.5296875 0.4265625 0.5296875 0.359375 0.49375 0.359375 0.49375 0.4265625
19 0.4875 0.4265625 0.4875 0.3556423625 0.4456597234375 0.3556423625 0.4456597234375 0.4265625 0.4875 0.4265625
19 0.75625 0.36631944375000003 0.7071180546875 0.36631944375000003 0.7071180546875 0.43055555625 0.75625 0.43055555625 0.75625 0.36631944375000003
19 0.765625 0.4296875 0.809375 0.4296875 0.809375 0.37204861093749997 0.765625 0.37204861093749997 0.765625 0.4296875
19 0.571875 0.428125 0.571875 0.384375 0.54053819375 0.384375 0.54053819375 0.428125 0.571875 0.428125
19 0.9015625 0.43125 0.9015625 0.3853298609375 0.8650173593750001 0.3853298609375 0.8650173593750001 0.43125 0.9015625 0.43125
19 0.8140625 0.4328125 0.8578125 0.4328125 0.8578125 0.3891493046875 0.8140625 0.3891493046875 0.8140625 0.4328125
19 0.9390625 0.4078993046875 0.9149305546875001 0.4078993046875 0.9149305546875001 0.43567708281249995 0.9390625 0.43567708281249995 0.9390625 0.4078993046875
19 0.95 0.434375 0.98125 0.434375 0.98125 0.409375 0.95 0.409375 0.95 0.434375
19 0.4140625 0.5515625 0.4140625 0.471875 0.353125 0.471875 0.353125 0.5515625 0.4140625 0.5515625
19 0.4921875 0.5421875 0.4921875 0.48585069531249997 0.40807291562500003 0.48585069531249997 0.40807291562500003 0.5421875 0.4921875 0.5421875
19 0.621875 0.5453125 0.621875 0.48359375 0.5407118046875 0.48359375 0.5407118046875 0.5453125 0.621875 0.5453125
19 0.55625 0.546875 0.55625 0.4856770828125 0.47491319374999996 0.4856770828125 0.47491319374999996 0.546875 0.55625 0.546875
19 0.6890625 0.55 0.6890625 0.4861111109375 0.608159721875 0.4861111109375 0.608159721875 0.55 0.6890625 0.55
19 0.6875 0.5578125 0.73125 0.5578125 0.73125 0.49522569531249994 0.6875 0.49522569531249994 0.6875 0.5578125
19 0.788802084375 0.5578125 0.788802084375 0.49522569531249994 0.7393229171875 0.49522569531249994 0.7393229171875 0.5578125 0.788802084375 0.5578125
19 0.8515625 0.553125 0.8515625 0.5075520828125 0.7908854171875 0.5075520828125 0.7908854171875 0.553125 0.8515625 0.553125
19 0.9375 0.5172743046875 0.9016493046875 0.5172743046875 0.9016493046875 0.56241319375 0.9375 0.56241319375 0.9375 0.5172743046875
19 0.8890625 0.5625 0.8890625 0.517447915625 0.8557291671874999 0.517447915625 0.8557291671874999 0.5625 0.8890625 0.5625
19 0.95 0.5671875 0.9890625 0.5671875 0.9890625 0.521354165625 0.95 0.521354165625 0.95 0.5671875