19 0.521875 0.2140625 0.521875 0.1659196578125 0.42635164375 0.1659196578125 0.42635164375 0.2140625 0.521875 0.2140625
19 0.8015625 0.2125 0.8015625 0.168239078125 0.706195934375 0.168239078125 0.706195934375 0.2125 0.8015625 0.2125
19 0.6640625 0.240625 0.6640625 0.140625 0.6180255203125 0.140625 0.6180255203125 0.240625 0.6640625 0.240625
19 0.6484375 0.2140625 0.74375 0.2140625 0.74375 0.16428416875000001 0.6484375 0.16428416875000001 0.6484375 0.2140625
19 0.5515625 0.2390625 0.5515625 0.140625 0.5085423875 0.140625 0.5085423875 0.2390625 0.5515625 0.2390625
19 0.6328125 0.2140625 0.6328125 0.1725264921875 0.5367863328125 0.1725264921875 0.5367863328125 0.2140625 0.6328125 0.2140625
19 0.95 0.2265625 0.95 0.18661872968749998 0.882552984375 0.18661872968749998 0.882552984375 0.2265625 0.95 0.2265625
19 1 0.1865133 0.93791630625 0.1865133 0.93791630625 0.22803579062499998 1 0.22803579062499998 1 0.1865133
19 0.7265625 0.35625 0.76875 0.35625 0.76875 0.321875 0.7265625 0.321875 0.7265625 0.35625
19 0.6828125 0.353125 0.715625 0.353125 0.715625 0.3234375 0.6828125 0.3234375 0.6828125 0.353125
19 0.8171875 0.3172172359375 0.784723725 0.3172172359375 0.784723725 0.3621999359375 0.8171875 0.3621999359375 0.8171875 0.3172172359375
19 0.134375 0.375 0.134375 0.3055498484375 0.021050498437500002 0.3055498484375 0.021050498437500002 0.375 0.134375 0.375
19 0.1234375 0.396875 0.184375 0.396875 0.184375 0.28552659999999996 0.1234375 0.28552659999999996 0.1234375 0.396875
19 0 0.396875 0.0265625 0.396875 0.0265625 0.28552659999999996 0 0.28552659999999996 0 0.396875
19 0.20035953750000002 0.399586396875 0.2574529625 0.399586396875 0.2574529625 0.3113511015625 0.20035953750000002 0.3113511015625 0.20035953750000002 0.399586396875
19 0.2550389265625 0.328125 0.2550389265625 0.384375 0.3415441171875 0.384375 0.3415441171875 0.328125 0.2550389265625 0.328125
19 0.38125 0.3828125 0.4700881265625 0.3828125 0.4700881265625 0.3273302328125 0.38125 0.3273302328125 0.38125 0.3828125
19 0.40625 0.384375 0.40625 0.32867647031249997 0.318103915625 0.32867647031249997 0.318103915625 0.384375 0.40625 0.384375
19 0.69375 0.390625 0.69375 0.347880621875 0.631558175 0.347880621875 0.631558175 0.390625 0.69375 0.390625
19 0.5859375 0.39375 0.5859375 0.3483726203125 0.521723615625 0.3483726203125 0.521723615625 0.39375 0.5859375 0.39375
19 0.6390625 0.3921875 0.6390625 0.350064878125 0.5747296703125 0.350064878125 0.5747296703125 0.3921875 0.6390625 0.3921875
19 0.7390625 0.3984375 0.778125 0.3984375 0.778125 0.3627784390625 0.7390625 0.3627784390625 0.7390625 0.3984375
19 0.825 0.403125 0.825 0.359375 0.7892490265625 0.359375 0.7892490265625 0.403125 0.825 0.403125
19 0.73125 0.4015625 0.73125 0.36294604375 0.690097859375 0.36294604375 0.690097859375 0.4015625 0.73125 0.4015625
19 0.1453125 0.5140625 0.1453125 0.43848129374999995 0.06133758593750001 0.43848129374999995 0.06133758593750001 0.5140625 0.1453125 0.5140625
19 0.2375 0.5125 0.2375 0.43960586093750004 0.1536278109375 0.43960586093750004 0.1536278109375 0.5125 0.2375 0.5125
19 0.31875 0.5203125 0.31875 0.4362348609375 0.2406412203125 0.4362348609375 0.2406412203125 0.5203125 0.31875 0.5203125
19 0 0.50625 0.0640625 0.50625 0.0640625 0.45389814062499995 0 0.45389814062499995 0 0.50625
19 0.390276275 0.5171875 0.390276275 0.44806714999999997 0.33058769374999997 0.44806714999999997 0.33058769374999997 0.5171875 0.390276275 0.5171875
19 0.459375 0.5140625 0.459375 0.4578125 0.3916468421875 0.4578125 0.3916468421875 0.5140625 0.459375 0.5140625
19 0.4640625 0.5203125 0.5203125 0.5203125 0.5203125 0.4597183171875 0.4640625 0.4597183171875 0.4640625 0.5203125