19 0.7328125 0.396875 0.7328125 0.3607332515625 0.675423815625 0.3607332515625 0.675423815625 0.396875 0.7328125 0.396875
19 0.6921875 0.36003880625 0.6350336999999999 0.36003880625 0.6350336999999999 0.39680351406250003 0.6921875 0.39680351406250003 0.6921875 0.36003880625
19 0.6109375 0.3953125 0.6109375 0.3609987765625 0.5536917890625 0.3609987765625 0.5536917890625 0.3953125 0.6109375 0.3953125
19 0.559375 0.40625 0.559375 0.351113153125 0.52569444375 0.351113153125 0.52569444375 0.40625 0.559375 0.40625
19 0.5328125 0.3953125 0.5328125 0.3626582921875 0.4801776953125 0.3626582921875 0.4801776953125 0.3953125 0.5328125 0.3953125
19 0.640625 0.40625 0.640625 0.351113153125 0.60487643125 0.351113153125 0.60487643125 0.40625 0.640625 0.40625
19 0.725367646875 0.353125 0.725367646875 0.40625 0.7621323531249999 0.40625 0.7621323531249999 0.353125 0.725367646875 0.353125
19 0.684375 0.5033139281250001 0.6573018796875 0.5033139281250001 0.6573018796875 0.5703073921875 0.684375 0.5703073921875 0.684375 0.5033139281250001
19 0.63125 0.5671875 0.65625 0.5671875 0.65625 0.5053206703125 0.63125 0.5053206703125 0.63125 0.5671875
19 0.8484375 0.521875 0.78350694375 0.521875 0.78350694375 0.54928513125 0.8484375 0.54928513125 0.8484375 0.521875
19 0.73125 0.5484375 0.73125 0.521405228125 0.668326184375 0.521405228125 0.668326184375 0.5484375 0.73125 0.5484375
19 0.7890625 0.546875 0.7890625 0.5224826390625 0.7262816578125 0.5224826390625 0.7262816578125 0.546875 0.7890625 0.546875
19 0.8 0.5032781859375001 0.7734375 0.5032781859375001 0.7734375 0.5686376640625 0.8 0.5686376640625 0.8 0.5032781859375001
19 0.740625 0.565625 0.740625 0.5032935046875 0.7158343546875 0.5032935046875 0.7158343546875 0.565625 0.740625 0.565625
19 0.7 0.7421875 0.7 0.6375 0.6520526953125 0.6375 0.6520526953125 0.7421875 0.7 0.7421875
19 0.7796875 0.715625 0.7796875 0.6677747140625 0.6705575984375 0.6677747140625 0.6705575984375 0.715625 0.7796875 0.715625
19 0.803125 0.7484375 0.803125 0.63750510625 0.75295649375 0.63750510625 0.75295649375 0.7484375 0.803125 0.7484375
19 0.85625 0.746875 0.85625 0.6438061687500001 0.807485703125 0.6438061687500001 0.807485703125 0.746875 0.85625 0.746875
19 0.9375 0.6726664625 0.8342064953125 0.6726664625 0.8342064953125 0.7233200562500001 0.9375 0.7233200562500001 0.9375 0.6726664625
19 0.5390625 0.8383476312499999 0.4934334140625 0.8383476312499999 0.4934334140625 0.952726715625 0.5390625 0.952726715625 0.5390625 0.8383476312499999
19 0.5265625 0.91875 0.5265625 0.8698937921875001 0.41102430625 0.8698937921875001 0.41102430625 0.91875 0.5265625 0.91875
19 0.5890625 0.95 0.5890625 0.8336754484375 0.5422538796875 0.8336754484375 0.5422538796875 0.95 0.5890625 0.95
19 0.59375 0.95 0.6390625 0.95 0.6390625 0.8417279421874999 0.59375 0.8417279421874999 0.59375 0.95
19 0.7265625 0.9203125 0.7265625 0.8712826796875 0.6109630312500001 0.8712826796875 0.6109630312500001 0.9203125 0.7265625 0.9203125