19 0.5707547171875 0.3474842765625 0.661163521875 0.3474842765625 0.661163521875 0.2751572328125 0.5707547171875 0.2751572328125 0.5707547171875 0.3474842765625
19 0.7657232703125 0.34669811250000004 0.8639937109375 0.34669811250000004 0.8639937109375 0.2751572328125 0.7657232703125 0.2751572328125 0.7657232703125 0.34669811250000004
19 0.66823899375 0.348270440625 0.7625786156250001 0.348270440625 0.7625786156250001 0.27830188749999996 0.66823899375 0.27830188749999996 0.66823899375 0.348270440625
19 0.8647798734375 0.3474842765625 0.9575471703125 0.3474842765625 0.9575471703125 0.27830188749999996 0.8647798734375 0.27830188749999996 0.8647798734375 0.3474842765625
19 0.8946540875 0.4143081765625 0.96619496875 0.4143081765625 0.96619496875 0.3789308171875 0.8946540875 0.3789308171875 0.8946540875 0.4143081765625
19 0.8160377359375 0.415880503125 0.887578615625 0.415880503125 0.887578615625 0.377358490625 0.8160377359375 0.377358490625 0.8160377359375 0.415880503125
19 0.73584905625 0.41745282968749997 0.81289308125 0.41745282968749997 0.81289308125 0.3789308171875 0.73584905625 0.3789308171875 0.73584905625 0.41745282968749997
19 0.5864779875 0.4166666671875 0.650943396875 0.4166666671875 0.650943396875 0.38050314531249996 0.5864779875 0.38050314531249996 0.5864779875 0.4166666671875
19 0.65880503125 0.41745282968749997 0.732704403125 0.41745282968749997 0.732704403125 0.382075471875 0.65880503125 0.382075471875 0.65880503125 0.41745282968749997
19 0.41823899375 0.41194968593750003 0.4583333328125 0.41194968593750003 0.4583333328125 0.38993710625 0.41823899375 0.38993710625 0.41823899375 0.41194968593750003
19 0.372641509375 0.41194968593750003 0.4127358484375 0.41194968593750003 0.4127358484375 0.38993710625 0.372641509375 0.38993710625 0.372641509375 0.41194968593750003
19 0.517295596875 0.41823899375 0.5762578609375 0.41823899375 0.5762578609375 0.382075471875 0.517295596875 0.382075471875 0.517295596875 0.41823899375
19 0.3254716984375 0.41194968593750003 0.367924528125 0.41194968593750003 0.367924528125 0.38993710625 0.3254716984375 0.38993710625 0.3254716984375 0.41194968593750003
19 0.46698113281250003 0.41194968593750003 0.507075471875 0.41194968593750003 0.507075471875 0.38993710625 0.46698113281250003 0.38993710625 0.46698113281250003 0.41194968593750003
19 0.363207546875 0.439465409375 0.41194968593750003 0.439465409375 0.41194968593750003 0.41194968593750003 0.363207546875 0.41194968593750003 0.363207546875 0.439465409375
19 0.3160377359375 0.439465409375 0.3592767296875 0.439465409375 0.3592767296875 0.41194968593750003 0.3160377359375 0.41194968593750003 0.3160377359375 0.439465409375
19 0.40723270468750006 0.44103773593750006 0.46305031406249997 0.44103773593750006 0.46305031406249997 0.4135220125 0.40723270468750006 0.4135220125 0.40723270468750006 0.44103773593750006
19 0.46540880468749996 0.4386792453125 0.5055031453125001 0.4386792453125 0.5055031453125001 0.4166666671875 0.46540880468749996 0.4166666671875 0.46540880468749996 0.4386792453125
19 0.5110062890625 0.463836478125 0.5778301890625 0.463836478125 0.5778301890625 0.41823899375 0.5110062890625 0.41823899375 0.5110062890625 0.463836478125
19 0.8915094343750001 0.46540880468749996 0.9654088046875 0.46540880468749996 0.9654088046875 0.4166666671875 0.8915094343750001 0.4166666671875 0.8915094343750001 0.46540880468749996
19 0.8160377359375 0.46698113281250003 0.8836477984375 0.46698113281250003 0.8836477984375 0.41823899375 0.8160377359375 0.41823899375 0.8160377359375 0.46698113281250003
19 0.5849056609375001 0.46540880468749996 0.6525157234375001 0.46540880468749996 0.6525157234375001 0.41981132031249996 0.5849056609375001 0.41981132031249996 0.5849056609375001 0.46540880468749996
19 0.7405660375 0.46698113281250003 0.8144654093750001 0.46698113281250003 0.8144654093750001 0.41981132031249996 0.7405660375 0.41981132031249996 0.7405660375 0.46698113281250003
19 0.6603773578125 0.46698113281250003 0.7342767296875 0.46698113281250003 0.7342767296875 0.42138364843750004 0.6603773578125 0.42138364843750004 0.6603773578125 0.46698113281250003
19 0.1383647796875 0.46698113281250003 0.19654088125 0.46698113281250003 0.19654088125 0.4261006296875 0.1383647796875 0.4261006296875 0.1383647796875 0.46698113281250003
19 0.19654088125 0.46776729531249994 0.25471698125 0.46776729531249994 0.25471698125 0.4245283015625 0.19654088125 0.4245283015625 0.19654088125 0.46776729531249994
19 0.2578616359375 0.468553459375 0.309748428125 0.468553459375 0.309748428125 0.4261006296875 0.2578616359375 0.4261006296875 0.2578616359375 0.468553459375
19 0.08176100625 0.468553459375 0.137578615625 0.468553459375 0.137578615625 0.42767295625 0.08176100625 0.42767295625 0.08176100625 0.468553459375
19 0.367924528125 0.46698113281250003 0.41037735781249995 0.46698113281250003 0.41037735781249995 0.4418239 0.367924528125 0.4418239 0.367924528125 0.46698113281250003
19 0.41981132031249996 0.46619496875 0.4622641515625 0.46619496875 0.4622641515625 0.4418239 0.41981132031249996 0.4418239 0.41981132031249996 0.46619496875
19 0.3176100625 0.46698113281250003 0.36084905625 0.46698113281250003 0.36084905625 0.4418239 0.3176100625 0.4418239 0.3176100625 0.46698113281250003
19 0.468553459375 0.46776729531249994 0.507075471875 0.46776729531249994 0.507075471875 0.44339622656250005 0.468553459375 0.44339622656250005 0.468553459375 0.46776729531249994