19 0.625 0.3671875 0.678125 0.3671875 0.678125 0.3297382296875 0.625 0.3297382296875 0.625 0.3671875
19 0.6798701296874999 0.328125 0.6798701296874999 0.36875 0.7326298703125 0.36875 0.7326298703125 0.328125 0.6798701296874999 0.328125
19 0.784375 0.3671875 0.784375 0.329352678125 0.735004059375 0.329352678125 0.735004059375 0.3671875 0.784375 0.3671875
19 0.946875 0.3671875 0.946875 0.3313819 0.9042004875 0.3313819 0.9042004875 0.3671875 0.946875 0.3671875
19 0.8934151781249999 0.36875 0.8934151781249999 0.3313007296875 0.8487723203125 0.3313007296875 0.8487723203125 0.36875 0.8934151781249999 0.36875
19 0.8359375 0.371875 0.8359375 0.329383115625 0.8004565749999999 0.329383115625 0.8004565749999999 0.371875 0.8359375 0.371875
19 1 0.332721184375 0.9594358765625 0.332721184375 0.9594358765625 0.3703125 1 0.3703125 1 0.332721184375
19 0.2453125 0.4078125 0.321875 0.4078125 0.321875 0.3376014609375 0.2453125 0.3376014609375 0.2453125 0.4078125
19 0.4015625 0.4140625 0.4015625 0.33164569843749997 0.3304180203125 0.33164569843749997 0.3304180203125 0.4140625 0.4015625 0.4140625
19 0.165990259375 0.33125 0.165990259375 0.41875 0.23741883125 0.41875 0.23741883125 0.33125 0.165990259375 0.33125
19 0.071875 0.4109375 0.071875 0.3375 0.0001927765625 0.3375 0.000192775 0.4109375 0.071875 0.4109375
19 0.1546875 0.33928571406249997 0.074310065625 0.33928571406249997 0.074310065625 0.41071428593750003 0.1546875 0.41071428593750003 0.1546875 0.33928571406249997
19 0.4734375 0.41875 0.4734375 0.34695617031250003 0.41971387968749996 0.34695617031250003 0.41971387968749996 0.41875 0.4734375 0.41875
19 0.5625 0.415625 0.6171875 0.415625 0.6171875 0.349584009375 0.5625 0.349584009375 0.5625 0.415625
19 0.5453125 0.4140625 0.5453125 0.3495738640625 0.4889103078125 0.3495738640625 0.4889103078125 0.4140625 0.5453125 0.4140625
19 0.678125 0.409375 0.678125 0.36875 0.6252232140625 0.36875 0.6252232140625 0.409375 0.678125 0.409375
19 0.738940746875 0.409375 0.738940746875 0.3719257296875 0.682934253125 0.3719257296875 0.682934253125 0.409375 0.738940746875 0.409375
19 0.84375 0.3671875 0.8082690749999999 0.3671875 0.8082690749999999 0.41547280937500003 0.84375 0.41547280937500003 0.84375 0.3671875
19 0.9 0.4125 0.9 0.3691558453125 0.8609679390625 0.3691558453125 0.8609679390625 0.4125 0.9 0.4125
19 0.7921875 0.409375 0.7921875 0.3734375 0.737621753125 0.3734375 0.737621753125 0.409375 0.7921875 0.409375
19 0.9609375 0.4140625 0.9609375 0.3670353078125 0.9222504046875001 0.3670353078125 0.9222504062500001 0.4140625 0.9609375 0.4140625
19 1 0.373609984375 0.9726663953125 0.373609984375 0.9726663953125 0.409375 1 0.409375 1 0.373609984375
19 0.246875 0.5203125 0.246875 0.46273336093750006 0.1671875 0.46273336093750006 0.1671875 0.5203125 0.246875 0.5203125
19 0.0625 0.525 0.0625 0.4571022734375 0.0056107953125 0.4571022734375 0.0056107953125 0.525 0.0625 0.525
19 0.146875 0.4515625 0.090432225 0.4515625 0.090432225 0.53103693125 0.146875 0.53103693125 0.146875 0.4515625
19 0.3375 0.5203125 0.3375 0.46235795468749996 0.25301339375 0.46235795468749996 0.25301339375 0.5203125 0.3375 0.5203125
19 0.3487926125 0.5234070609375 0.43401988593749996 0.5234070609375 0.43401988593749996 0.4625304375 0.3487926125 0.4625304375 0.3487926125 0.5234070609375
19 0.5828125 0.5390625 0.5828125 0.457640015625 0.534963471875 0.457640015625 0.534963471875 0.5390625 0.5828125 0.5390625
19 0.5140625 0.525 0.5140625 0.47440137812499994 0.432376215625 0.47440137812499994 0.432376215625 0.525 0.5140625 0.525
19 0.821875 0.469206575 0.7785308453125 0.469206575 0.7785308453125 0.5357650171875 0.821875 0.5357650171875 0.821875 0.469206575
19 0.9030945625 0.5234375 0.9030945625 0.480803571875 0.8422179375000001 0.480803571875 0.8422179375000001 0.5234375 0.9030945625 0.5234375
19 0.675 0.5234375 0.675 0.48280235468750005 0.6104707796875 0.48280235468750005 0.6104707796875 0.5234375 0.675 0.5234375
19 0.7578125 0.5234375 0.7578125 0.4835430203125 0.689772728125 0.4835430203125 0.689772728125 0.5234375 0.7578125 0.5234375
19 0.9247159093749999 0.740625 0.9247159093749999 0.6631899359375 0.8695211031250001 0.6631899359375 0.8695211031250001 0.740625 0.9247159093749999 0.740625
19 0.846875 0.7328125 0.846875 0.6802455359375 0.77478693125 0.6802455359375 0.77478693125 0.7328125 0.846875 0.7328125
19 0.68125 0.734375 0.68125 0.678896103125 0.6041599015625 0.678896103125 0.6041599015625 0.734375 0.68125 0.734375
19 0.753125 0.746875 0.753125 0.66875 0.702090096875 0.66875 0.702090096875 0.746875 0.753125 0.746875
19 0.4140625 0.746875 0.4140625 0.6704748359375 0.3567268671875 0.6704748375 0.3567268671875 0.746875 0.4140625 0.746875
19 0.253125 0.6801542203125 0.1770698046875 0.6801542203125 0.1770698046875 0.7385957796875 0.253125 0.7385957796875 0.253125 0.6801542203125
19 0.0859375 0.6801237828125 0.014661120312500001 0.6801237828125 0.014661118749999999 0.7401887171875 0.0859375 0.7401887171875 0.0859375 0.6801237828125
19 0.2641944 0.7385957796875 0.3404931 0.7385957796875 0.3404931 0.6801542203125 0.2641944 0.6801542203125 0.2641944 0.7385957796875
19 0.5828125 0.7515625 0.5828125 0.6701806 0.528307628125 0.6701806 0.528307628125 0.7515625 0.5828125 0.7515625
19 0.440625 0.753125 0.4978997578125 0.753125 0.4978997578125 0.6680499171875 0.440625 0.6680499171875 0.440625 0.753125
19 0.171875 0.7421875 0.171875 0.6823559234375 0.0961140421875 0.6823559234375 0.0961140421875 0.7421875 0.171875 0.7421875
19 0.9245332796874999 0.8015625 0.9245332796874999 0.7535004062499999 0.8474228890625 0.7535004062499999 0.8474228890625 0.8015625 0.9245332796874999 0.8015625
19 1 0.7535511374999999 0.9477982953125 0.7535511374999999 0.9477982953125 0.8 1 0.8 1 0.7535511374999999
19 0.8234375 0.815625 0.8234375 0.739965503125 0.7746347390625 0.739965503125 0.7746347390625 0.815625 0.8234375 0.815625
19 0.7453125 0.8171875 0.7453125 0.7401988640625 0.6947138796875 0.7401988640625 0.6947138796875 0.8171875 0.7453125 0.8171875
19 0.6625 0.815625 0.6625 0.74243100625 0.6145393671875 0.74243100625 0.6145393671875 0.815625 0.6625 0.815625
19 0.5046875 0.821875 0.5046875 0.740188715625 0.45011160781250004 0.740188715625 0.45011160781250004 0.821875 0.5046875 0.821875
19 0.59375 0.7548701296875 0.5216619312499999 0.7548701296875 0.5216619312499999 0.8076298703125 0.59375 0.8076298703125 0.59375 0.7548701296875
19 0.359375 0.8078125 0.434375 0.8078125 0.434375 0.7546875 0.359375 0.7546875 0.359375 0.8078125
19 0.35 0.7548701296875 0.2772828734375 0.7548701296875 0.2772828734375 0.8076298703125 0.35 0.8076298703125 0.35 0.7548701296875
19 0.259375 0.81875 0.259375 0.7457690734375 0.20619926875 0.7457690734375 0.20619926875 0.81875 0.259375 0.81875
19 0.1890625 0.7565543828125 0.113484171875 0.7565543828125 0.113484171875 0.8093141234375001 0.1890625 0.8093141234375001 0.1890625 0.7565543828125
19 0.1046875 0.8125 0.1046875 0.759547484375 0.0339894484375 0.759547484375 0.0339894484375 0.8125 0.1046875 0.8125