19 0.1796875 0.2359375 0.1796875 0.3 0.2203125 0.3 0.2203125 0.2359375 0.1796875 0.2359375
19 0.2765625 0.2875 0.2765625 0.25 0.214453125 0.25 0.214453125 0.2875 0.2765625 0.2875
19 0.1875 0.2875 0.1875 0.24765625 0.12421875 0.24765625 0.12421875 0.2875 0.1875 0.2875
19 0.31875 0.2859375 0.31875 0.24921875 0.25546875 0.24921875 0.25546875 0.2859375 0.31875 0.2859375
19 0.1421875 0.29453125 0.055859375 0.29453125 0.055859375 0.34375 0.1421875 0.34375 0.1421875 0.29453125
19 0.306640625 0.265625 0.306640625 0.36875 0.371875 0.36875 0.371875 0.265625 0.306640625 0.265625
19 0.4328125 0.3671875 0.4328125 0.287109375 0.374609375 0.287109375 0.374609375 0.3671875 0.4328125 0.3671875
19 0.433203125 0.2890625 0.433203125 0.36875 0.490625 0.36875 0.490625 0.2890625 0.433203125 0.2890625
19 0.175 0.31171875 0.114453125 0.31171875 0.114453125 0.3515625 0.175 0.3515625 0.175 0.31171875
19 0.2234375 0.353125 0.2234375 0.31328125 0.16328125 0.31328125 0.16328125 0.353125 0.2234375 0.353125
19 0.265625 0.3546875 0.265625 0.31484375 0.20546875 0.31484375 0.20546875 0.3546875 0.265625 0.3546875
19 0.3078125 0.35625 0.3078125 0.31328125 0.248046875 0.31328125 0.248046875 0.35625 0.3078125 0.35625
19 0.55 0.3609375 0.55 0.317578125 0.491015625 0.317578125 0.491015625 0.3609375 0.55 0.3609375
19 0.5453125 0.3109375 0.5453125 0.36875 0.5875 0.36875 0.5875 0.3109375 0.5453125 0.3109375
19 0.6453125 0.3625 0.6453125 0.319921875 0.587109375 0.319921875 0.587109375 0.3625 0.6453125 0.3625
19 0.6875 0.3640625 0.6875 0.319921875 0.633984375 0.319921875 0.633984375 0.3640625 0.6875 0.3640625
19 0.7828125 0.4453125 0.7828125 0.40390625 0.743359375 0.40390625 0.743359375 0.4453125 0.7828125 0.4453125
19 0.734375 0.406640625 0.6953125 0.406640625 0.6953125 0.4421875 0.734375 0.4421875 0.734375 0.406640625
19 0.7875 0.4078125 0.7875 0.4453125 0.828125 0.4453125 0.828125 0.4078125 0.7875 0.4078125
19 0 0.471875 0.0640625 0.471875 0.0640625 0.4359375 0 0.4359375 0 0.471875
19 0.1 0.4703125 0.1 0.436328125 0.021484375 0.436328125 0.021484375 0.4703125 0.1 0.4703125
19 0.058984375 0.4375 0.058984375 0.47265625 0.140625 0.47265625 0.140625 0.4375 0.058984375 0.4375
19 0.2171875 0.475 0.2171875 0.434765625 0.1359375 0.434765625 0.1359375 0.475 0.2171875 0.475
19 0.15625 0.5 0.15625 0.416015625 0.117578125 0.416015625 0.117578125 0.5 0.15625 0.5
19 0.2515625 0.4765625 0.2515625 0.43984375 0.17265625 0.43984375 0.17265625 0.4765625 0.2515625 0.4765625
19 0.5484375 0.423828125 0.462109375 0.423828125 0.462109375 0.493359375 0.5484375 0.493359375 0.5484375 0.423828125
19 0.545703125 0.415625 0.545703125 0.5046875 0.6140625 0.5046875 0.6140625 0.415625 0.545703125 0.415625
19 0.615625 0.4265625 0.615625 0.4984375 0.703125 0.4984375 0.703125 0.4265625 0.615625 0.4265625
19 0.35 0.4265625 0.35 0.4984375 0.4078125 0.4984375 0.4078125 0.4265625 0.35 0.4265625
19 0.359375 0.4890625 0.359375 0.437109375 0.28671875 0.437109375 0.28671875 0.4890625 0.359375 0.4890625
19 0.2875 0.5015625 0.2875 0.427734375 0.234765625 0.427734375 0.234765625 0.5015625 0.2875 0.5015625
19 0.471875 0.49375 0.471875 0.436328125 0.4015625 0.436328125 0.4015625 0.49375 0.471875 0.49375
19 0.8328125 0.4328125 0.8328125 0.509375 0.9046875 0.509375 0.9046875 0.4328125 0.8328125 0.4328125
19 0.984375 0.5109375 0.984375 0.4359375 0.912890625 0.4359375 0.912890625 0.5109375 0.984375 0.5109375
19 0.8359375 0.45390625 0.775390625 0.45390625 0.775390625 0.496875 0.8359375 0.496875 0.8359375 0.45390625
19 0.737109375 0.4453125 0.737109375 0.50625 0.7796875 0.50625 0.7796875 0.4453125 0.737109375 0.4453125
19 0.6953125 0.446875 0.6953125 0.509375 0.7375 0.509375 0.7375 0.446875 0.6953125 0.446875
19 0.553125 0.565625 0.553125 0.53359375 0.52890625 0.53359375 0.52890625 0.565625 0.553125 0.565625
19 0.602734375 0.5328125 0.602734375 0.565625 0.6265625 0.565625 0.6265625 0.5328125 0.602734375 0.5328125
19 0.5921875 0.5671875 0.5921875 0.534765625 0.56875 0.534765625 0.56875 0.5671875 0.5921875 0.5671875
19 0.031640625 0.534375 0.031640625 0.575 0.0890625 0.575 0.0890625 0.534375 0.031640625 0.534375
19 0.153125 0.5359375 0.153125 0.5765625 0.2109375 0.5765625 0.2109375 0.5359375 0.153125 0.5359375
19 0.15 0.534765625 0.0921875 0.534765625 0.0921875 0.5765625 0.15 0.5765625 0.15 0.534765625
19 0.280859375 0.5359375 0.280859375 0.5765625 0.3359375 0.5765625 0.3359375 0.5359375 0.280859375 0.5359375
19 0.217578125 0.5375 0.217578125 0.578125 0.275 0.578125 0.275 0.5375 0.217578125 0.5375
19 0.5265625 0.56875 0.5265625 0.6015625 0.5640625 0.6015625 0.5640625 0.56875 0.5265625 0.56875
19 0.5953125 0.56953125 0.566796875 0.56953125 0.566796875 0.6046875 0.5953125 0.6046875 0.5953125 0.56953125
19 0.601953125 0.5734375 0.601953125 0.6 0.634375 0.6 0.634375 0.5734375 0.601953125 0.5734375
19 0.6375 0.565625 0.6375 0.6484375 0.70625 0.6484375 0.70625 0.565625 0.6375 0.565625
19 0.785546875 0.565625 0.785546875 0.65 0.8515625 0.65 0.8515625 0.565625 0.785546875 0.565625
19 0.7125 0.5671875 0.7125 0.646875 0.7796875 0.646875 0.7796875 0.5671875 0.7125 0.5671875
19 0.0875 0.5796875 0.0875 0.640625 0.1515625 0.640625 0.1515625 0.5796875 0.0875 0.5796875
19 0.934375 0.580859375 0.85234375 0.580859375 0.85234375 0.640625 0.934375 0.640625 0.934375 0.580859375
19 0.2171875 0.6390625 0.2171875 0.579296875 0.158203125 0.579296875 0.158203125 0.6390625 0.2171875 0.6390625
19 0.084375 0.6421875 0.084375 0.578515625 0.0203125 0.578515625 0.0203125 0.6421875 0.084375 0.6421875
19 0.221484375 0.5859375 0.221484375 0.6359375 0.278125 0.6359375 0.278125 0.5859375 0.221484375 0.5859375
19 0.340625 0.58125 0.340625 0.6453125 0.4 0.6453125 0.4 0.58125 0.340625 0.58125
19 0.465625 0.58125 0.465625 0.6453125 0.521875 0.6453125 0.521875 0.58125 0.465625 0.58125
19 0.2796875 0.5828125 0.2796875 0.646875 0.3375 0.646875 0.3375 0.5828125 0.2796875 0.5828125
19 0.4078125 0.5828125 0.4078125 0.646875 0.4609375 0.646875 0.4609375 0.5828125 0.4078125 0.5828125
19 0.5609375 0.64375 0.5609375 0.609765625 0.529296875 0.609765625 0.529296875 0.64375 0.5609375 0.64375
19 0.6015625 0.6453125 0.6015625 0.612890625 0.569140625 0.612890625 0.569140625 0.6453125 0.6015625 0.6453125
19 0.6359375 0.6453125 0.6359375 0.612109375 0.601171875 0.612109375 0.601171875 0.6453125 0.6359375 0.6453125