19 0.984375 0.137890625 0.9046875 0.137890625 0.9046875 0.1828125 0.984375 0.1828125 0.984375 0.137890625
19 0.233203125 0.259375 0.233203125 0.3625 0.3015625 0.3625 0.3015625 0.259375 0.233203125 0.259375
19 0.8296875 0.29375 0.8296875 0.3296875 0.8625 0.3296875 0.8625 0.29375 0.8296875 0.29375
19 0.3890625 0.27578125 0.287109375 0.27578125 0.287109375 0.346875 0.3890625 0.346875 0.3890625 0.27578125
19 0.9 0.2921875 0.867578125 0.2921875 0.867578125 0.33125 0.9 0.33125 0.9 0.2921875
19 0.828125 0.295703125 0.793359375 0.295703125 0.793359375 0.329296875 0.828125 0.329296875 0.828125 0.295703125
19 0.4609375 0.3453125 0.4609375 0.277734375 0.36015625 0.277734375 0.36015625 0.3453125 0.4609375 0.3453125
19 0.9453125 0.294921875 0.9046875 0.294921875 0.9046875 0.3296875 0.9453125 0.3296875 0.9453125 0.294921875
19 0.5125 0.353125 0.5125 0.2953125 0.433203125 0.2953125 0.433203125 0.353125 0.5125 0.353125
19 0.5703125 0.353125 0.5703125 0.298046875 0.490234375 0.298046875 0.490234375 0.353125 0.5703125 0.353125
19 0.6203125 0.286328125 0.559375 0.286328125 0.559375 0.3671875 0.6203125 0.3671875 0.6203125 0.286328125
19 0.6796875 0.286328125 0.621875 0.286328125 0.621875 0.3671875 0.6796875 0.3671875 0.6796875 0.286328125
19 0.80625 0.3015625 0.726953125 0.3015625 0.726953125 0.35625 0.80625 0.35625 0.80625 0.3015625
19 0.7484375 0.30234375 0.669140625 0.30234375 0.669140625 0.3578125 0.7484375 0.3578125 0.7484375 0.30234375
19 0.8375 0.333984375 0.796875 0.333984375 0.796875 0.3671875 0.8375 0.3671875 0.8375 0.333984375
19 0.8765625 0.36875 0.8765625 0.334375 0.839453125 0.334375 0.839453125 0.36875 0.8765625 0.36875
19 0.8796875 0.3375 0.8796875 0.3703125 0.9171875 0.3703125 0.9171875 0.3375 0.8796875 0.3375
19 0.9203125 0.3359375 0.9203125 0.371875 0.953125 0.371875 0.953125 0.3359375 0.9203125 0.3359375
19 0.5515625 0.4328125 0.5515625 0.3984375 0.514453125 0.3984375 0.514453125 0.4328125 0.5515625 0.4328125
19 0.640625 0.434375 0.640625 0.40078125 0.605859375 0.40078125 0.605859375 0.434375 0.640625 0.434375
19 0.468359375 0.3984375 0.468359375 0.4359375 0.5078125 0.4359375 0.5078125 0.3984375 0.468359375 0.3984375
19 0.59375 0.4359375 0.59375 0.39921875 0.55859375 0.39921875 0.55859375 0.4359375 0.59375 0.4359375
19 0.695703125 0.4 0.695703125 0.4375 0.7328125 0.4375 0.7328125 0.4 0.695703125 0.4
19 0.834375 0.3984375 0.834375 0.4375 0.871875 0.4375 0.871875 0.3984375 0.834375 0.3984375
19 0.6515625 0.4 0.6515625 0.4375 0.6890625 0.4375 0.6890625 0.4 0.6515625 0.4
19 0.7828125 0.4375 0.7828125 0.397265625 0.7453125 0.397265625 0.7453125 0.4375 0.7828125 0.4375
19 0.788671875 0.3984375 0.788671875 0.4390625 0.8265625 0.4390625 0.8265625 0.3984375 0.788671875 0.3984375
19 0.878515625 0.4 0.878515625 0.440625 0.9171875 0.440625 0.9171875 0.4 0.878515625 0.4
19 0.015625 0.4078125 0.015625 0.4859375 0.046875 0.4859375 0.046875 0.4078125 0.015625 0.4078125
19 0.1453125 0.4671875 0.1453125 0.434375 0.069140625 0.434375 0.069140625 0.4671875 0.1453125 0.4671875
19 0.1078125 0.43515625 0.030859375 0.43515625 0.030859375 0.46875 0.1078125 0.46875 0.1078125 0.43515625
19 0.125 0.4140625 0.125 0.490625 0.1625 0.490625 0.1625 0.4140625 0.125 0.4140625
19 0.144140625 0.4375 0.144140625 0.465625 0.221875 0.465625 0.221875 0.4375 0.144140625 0.4375
19 0.2625 0.4703125 0.2625 0.4375 0.183203125 0.4375 0.183203125 0.4703125 0.2625 0.4703125
19 0.24375 0.4140625 0.24375 0.49375 0.2765625 0.49375 0.2765625 0.4140625 0.24375 0.4140625
19 0.334375 0.471875 0.334375 0.43671875 0.25703125 0.43671875 0.25703125 0.471875 0.334375 0.471875
19 0.353125 0.4171875 0.353125 0.4953125 0.390625 0.4953125 0.390625 0.4171875 0.353125 0.4171875
19 0.3953125 0.4171875 0.3953125 0.4953125 0.4203125 0.4953125 0.4203125 0.4171875 0.3953125 0.4171875
19 0.3171875 0.415625 0.3171875 0.4953125 0.35 0.4953125 0.35 0.415625 0.3171875 0.415625
19 0.428125 0.4171875 0.428125 0.4953125 0.459375 0.4953125 0.459375 0.4171875 0.428125 0.4171875
19 0.5125 0.449609375 0.46171875 0.449609375 0.46171875 0.484375 0.5125 0.484375 0.5125 0.449609375
19 0.5109375 0.44375 0.5109375 0.4953125 0.553125 0.4953125 0.553125 0.44375 0.5109375 0.44375
19 0.596875 0.445703125 0.5546875 0.445703125 0.5546875 0.4953125 0.596875 0.4953125 0.596875 0.445703125
19 0.5984375 0.4484375 0.5984375 0.49375 0.65 0.49375 0.65 0.4484375 0.5984375 0.4484375
19 0.6921875 0.447265625 0.65 0.447265625 0.65 0.4953125 0.6921875 0.4953125 0.6921875 0.447265625
19 0.7453125 0.49375 0.7453125 0.45234375 0.69296875 0.45234375 0.69296875 0.49375 0.7453125 0.49375
19 0.7484375 0.4484375 0.7484375 0.496875 0.7890625 0.496875 0.7890625 0.4484375 0.7484375 0.4484375
19 0.8390625 0.45390625 0.787109375 0.45390625 0.787109375 0.49375 0.8390625 0.49375 0.8390625 0.45390625
19 0.9328125 0.45546875 0.882421875 0.45546875 0.882421875 0.49375 0.9328125 0.49375 0.9328125 0.45546875
19 0.8875 0.4921875 0.8875 0.4546875 0.834765625 0.4546875 0.834765625 0.4921875 0.8875 0.4921875
19 0.094921875 0.5609375 0.094921875 0.628125 0.1640625 0.628125 0.1640625 0.5609375 0.094921875 0.5609375
19 0.2375 0.56484375 0.164453125 0.56484375 0.164453125 0.6296875 0.2375 0.6296875 0.2375 0.56484375
19 0.555078125 0.5609375 0.555078125 0.6328125 0.6125 0.6328125 0.6125 0.5609375 0.555078125 0.5609375
19 0.553125 0.565625 0.481640625 0.565625 0.481640625 0.63125 0.553125 0.63125 0.553125 0.565625
19 0.3046875 0.565234375 0.240625 0.565234375 0.240625 0.6296875 0.3046875 0.6296875 0.3046875 0.565234375
19 0.025 0.5625 0.025 0.634375 0.09375 0.634375 0.09375 0.5625 0.025 0.5625
19 0.365625 0.57421875 0.304296875 0.57421875 0.304296875 0.6328125 0.365625 0.6328125 0.365625 0.57421875
19 0.616015625 0.571875 0.616015625 0.6359375 0.6734375 0.6359375 0.6734375 0.571875 0.616015625 0.571875
19 0.4265625 0.6328125 0.4265625 0.576953125 0.3671875 0.576953125 0.3671875 0.6328125 0.4265625 0.6328125
19 0.426171875 0.5765625 0.426171875 0.634375 0.4796875 0.634375 0.4796875 0.5765625 0.426171875 0.5765625
19 0.732421875 0.578125 0.732421875 0.63671875 0.79375 0.63671875 0.79375 0.578125 0.732421875 0.578125
19 0.671484375 0.5796875 0.671484375 0.63515625 0.7328125 0.63515625 0.7328125 0.5796875 0.671484375 0.5796875
19 0.85625 0.6359375 0.85625 0.578515625 0.7921875 0.578515625 0.7921875 0.6359375 0.85625 0.6359375
19 0.8546875 0.5765625 0.8546875 0.6390625 0.9125 0.6390625 0.9125 0.5765625 0.8546875 0.5765625