19 0.20625 0.3859375 0.2375 0.3859375 0.2375 0.31978085 0.20625 0.31978085 0.20625 0.3859375
19 0.284375 0.339751396875 0.2236047328125 0.339751396875 0.2236047328125 0.370102834375 0.284375 0.370102834375 0.284375 0.339751396875
19 0.346875 0.34375 0.291119209375 0.34375 0.291119209375 0.371380790625 0.346875 0.371380790625 0.346875 0.34375
19 0.303125 0.384375 0.303125 0.3286890984375 0.27441842968749997 0.3286890984375 0.27441842968749997 0.384375 0.303125 0.384375
19 0.409375 0.3428763984375 0.3538488421875 0.3428763984375 0.3538488421875 0.3732278359375 0.409375 0.3732278359375 0.409375 0.3428763984375
19 0.321875 0.371875 0.378125 0.371875 0.378125 0.3425094859375 0.321875 0.3425094859375 0.321875 0.371875
19 0.1359375 0.546875 0.1359375 0.526407746875 0.08224590625 0.526407746875 0.08224590625 0.546875 0.1359375 0.546875
19 0.14375 0.5111247 0.12477286406250002 0.5111247 0.12477286406250002 0.5654377984375001 0.14375 0.5654377984375001 0.14375 0.5111247
19 0.2453125 0.5640625 0.2453125 0.5213109031250001 0.232166034375 0.5213109031250001 0.232166034375 0.5640625 0.2453125 0.5640625
19 0.2265625 0.5206220046875 0.2125 0.5206220046875 0.2125 0.5637529953125 0.2265625 0.5637529953125 0.2265625 0.5206220046875
19 0.275 0.5515625 0.275 0.53764476875 0.233828375 0.53764476875 0.233828375 0.5515625 0.275 0.5515625
19 0.21875 0.5515625 0.21875 0.5360223640624999 0.178734025 0.5360223640624999 0.178734025 0.5515625 0.21875 0.5515625
19 0.188540834375 0.5671875 0.188540834375 0.5257912328125001 0.1725663921875 0.5257912328125001 0.1725663921875 0.5671875 0.188540834375 0.5671875
19 0.1390625 0.5546875 0.17788288593749998 0.5546875 0.17788288593749998 0.538291234375 0.1390625 0.538291234375 0.1390625 0.5546875
19 0.209375 0.640625 0.209375 0.6218824859375001 0.1738792921875 0.6218824859375001 0.1738792921875 0.640625 0.209375 0.640625
19 0.2328125 0.6453125 0.2328125 0.6238318703125 0.19745656875 0.6238318703125 0.19745656875 0.6453125 0.2328125 0.6453125
19 0.15 0.6484375 0.1859375 0.6484375 0.1859375 0.6248202859374999 0.15 0.6248202859374999 0.15 0.6484375
19 0.2171875 0.7375 0.2171875 0.68687849375 0.19267671718749999 0.68687849375 0.19267671718749999 0.7375 0.2171875 0.7375
19 0.2875 0.7296875 0.2875 0.702755590625 0.23717302343750002 0.702755590625 0.23717302343750002 0.7296875 0.2875 0.7296875
19 0.2546875 0.728125 0.2546875 0.703125 0.2037215453125 0.703125 0.2037215453125 0.728125 0.2546875 0.728125
19 0.1875 0.7390625 0.1875 0.6921875 0.1641823078125 0.6921875 0.1641823078125 0.7390625 0.1875 0.7390625
19 0.1671875 0.7296875 0.1671875 0.705216653125 0.1222868421875 0.705216653125 0.1222868421875 0.7296875 0.1671875 0.7296875
19 0.129203275 0.740625 0.129203275 0.696767671875 0.102046725 0.696767671875 0.102046725 0.740625 0.129203275 0.740625
19 0.2140625 0.865625 0.2140625 0.832827475 0.1982453078125 0.832827475 0.1982453078125 0.865625 0.2140625 0.865625
19 0.2421875 0.85625 0.2421875 0.8416932906250001 0.20862619843750002 0.8416932921875 0.20862619843750002 0.85625 0.2421875 0.85625
19 0.240625 0.91875 0.240625 0.9024385984375 0.1984874203125 0.9024385984375 0.1984874203125 0.91875 0.240625 0.91875
19 0.21875 0.9203125 0.21875 0.9030001999999999 0.17729382968750002 0.9030001999999999 0.17729382968750002 0.9203125 0.21875 0.9203125
19 0.1765625 0.925 0.1765625 0.9125 0.15035692812499998 0.9125 0.15035692812499998 0.925 0.1765625 0.925
19 0.1875 0.9328125 0.1875 0.9063348640625 0.1752421125 0.9063348640625 0.1752421125 0.9328125 0.1875 0.9328125
19 0.1375 0.9328125 0.1375 0.9063348640625 0.12484275156249999 0.9063348640625 0.12484275156249999 0.9328125 0.1375 0.9328125
19 0.1015625 0.9265625 0.12601337968749998 0.9265625 0.12601337968749998 0.9123851828125 0.1015625 0.9123851828125 0.1015625 0.9265625
19 0.1546875 0.9328125 0.1546875 0.9071810093750001 0.14188049062500002 0.9071810093750001 0.14188049062500002 0.9328125 0.1546875 0.9328125