19 0.711328125 0.1140625 0.711328125 0.1640625 0.7828125 0.1640625 0.7828125 0.1140625 0.711328125 0.1140625
19 0.8421875 0.1140625 0.773828125 0.1140625 0.773828125 0.1671875 0.8421875 0.1671875 0.8421875 0.1140625
19 0.646875 0.1125 0.646875 0.1765625 0.7140625 0.1765625 0.7140625 0.1125 0.646875 0.1125
19 0.834375 0.1140625 0.834375 0.1765625 0.8875 0.1765625 0.8875 0.1140625 0.834375 0.1140625
19 0.686328125 0.23125 0.686328125 0.3140625 0.7234375 0.3140625 0.7234375 0.23125 0.686328125 0.23125
19 0.6796875 0.3171875 0.6796875 0.233203125 0.642578125 0.233203125 0.642578125 0.3171875 0.6796875 0.3171875
19 0.9671875 0.3 0.9671875 0.27109375 0.90546875 0.27109375 0.90546875 0.3 0.9671875 0.3
19 0.8765625 0.303125 0.8765625 0.26796875 0.81484375 0.26796875 0.81484375 0.303125 0.8765625 0.303125
19 0.872265625 0.25625 0.872265625 0.31875 0.90625 0.31875 0.90625 0.25625 0.872265625 0.25625
19 0.687890625 0.38125 0.687890625 0.4109375 0.721875 0.4109375 0.721875 0.38125 0.687890625 0.38125
19 0.732421875 0.3765625 0.732421875 0.41640625 0.7625 0.41640625 0.7625 0.3765625 0.732421875 0.3765625
19 0.6828125 0.4109375 0.6828125 0.384765625 0.650390625 0.384765625 0.650390625 0.4109375 0.6828125 0.4109375
19 0.175 0.37421875 0.076953125 0.37421875 0.076953125 0.4390625 0.175 0.4390625 0.175 0.37421875
19 0.1640625 0.4578125 0.228125 0.4578125 0.228125 0.358203125 0.1640625 0.358203125 0.1640625 0.4578125
19 0.025 0.4578125 0.090625 0.4578125 0.090625 0.358203125 0.025 0.358203125 0.025 0.4578125
19 0.5265625 0.4421875 0.5265625 0.38984375 0.45390625 0.38984375 0.45390625 0.4421875 0.5265625 0.4421875
19 0.4078125 0.3796875 0.4078125 0.45625 0.459375 0.45625 0.459375 0.3796875 0.4078125 0.3796875
19 0.4140625 0.44375 0.4140625 0.39140625 0.33828125 0.39140625 0.33828125 0.44375 0.4140625 0.44375
19 0.346875 0.380078125 0.29375 0.380078125 0.29375 0.4546875 0.346875 0.4546875 0.346875 0.380078125
19 0.234765625 0.3796875 0.234765625 0.45625 0.2875 0.45625 0.2875 0.3796875 0.234765625 0.3796875
19 0.610546875 0.396875 0.610546875 0.453125 0.6546875 0.453125 0.6546875 0.396875 0.610546875 0.396875
19 0.5171875 0.3984375 0.5171875 0.4546875 0.5640625 0.4546875 0.5640625 0.3984375 0.5171875 0.3984375
19 0.566015625 0.3984375 0.566015625 0.45625 0.609375 0.45625 0.609375 0.3984375 0.566015625 0.3984375
19 0.7375 0.4484375 0.775 0.4484375 0.775 0.416015625 0.7375 0.416015625 0.7375 0.4484375
19 0.6546875 0.45 0.69375 0.45 0.69375 0.415625 0.6546875 0.415625 0.6546875 0.45
19 0.734375 0.41328125 0.698828125 0.41328125 0.698828125 0.453125 0.734375 0.453125 0.734375 0.41328125
19 0.634765625 0.4828125 0.634765625 0.5546875 0.684375 0.5546875 0.684375 0.4828125 0.634765625 0.4828125
19 0.271875 0.4796875 0.271875 0.55625 0.3453125 0.55625 0.3453125 0.4796875 0.271875 0.4796875
19 0.2671875 0.483203125 0.1984375 0.483203125 0.1984375 0.55625 0.2671875 0.55625 0.2671875 0.483203125
19 0.7515625 0.54375 0.7515625 0.493359375 0.6828125 0.493359375 0.6828125 0.54375 0.7515625 0.54375
19 0.640625 0.54375 0.640625 0.49609375 0.56953125 0.49609375 0.56953125 0.54375 0.640625 0.54375
19 0.19375 0.482421875 0.1140625 0.482421875 0.1140625 0.5578125 0.19375 0.5578125 0.19375 0.482421875
19 0.7484375 0.496875 0.7484375 0.553125 0.790625 0.553125 0.790625 0.496875 0.7484375 0.496875
19 0.1078125 0.5609375 0.1078125 0.4875 0.037890625 0.4875 0.037890625 0.5609375 0.1078125 0.5609375
19 0.8484375 0.496875 0.8484375 0.5546875 0.8875 0.5546875 0.8875 0.496875 0.8484375 0.496875
19 0.8875 0.5046875 0.8875 0.5453125 0.94375 0.5453125 0.94375 0.5046875 0.8875 0.5046875
19 0.350390625 0.4953125 0.350390625 0.5578125 0.403125 0.5578125 0.403125 0.4953125 0.350390625 0.4953125
19 0.796875 0.4984375 0.796875 0.553125 0.8375 0.553125 0.8375 0.4984375 0.796875 0.4984375
19 0.40625 0.4984375 0.40625 0.55625 0.459375 0.55625 0.459375 0.4984375 0.40625 0.4984375