19 0.1796875 0.1265625 0.1796875 0.175 0.2 0.175 0.2 0.1265625 0.1796875 0.1265625
19 0.158203125 0.1296875 0.158203125 0.1765625 0.175 0.1765625 0.175 0.1296875 0.158203125 0.1296875
19 0.2328125 0.1296875 0.2328125 0.175 0.25 0.175 0.25 0.1296875 0.2328125 0.1296875
19 0.206640625 0.13125 0.206640625 0.1765625 0.2234375 0.1765625 0.2234375 0.13125 0.206640625 0.13125
19 0.2890625 0.14609375 0.244921875 0.14609375 0.244921875 0.165625 0.2890625 0.165625 0.2890625 0.14609375
19 0.7109375 0.178125 0.7109375 0.2109375 0.759375 0.2109375 0.759375 0.178125 0.7109375 0.178125
19 0.5734375 0.215625 0.5734375 0.183984375 0.519921875 0.183984375 0.519921875 0.215625 0.5734375 0.215625
19 0.6140625 0.2171875 0.6140625 0.18515625 0.558984375 0.18515625 0.558984375 0.2171875 0.6140625 0.2171875
19 0.6953125 0.2171875 0.6953125 0.185546875 0.6421875 0.185546875 0.6421875 0.2171875 0.6953125 0.2171875
19 0.6890625 0.175 0.6890625 0.228125 0.71875 0.228125 0.71875 0.175 0.6890625 0.175
19 0.653125 0.2171875 0.653125 0.185546875 0.6 0.185546875 0.6 0.2171875 0.653125 0.2171875
19 0.1796875 0.2109375 0.1796875 0.19375 0.141015625 0.19375 0.141015625 0.2109375 0.1796875 0.2109375
19 0.2390625 0.221875 0.2390625 0.183203125 0.221484375 0.183203125 0.221484375 0.221875 0.2390625 0.221875
19 0.163671875 0.1953125 0.163671875 0.21328125 0.203125 0.21328125 0.203125 0.1953125 0.163671875 0.1953125
19 0.198828125 0.184375 0.198828125 0.225 0.215625 0.225 0.215625 0.184375 0.198828125 0.184375
19 0.28125 0.194140625 0.24140625 0.194140625 0.24140625 0.2140625 0.28125 0.2140625 0.28125 0.194140625
19 0.387109375 0.2890625 0.387109375 0.31171875 0.4375 0.31171875 0.4375 0.2890625 0.387109375 0.2890625
19 0.5390625 0.3265625 0.5390625 0.271484375 0.512109375 0.271484375 0.512109375 0.3265625 0.5390625 0.3265625
19 0.4296875 0.2765625 0.4296875 0.325 0.4546875 0.325 0.4546875 0.2765625 0.4296875 0.2765625
19 0.54375 0.271875 0.54375 0.3296875 0.56875 0.3296875 0.56875 0.271875 0.54375 0.271875
19 0.5546875 0.2890625 0.5546875 0.315625 0.6125 0.315625 0.6125 0.2890625 0.5546875 0.2890625
19 0.640625 0.287890625 0.58203125 0.287890625 0.58203125 0.3140625 0.640625 0.3140625 0.640625 0.287890625
19 0.5234375 0.3125 0.5234375 0.28984375 0.471484375 0.28984375 0.471484375 0.3125 0.5234375 0.3125
19 0.444921875 0.290625 0.444921875 0.3125 0.4953125 0.3125 0.4953125 0.290625 0.444921875 0.290625
19 0.3640625 0.325 0.3640625 0.29453125 0.31953125 0.29453125 0.31953125 0.325 0.3640625 0.325
19 0.334375 0.3265625 0.334375 0.29609375 0.28671875 0.29609375 0.28671875 0.3265625 0.334375 0.3265625
19 0.362890625 0.29375 0.362890625 0.334375 0.3953125 0.334375 0.3953125 0.29375 0.362890625 0.29375
19 0.396484375 0.33125 0.396484375 0.3984375 0.4234375 0.3984375 0.4234375 0.33125 0.396484375 0.33125
19 0.47265625 0.375 0.47265625 0.351171875 0.4078125 0.351171875 0.4078125 0.375 0.47265625 0.375
19 0.334375 0.3796875 0.334375 0.349609375 0.27734375 0.349609375 0.27734375 0.3796875 0.334375 0.3796875
19 0.3109375 0.3484375 0.3109375 0.38125 0.36875 0.38125 0.36875 0.3484375 0.3109375 0.3484375
19 0.5578125 0.378125 0.5578125 0.35390625 0.49140625 0.35390625 0.49140625 0.378125 0.5578125 0.378125
19 0.4984375 0.3796875 0.4984375 0.353515625 0.433984375 0.353515625 0.433984375 0.3796875 0.4984375 0.3796875
19 0.64609375 0.378125 0.64609375 0.352734375 0.5796875 0.352734375 0.5796875 0.378125 0.64609375 0.378125
19 0.466015625 0.3546875 0.466015625 0.378125 0.5296875 0.378125 0.5296875 0.3546875 0.466015625 0.3546875
19 0.5875 0.378125 0.5875 0.351953125 0.5234375 0.351953125 0.5234375 0.378125 0.5875 0.378125
19 0.5953125 0.332421875 0.5703125 0.332421875 0.5703125 0.3984375 0.5953125 0.3984375 0.5953125 0.332421875
19 0.3625 0.39375 0.390625 0.39375 0.390625 0.3390625 0.3625 0.3390625 0.3625 0.39375
19 0.5375 0.481640625 0.5 0.481640625 0.5 0.5546875 0.5375 0.5546875 0.5375 0.481640625
19 0.5171875 0.500390625 0.44296875 0.500390625 0.44296875 0.5359375 0.5171875 0.5359375 0.5171875 0.500390625
19 0.4765625 0.5375 0.4765625 0.50234375 0.40546875 0.50234375 0.40546875 0.5375 0.4765625 0.5375
19 0.59375 0.5390625 0.59375 0.521875 0.544921875 0.521875 0.544921875 0.5390625 0.59375 0.5390625
19 0.5984375 0.55625 0.5984375 0.506640625 0.580859375 0.506640625 0.580859375 0.55625 0.5984375 0.55625
19 0.559375 0.506640625 0.5421875 0.506640625 0.5421875 0.5546875 0.559375 0.5546875 0.559375 0.506640625
19 0.6390625 0.540625 0.6390625 0.524609375 0.588671875 0.524609375 0.588671875 0.540625 0.6390625 0.540625
19 0.5859375 0.7125 0.5859375 0.680078125 0.5 0.680078125 0.5 0.7125 0.5859375 0.7125
19 0.559375 0.6578125 0.559375 0.7421875 0.5921875 0.7421875 0.5921875 0.6578125 0.559375 0.6578125
19 0.5984375 0.684375 0.5984375 0.7140625 0.68125 0.7140625 0.68125 0.684375 0.5984375 0.684375
19 0.65 0.7140625 0.65 0.68515625 0.56640625 0.68515625 0.56640625 0.7140625 0.65 0.7140625
19 0.2859375 0.5328125 0.2859375 0.49609375 0.20703125 0.49609375 0.20703125 0.5328125 0.2859375 0.5328125
19 0.265625 0.4765625 0.265625 0.553125 0.3015625 0.553125 0.3015625 0.4765625 0.265625 0.4765625
19 0.3015625 0.4796875 0.3015625 0.55625 0.3421875 0.55625 0.3421875 0.4796875 0.3015625 0.4796875
19 0.34375 0.55625 0.378125 0.55625 0.378125 0.48125 0.34375 0.48125 0.34375 0.55625
19 0.359375 0.4984375 0.359375 0.534375 0.4359375 0.534375 0.4359375 0.4984375 0.359375 0.4984375