19 0.9828125 0.3609375 0.9828125 0.281239953125 0.8846940296874999 0.281239953125 0.8846940296874999 0.3609375 0.9828125 0.3609375
19 0.878125 0.3703125 0.878125 0.276263565625 0.7963650515625 0.276263565625 0.7963650515625 0.3703125 0.878125 0.3703125
19 0.79375 0.3640625 0.79375 0.3046875 0.7206893078125 0.3046875 0.7206893078125 0.3640625 0.79375 0.3640625
19 0.7109375 0.30049990000000004 0.6498995171875 0.30049990000000004 0.6498995171875 0.37606259999999997 0.7109375 0.37606259999999997 0.7109375 0.30049990000000004
19 0.321875 0.3875 0.321875 0.29406651875 0.2425743578125 0.29406651875 0.2425743578125 0.3875 0.321875 0.3875
19 0.415625 0.384375 0.415625 0.3009093640625 0.34229803125 0.3009093640625 0.34229803125 0.384375 0.415625 0.384375
19 0.509375 0.384375 0.509375 0.29386806718749997 0.43833902656249996 0.29386806718749997 0.438339028125 0.384375 0.509375 0.384375
19 0.1390625 0.39375 0.21875 0.39375 0.21875 0.299485028125 0.1390625 0.299485028125 0.1390625 0.39375
19 0.6390625 0.3734375 0.6390625 0.321176646875 0.587304059375 0.321176646875 0.587304059375 0.3734375 0.6390625 0.3734375
19 0.059375 0.3875 0.1328125 0.3875 0.1328125 0.3232918 0.059375 0.3232918 0.059375 0.3875
19 0.571875 0.38125 0.571875 0.3376180671875 0.5398186296875 0.3376180671875 0.5398186296875 0.38125 0.571875 0.38125
19 0.9937299015625 0.5453125 0.9937299015625 0.46190715468750004 0.90691318125 0.46190715468750004 0.90691318125 0.5453125 0.9937299015625 0.5453125
19 0.890625 0.546875 0.890625 0.463655546875 0.8156727281249999 0.463655546875 0.8156727281249999 0.546875 0.890625 0.546875
19 0.7984375 0.5453125 0.7984375 0.46490152656249994 0.720098975 0.46490152656249994 0.720098975 0.5453125 0.7984375 0.5453125
19 0.6984375 0.5515625 0.6984375 0.46841338437499996 0.62205586875 0.46841338437499996 0.62205586875 0.5515625 0.6984375 0.5515625
19 0.6125 0.546875 0.6125 0.47747437656249997 0.5200311484375 0.47747437656249997 0.5200311484375 0.546875 0.6125 0.546875
19 0.4953125 0.5609375 0.4953125 0.4721689109375 0.4269443328125 0.4721689109375 0.4269443328125 0.5609375 0.4953125 0.5609375
19 0.3984375 0.4796875 0.3313982109375 0.4796875 0.3313982109375 0.5621910171875 0.3984375 0.5621910171875 0.3984375 0.4796875
19 0.2172854703125 0.4953125 0.2172854703125 0.5546875 0.2936520296875 0.5546875 0.2936520296875 0.4953125 0.2172854703125 0.4953125
19 0.1875 0.5703125 0.1875 0.48933631406250006 0.1311068125 0.48933631406250006 0.1311068125 0.5703125 0.1875 0.5703125