19 0.49375 0.6625 0.49375 0.709375 0.534375 0.709375 0.534375 0.6625 0.49375 0.6625
19 0.321875 0.703125 0.321875 0.67421875 0.28515625 0.67421875 0.28515625 0.703125 0.321875 0.703125
19 0.248046875 0.675 0.248046875 0.70390625 0.2890625 0.70390625 0.2890625 0.675 0.248046875 0.675
19 0.1890625 0.66875 0.1890625 0.709375 0.2140625 0.709375 0.2140625 0.66875 0.1890625 0.66875
19 0.541015625 0.66875 0.541015625 0.7109375 0.584375 0.7109375 0.584375 0.66875 0.541015625 0.66875
19 0.221875 0.66875 0.221875 0.7109375 0.25 0.7109375 0.25 0.66875 0.221875 0.66875
19 0.6890625 0.709375 0.6890625 0.666796875 0.647265625 0.666796875 0.647265625 0.709375 0.6890625 0.709375
19 0.4890625 0.7078125 0.4890625 0.668359375 0.455859375 0.668359375 0.455859375 0.7078125 0.4890625 0.7078125
19 0.3546875 0.675 0.3546875 0.70625 0.3921875 0.70625 0.3921875 0.675 0.3546875 0.675
19 0.425 0.7046875 0.425 0.676171875 0.387109375 0.676171875 0.387109375 0.7046875 0.425 0.7046875
19 0.4578125 0.67734375 0.418359375 0.67734375 0.418359375 0.7046875 0.4578125 0.7046875 0.4578125 0.67734375
19 0.35625 0.7046875 0.35625 0.675390625 0.3171875 0.675390625 0.3171875 0.7046875 0.35625 0.7046875
19 0.594921875 0.6640625 0.594921875 0.7140625 0.6359375 0.7140625 0.6359375 0.6640625 0.594921875 0.6640625
19 0.7 0.6703125 0.7 0.7125 0.7421875 0.7125 0.7421875 0.6703125 0.7 0.6703125
19 0.790625 0.7125 0.790625 0.670703125 0.748828125 0.670703125 0.748828125 0.7125 0.790625 0.7125
19 0.7046875 0.346875 0.7046875 0.3078125 0.681640625 0.3078125 0.681640625 0.346875 0.7046875 0.346875
19 0.73125 0.309765625 0.70625 0.309765625 0.70625 0.3484375 0.73125 0.3484375 0.73125 0.309765625
19 0.5046875 0.3875 0.5046875 0.3171875 0.466015625 0.3171875 0.466015625 0.3875 0.5046875 0.3875
19 0.4921875 0.3703125 0.5609375 0.3703125 0.5609375 0.336328125 0.4921875 0.336328125 0.4921875 0.3703125
19 0.585546875 0.33125 0.585546875 0.3890625 0.6140625 0.3890625 0.6140625 0.33125 0.585546875 0.33125
19 0.6203125 0.33125 0.6203125 0.3890625 0.65 0.3890625 0.65 0.33125 0.6203125 0.33125
19 0.639453125 0.3453125 0.639453125 0.3734375 0.6953125 0.3734375 0.6953125 0.3453125 0.639453125 0.3453125
19 0.7203125 0.384375 0.7203125 0.35625 0.680078125 0.35625 0.680078125 0.384375 0.7203125 0.384375
19 0.749609375 0.3828125 0.749609375 0.356640625 0.711328125 0.356640625 0.711328125 0.3828125 0.749609375 0.3828125
19 0.7125 0.387109375 0.7109375 0.387109375 0.7109375 0.3890625 0.7125 0.3890625 0.7125 0.387109375
19 0.2515625 0.45625 0.2515625 0.4171875 0.202734375 0.4171875 0.202734375 0.45625 0.2515625 0.45625
19 0.5375 0.4640625 0.5375 0.414453125 0.478515625 0.414453125 0.478515625 0.4640625 0.5375 0.4640625
19 0.29375 0.459375 0.29375 0.4203125 0.245703125 0.4203125 0.245703125 0.459375 0.29375 0.459375
19 0.428125 0.465625 0.428125 0.41328125 0.37109375 0.41328125 0.37109375 0.465625 0.428125 0.465625
19 0.425 0.4140625 0.425 0.465625 0.4859375 0.465625 0.4859375 0.4140625 0.425 0.4140625
19 0.3734375 0.417578125 0.3359375 0.417578125 0.3359375 0.4671875 0.3734375 0.4671875 0.3734375 0.417578125
19 0.3375 0.42421875 0.290234375 0.42421875 0.290234375 0.4625 0.3375 0.4625 0.3375 0.42421875
19 0.5890625 0.417578125 0.53359375 0.417578125 0.53359375 0.46875 0.5890625 0.46875 0.5890625 0.417578125
19 0.234375 0.495703125 0.19375 0.495703125 0.19375 0.5484375 0.234375 0.5484375 0.234375 0.495703125
19 0.389453125 0.4953125 0.389453125 0.5515625 0.4109375 0.5515625 0.4109375 0.4953125 0.389453125 0.4953125
19 0.4140625 0.49375 0.4140625 0.5515625 0.4375 0.5515625 0.4375 0.49375 0.4140625 0.49375
19 0.2828125 0.54375 0.2828125 0.502734375 0.23046875 0.502734375 0.23046875 0.54375 0.2828125 0.54375
19 0.359375 0.4953125 0.359375 0.553125 0.3859375 0.553125 0.3859375 0.4953125 0.359375 0.4953125
19 0.325 0.54375 0.325 0.50546875 0.273046875 0.50546875 0.273046875 0.54375 0.325 0.54375
19 0.3140625 0.5078125 0.3140625 0.54375 0.365625 0.54375 0.365625 0.5078125 0.3140625 0.5078125
19 0.4421875 0.5 0.4421875 0.5515625 0.490625 0.5515625 0.490625 0.5 0.4421875 0.5
19 0.496875 0.5046875 0.496875 0.55 0.5453125 0.55 0.5453125 0.5046875 0.496875 0.5046875
19 0.596875 0.50234375 0.551953125 0.50234375 0.551953125 0.5515625 0.596875 0.5515625 0.596875 0.50234375
19 0.6546875 0.5546875 0.6546875 0.505859375 0.604296875 0.505859375 0.604296875 0.5546875 0.6546875 0.5546875
19 0.7140625 0.5078125 0.7140625 0.5546875 0.7609375 0.5546875 0.7609375 0.5078125 0.7140625 0.5078125
19 0.703125 0.50703125 0.658203125 0.50703125 0.658203125 0.55625 0.703125 0.55625 0.703125 0.50703125
19 0.5859375 0.5828125 0.5859375 0.5984375 0.609375 0.5984375 0.609375 0.5828125 0.5859375 0.5828125
19 0.66875 0.583203125 0.64375 0.583203125 0.64375 0.6 0.66875 0.6 0.66875 0.583203125
19 0.6140625 0.5828125 0.6140625 0.6 0.6359375 0.6 0.6359375 0.5828125 0.6140625 0.5828125
19 0.6734375 0.584375 0.6734375 0.6015625 0.7 0.6015625 0.7 0.584375 0.6734375 0.584375
19 0.728125 0.583203125 0.703125 0.583203125 0.703125 0.6 0.728125 0.6 0.728125 0.583203125
19 0.7890625 0.584765625 0.7625 0.584765625 0.7625 0.6015625 0.7890625 0.6015625 0.7890625 0.584765625
19 0.2375 0.579296875 0.19296875 0.579296875 0.19296875 0.6234375 0.2375 0.6234375 0.2375 0.579296875
19 0.247265625 0.5828125 0.247265625 0.6234375 0.296875 0.6234375 0.296875 0.5828125 0.247265625 0.5828125
19 0.328125 0.590625 0.328125 0.621875 0.365625 0.621875 0.365625 0.590625 0.328125 0.590625
19 0.43125 0.61875 0.43125 0.59296875 0.39453125 0.59296875 0.39453125 0.61875 0.43125 0.61875
19 0.390625 0.585546875 0.3640625 0.585546875 0.3640625 0.6234375 0.390625 0.6234375 0.390625 0.585546875
19 0.434375 0.5875 0.434375 0.625 0.459375 0.625 0.459375 0.5875 0.434375 0.5875
19 0.4640625 0.625 0.490625 0.625 0.490625 0.5875 0.4640625 0.5875 0.4640625 0.625
19 0.3265625 0.588671875 0.3 0.588671875 0.3 0.6234375 0.3265625 0.6234375 0.3265625 0.588671875
19 0.521875 0.606640625 0.5015625 0.606640625 0.5015625 0.6234375 0.521875 0.6234375 0.521875 0.606640625
19 0.546875 0.6265625 0.546875 0.603125 0.529296875 0.603125 0.529296875 0.6265625 0.546875 0.6265625
19 0.5609375 0.6015625 0.5609375 0.63125 0.578125 0.63125 0.578125 0.6015625 0.5609375 0.6015625
19 0.6015625 0.628125 0.6015625 0.60703125 0.588671875 0.60703125 0.588671875 0.628125 0.6015625 0.628125
19 0.6390625 0.6265625 0.6390625 0.608984375 0.612109375 0.608984375 0.612109375 0.6265625 0.6390625 0.6265625
19 0.677734375 0.6046875 0.677734375 0.63359375 0.690625 0.63359375 0.690625 0.6046875 0.677734375 0.6046875
19 0.7234375 0.63125 0.7234375 0.60703125 0.70703125 0.60703125 0.70703125 0.63125 0.7234375 0.63125
19 0.6421875 0.6125 0.6421875 0.6296875 0.6671875 0.6296875 0.6671875 0.6125 0.6421875 0.6125
19 0.759375 0.6265625 0.7875 0.6265625 0.7875 0.614453125 0.759375 0.614453125 0.759375 0.6265625
19 0.75 0.6109375 0.734765625 0.6109375 0.734765625 0.6328125 0.75 0.6328125 0.75 0.6109375