19 0.62421875 0.0140625 0.5109375 0.0140625 0.5109375 0.15703125 0.62421875 0.15703125 0.62421875 0.0140625
19 0.63515625 0.8796875 0.596875 0.8796875 0.596875 0.9875 0.63515625 0.9875 0.63515625 0.8796875
19 0.68359375 0.8828125 0.64375 0.8828125 0.64375 0.9875 0.68359375 0.9875 0.68359375 0.8828125
19 0.73359375 0.8828125 0.690625 0.8828125 0.690625 0.9921875 0.73359375 0.9921875 0.73359375 0.8828125
19 0.78203125 0.8859375 0.7421875 0.8859375 0.7421875 0.990625 0.78203125 0.990625 0.78203125 0.8859375
19 0.9046875 0.0390625 0.828125 0.0390625 0.828125 0.16171875 0.9046875 0.16171875 0.9046875 0.0390625
19 0.99296875 0.0390625 0.9109375 0.0390625 0.9109375 0.1640625 0.99296875 0.1640625 0.99296875 0.0390625
19 0.71328125 0.059375 0.6265625 0.059375 0.6265625 0.1625 0.71328125 0.1625 0.71328125 0.059375
19 0.81171875 0.06875 0.721875 0.06875 0.721875 0.1640625 0.81171875 0.1640625 0.81171875 0.06875
19 0.63203125 0.20625 0.55 0.20625 0.55 0.3609375 0.63203125 0.3609375 0.63203125 0.20625
19 0.7203125 0.2109375 0.6328125 0.2109375 0.6328125 0.365625 0.7203125 0.365625 0.7203125 0.2109375
19 0.7828125 0.2390625 0.725 0.2390625 0.725 0.3703125 0.7828125 0.3703125 0.7828125 0.2390625
19 0.93046875 0.2515625 0.8484375 0.2515625 0.8484375 0.3703125 0.93046875 0.3703125 0.93046875 0.2515625
19 0.84453125 0.2765625 0.7890625 0.2765625 0.7890625 0.36875 0.84453125 0.36875 0.84453125 0.2765625
19 0.69375 0.434375 0.5828125 0.434375 0.5828125 0.5578125 0.69375 0.5578125 0.69375 0.434375
19 0.803125 0.4359375 0.69375 0.4359375 0.69375 0.559375 0.803125 0.559375 0.803125 0.4359375