19 0.496484375 0.603125 0.496484375 0.6375 0.5375 0.6375 0.5375 0.603125 0.496484375 0.603125
19 0.4921875 0.6390625 0.4921875 0.603515625 0.453125 0.603515625 0.453125 0.6390625 0.4921875 0.6390625
19 0.44375 0.599609375 0.4078125 0.599609375 0.4078125 0.6421875 0.44375 0.6421875 0.44375 0.599609375
19 0.5828125 0.604296875 0.54296875 0.604296875 0.54296875 0.640625 0.5828125 0.640625 0.5828125 0.604296875
19 0.355859375 0.6015625 0.355859375 0.64140625 0.3953125 0.64140625 0.3953125 0.6015625 0.355859375 0.6015625
19 0.308984375 0.60625 0.308984375 0.63984375 0.3484375 0.63984375 0.3484375 0.60625 0.308984375 0.60625
19 0.666015625 0.628125 0.666015625 0.6609375 0.703125 0.6609375 0.703125 0.628125 0.666015625 0.628125
19 0.7015625 0.63125 0.7015625 0.6609375 0.740625 0.6609375 0.740625 0.63125 0.7015625 0.63125
19 0.5890625 0.6296875 0.5890625 0.6609375 0.621875 0.6609375 0.621875 0.6296875 0.5890625 0.6296875
19 0.6609375 0.6625 0.6609375 0.626171875 0.627734375 0.626171875 0.627734375 0.6625 0.6609375 0.6625
19 0.778125 0.6296875 0.745703125 0.6296875 0.745703125 0.6625 0.778125 0.6625 0.778125 0.6296875
19 0.7859375 0.6296875 0.7859375 0.6625 0.8234375 0.6625 0.8234375 0.6296875 0.7859375 0.6296875
19 0.253125 0.7 0.253125 0.64765625 0.18046875 0.64765625 0.18046875 0.7 0.253125 0.7
19 0.242578125 0.6375 0.242578125 0.715625 0.3 0.715625 0.3 0.6375 0.242578125 0.6375
19 0.119921875 0.6484375 0.119921875 0.7015625 0.1953125 0.7015625 0.1953125 0.6484375 0.119921875 0.6484375
19 0.0703125 0.6375 0.0703125 0.715625 0.1265625 0.715625 0.1265625 0.6375 0.0703125 0.6375
19 0.9234375 0.655078125 0.88125 0.655078125 0.88125 0.7078125 0.9234375 0.7078125 0.9234375 0.655078125
19 0.878125 0.656640625 0.8375 0.656640625 0.8375 0.709375 0.878125 0.709375 0.878125 0.656640625
19 0.3546875 0.7125 0.3546875 0.653515625 0.304296875 0.653515625 0.304296875 0.7125 0.3546875 0.7125
19 0.35625 0.6546875 0.35625 0.7109375 0.3984375 0.7109375 0.3984375 0.6546875 0.35625 0.6546875
19 0.4453125 0.656640625 0.403125 0.656640625 0.403125 0.709375 0.4453125 0.709375 0.4453125 0.656640625
19 0.546875 0.70625 0.546875 0.66171875 0.49453125 0.66171875 0.49453125 0.70625 0.546875 0.70625
19 0.5484375 0.7109375 0.5875 0.7109375 0.5875 0.656640625 0.5484375 0.656640625 0.5484375 0.7109375
19 0.4453125 0.65625 0.4453125 0.709375 0.49375 0.709375 0.49375 0.65625 0.4453125 0.65625
19 0.7125 0.675 0.7125 0.70625 0.7484375 0.70625 0.7484375 0.675 0.7125 0.675
19 0.6703125 0.675 0.6703125 0.7046875 0.709375 0.7046875 0.709375 0.675 0.6703125 0.675
19 0.6265625 0.67265625 0.594921875 0.67265625 0.594921875 0.7109375 0.6265625 0.7109375 0.6265625 0.67265625
19 0.7515625 0.6734375 0.7515625 0.70625 0.790625 0.70625 0.790625 0.6734375 0.7515625 0.6734375
19 0.8328125 0.673828125 0.7921875 0.673828125 0.7921875 0.7078125 0.8328125 0.7078125 0.8328125 0.673828125
19 0.632421875 0.6765625 0.632421875 0.709375 0.6703125 0.709375 0.6703125 0.6765625 0.632421875 0.6765625
19 0.9125 0.8171875 0.9125 0.753515625 0.839453125 0.753515625 0.839453125 0.8171875 0.9125 0.8171875
19 0.469140625 0.753125 0.469140625 0.821875 0.534375 0.821875 0.534375 0.753125 0.469140625 0.753125
19 0.765625 0.8234375 0.765625 0.754296875 0.687109375 0.754296875 0.687109375 0.8234375 0.765625 0.8234375
19 0.6859375 0.748828125 0.6125 0.748828125 0.6125 0.828125 0.6859375 0.828125 0.6859375 0.748828125
19 0.8390625 0.753515625 0.7640625 0.753515625 0.7640625 0.821875 0.8390625 0.821875 0.8390625 0.753515625
19 0.4640625 0.753515625 0.394921875 0.753515625 0.394921875 0.824609375 0.4640625 0.824609375 0.4640625 0.753515625
19 0.609375 0.8234375 0.609375 0.758203125 0.534765625 0.758203125 0.534765625 0.8234375 0.609375 0.8234375
19 0.3203125 0.7578125 0.3203125 0.8265625 0.3890625 0.8265625 0.3890625 0.7578125 0.3203125 0.7578125
19 0.242578125 0.7546875 0.242578125 0.83125 0.3109375 0.83125 0.3109375 0.7546875 0.242578125 0.7546875
19 0.102734375 0.76875 0.102734375 0.828125 0.16875 0.828125 0.16875 0.76875 0.102734375 0.76875
19 0.0515625 0.7671875 0.0515625 0.8296875 0.1 0.8296875 0.1 0.7671875 0.0515625 0.7671875
19 0.171875 0.7671875 0.171875 0.8359375 0.2359375 0.8359375 0.2359375 0.7671875 0.171875 0.7671875
19 0.5046875 0.9765625 0.5046875 0.897265625 0.436328125 0.897265625 0.436328125 0.9765625 0.5046875 0.9765625
19 0.137109375 0.890625 0.137109375 0.9828125 0.2109375 0.9828125 0.2109375 0.890625 0.137109375 0.890625
19 0.051953125 0.9015625 0.051953125 0.975 0.14375 0.975 0.14375 0.9015625 0.051953125 0.9015625
19 0.2921875 0.90390625 0.203515625 0.90390625 0.203515625 0.975 0.2921875 0.975 0.2921875 0.90390625
19 0.4328125 0.898828125 0.3609375 0.898828125 0.3609375 0.9828125 0.4328125 0.9828125 0.4328125 0.898828125
19 0.2859375 0.896875 0.2859375 0.984375 0.3578125 0.984375 0.3578125 0.896875 0.2859375 0.896875