19 0.7491961421875 0 0.7491961421875 0.1342443734375 0.8247588421875 0.1342443734375 0.8247588421875 0 0.7491961421875 0
19 0.6688102890625001 0 0.6688102890625001 0.1366559484375 0.747588425 0.1366559484375 0.747588425 0 0.6688102890625001 0
19 0.828778134375 0 0.828778134375 0.1366559484375 0.9067524109375 0.1366559484375 0.9067524109375 0 0.828778134375 0
19 0.5908360125 0 0.5908360125 0.1366559484375 0.667202571875 0.1366559484375 0.667202571875 0 0.5908360125 0
19 0.43569131875 0.01125401875 0.337620578125 0.01125401875 0.337620578125 0.1334405140625 0.43569131875 0.1334405140625 0.43569131875 0.01125401875
19 0.3392282953125 0.012861735937499999 0.2339228296875 0.012861735937499999 0.2339228296875 0.1342443734375 0.3392282953125 0.1342443734375 0.3392282953125 0.012861735937499999
19 0.51125401875 0.02893890625 0.43488745937499995 0.02893890625 0.43488745937499995 0.13263665625 0.51125401875 0.13263665625 0.51125401875 0.02893890625
19 0.5884244375 0.02893890625 0.514469453125 0.02893890625 0.514469453125 0.1366559484375 0.5884244375 0.1366559484375 0.5884244375 0.02893890625
19 0.1302250796875 0.25884244375 0.0803858515625 0.25884244375 0.0803858515625 0.361736334375 0.1302250796875 0.361736334375 0.1302250796875 0.25884244375
19 0.1720257234375 0.262057878125 0.1278135046875 0.262057878125 0.1278135046875 0.36495176875 0.1720257234375 0.36495176875 0.1720257234375 0.262057878125
19 0.2170418 0.2604501609375 0.173633440625 0.2604501609375 0.173633440625 0.3657556265625 0.2170418 0.3657556265625 0.2170418 0.2604501609375
19 0.779742765625 0.2652733125 0.7250803859375 0.2652733125 0.7250803859375 0.368167203125 0.779742765625 0.368167203125 0.779742765625 0.2652733125
19 0.72347266875 0.2652733125 0.6639871375 0.2652733125 0.6639871375 0.368167203125 0.72347266875 0.368167203125 0.72347266875 0.2652733125
19 0.3987138265625 0.297427653125 0.3408360125 0.297427653125 0.3408360125 0.3657556265625 0.3987138265625 0.3657556265625 0.3987138265625 0.297427653125
19 0.337620578125 0.2990353703125 0.282154340625 0.2990353703125 0.282154340625 0.368167203125 0.337620578125 0.368167203125 0.337620578125 0.2990353703125
19 0.456591640625 0.297427653125 0.3987138265625 0.297427653125 0.3987138265625 0.368167203125 0.456591640625 0.368167203125 0.456591640625 0.297427653125
19 0.556270096875 0.2958199359375 0.5080385859375001 0.2958199359375 0.5080385859375001 0.36736334375 0.556270096875 0.36736334375 0.556270096875 0.2958199359375
19 0.606109325 0.2958199359375 0.55948553125 0.2958199359375 0.55948553125 0.3689710609375 0.606109325 0.3689710609375 0.606109325 0.2958199359375
19 0.7138263671875 0.5 0.635852090625 0.5 0.635852090625 0.5691318328125 0.7138263671875 0.5691318328125 0.7138263671875 0.5
19 0.7958199359375 0.5016077171875 0.717845659375 0.5016077171875 0.717845659375 0.57073955 0.7958199359375 0.57073955 0.7958199359375 0.5016077171875
19 0.8794212218749999 0.5016077171875 0.8006430874999999 0.5016077171875 0.8006430874999999 0.5747588421875001 0.8794212218749999 0.5747588421875001 0.8794212218749999 0.5016077171875