19 0.5704205984375 0.275 0.5704205984375 0.346875 0.6608294015625 0.346875 0.6608294015625 0.275 0.5704205984375 0.275
19 0.8640084515625001 0.3453125 0.8640084515625001 0.27514740625 0.7657380109374999 0.27514740625 0.7657380109374999 0.3453125 0.8640084515625001 0.3453125
19 0.75 0.359375 0.75 0.2659001578125 0.6804196140625 0.2659001578125 0.6804196140625 0.359375 0.75 0.359375
19 0.9453125 0.26628341093749996 0.8769654093750001 0.26628341093749996 0.8769654093750001 0.359050709375 0.9453125 0.359050709375 0.9453125 0.26628341093749996
19 0.946875 0.43125 0.946875 0.3609375 0.9129913515625001 0.3609375 0.9129913515625001 0.43125 0.946875 0.43125
19 0.8328125 0.43125 0.8703125 0.43125 0.8703125 0.36060338125 0.8328125 0.36060338125 0.8328125 0.43125
19 0.7921875 0.4359375 0.7921875 0.3598221296875 0.7553557390625001 0.3598221296875 0.7553557390625001 0.4359375 0.7921875 0.4359375
19 0.65 0.415625 0.65 0.3798693015625 0.5864386796875001 0.3798693015625 0.5864386796875001 0.415625 0.65 0.415625
19 0.73125 0.415625 0.73125 0.382311321875 0.6591440640624999 0.382311321875 0.6591440640624999 0.415625 0.73125 0.415625
19 0.4484375 0.4203125 0.4484375 0.38125 0.4278989765625 0.38125 0.4278989765625 0.4203125 0.4484375 0.4203125
19 0.4125 0.4109375 0.4125 0.389318003125 0.3731426875 0.389318003125 0.3731426875 0.4109375 0.4125 0.4109375
19 0.528125 0.4296875 0.5640625 0.4296875 0.5640625 0.370774371875 0.528125 0.370774371875 0.528125 0.4296875
19 0.35625 0.3796875 0.3350727203125 0.3796875 0.3350727203125 0.42156544843750005 0.35625 0.42156544843750005 0.35625 0.3796875
19 0.50625 0.4109375 0.50625 0.389318003125 0.466509434375 0.389318003125 0.466509434375 0.4109375 0.50625 0.4109375
19 0.41187107031250003 0.4375 0.41187107031250003 0.4120233890625 0.3631289296875 0.4120233890625 0.3631289296875 0.4375 0.41187107031250003 0.4375
19 0.359119496875 0.4375 0.359119496875 0.4120233890625 0.315880503125 0.4120233890625 0.315880503125 0.4375 0.359119496875 0.4375
19 0.446875 0.453125 0.446875 0.39938581093750003 0.421319771875 0.39938581093750003 0.421319771875 0.453125 0.446875 0.453125
19 0.4953125 0.446875 0.4953125 0.40714426093749995 0.47490172968750005 0.40714426093749995 0.47490172968750005 0.446875 0.4953125 0.446875
19 0.565625 0.4734375 0.565625 0.407512775 0.5219880109374999 0.407512775 0.5219880109374999 0.4734375 0.565625 0.4734375
19 0.9640625 0.4640625 0.9640625 0.41703518125 0.891956565625 0.41703518125 0.891956565625 0.4640625 0.9640625 0.4640625
19 0.8828125 0.465625 0.8828125 0.4178803078125 0.8158805031249999 0.4178803078125 0.8158805031249999 0.465625 0.8828125 0.465625
19 0.640625 0.40884433906249995 0.5955532625 0.40884433906249995 0.5955532625 0.47645440156249996 0.640625 0.47645440156249996 0.640625 0.40884433906249995
19 0.8 0.4796875 0.8 0.40661851406249994 0.754284590625 0.40661851406249994 0.754284590625 0.4796875 0.8 0.4796875
19 0.7328125 0.465625 0.7328125 0.4210347890625 0.6600481515625 0.4210347890625 0.6600481515625 0.465625 0.7328125 0.465625
19 0.1953125 0.465625 0.1953125 0.4257665109375 0.13784886093749998 0.4257665109375 0.13784886093749998 0.465625 0.1953125 0.465625
19 0.253125 0.4671875 0.253125 0.425 0.1963885625 0.425 0.1963885625 0.4671875 0.253125 0.4671875
19 0.309375 0.4671875 0.309375 0.42577142500000004 0.2580729171875 0.42577142500000004 0.2580729171875 0.4671875 0.309375 0.4671875
19 0.0890625 0.475 0.1296875 0.475 0.1296875 0.4199095921875 0.0890625 0.4199095921875 0.0890625 0.475
19 0.4015625 0.475 0.4015625 0.4332645453125 0.376857309375 0.4332645453125 0.376857309375 0.475 0.4015625 0.475
19 0.4609375 0.465625 0.4609375 0.4421875 0.41944280625 0.4421875 0.41944280625 0.465625 0.4609375 0.465625
19 0.360681996875 0.465625 0.360681996875 0.4421088828125 0.317443003125 0.4421088828125 0.317443003125 0.465625 0.360681996875 0.465625
19 0.50625 0.4671875 0.50625 0.44375 0.468086675 0.44375 0.468086675 0.4671875 0.50625 0.4671875