19 0.4875 0.828125 0.4875 0.76484375 0.404296875 0.76484375 0.404296875 0.828125 0.4875 0.828125
19 0.266015625 0.7546875 0.266015625 0.8421875 0.3359375 0.8421875 0.3359375 0.7546875 0.266015625 0.7546875
19 0.415625 0.8328125 0.415625 0.759765625 0.330078125 0.759765625 0.330078125 0.8328125 0.415625 0.8328125
19 0.265625 0.84375 0.265625 0.762890625 0.181640625 0.762890625 0.181640625 0.84375 0.265625 0.84375
19 0.5828125 0.769921875 0.5359375 0.769921875 0.5359375 0.8359375 0.5828125 0.8359375 0.5828125 0.769921875
19 0.4890625 0.771875 0.4890625 0.8375 0.5296875 0.8375 0.5296875 0.771875 0.4890625 0.771875
19 0.2171875 0.6921875 0.2171875 0.566015625 0.144140625 0.566015625 0.144140625 0.6921875 0.2171875 0.6921875
19 0.3234375 0.59765625 0.198046875 0.59765625 0.198046875 0.6671875 0.3234375 0.6671875 0.3234375 0.59765625
19 0.3734375 0.6953125 0.3734375 0.569140625 0.309765625 0.569140625 0.309765625 0.6953125 0.3734375 0.6953125
19 0.3890625 0.621875 0.3890625 0.69375 0.43125 0.69375 0.43125 0.621875 0.3890625 0.621875
19 0.4953125 0.6828125 0.4953125 0.639453125 0.426171875 0.639453125 0.426171875 0.6828125 0.4953125 0.6828125
19 0.5390625 0.623828125 0.4921875 0.623828125 0.4921875 0.696875 0.5390625 0.696875 0.5390625 0.623828125