19 0.0859375 0.159765625 0.0078125 0.159765625 0.0078125 0.2859375 0.0859375 0.2859375 0.0859375 0.159765625
19 0.09375 0.290625 0.16875 0.290625 0.16875 0.1640625 0.09375 0.1640625 0.09375 0.290625
19 0.2515625 0.271875 0.2515625 0.21484375 0.14921875 0.21484375 0.14921875 0.271875 0.2515625 0.271875
19 0.204296875 0.2140625 0.204296875 0.2734375 0.3109375 0.2734375 0.3109375 0.2140625 0.204296875 0.2140625
19 0.36875 0.2734375 0.36875 0.216015625 0.264453125 0.216015625 0.264453125 0.2734375 0.36875 0.2734375
19 0.59453125 0.2890625 0.59453125 0.223046875 0.503125 0.223046875 0.503125 0.2890625 0.59453125 0.2890625
19 0.582421875 0.2109375 0.582421875 0.303125 0.6515625 0.303125 0.6515625 0.2109375 0.582421875 0.2109375
19 0.4125 0.284375 0.4125 0.240625 0.341015625 0.240625 0.341015625 0.284375 0.4125 0.284375
19 0.8765625 0.30625 0.8765625 0.225390625 0.812109375 0.225390625 0.812109375 0.30625 0.8765625 0.30625
19 0.7265625 0.2296875 0.7265625 0.309375 0.8 0.309375 0.8 0.2296875 0.7265625 0.2296875
19 0.884375 0.2296875 0.884375 0.309375 0.946875 0.309375 0.946875 0.2296875 0.884375 0.2296875
19 0.648046875 0.2453125 0.648046875 0.2984375 0.7109375 0.2984375 0.7109375 0.2453125 0.648046875 0.2453125
19 0.949609375 0.2703125 0.949609375 0.3078125 0.9890625 0.3078125 0.9890625 0.2703125 0.949609375 0.2703125
19 0.709375 0.4578125 0.778125 0.4578125 0.778125 0.391796875 0.709375 0.391796875 0.709375 0.4578125
19 0.71328125 0.459375 0.71328125 0.393359375 0.64375 0.393359375 0.64375 0.459375 0.71328125 0.459375
19 0.565625 0.3921875 0.565625 0.4609375 0.6375 0.4609375 0.6375 0.3921875 0.565625 0.3921875
19 0.384375 0.39375 0.384375 0.4625 0.46875 0.4625 0.46875 0.39375 0.384375 0.39375
19 0.48125 0.396875 0.48125 0.465625 0.559375 0.465625 0.559375 0.396875 0.48125 0.396875
19 0.053515625 0.3984375 0.053515625 0.465625 0.1078125 0.465625 0.1078125 0.3984375 0.053515625 0.3984375
19 0.2375 0.40546875 0.173828125 0.40546875 0.173828125 0.4609375 0.2375 0.4609375 0.2375 0.40546875
19 0.294140625 0.3953125 0.294140625 0.4671875 0.378125 0.4671875 0.378125 0.3953125 0.294140625 0.3953125
19 0.29453125 0.45625 0.29453125 0.405859375 0.228125 0.405859375 0.228125 0.45625 0.29453125 0.45625
19 0.115625 0.4 0.115625 0.4671875 0.1734375 0.4671875 0.1734375 0.4 0.115625 0.4