19 0.5709570953124999 0.2904290421875 0.6320132015625 0.2904290421875 0.6320132015625 0.23927392812499998 0.5709570953124999 0.23927392812499998 0.5709570953124999 0.2904290421875
19 0.448844884375 0.2904290421875 0.498349834375 0.2904290421875 0.498349834375 0.23927392812499998 0.448844884375 0.23927392812499998 0.448844884375 0.2904290421875
19 0.508250825 0.2904290421875 0.5627062703125 0.2904290421875 0.5627062703125 0.23927392812499998 0.508250825 0.23927392812499998 0.508250825 0.2904290421875
19 0.7920792078125001 0.292904290625 0.83168316875 0.292904290625 0.83168316875 0.2673267328125 0.7920792078125001 0.2673267328125 0.7920792078125001 0.292904290625
19 0.8432343234375 0.2937293734375 0.874587459375 0.2937293734375 0.874587459375 0.2673267328125 0.8432343234375 0.2673267328125 0.8432343234375 0.2937293734375
19 0.9257425749999999 0.29207920781249996 0.9562706265625 0.29207920781249996 0.9562706265625 0.2689768984375 0.9257425749999999 0.2689768984375 0.9257425749999999 0.29207920781249996
19 0.8861386140624999 0.292904290625 0.9174917484374999 0.292904290625 0.9174917484374999 0.2673267328125 0.8861386140624999 0.2673267328125 0.8861386140624999 0.292904290625
19 0.6452145218750001 0.3061056109375 0.6831683171875 0.3061056109375 0.6831683171875 0.2656765671875 0.6452145218750001 0.2656765671875 0.6452145218750001 0.3061056109375
19 0.6897689765624999 0.3085808578125 0.731848184375 0.3085808578125 0.731848184375 0.2656765671875 0.6897689765624999 0.2656765671875 0.6897689765624999 0.3085808578125
19 0.744224421875 0.30693069375 0.7821782171875 0.30693069375 0.7821782171875 0.2673267328125 0.744224421875 0.2673267328125 0.744224421875 0.30693069375
19 0.8118811875 0.31930693125 0.8490099015625001 0.31930693125 0.8490099015625001 0.2953795375 0.8118811875 0.2953795375 0.8118811875 0.31930693125
19 0.9075907593749999 0.3201320125 0.9455445546875 0.3201320125 0.9455445546875 0.297029703125 0.9075907593749999 0.297029703125 0.9075907593749999 0.3201320125
19 0.85643564375 0.3209570953125 0.8943894390624999 0.3209570953125 0.8943894390624999 0.2953795375 0.85643564375 0.2953795375 0.85643564375 0.3209570953125
19 0.9537953796875 0.3209570953125 0.9884488453125 0.3209570953125 0.9884488453125 0.297029703125 0.9537953796875 0.297029703125 0.9537953796875 0.3209570953125
19 0.2854785484375 0.36056105625 0.358910890625 0.36056105625 0.358910890625 0.2689768984375 0.2854785484375 0.2689768984375 0.2854785484375 0.36056105625
19 0.36468646875 0.36056105625 0.43976897656249997 0.36056105625 0.43976897656249997 0.2689768984375 0.36468646875 0.2689768984375 0.36468646875 0.36056105625
19 0.44719471874999994 0.3580858078125 0.508250825 0.3580858078125 0.508250825 0.2937293734375 0.44719471874999994 0.2937293734375 0.44719471874999994 0.3580858078125
19 0.5874587453125 0.3580858078125 0.6485148515625 0.3580858078125 0.6485148515625 0.29207920781249996 0.5874587453125 0.29207920781249996 0.5874587453125 0.3580858078125
19 0.51650165 0.35973597343749997 0.5825082515625 0.35973597343749997 0.5825082515625 0.2937293734375 0.51650165 0.2937293734375 0.51650165 0.35973597343749997
19 0.1815181515625 0.3613861390625 0.2268976890625 0.3613861390625 0.2268976890625 0.30693069375 0.1815181515625 0.30693069375 0.1815181515625 0.3613861390625
19 0.235973596875 0.36056105625 0.27557755781250004 0.36056105625 0.27557755781250004 0.30693069375 0.235973596875 0.30693069375 0.235973596875 0.36056105625
19 0.7656765671875 0.36056105625 0.8077557750000001 0.36056105625 0.8077557750000001 0.3085808578125 0.7656765671875 0.3085808578125 0.7656765671875 0.36056105625
19 0.6567656765625001 0.3613861390625 0.7037953796875 0.3613861390625 0.7037953796875 0.3102310234375 0.6567656765625001 0.3102310234375 0.6567656765625001 0.3613861390625
19 0.711221121875 0.362211221875 0.7590759078125 0.362211221875 0.7590759078125 0.3102310234375 0.711221121875 0.3102310234375 0.711221121875 0.362211221875
19 0.81518151875 0.35973597343749997 0.8465346531250001 0.35973597343749997 0.8465346531250001 0.3283828390625 0.81518151875 0.3283828390625 0.81518151875 0.35973597343749997
19 0.8580858078125001 0.358910890625 0.8960396046874999 0.358910890625 0.8960396046874999 0.3283828390625 0.8580858078125001 0.3283828390625 0.8580858078125001 0.358910890625
19 0.9438943890625 0.36056105625 0.98349835 0.36056105625 0.98349835 0.33168316875000003 0.9438943890625 0.33168316875000003 0.9438943890625 0.36056105625
19 0.9009900984374999 0.358910890625 0.9414191421875 0.358910890625 0.9414191421875 0.3283828390625 0.9009900984374999 0.3283828390625 0.9009900984374999 0.358910890625
19 0.8201320125 0.425742575 0.8580858078125001 0.425742575 0.8580858078125001 0.38118811875 0.8201320125 0.38118811875 0.8201320125 0.425742575
19 0.8646864687500001 0.42409240937500003 0.9026402640625 0.42409240937500003 0.9026402640625 0.38118811875 0.8646864687500001 0.38118811875 0.8646864687500001 0.42409240937500003
19 0.9125412546874999 0.42409240937500003 0.95049505 0.42409240937500003 0.95049505 0.38118811875 0.9125412546874999 0.38118811875 0.9125412546874999 0.42409240937500003
19 0.407590759375 0.4760726078125 0.49257425781249997 0.4760726078125 0.49257425781249997 0.4009900984375 0.407590759375 0.4009900984375 0.407590759375 0.4760726078125
19 0.3201320125 0.47689768906249996 0.4067656765625 0.47689768906249996 0.4067656765625 0.4009900984375 0.3201320125 0.4009900984375 0.3201320125 0.47689768906249996
19 0 0.4760726078125 0.07343234374999999 0.4760726078125 0.07343234374999999 0.40594059375 0 0.40594059375 0 0.4760726078125
19 0.0825082515625 0.47689768906249996 0.1674917484375 0.47689768906249996 0.1674917484375 0.4042904296875 0.0825082515625 0.4042904296875 0.0825082515625 0.47689768906249996
19 0.5841584156249999 0.47359735937499997 0.66419141875 0.47359735937499997 0.66419141875 0.4125412546875 0.5841584156249999 0.4125412546875 0.5841584156249999 0.47359735937499997
19 0.501650165625 0.47689768906249996 0.5775577562499999 0.47689768906249996 0.5775577562499999 0.4125412546875 0.501650165625 0.4125412546875 0.501650165625 0.47689768906249996
19 0.6732673265625 0.4727722765625 0.7367986796875 0.4727722765625 0.7367986796875 0.42079207968750004 0.6732673265625 0.42079207968750004 0.6732673265625 0.4727722765625
19 0.2425742578125 0.4785478546875 0.3184818484375 0.4785478546875 0.3184818484375 0.4191419140625 0.2425742578125 0.4191419140625 0.2425742578125 0.4785478546875
19 0.1650165015625 0.477722771875 0.2384488453125 0.477722771875 0.2384488453125 0.4191419140625 0.1650165015625 0.4191419140625 0.1650165015625 0.477722771875
19 0.7458745875 0.4760726078125 0.8283828390625001 0.4760726078125 0.8283828390625001 0.42244224375000006 0.7458745875 0.42244224375000006 0.7458745875 0.4760726078125
19 0.8844884484375 0.47194719531249996 0.9249174921875 0.47194719531249996 0.9249174921875 0.4273927390625 0.8844884484375 0.4273927390625 0.8844884484375 0.47194719531249996
19 0.9356435640624999 0.475247525 0.973597359375 0.475247525 0.973597359375 0.4273927390625 0.9356435640624999 0.4273927390625 0.9356435640624999 0.475247525
19 0.8366336640625001 0.47689768906249996 0.874587459375 0.47689768906249996 0.874587459375 0.42904290468750006 0.8366336640625001 0.42904290468750006 0.8366336640625001 0.47689768906249996
19 0.44719471874999994 0.82755775625 0.5156765671875 0.82755775625 0.5156765671875 0.7739273921875001 0.44719471874999994 0.7739273921875001 0.44719471874999994 0.82755775625
19 0.518151815625 0.8267326734375 0.588283828125 0.8267326734375 0.588283828125 0.7755775578125 0.518151815625 0.7755775578125 0.518151815625 0.8267326734375
19 0.059405940625 0.83168316875 0.13448844843750002 0.83168316875 0.13448844843750002 0.772277228125 0.059405940625 0.772277228125 0.059405940625 0.83168316875
19 0.1419141921875 0.8325082515625001 0.21204620468750002 0.8325082515625001 0.21204620468750002 0.7739273921875001 0.1419141921875 0.7739273921875001 0.1419141921875 0.8325082515625001
19 0.2937293734375 0.834158415625 0.36881188125 0.834158415625 0.36881188125 0.7755775578125 0.2937293734375 0.7755775578125 0.2937293734375 0.834158415625
19 0.371287128125 0.8292079203125 0.44389438906249995 0.8292079203125 0.44389438906249995 0.7871287125 0.371287128125 0.7871287125 0.371287128125 0.8292079203125
19 0.21617161718750003 0.8366336640625001 0.29207920781249996 0.8366336640625001 0.29207920781249996 0.7805280531250001 0.21617161718750003 0.7805280531250001 0.21617161718750003 0.8366336640625001