19 0.8375 0.2765625 0.8375 0.23530746093750002 0.7719506046875 0.23530746093750002 0.7719506046875 0.2765625 0.8375 0.2765625
19 0.7765625 0.223991934375 0.7380544359375001 0.223991934375 0.7380544359375001 0.288508065625 0.7765625 0.288508065625 0.7765625 0.223991934375
19 0.8703125 0.2227570578125 0.8296875 0.2227570578125 0.8296875 0.28888609062500004 0.8703125 0.28888609062500004 0.8703125 0.2227570578125
19 0.7328125 0.2227570578125 0.6948336703125 0.2227570578125 0.6948336703125 0.28888609062500004 0.7328125 0.28888609062500004 0.7328125 0.2227570578125
19 0.9328125 0.353125 0.9328125 0.26315524218749997 0.8829385078125 0.26315524218749997 0.8829385078125 0.353125 0.9328125 0.353125
19 0.7125 0.340625 0.7125 0.272127015625 0.607459678125 0.272127015625 0.607459678125 0.340625 0.7125 0.340625
19 0.634375 0.346875 0.634375 0.2875 0.553049396875 0.2875 0.553049396875 0.346875 0.634375 0.346875
19 0.5625 0.3578125 0.5625 0.27762096875000003 0.5041330640624999 0.27762096875000003 0.5041330640624999 0.3578125 0.5625 0.3578125
19 0.88125 0.3515625 0.88125 0.2904233875 0.841154234375 0.2904233875 0.841154234375 0.3515625 0.88125 0.3515625
19 0.83125 0.353125 0.83125 0.29188508125 0.789894153125 0.29188508125 0.789894153125 0.353125 0.83125 0.353125
19 0.7984375 0.3453125 0.7984375 0.304259071875 0.7362903234375 0.304259071875 0.7362903234375 0.3453125 0.7984375 0.3453125
19 0.7453125 0.35625 0.7453125 0.29375 0.7012348796875 0.29375 0.7012348796875 0.35625 0.7453125 0.35625
19 0.4953125 0.359375 0.4953125 0.2981350796875 0.4503780234375 0.2981350796875 0.4503780234375 0.359375 0.4953125 0.359375
19 0.4546875 0.3515625 0.4546875 0.3080141125 0.396522178125 0.3080141125 0.396522178125 0.3515625 0.4546875 0.3515625
19 0.396875 0.3609375 0.396875 0.301789315625 0.3527973796875 0.301789315625 0.3527973796875 0.3609375 0.396875 0.3609375
19 0.35625 0.353125 0.35625 0.3085937484375 0.3001764125 0.3085937484375 0.3001764125 0.353125 0.35625 0.353125
19 0.24375 0.4375 0.24375 0.3965473796875 0.2003528234375 0.3965473796875 0.2003528234375 0.4375 0.24375 0.4375
19 0.2921875 0.39873991875 0.2526713703125 0.39873991875 0.2526713703125 0.43583669374999995 0.2921875 0.43583669374999995 0.2921875 0.39873991875
19 0.1984375 0.4375 0.1984375 0.39982358906250004 0.1565272171875 0.39982358906250004 0.1565272171875 0.4375 0.1984375 0.4375
19 1 0.4063760078125 0.9680191546874999 0.4063760078125 0.9680191546874999 0.4875 1 0.4875 1 0.4063760078125
19 0.965625 0.4890625 0.965625 0.4067792328125 0.9301663296875 0.4067792328125 0.9301663296875 0.4890625 0.965625 0.4890625
19 0.925 0.490625 0.925 0.40642641093750004 0.8893649203124999 0.40642641093750004 0.8893649203124999 0.490625 0.925 0.490625
19 0.8079385078125 0.40625 0.8079385078125 0.490625 0.8498739921875 0.490625 0.8498739921875 0.40625 0.8079385078125 0.40625
19 0.8905493968749999 0.4953125 0.8905493968749999 0.4085181453125 0.8494203640625001 0.4085181453125 0.8494203640625001 0.4953125 0.8905493968749999 0.4953125
19 0.8107610890625001 0.41121471718749997 0.7720514125 0.41121471718749997 0.7720514125 0.4934727828125 0.8107610875000001 0.4934727828125 0.8107610890625001 0.41121471718749997
19 0.534375 0.4875 0.534375 0.4176411296875 0.4456401203125 0.4176411296875 0.4456401203125 0.4875 0.534375 0.4875
19 0.4578125 0.4890625 0.4578125 0.41814516093750004 0.36665826562500003 0.41814516093750004 0.36665826562500003 0.4890625 0.4578125 0.4890625
19 0.375 0.4921875 0.375 0.41917842656250004 0.2856854828125 0.41917842656250004 0.2856854828125 0.4921875 0.375 0.4921875
19 0.6484375 0.41915322499999996 0.590473790625 0.41915322499999996 0.590473790625 0.493346775 0.6484375 0.493346775 0.6484375 0.41915322499999996
19 0.7046875 0.4953125 0.7046875 0.4199848796875 0.6500756046875 0.4199848796875 0.6500756046875 0.4953125 0.7046875 0.4953125
19 0.703125 0.4859375 0.7791582671875 0.4859375 0.7791582671875 0.431577621875 0.703125 0.431577621875 0.703125 0.4859375
19 0.5890625 0.42190020156249997 0.531098790625 0.42190020156249997 0.531098790625 0.4952872984375 0.5890625 0.4952872984375 0.5890625 0.42190020156249997
19 0.153125 0.5015625 0.153125 0.428125 0.07530242031249999 0.428125 0.07530242031249999 0.5015625 0.153125 0.5015625
19 0 0.503125 0.0703125 0.503125 0.0703125 0.4308719765625 0 0.4308719765625 0 0.503125
19 0.2 0.5 0.2 0.4388608875 0.1575100796875 0.4388608875 0.1575100796875 0.5 0.2 0.5
19 0.2578125 0.490625 0.2578125 0.44828629062500003 0.196219759375 0.44828629062500003 0.196219759375 0.490625 0.2578125 0.490625
19 0.303125 0.49375 0.303125 0.4509072578125 0.23944052500000002 0.4509072578125 0.23944052500000002 0.49375 0.303125 0.49375
19 0.4359375 0.5578125 0.46875 0.5578125 0.46875 0.5337701609375001 0.4359375 0.5337701609375001 0.4359375 0.5578125
19 0.3921875 0.5578125 0.3921875 0.5337701609375001 0.35851814375 0.5337701609375001 0.35851814375 0.5578125 0.3921875 0.5578125
19 0.428125 0.559375 0.428125 0.5359375 0.3955645171875 0.5359375 0.3955645171875 0.559375 0.428125 0.559375
19 0.978125 0.571875 0.978125 0.53125 0.918119959375 0.53125 0.918119959375 0.571875 0.978125 0.571875
19 0.8025201609374999 0.5234375 0.8025201609374999 0.5828125 0.8421875 0.5828125 0.8421875 0.5234375 0.8025201609374999 0.5234375
19 0.9078125 0.58125 0.9078125 0.5233366937499999 0.8644153234375 0.5233366937499999 0.8644153234375 0.58125 0.9078125 0.58125
19 0.6640625 0.5734375 0.7203125 0.5734375 0.7203125 0.5328125 0.6640625 0.5328125 0.6640625 0.5734375
19 0.7765625 0.584375 0.7765625 0.5247731859375 0.7352570546874999 0.5247731859375 0.7352570546874999 0.584375 0.7765625 0.584375
19 0.4640625 0.6015625 0.4640625 0.5640625 0.431199596875 0.5640625 0.431199596875 0.6015625 0.4640625 0.6015625
19 0.425 0.5664818546875 0.39526209687499997 0.56648185625 0.39526209687499997 0.6027721781250001 0.425 0.6027721781250001 0.425 0.5664818546875
19 0.3859375 0.6015625 0.3859375 0.5671875 0.358971775 0.5671875 0.358971775 0.6015625 0.3859375 0.6015625
19 0.3515625 0.562726815625 0.2824848796875 0.562726815625 0.2824848796875 0.6482106859375001 0.3515625 0.6482106859375001 0.3515625 0.562726815625
19 0.2090725796875 0.640625 0.2090725796875 0.572278225 0.12197580625 0.572278225 0.12197580625 0.640625 0.2090725796875 0.640625
19 0.275 0.56433971875 0.20672883125000002 0.56433971875 0.20672883125000002 0.6465977828125 0.275 0.6465977828125 0.275 0.56433971875
19 0.8546875 0.6390625 0.9203125 0.6390625 0.9203125 0.577016128125 0.8546875 0.577016128125 0.8546875 0.6390625
19 0.0578125 0.6515625 0.1203125 0.6515625 0.1203125 0.567817540625 0.0578125 0.567817540625 0.0578125 0.6515625
19 0.846875 0.6390625 0.846875 0.5775705640625 0.7864163296875 0.5775705640625 0.7864163296875 0.6390625 0.846875 0.6390625
19 0.9890625 0.6421875 0.9890625 0.5764364921875 0.9238911296874999 0.5764364921875 0.9238911296874999 0.6421875 0.9890625 0.6421875
19 0.778125 0.6390625 0.778125 0.5801915328125 0.7263104828125 0.5801915328125 0.7263104828125 0.6390625 0.778125 0.6390625
19 0.5953125 0.6421875 0.6609375 0.6421875 0.6609375 0.5805443546875 0.5953125 0.5805443546875 0.5953125 0.6421875
19 0.46875 0.640625 0.53427419375 0.640625 0.53427419375 0.5830141125 0.46875 0.5830141125 0.46875 0.640625
19 0.6625 0.6453125 0.721875 0.6453125 0.721875 0.5809979843749999 0.6625 0.5809979843749999 0.6625 0.6453125
19 0.5953125 0.640625 0.5953125 0.5859375 0.5301915328125 0.5859375 0.5301915328125 0.640625 0.5953125 0.640625
19 0.4296875 0.64375 0.465625 0.64375 0.465625 0.609375 0.4296875 0.609375 0.4296875 0.64375
19 0.3890625 0.6453125 0.4234375 0.6453125 0.4234375 0.6109375 0.3890625 0.6109375 0.3890625 0.6453125
19 0.3890625 0.6453125 0.3890625 0.611794353125 0.353553428125 0.611794353125 0.353553428125 0.6453125 0.3890625 0.6453125