19 0.2747690640625 0.10055522812499999 0.223668434375 0.10055522812499999 0.223668434375 0.172882271875 0.2747690640625 0.172882271875 0.2747690640625 0.10055522812499999
19 0.21540389218749997 0.1036900546875 0.1611586078125 0.1036900546875 0.1611586078125 0.17287244531249998 0.21540389218749997 0.17287244531249998 0.21540389218749997 0.1036900546875
19 0.3484375 0.175 0.3484375 0.1080729171875 0.2846992921875 0.1080729171875 0.2846992921875 0.175 0.3484375 0.175
19 0.10366057343749999 0.1164160765625 0.10366057343749999 0.169875196875 0.16655365625000002 0.169875196875 0.16655365625000002 0.1164160765625 0.10366057343749999 0.1164160765625
19 0.3328125 0.2890625 0.3328125 0.25183765625 0.2502604171875 0.25183765625 0.2502604171875 0.2890625 0.3328125 0.2890625
19 0.3171875 0.315625 0.3546875 0.315625 0.3546875 0.2308913125 0.3171875 0.2308913125 0.3171875 0.315625
19 0.0890625 0.2984375 0.0890625 0.269285575 0.02773191875 0.269285575 0.02773191875 0.2984375 0.0890625 0.2984375
19 0.1671875 0.315625 0.1671875 0.253125 0.1326994890625 0.253125 0.1326994890625 0.315625 0.1671875 0.315625
19 0.1234375 0.3171875 0.1234375 0.254943003125 0.089111634375 0.254943003125 0.089111634375 0.3171875 0.1234375 0.3171875
19 0.30625 0.4125 0.30625 0.378125 0.277776140625 0.378125 0.277776140625 0.4125 0.30625 0.4125
19 0.2640625 0.415625 0.2640625 0.3765625 0.23374606875 0.3765625 0.23374606875 0.415625 0.2640625 0.415625
19 0.3171875 0.4125 0.34375 0.4125 0.34375 0.38061615625 0.3171875 0.38061615625 0.3171875 0.4125
19 0.90625 0.3567216984375 0.8423742140625 0.3567216984375 0.8423742140625 0.4557783015625 0.90625 0.4557783015625 0.90625 0.3567216984375
19 0.834375 0.356323703125 0.7712804640625001 0.356323703125 0.7712804640625001 0.457738796875 0.834375 0.457738796875 0.834375 0.356323703125
19 0.9763807 0.356323703125 0.9095568015625 0.356323703125 0.9095568015625 0.457738796875 0.9763807 0.457738796875 0.9763807 0.356323703125
19 0.54375 0.4421875 0.54375 0.389200078125 0.4714376953125 0.389200078125 0.4714376953125 0.4421875 0.54375 0.4421875
19 0.5390625 0.4546875 0.590625 0.4546875 0.590625 0.3794467375 0.5390625 0.3794467375 0.5390625 0.4546875
19 0.6484375 0.4546875 0.6484375 0.3794467375 0.595926690625 0.3794467375 0.595926690625 0.4546875 0.6484375 0.4546875
19 0.7046875 0.453125 0.7046875 0.37905856875 0.652957940625 0.37905856875 0.652957940625 0.453125 0.7046875 0.453125
19 0.7654038921875 0.4546875 0.7654038921875 0.3794467375 0.711158609375 0.3794467375 0.711158609375 0.4546875 0.7654038921875 0.4546875
19 0.3859375 0.4515625 0.3859375 0.3957547171875 0.3415241765625 0.3957547171875 0.3415241765625 0.4515625 0.3859375 0.4515625
19 0.484375 0.4484375 0.484375 0.40278105468750003 0.4287834109375 0.40278105468750003 0.4287834109375 0.4484375 0.484375 0.4484375
19 0.43125 0.4546875 0.43125 0.3982557 0.38775058906250004 0.3982557 0.38775058906250004 0.4546875 0.43125 0.4546875
19 0.259375 0.446875 0.259375 0.41505994375000005 0.22124115625 0.41505994375000005 0.22124115625 0.446875 0.259375 0.446875
19 0.303125 0.4484375 0.3421875 0.4484375 0.3421875 0.41506485781249997 0.303125 0.41506485781249997 0.303125 0.4484375
19 0.296875 0.4515625 0.296875 0.413330384375 0.261767884375 0.413330384375 0.261767884375 0.4515625 0.296875 0.4515625
19 0.3125 0.5546875 0.3625 0.5546875 0.3625 0.4828125 0.3125 0.4828125 0.3125 0.5546875
19 0.728125 0.5546875 0.728125 0.48125 0.652147209375 0.48125 0.652147209375 0.5546875 0.728125 0.5546875
19 0.8046875 0.553125 0.8046875 0.4855640734375 0.7302181609375 0.4855640734375 0.7302181609375 0.553125 0.8046875 0.553125
19 0.3046875 0.553125 0.3046875 0.48400648593750006 0.2533264546875 0.48400648593750006 0.2533264546875 0.553125 0.3046875 0.553125
19 0.3678164296875 0.484375 0.3678164296875 0.55625 0.4165585703125 0.55625 0.4165585703125 0.484375 0.3678164296875 0.484375
19 0.884375 0.48056210625 0.8088295999999999 0.48056210625 0.8088295999999999 0.5607507875 0.884375 0.5607507875 0.884375 0.48056210625
19 0.2546875 0.5453125 0.2546875 0.5040733093750001 0.199056603125 0.5040733078125 0.199056603125 0.5453125 0.2546875 0.5453125
19 0.9625 0.5609375 0.9625 0.48748034687499997 0.8920597484374999 0.48748034687499997 0.8920597484374999 0.5609375 0.9625 0.5609375
19 0.15625 0.5453125 0.15625 0.5055227984374999 0.09850137656249999 0.5055227984374999 0.09850137656249999 0.5453125 0.15625 0.5453125
19 0.1078125 0.5046875 0.05204402500000001 0.5046875 0.05204402500000001 0.545096303125 0.1078125 0.545096303125 0.1078125 0.5046875
19 0.653125 0.553125 0.653125 0.500014740625 0.5909689453125 0.500014740625 0.5909689453125 0.553125 0.653125 0.553125
19 0.20625 0.5453125 0.20625 0.505454009375 0.1515625 0.505454009375 0.1515625 0.5453125 0.20625 0.5453125
19 0.59375 0.553125 0.59375 0.500373428125 0.536728578125 0.500373428125 0.536728578125 0.553125 0.59375 0.553125