19 0.2546875 0.002734375 0.18125 0.002734375 0.18125 0.1390625 0.2546875 0.1390625 0.2546875 0.002734375
19 0.25625 0.0015625 0.25625 0.1421875 0.3328125 0.1421875 0.3328125 0.0015625 0.25625 0.0015625
19 0.069921875 0.034375 0.069921875 0.11015625 0.2078125 0.11015625 0.2078125 0.034375 0.069921875 0.034375
19 0.440625 0.109375 0.440625 0.0359375 0.301953125 0.0359375 0.301953125 0.109375 0.440625 0.109375
19 0.665625 0.1265625 0.665625 0.03203125 0.54765625 0.03203125 0.54765625 0.1265625 0.665625 0.1265625
19 0.7546875 0.1390625 0.7546875 0.021484375 0.652734375 0.021484375 0.652734375 0.1390625 0.7546875 0.1390625
19 0.571875 0.1234375 0.571875 0.050390625 0.473046875 0.050390625 0.473046875 0.1234375 0.571875 0.1234375
19 0.4109375 0.0375 0.4109375 0.1421875 0.4828125 0.1421875 0.4828125 0.0375 0.4109375 0.0375
19 0.85625 0.2609375 0.85625 0.3609375 0.9046875 0.3609375 0.9046875 0.2609375 0.85625 0.2609375
19 0.8859375 0.29296875 0.787109375 0.29296875 0.787109375 0.3359375 0.8859375 0.3359375 0.8859375 0.29296875
19 0.8140625 0.262109375 0.771875 0.262109375 0.771875 0.3640625 0.8140625 0.3640625 0.8140625 0.262109375
19 0.225 0.2671875 0.225 0.3671875 0.278125 0.3671875 0.278125 0.2671875 0.225 0.2671875
19 0.2796875 0.2671875 0.2796875 0.3671875 0.3375 0.3671875 0.3375 0.2671875 0.2796875 0.2671875
19 0.65625 0.303515625 0.58984375 0.303515625 0.58984375 0.359375 0.65625 0.359375 0.65625 0.303515625
19 0.654296875 0.3 0.654296875 0.3671875 0.7078125 0.3671875 0.7078125 0.3 0.654296875 0.3
19 0.5390625 0.2984375 0.5390625 0.3671875 0.5953125 0.3671875 0.5953125 0.2984375 0.5390625 0.2984375
19 0.4421875 0.296875 0.4421875 0.365625 0.4890625 0.365625 0.4890625 0.296875 0.4421875 0.296875
19 0.4390625 0.296484375 0.39375 0.296484375 0.39375 0.3671875 0.4390625 0.3671875 0.4390625 0.296484375
19 0.289453125 0.4953125 0.289453125 0.5625 0.3640625 0.5625 0.3640625 0.4953125 0.289453125 0.4953125
19 0.2796875 0.5671875 0.2796875 0.49296875 0.213671875 0.49296875 0.213671875 0.5671875 0.2796875 0.5671875
19 0.2046875 0.497265625 0.128125 0.497265625 0.128125 0.5671875 0.2046875 0.5671875 0.2046875 0.497265625