19 0.5294117640625 0.1384083046875 0.4723183390625 0.1384083046875 0.4723183390625 0.2223183390625 0.5294117640625 0.2223183390625 0.5294117640625 0.1384083046875
19 0.46366782031250003 0.14186851250000002 0.4100346015625 0.14186851250000002 0.4100346015625 0.22404844218750003 0.46366782031250003 0.22404844218750003 0.46366782031250003 0.14186851250000002
19 0.3391003453125 0.13321799375 0.274221453125 0.13321799375 0.274221453125 0.23010380625 0.3391003453125 0.23010380625 0.3391003453125 0.13321799375
19 0.40311418750000005 0.143598615625 0.34948096875 0.143598615625 0.34948096875 0.22577854687499999 0.40311418750000005 0.22577854687499999 0.40311418750000005 0.143598615625
19 0.261245675 0.1384083046875 0.19636678125 0.1384083046875 0.19636678125 0.23442906562500002 0.261245675 0.23442906562500002 0.261245675 0.1384083046875
19 0.6384083046875 0.15570934218750002 0.5942906578125 0.15570934218750002 0.5942906578125 0.2153979234375 0.6384083046875 0.2153979234375 0.6384083046875 0.15570934218750002
19 0.5847750859375 0.1608996546875 0.53719723125 0.1608996546875 0.53719723125 0.21799307968749998 0.5847750859375 0.21799307968749998 0.5847750859375 0.1608996546875
19 0.18685121093749998 0.143598615625 0.12543252656249998 0.143598615625 0.12543252656249998 0.2396193765625 0.18685121093749998 0.2396193765625 0.18685121093749998 0.143598615625
19 0.1141868515625 0.1487889265625 0.0544982703125 0.1487889265625 0.0544982703125 0.2422145328125 0.1141868515625 0.2422145328125 0.1141868515625 0.1487889265625
19 0 0.2448096890625 0.0449826984375 0.2448096890625 0.0449826984375 0.1539792390625 0 0.1539792390625 0 0.2448096890625
19 1 0.2491349484375 0.9100346015625 0.2491349484375 0.9100346015625 0.342560553125 1 0.342560553125 1 0.2491349484375
19 0.9013840828124999 0.2491349484375 0.807958478125 0.2491349484375 0.807958478125 0.342560553125 0.9013840828124999 0.342560553125 0.9013840828124999 0.2491349484375
19 0.7975778546875001 0.25259515625 0.705882353125 0.25259515625 0.705882353125 0.3468858125 0.7975778546875001 0.3468858125 0.7975778546875001 0.25259515625
19 0.6989619375 0.254325259375 0.6055363328125 0.254325259375 0.6055363328125 0.34861591718749996 0.6989619375 0.34861591718749996 0.6989619375 0.254325259375
19 0.5916955015625 0.28892733593750003 0.5025951562500001 0.28892733593750003 0.5025951562500001 0.3529411765625 0.5916955015625 0.3529411765625 0.5916955015625 0.28892733593750003
19 0.14186851250000002 0.276816609375 0.07093425625000001 0.276816609375 0.07093425625000001 0.36851211093749997 0.14186851250000002 0.36851211093749997 0.14186851250000002 0.276816609375
19 0 0.3693771625 0.062283737500000005 0.3693771625 0.062283737500000005 0.27854671249999996 0 0.27854671249999996 0 0.3693771625
19 0.49134948125 0.2975778546875 0.4351211078125 0.2975778546875 0.4351211078125 0.356401384375 0.49134948125 0.356401384375 0.49134948125 0.2975778546875
19 0.3512110734375 0.2958477515625 0.256920415625 0.2958477515625 0.256920415625 0.36072664374999996 0.3512110734375 0.36072664374999996 0.3512110734375 0.2958477515625
19 0.4256055359375 0.2975778546875 0.36851211093749997 0.2975778546875 0.36851211093749997 0.3572664359375 0.4256055359375 0.3572664359375 0.4256055359375 0.2975778546875
19 0.25259515625 0.30968858125 0.20847750937499998 0.30968858125 0.20847750937499998 0.3641868515625 0.25259515625 0.3641868515625 0.25259515625 0.30968858125
19 0.1989619375 0.30968858125 0.1487889265625 0.30968858125 0.1487889265625 0.36591695468749996 0.1989619375 0.36591695468749996 0.1989619375 0.30968858125