19 0.121875 0.2671875 0.00625 0.2671875 0.00625 0.38046875 0.121875 0.38046875 0.121875 0.2671875
19 0.221875 0.2703125 0.11875 0.2703125 0.11875 0.378125 0.221875 0.378125 0.221875 0.2703125
19 0.853125 0.2828125 0.790625 0.2828125 0.790625 0.371875 0.853125 0.371875 0.853125 0.2828125
19 0.97578125 0.303125 0.90625 0.303125 0.90625 0.371875 0.97578125 0.371875 0.97578125 0.303125
19 0.3296875 0.303125 0.2359375 0.303125 0.2359375 0.3765625 0.3296875 0.3765625 0.3296875 0.303125
19 0.38828125 0.3078125 0.3328125 0.3078125 0.3328125 0.3765625 0.38828125 0.3765625 0.38828125 0.3078125
19 0.4453125 0.309375 0.3921875 0.309375 0.3921875 0.3765625 0.4453125 0.3765625 0.4453125 0.309375
19 0.8921875 0.3359375 0.85 0.3359375 0.85 0.37421875 0.8921875 0.37421875 0.8921875 0.3359375
19 0.28046875 0.4171875 0.225 0.4171875 0.225 0.50625 0.28046875 0.50625 0.28046875 0.4171875
19 0.3390625 0.41875 0.2875 0.41875 0.2875 0.50625 0.3390625 0.50625 0.3390625 0.41875
19 0.38671875 0.44375 0.3421875 0.44375 0.3421875 0.50390625 0.38671875 0.50390625 0.38671875 0.44375
19 0.43125 0.4453125 0.3890625 0.4453125 0.3890625 0.50625 0.43125 0.50625 0.43125 0.4453125
19 0.77109375 0.521875 0.7125 0.521875 0.7125 0.60390625 0.77109375 0.60390625 0.77109375 0.521875
19 0.7109375 0.5421875 0.6578125 0.5421875 0.6578125 0.6046875 0.7109375 0.6046875 0.7109375 0.5421875
19 0.6578125 0.546875 0.6046875 0.546875 0.6046875 0.60546875 0.6578125 0.60546875 0.6578125 0.546875
19 0.60078125 0.553125 0.55 0.553125 0.55 0.61171875 0.60078125 0.61171875 0.60078125 0.553125
19 0.5484375 0.5546875 0.490625 0.5546875 0.490625 0.615625 0.5484375 0.615625 0.5484375 0.5546875
19 0.48828125 0.55625 0.4328125 0.55625 0.4328125 0.61875 0.48828125 0.61875 0.48828125 0.55625