19 0.865416665625 0.446875 0.865416665625 0.39197916718750003 0.7845833328125 0.39197916718750003 0.7845833328125 0.446875 0.865416665625 0.446875
19 0.6934895828125 0.446875 0.6934895828125 0.3913541671875 0.6118229171875 0.3913541671875 0.6118229171875 0.446875 0.6934895828125 0.446875
19 1 0.404791665625 0.9571875000000001 0.404791665625 0.9571875000000001 0.4359375 1 0.4359375 1 0.404791665625
19 0.9609375 0.4484375 0.9609375 0.3953125 0.880520834375 0.3953125 0.880520834375 0.4484375 0.9609375 0.4484375
19 0.603125 0.4453125 0.603125 0.3981770828125 0.510416665625 0.3981770828125 0.510416665625 0.4453125 0.603125 0.4453125
19 0.7625 0.46875 0.7625 0.3783333328125 0.711302084375 0.3783333328125 0.711302084375 0.46875 0.7625 0.46875
19 0.2140625 0.54375 0.2140625 0.490677084375 0.1532291671875 0.490677084375 0.1532291671875 0.54375 0.2140625 0.54375
19 0.271875 0.5453125 0.271875 0.4911979171875 0.21203124999999998 0.4911979171875 0.21203124999999998 0.5453125 0.271875 0.5453125
19 0 0.546875 0.0421875 0.546875 0.0421875 0.5060937484375 0 0.5060937484375 0 0.546875
19 0.09375 0.546875 0.09375 0.50546875 0.051562501562499995 0.50546875 0.051562501562499995 0.546875 0.09375 0.546875
19 0.1515625 0.546875 0.1515625 0.5061979156249999 0.1086458328125 0.5061979171875 0.1086458328125 0.546875 0.1515625 0.546875
19 0.875 0.5515625 0.875 0.5003124999999999 0.795104165625 0.5003124999999999 0.795104165625 0.5515625 0.875 0.5515625
19 0.96875 0.5515625 0.96875 0.4996875 0.8878124984375001 0.4996875 0.8878124984375001 0.5515625 0.96875 0.5515625
19 0.7890625 0.5546875 0.7890625 0.5053124999999999 0.6996875 0.5053124999999999 0.6996875 0.5546875 0.7890625 0.5546875