19 0.4546875 0.609375 0.4546875 0.6546875 0.484375 0.6546875 0.484375 0.609375 0.4546875 0.609375
19 0.45390625 0.6484375 0.45390625 0.618359375 0.4046875 0.618359375 0.4046875 0.6484375 0.45390625 0.6484375
19 0.115625 0.421875 0.115625 0.30703125 0.00546875 0.30703125 0.00546875 0.421875 0.115625 0.421875
19 0.215625 0.31796875 0.112890625 0.31796875 0.112890625 0.425 0.215625 0.425 0.215625 0.31796875
19 0.23125 0.3453125 0.23125 0.425 0.321875 0.425 0.321875 0.3453125 0.23125 0.3453125
19 0.391796875 0.3609375 0.391796875 0.4234375 0.4421875 0.4234375 0.4421875 0.3609375 0.391796875 0.3609375
19 0.3859375 0.421875 0.3859375 0.358203125 0.335546875 0.358203125 0.335546875 0.421875 0.3859375 0.421875
19 0.553125 0.3703125 0.553125 0.4109375 0.615625 0.4109375 0.615625 0.3703125 0.553125 0.3703125
19 0.4546875 0.428125 0.496875 0.428125 0.496875 0.3578125 0.4546875 0.3578125 0.4546875 0.428125
19 0.559375 0.4140625 0.559375 0.37109375 0.496484375 0.37109375 0.496484375 0.4140625 0.559375 0.4140625
19 0.892578125 0.3625 0.892578125 0.428125 0.9609375 0.428125 0.9609375 0.3625 0.892578125 0.3625
19 0.8875 0.4265625 0.8875 0.36328125 0.81953125 0.36328125 0.81953125 0.4265625 0.8875 0.4265625
19 0.8125 0.428125 0.8125 0.38828125 0.77734375 0.38828125 0.77734375 0.428125 0.8125 0.428125
19 0.5515625 0.53125 0.5515625 0.478515625 0.4765625 0.478515625 0.4765625 0.53125 0.5515625 0.53125
19 0.3625 0.5375 0.3625 0.475390625 0.28125 0.475390625 0.28125 0.5375 0.3625 0.5375
19 0.3578125 0.4625 0.3578125 0.546875 0.41875 0.546875 0.41875 0.4625 0.3578125 0.4625
19 0.415625 0.534375 0.4890625 0.534375 0.4890625 0.479296875 0.415625 0.479296875 0.415625 0.534375
19 0.2953125 0.5390625 0.2953125 0.4734375 0.214453125 0.4734375 0.214453125 0.5390625 0.2953125 0.5390625
19 0.6890625 0.5703125 0.6890625 0.64375 0.74375 0.64375 0.74375 0.5703125 0.6890625 0.5703125
19 0.628125 0.5921875 0.628125 0.640625 0.6890625 0.640625 0.6890625 0.5921875 0.628125 0.5921875
19 0.5453125 0.584375 0.5453125 0.653125 0.578125 0.653125 0.578125 0.584375 0.5453125 0.584375
19 0.4953125 0.5875 0.4953125 0.65625 0.53125 0.65625 0.53125 0.5875 0.4953125 0.5875
19 0.584375 0.65 0.628125 0.65 0.628125 0.590625 0.584375 0.590625 0.584375 0.65