19 0.761328125 0.103125 0.761328125 0.1921875 0.8359375 0.1921875 0.8359375 0.103125 0.761328125 0.103125
19 0.8375 0.1109375 0.8375 0.1890625 0.921875 0.1890625 0.921875 0.1109375 0.8375 0.1109375
19 0.3953125 0.0953125 0.3953125 0.20625 0.4625 0.20625 0.4625 0.0953125 0.3953125 0.0953125
19 0.553125 0.11796875 0.449609375 0.11796875 0.449609375 0.1875 0.553125 0.1875 0.553125 0.11796875
19 0.925 0.125 0.925 0.1921875 0.99375 0.1921875 0.99375 0.125 0.925 0.125
19 0.3875 0.20625 0.3875 0.120703125 0.312890625 0.120703125 0.312890625 0.20625 0.3875 0.20625
19 0.603125 0.1296875 0.603125 0.2015625 0.6640625 0.2015625 0.6640625 0.1296875 0.603125 0.1296875
19 0.3140625 0.130078125 0.2296875 0.130078125 0.2296875 0.1984375 0.3140625 0.1984375 0.3140625 0.130078125
19 0.6015625 0.196875 0.6015625 0.13359375 0.53359375 0.13359375 0.53359375 0.196875 0.6015625 0.196875
19 0.7140625 0.1890625 0.7140625 0.14921875 0.65703125 0.14921875 0.65703125 0.1890625 0.7140625 0.1890625
19 0.7546875 0.142578125 0.709375 0.142578125 0.709375 0.196875 0.7546875 0.196875 0.7546875 0.142578125
19 0.2359375 0.20625 0.2359375 0.13828125 0.15703125 0.13828125 0.15703125 0.20625 0.2359375 0.20625
19 0.1578125 0.215625 0.1578125 0.136328125 0.087109375 0.136328125 0.087109375 0.215625 0.1578125 0.215625
19 0.46875 0.28125 0.46875 0.3125 0.503125 0.3125 0.503125 0.28125 0.46875 0.28125
19 0.426953125 0.2828125 0.426953125 0.3125 0.4609375 0.3125 0.4609375 0.2828125 0.426953125 0.2828125
19 0.3890625 0.28125 0.3890625 0.3171875 0.421875 0.3171875 0.421875 0.28125 0.3890625 0.28125
19 0.8984375 0.2578125 0.8984375 0.35 0.975 0.35 0.975 0.2578125 0.8984375 0.2578125
19 0.809375 0.2671875 0.809375 0.34375 0.9015625 0.34375 0.9015625 0.2671875 0.809375 0.2671875
19 0.2234375 0.26875 0.2234375 0.3609375 0.28125 0.3609375 0.28125 0.26875 0.2234375 0.26875
19 0.2203125 0.269140625 0.159375 0.269140625 0.159375 0.3640625 0.2203125 0.3640625 0.2203125 0.269140625
19 0.0953125 0.2703125 0.0953125 0.3625 0.1578125 0.3625 0.1578125 0.2703125 0.0953125 0.2703125
19 0.3515625 0.29453125 0.272265625 0.29453125 0.272265625 0.34375 0.3515625 0.34375 0.3515625 0.29453125
19 0.390625 0.3515625 0.390625 0.307421875 0.33203125 0.307421875 0.33203125 0.3515625 0.390625 0.3515625
19 0.4640625 0.3546875 0.4640625 0.320703125 0.426953125 0.320703125 0.426953125 0.3546875 0.4640625 0.3546875
19 0.5046875 0.353125 0.5046875 0.321484375 0.469921875 0.321484375 0.469921875 0.353125 0.5046875 0.353125
19 0.390625 0.321875 0.390625 0.3578125 0.4265625 0.3578125 0.4265625 0.321875 0.390625 0.321875