19 0.1625 0.4625 0.1625 0.403125 0.066015625 0.403125 0.066015625 0.4625 0.1625 0.4625
19 0.24375 0.484375 0.24375 0.400390625 0.200390625 0.400390625 0.200390625 0.484375 0.24375 0.484375
19 0.1515625 0.3984375 0.1515625 0.48125 0.19375 0.48125 0.19375 0.3984375 0.1515625 0.3984375
19 0.251953125 0.4 0.251953125 0.4828125 0.290625 0.4828125 0.290625 0.4 0.251953125 0.4
19 0.64375 0.416015625 0.5703125 0.416015625 0.5703125 0.4671875 0.64375 0.4671875 0.64375 0.416015625
19 0.571875 0.406640625 0.5203125 0.406640625 0.5203125 0.48125 0.571875 0.48125 0.571875 0.406640625
19 0.7203125 0.415625 0.7203125 0.4796875 0.784375 0.4796875 0.784375 0.415625 0.7203125 0.415625
19 0.64375 0.4125 0.64375 0.4859375 0.7078125 0.4859375 0.7078125 0.4125 0.64375 0.4125
19 0.171875 0.5671875 0.171875 0.534765625 0.148828125 0.534765625 0.148828125 0.5671875 0.171875 0.5671875
19 0.185546875 0.540625 0.185546875 0.5625 0.2203125 0.5625 0.2203125 0.540625 0.185546875 0.540625
19 0.2546875 0.53515625 0.233984375 0.53515625 0.233984375 0.56875 0.2546875 0.56875 0.2546875 0.53515625
19 0.30625 0.542578125 0.2703125 0.542578125 0.2703125 0.559375 0.30625 0.559375 0.30625 0.542578125
19 0.4484375 0.55 0.4484375 0.6078125 0.484375 0.6078125 0.484375 0.55 0.4484375 0.55
19 0.5328125 0.5953125 0.5328125 0.558203125 0.4796875 0.558203125 0.4796875 0.5953125 0.5328125 0.5953125
19 0.7578125 0.596875 0.7578125 0.5578125 0.706640625 0.5578125 0.706640625 0.596875 0.7578125 0.596875
19 0.809375 0.5984375 0.809375 0.558203125 0.75625 0.558203125 0.75625 0.5984375 0.809375 0.5984375
19 0.2953125 0.576953125 0.259375 0.576953125 0.259375 0.603125 0.2953125 0.603125 0.2953125 0.576953125
19 0.16875 0.576953125 0.1375 0.576953125 0.1375 0.6046875 0.16875 0.6046875 0.16875 0.576953125
19 0.20625 0.6078125 0.20625 0.5734375 0.177734375 0.5734375 0.177734375 0.6078125 0.20625 0.6078125
19 0.2203125 0.575 0.2203125 0.6078125 0.253125 0.6078125 0.253125 0.575 0.2203125 0.575
19 0.725390625 0.6625 0.725390625 0.725 0.8046875 0.725 0.8046875 0.6625 0.725390625 0.6625
19 0.446875 0.7890625 0.446875 0.853125 0.496875 0.853125 0.496875 0.7890625 0.446875 0.7890625
19 0.5015625 0.79375 0.5015625 0.853125 0.5578125 0.853125 0.5578125 0.79375 0.5015625 0.79375
19 0.628125 0.8609375 0.628125 0.798828125 0.56875 0.798828125 0.56875 0.8609375 0.628125 0.8609375