19 0.454248365625 0.1830065359375 0.49918300625 0.1830065359375 0.49918300625 0.10620915 0.454248365625 0.10620915 0.454248365625 0.1830065359375
19 0.5049019609375 0.18464052343749998 0.5498366015625 0.18464052343749998 0.5498366015625 0.1094771234375 0.5049019609375 0.1094771234375 0.5049019609375 0.18464052343749998
19 0.5588235296875 0.188725490625 0.6037581703125 0.188725490625 0.6037581703125 0.1111111109375 0.5588235296875 0.1111111109375 0.5588235296875 0.188725490625
19 0.6127450984375 0.18954248437500001 0.6552287578125 0.18954248437500001 0.6552287578125 0.1127450984375 0.6127450984375 0.1127450984375 0.6127450984375 0.18954248437500001
19 0.66176470625 0.1952614375 0.706699346875 0.1952614375 0.706699346875 0.11601307187500001 0.66176470625 0.11601307187500001 0.66176470625 0.1952614375
19 0.37418300625 0.5 0.4485294125 0.5 0.4485294125 0.41830065312500003 0.37418300625 0.41830065312500003 0.37418300625 0.5
19 0.454248365625 0.5016339875 0.5318627453125 0.5016339875 0.5318627453125 0.41830065312500003 0.454248365625 0.41830065312500003 0.454248365625 0.5016339875
19 0.7892156859375 0.51797385625 0.8684640515625001 0.51797385625 0.8684640515625001 0.421568628125 0.7892156859375 0.421568628125 0.7892156859375 0.51797385625
19 0.6225490203125 0.5130718953125 0.706699346875 0.5130718953125 0.706699346875 0.42973856250000003 0.6225490203125 0.42973856250000003 0.6225490203125 0.5130718953125
19 0.544117646875 0.5130718953125 0.6192810453125001 0.5130718953125 0.6192810453125001 0.42973856250000003 0.544117646875 0.42973856250000003 0.544117646875 0.5130718953125
19 0.707516340625 0.5155228765625 0.78676470625 0.5155228765625 0.78676470625 0.42483660156249997 0.707516340625 0.42483660156249997 0.707516340625 0.5155228765625
19 0.87418300625 0.5220588234375 0.9583333328125001 0.5220588234375 0.9583333328125001 0.4264705875 0.87418300625 0.4264705875 0.87418300625 0.5220588234375
19 1 0.42973856250000003 0.954248365625 0.42973856250000003 0.954248365625 0.527777778125 1 0.527777778125 1 0.42973856250000003
19 0.4166666671875 0.580065359375 0.4591503265625 0.580065359375 0.4591503265625 0.545751634375 0.4166666671875 0.545751634375 0.4166666671875 0.580065359375
19 0.4591503265625 0.581699346875 0.49673202656250004 0.581699346875 0.49673202656250004 0.5490196078125 0.4591503265625 0.5490196078125 0.4591503265625 0.581699346875
19 0.49673202656250004 0.581699346875 0.5392156859375 0.581699346875 0.5392156859375 0.5473856203125 0.49673202656250004 0.5473856203125 0.49673202656250004 0.581699346875
19 0.026143790625000003 0.614379084375 0.0841503265625 0.614379084375 0.0841503265625 0.5392156859375 0.026143790625000003 0.5392156859375 0.026143790625000003 0.614379084375
19 0.0866013078125 0.616013071875 0.1495098046875 0.616013071875 0.1495098046875 0.5408496734375 0.0866013078125 0.5408496734375 0.0866013078125 0.616013071875
19 0.150326796875 0.6184640515625001 0.2107843140625 0.6184640515625001 0.2107843140625 0.545751634375 0.150326796875 0.545751634375 0.150326796875 0.6184640515625001
19 0.2124183 0.6209150328125 0.2728758171875 0.6209150328125 0.2728758171875 0.544117646875 0.2124183 0.544117646875 0.2124183 0.6209150328125
19 0.321895425 0.62418300625 0.366013071875 0.62418300625 0.366013071875 0.5702614374999999 0.321895425 0.5702614374999999 0.321895425 0.62418300625
19 0.2712418296875 0.62418300625 0.31617647031249996 0.62418300625 0.31617647031249996 0.5702614374999999 0.2712418296875 0.5702614374999999 0.2712418296875 0.62418300625
19 0.5408496734375 0.633169934375 0.598856209375 0.633169934375 0.598856209375 0.560457515625 0.5408496734375 0.560457515625 0.5408496734375 0.633169934375
19 0.3709150328125 0.6266339875 0.4158496734375 0.6266339875 0.4158496734375 0.5702614374999999 0.3709150328125 0.5702614374999999 0.3709150328125 0.6266339875
19 0.5996732031249999 0.634803921875 0.6576797390625 0.634803921875 0.6576797390625 0.5653594765625 0.5996732031249999 0.5653594765625 0.5996732031249999 0.634803921875
19 0.66176470625 0.64133986875 0.7173202609375 0.64133986875 0.7173202609375 0.5669934640625 0.66176470625 0.5669934640625 0.66176470625 0.64133986875
19 0.7205882359375 0.64297385625 0.778594771875 0.64297385625 0.778594771875 0.5702614374999999 0.7205882359375 0.5702614374999999 0.7205882359375 0.64297385625
19 0.7794117640625 0.6454248359375 0.840686275 0.6454248359375 0.840686275 0.5751633984375 0.7794117640625 0.5751633984375 0.7794117640625 0.6454248359375
19 0.4166666671875 0.6290849671875 0.455882353125 0.6290849671875 0.455882353125 0.5947712421875 0.4166666671875 0.5947712421875 0.4166666671875 0.6290849671875
19 0.8431372546875 0.6495098046875001 0.9044117640625 0.6495098046875001 0.9044117640625 0.5751633984375 0.8431372546875 0.5751633984375 0.8431372546875 0.6495098046875001
19 0.45751634062499996 0.6307189546874999 0.49754902031250003 0.6307189546874999 0.49754902031250003 0.596405228125 0.45751634062499996 0.596405228125 0.45751634062499996 0.6307189546874999
19 0.91176470625 0.652777778125 0.9681372546875 0.652777778125 0.9681372546875 0.578431371875 0.91176470625 0.578431371875 0.91176470625 0.652777778125
19 0.4983660125 0.633169934375 0.5400326796875 0.633169934375 0.5400326796875 0.596405228125 0.4983660125 0.596405228125 0.4983660125 0.633169934375
19 1 0.5849673203125 0.9705882359375 0.5849673203125 0.9705882359375 0.6568627453125 1 0.6568627453125 1 0.5849673203125
19 0.3970588234375 0.76960784375 0.4689542484375 0.76960784375 0.4689542484375 0.687908496875 0.3970588234375 0.687908496875 0.3970588234375 0.76960784375
19 0.5473856203125 0.7720588234375 0.6217320265625 0.7720588234375 0.6217320265625 0.687908496875 0.5473856203125 0.687908496875 0.5473856203125 0.7720588234375
19 0.4705882359375 0.7704248359375 0.543300653125 0.7704248359375 0.543300653125 0.6911764703125 0.4705882359375 0.6911764703125 0.4705882359375 0.7704248359375
19 0.62418300625 0.777777778125 0.6944444437499999 0.777777778125 0.6944444437499999 0.6944444437499999 0.62418300625 0.6944444437499999 0.62418300625 0.777777778125
19 0.704248365625 0.776960784375 0.73039215625 0.776960784375 0.73039215625 0.7026143796875 0.704248365625 0.7026143796875 0.704248365625 0.776960784375
19 0.7369281046875 0.7802287578125 0.7622549015625 0.7802287578125 0.7622549015625 0.707516340625 0.7369281046875 0.707516340625 0.7369281046875 0.7802287578125
19 0.7728758171875 0.7802287578125 0.7990196078125 0.7802287578125 0.7990196078125 0.707516340625 0.7728758171875 0.707516340625 0.7728758171875 0.7802287578125
19 0.8839869281249999 0.78349673125 0.91013071875 0.78349673125 0.91013071875 0.7107843140625 0.8839869281249999 0.7107843140625 0.8839869281249999 0.78349673125
19 0.848039215625 0.78513071875 0.8733660125 0.78513071875 0.8733660125 0.7107843140625 0.848039215625 0.7107843140625 0.848039215625 0.78513071875
19 0.955882353125 0.78513071875 0.98202614375 0.78513071875 0.98202614375 0.7107843140625 0.955882353125 0.7107843140625 0.955882353125 0.78513071875
19 0.810457515625 0.7859477125 0.8341503265625001 0.7859477125 0.8341503265625001 0.7107843140625 0.810457515625 0.7107843140625 0.810457515625 0.7859477125
19 0.919934640625 0.7883986921874999 0.9477124187499999 0.7883986921874999 0.9477124187499999 0.7107843140625 0.919934640625 0.7107843140625 0.919934640625 0.7883986921874999