19 0.2171875 0.3625 0.171875 0.3625 0.171875 0.42109375 0.2171875 0.42109375 0.2171875 0.3625
19 0.16875 0.3671875 0.1171875 0.3671875 0.1171875 0.4203125 0.16875 0.4203125 0.16875 0.3671875
19 0.109375 0.3671875 0.0609375 0.3671875 0.0609375 0.42109375 0.109375 0.42109375 0.109375 0.3671875
19 0.3140625 0.3984375 0.2109375 0.3984375 0.2109375 0.4875 0.3140625 0.4875 0.3140625 0.3984375
19 0.41796875 0.396875 0.3171875 0.396875 0.3171875 0.48671875 0.41796875 0.48671875 0.41796875 0.396875
19 0.5296875 0.409375 0.43125 0.409375 0.43125 0.4859375 0.5296875 0.4859375 0.5296875 0.409375
19 0.8765625 0.4078125 0.79375 0.4078125 0.79375 0.4875 0.8765625 0.4875 0.8765625 0.4078125
19 0.2078125 0.4234375 0.1515625 0.4234375 0.1515625 0.48203125 0.2078125 0.48203125 0.2078125 0.4234375
19 0.15390625 0.4234375 0.0984375 0.4234375 0.0984375 0.484375 0.15390625 0.484375 0.15390625 0.4234375
19 0.090625 0.421875 0.0390625 0.421875 0.0390625 0.4859375 0.090625 0.4859375 0.090625 0.421875
19 0.5953125 0.4265625 0.5328125 0.4265625 0.5328125 0.48515625 0.5953125 0.48515625 0.5953125 0.4265625
19 0.7234375 0.4296875 0.6609375 0.4296875 0.6609375 0.4859375 0.7234375 0.4859375 0.7234375 0.4296875
19 0.78828125 0.428125 0.7234375 0.428125 0.7234375 0.48671875 0.78828125 0.48671875 0.78828125 0.428125
19 0.93828125 0.4296875 0.8828125 0.4296875 0.8828125 0.4859375 0.93828125 0.4859375 0.93828125 0.4296875
19 0.659375 0.4296875 0.5984375 0.4296875 0.5984375 0.4875 0.659375 0.4875 0.659375 0.4296875
19 1 0.4515625 0.946875 0.4515625 0.946875 0.4890625 1 0.4890625 1 0.4515625
19 0.43671875 0.540625 0.3453125 0.540625 0.3453125 0.64375 0.43671875 0.64375 0.43671875 0.540625
19 0.25078125 0.540625 0.153125 0.540625 0.153125 0.64375 0.25078125 0.64375 0.25078125 0.540625
19 0.34609375 0.540625 0.2484375 0.540625 0.2484375 0.64375 0.34609375 0.64375 0.34609375 0.540625
19 0.153125 0.5421875 0.0609375 0.5421875 0.0609375 0.6421875 0.153125 0.6421875 0.153125 0.5421875
19 0.98125 0.55625 0.871875 0.55625 0.871875 0.64296875 0.98125 0.64296875 0.98125 0.55625
19 0.86796875 0.55625 0.7703125 0.55625 0.7703125 0.6453125 0.86796875 0.6453125 0.86796875 0.55625
19 0.5109375 0.5734375 0.434375 0.5734375 0.434375 0.6421875 0.5109375 0.6421875 0.5109375 0.5734375
19 0.5953125 0.5734375 0.51875 0.5734375 0.51875 0.6421875 0.5953125 0.6421875 0.5953125 0.5734375
19 0.675 0.575 0.603125 0.575 0.603125 0.6421875 0.675 0.6421875 0.675 0.575
19 0.7625 0.578125 0.6890625 0.578125 0.6890625 0.6453125 0.7625 0.6453125 0.7625 0.578125
19 0.215625 0.6984375 0.128125 0.6984375 0.128125 0.7875 0.215625 0.7875 0.215625 0.6984375
19 0.38828125 0.6953125 0.3015625 0.6953125 0.3015625 0.790625 0.38828125 0.790625 0.38828125 0.6953125
19 0.3046875 0.696875 0.215625 0.696875 0.215625 0.7890625 0.3046875 0.7890625 0.3046875 0.696875
19 0.1265625 0.6984375 0.04375 0.6984375 0.04375 0.78828125 0.1265625 0.78828125 0.1265625 0.6984375
19 0.5375 0.7203125 0.46875 0.7203125 0.46875 0.78984375 0.5375 0.78984375 0.5375 0.7203125
19 0.6125 0.7203125 0.534375 0.7203125 0.534375 0.78984375 0.6125 0.78984375 0.6125 0.7203125
19 0.4625 0.7203125 0.390625 0.7203125 0.390625 0.7921875 0.4625 0.7921875 0.4625 0.7203125