19 0.5609375 0.384375 0.525 0.384375 0.525 0.42265625 0.5609375 0.42265625 0.5609375 0.384375
19 0.5203125 0.384375 0.4890625 0.384375 0.4890625 0.425 0.5203125 0.425 0.5203125 0.384375
19 0.59921875 0.4171875 0.571875 0.4171875 0.571875 0.44453125 0.59921875 0.44453125 0.59921875 0.4171875
19 0.665625 0.415625 0.6359375 0.415625 0.6359375 0.4453125 0.665625 0.4453125 0.665625 0.415625
19 0.634375 0.415625 0.603125 0.415625 0.603125 0.4453125 0.634375 0.4453125 0.634375 0.415625
19 0.3875 0.3953125 0.33125 0.3953125 0.33125 0.48515625 0.3875 0.48515625 0.3875 0.3953125
19 0.3296875 0.3953125 0.284375 0.3953125 0.284375 0.4890625 0.3296875 0.4890625 0.3296875 0.3953125
19 0.84765625 0.409375 0.7875 0.409375 0.7875 0.47890625 0.84765625 0.47890625 0.84765625 0.409375
19 0.7875 0.4078125 0.7265625 0.4078125 0.7265625 0.48125 0.7875 0.48125 0.7875 0.4078125
19 0.49140625 0.41875 0.4421875 0.41875 0.4421875 0.48515625 0.49140625 0.48515625 0.49140625 0.41875
19 0.725 0.4171875 0.6734375 0.4171875 0.6734375 0.48203125 0.725 0.48203125 0.725 0.4171875
19 0.440625 0.41875 0.39375 0.41875 0.39375 0.48359375 0.440625 0.48359375 0.440625 0.41875
19 0.53515625 0.434375 0.496875 0.434375 0.496875 0.48125 0.53515625 0.48125 0.53515625 0.434375
19 0.57421875 0.434375 0.534375 0.434375 0.534375 0.48125 0.57421875 0.48125 0.57421875 0.434375
19 0.6703125 0.4484375 0.640625 0.4484375 0.640625 0.48203125 0.6703125 0.48203125 0.6703125 0.4484375
19 0.60625 0.45 0.575 0.45 0.575 0.48359375 0.60625 0.48359375 0.60625 0.45
19 0.63671875 0.45 0.609375 0.45 0.609375 0.48359375 0.63671875 0.48359375 0.63671875 0.45
19 0.83515625 0.5609375 0.7953125 0.5609375 0.7953125 0.6125 0.83515625 0.6125 0.83515625 0.5609375
19 0.46328125 0.553125 0.403125 0.553125 0.403125 0.621875 0.46328125 0.621875 0.46328125 0.553125
19 0.790625 0.5625 0.7453125 0.5625 0.7453125 0.6140625 0.790625 0.6140625 0.790625 0.5625
19 0.73828125 0.5640625 0.6953125 0.5640625 0.6953125 0.61328125 0.73828125 0.61328125 0.73828125 0.5640625
19 0.5265625 0.5609375 0.465625 0.5609375 0.465625 0.61640625 0.5265625 0.61640625 0.5265625 0.5609375
19 0.4 0.553125 0.3375 0.553125 0.3375 0.6265625 0.4 0.6265625 0.4 0.553125
19 0.5875 0.5609375 0.5296875 0.5609375 0.5296875 0.6171875 0.5875 0.6171875 0.5875 0.5609375
19 0.69140625 0.56875 0.6484375 0.56875 0.6484375 0.615625 0.69140625 0.615625 0.69140625 0.56875
19 0.6359375 0.5671875 0.590625 0.5671875 0.590625 0.61640625 0.6359375 0.61640625 0.6359375 0.5671875
19 0.69453125 0.8015625 0.671875 0.8015625 0.671875 0.84140625 0.69453125 0.84140625 0.69453125 0.8015625
19 0.66640625 0.8015625 0.6421875 0.8015625 0.6421875 0.84140625 0.66640625 0.84140625 0.66640625 0.8015625
19 0.6375 0.8046875 0.6125 0.8046875 0.6125 0.8453125 0.6375 0.8453125 0.6375 0.8046875
19 0.81171875 0.9 0.771875 0.9 0.771875 0.953125 0.81171875 0.953125 0.81171875 0.9
19 0.77265625 0.9 0.728125 0.9 0.728125 0.9578125 0.77265625 0.9578125 0.77265625 0.9
19 0.728125 0.903125 0.6875 0.903125 0.6875 0.959375 0.728125 0.959375 0.728125 0.903125
19 0.6890625 0.9046875 0.646875 0.9046875 0.646875 0.96328125 0.6890625 0.96328125 0.6890625 0.9046875
19 0.59921875 0.9015625 0.55 0.9015625 0.55 0.96796875 0.59921875 0.96796875 0.59921875 0.9015625
19 0.54765625 0.903125 0.4921875 0.903125 0.4921875 0.97265625 0.54765625 0.97265625 0.54765625 0.903125
19 0.64453125 0.90625 0.6046875 0.90625 0.6046875 0.96875 0.64453125 0.96875 0.64453125 0.90625
19 0.49140625 0.909375 0.440625 0.909375 0.440625 0.9765625 0.49140625 0.9765625 0.49140625 0.909375
19 0.43671875 0.9109375 0.3828125 0.9109375 0.3828125 0.978125 0.43671875 0.978125 0.43671875 0.9109375
19 0.3796875 0.915625 0.328125 0.915625 0.328125 0.984375 0.3796875 0.984375 0.3796875 0.915625
19 0.3296875 0.9171875 0.2734375 0.9171875 0.2734375 0.9859375 0.3296875 0.9859375 0.3296875 0.9171875