19 0.027734375 0.2359375 0.027734375 0.31640625 0.1140625 0.31640625 0.1140625 0.2359375 0.027734375 0.2359375
19 0.1921875 0.325 0.1921875 0.245703125 0.11875 0.245703125 0.11875 0.325 0.1921875 0.325
19 0.2796875 0.321875 0.2796875 0.253515625 0.205859375 0.253515625 0.205859375 0.321875 0.2796875 0.321875
19 0.325 0.269921875 0.2828125 0.269921875 0.2828125 0.3234375 0.325 0.3234375 0.325 0.269921875
19 0.8703125 0.3453125 0.8703125 0.287890625 0.811328125 0.287890625 0.811328125 0.3453125 0.8703125 0.3453125
19 0.7609375 0.3375 0.8109375 0.3375 0.8109375 0.299609375 0.7609375 0.299609375 0.7609375 0.3375
19 0.7546875 0.310546875 0.72578125 0.310546875 0.72578125 0.3453125 0.7546875 0.3453125 0.7546875 0.310546875
19 0.1484375 0.4328125 0.1484375 0.375390625 0.109765625 0.375390625 0.109765625 0.4328125 0.1484375 0.4328125
19 0.115625 0.421875 0.115625 0.38515625 0.05859375 0.38515625 0.05859375 0.421875 0.115625 0.421875
19 0.5546875 0.371875 0.5546875 0.4453125 0.6078125 0.4453125 0.6078125 0.371875 0.5546875 0.371875
19 0.671875 0.3828125 0.600390625 0.3828125 0.600390625 0.4359375 0.671875 0.4359375 0.671875 0.3828125
19 0.7234375 0.434375 0.7234375 0.383984375 0.654296875 0.383984375 0.654296875 0.434375 0.7234375 0.434375
19 0.534375 0.48984375 0.447265625 0.48984375 0.447265625 0.55 0.534375 0.55 0.534375 0.48984375
19 0.584375 0.474609375 0.5234375 0.474609375 0.5234375 0.5640625 0.584375 0.5640625 0.584375 0.474609375