19 0.4859375 0.33125 0.4859375 0.256640625 0.413671875 0.256640625 0.413671875 0.33125 0.4859375 0.33125
19 0.5546875 0.258203125 0.4859375 0.258203125 0.4859375 0.33125 0.5546875 0.33125 0.5546875 0.258203125
19 0.928125 0.340625 0.928125 0.25703125 0.85234375 0.25703125 0.85234375 0.340625 0.928125 0.340625
19 0.3515625 0.328125 0.3515625 0.2734375 0.292578125 0.2734375 0.292578125 0.328125 0.3515625 0.328125
19 0.35625 0.2703125 0.35625 0.3328125 0.4125 0.3328125 0.4125 0.2703125 0.35625 0.2703125
19 0.933203125 0.278125 0.933203125 0.3359375 0.996875 0.3359375 0.996875 0.278125 0.933203125 0.278125
19 0.2921875 0.3296875 0.2921875 0.297265625 0.242578125 0.297265625 0.242578125 0.3296875 0.2921875 0.3296875
19 0.6625 0.3609375 0.6625 0.409375 0.7140625 0.409375 0.7140625 0.3609375 0.6625 0.3609375
19 0.60625 0.4109375 0.60625 0.358203125 0.556640625 0.358203125 0.556640625 0.4109375 0.60625 0.4109375
19 0.553125 0.4109375 0.553125 0.3609375 0.500390625 0.3609375 0.500390625 0.4109375 0.553125 0.4109375
19 0.659375 0.361328125 0.6078125 0.361328125 0.6078125 0.4109375 0.659375 0.4109375 0.659375 0.361328125
19 0.229296875 0.3765625 0.229296875 0.465625 0.3125 0.465625 0.3125 0.3765625 0.229296875 0.3765625
19 0.4 0.4671875 0.4 0.386328125 0.325390625 0.386328125 0.325390625 0.4671875 0.4 0.4671875
19 0.4859375 0.387109375 0.41484375 0.387109375 0.41484375 0.4703125 0.4859375 0.4703125 0.4859375 0.387109375
19 0.5484375 0.412890625 0.5 0.412890625 0.5 0.4625 0.5484375 0.4625 0.5484375 0.412890625
19 0.65625 0.412890625 0.6078125 0.412890625 0.6078125 0.4625 0.65625 0.4625 0.65625 0.412890625
19 0.662109375 0.4125 0.662109375 0.46640625 0.7125 0.46640625 0.7125 0.4125 0.662109375 0.4125
19 0.60625 0.415234375 0.55546875 0.415234375 0.55546875 0.4625 0.60625 0.4625 0.60625 0.415234375