19 0.6359375 0.671875 0.6359375 0.634375 0.6095486109375 0.634375 0.6095486109375 0.671875 0.6359375 0.671875
19 0.4860243046875 0.634375 0.4860243046875 0.6703125 0.51553819375 0.6703125 0.51553819375 0.634375 0.4860243046875 0.634375
19 0.5796875 0.665625 0.5796875 0.6384548609375 0.5438368062500001 0.6384548609375 0.5438368062500001 0.665625 0.5796875 0.665625
19 0.60625 0.6703125 0.60625 0.634375 0.5802083328125 0.634375 0.5802083328125 0.6703125 0.60625 0.6703125
19 0.6984375 0.671875 0.6984375 0.6360243046875 0.6720486109375 0.6360243046875 0.6720486109375 0.671875 0.6984375 0.671875
19 0.51875 0.63125 0.51875 0.6703125 0.5453125 0.6703125 0.5453125 0.63125 0.51875 0.63125
19 0.6734375 0.6640625 0.6734375 0.637847221875 0.6352430546875001 0.637847221875 0.6352430546875001 0.6640625 0.6734375 0.6640625
19 0.796875 0.665625 0.796875 0.640625 0.7579861109375 0.640625 0.7579861109375 0.665625 0.796875 0.665625
19 0.7296875 0.6703125 0.7296875 0.6326388875 0.7051215281250001 0.6326388875 0.7051215281250001 0.6703125 0.7296875 0.6703125
19 0.7671875 0.665625 0.7671875 0.6408854171875 0.729861109375 0.6408854171875 0.729861109375 0.665625 0.7671875 0.665625
19 0.81875 0.671875 0.81875 0.6348090296875 0.797222221875 0.6348090296875 0.797222221875 0.671875 0.81875 0.671875
19 0.8501736109375001 0.671527778125 0.8701388890624999 0.671527778125 0.8701388890624999 0.647222221875 0.8501736109375001 0.647222221875 0.8501736109375001 0.671527778125
19 0.8484375 0.66875 0.8484375 0.6500868046875 0.824565971875 0.6500868046875 0.824565971875 0.66875 0.8484375 0.66875
19 0.9 0.6703125 0.9 0.648784721875 0.87578125 0.648784721875 0.87578125 0.6703125 0.9 0.6703125
19 0.95 0.66875 0.95 0.65008680625 0.9296875015625 0.65008680625 0.9296875015625 0.66875 0.95 0.66875
19 0.90625 0.671875 0.928125 0.671875 0.928125 0.651215278125 0.90625 0.651215278125 0.90625 0.671875
19 0.7421875 0.75625 0.7421875 0.694704859375 0.6973090296875 0.694704859375 0.6973090296875 0.75625 0.7421875 0.75625
19 0.796875 0.753125 0.796875 0.6994791671875 0.738715278125 0.6994791671875 0.738715278125 0.753125 0.796875 0.753125
19 0.8421875 0.75625 0.8421875 0.6984375 0.79539930625 0.6984375 0.79539930625 0.75625 0.8421875 0.75625
19 0.6984375 0.7515625 0.6984375 0.7024305546875 0.641145834375 0.7024305546875 0.641145834375 0.7515625 0.6984375 0.7515625
19 0.94375 0.7484375 0.94375 0.7026909734375 0.8845486109375 0.7026909734375 0.8845486109375 0.7484375 0.94375 0.7484375
19 0.8953125 0.753125 0.8953125 0.7048611109375 0.8367187515625 0.7048611109375 0.8367187515625 0.753125 0.8953125 0.753125
19 0.64375 0.753125 0.64375 0.70477430625 0.5955729171875 0.70477430625 0.5955729171875 0.753125 0.64375 0.753125
19 0.54375 0.7546875 0.590625 0.7546875 0.590625 0.7015625 0.54375 0.7015625 0.54375 0.7546875
19 0.540625 0.7546875 0.540625 0.7033854171875 0.49288194531249996 0.7033854171875 0.49288194531249996 0.7546875 0.540625 0.7546875
19 0.6875 0.8328125 0.6875 0.7833333328125 0.6384548624999999 0.7833333328125 0.6384548624999999 0.8328125 0.6875 0.8328125
19 0.6875 0.83125 0.740625 0.83125 0.740625 0.78506944375 0.6875 0.78506944375 0.6875 0.83125
19 0.7375 0.784375 0.7375 0.834375 0.784375 0.834375 0.784375 0.784375 0.7375 0.784375
19 0.940625 0.8328125 0.940625 0.786979165625 0.89444444375 0.786979165625 0.89444444375 0.8328125 0.940625 0.8328125
19 0.5890625 0.834375 0.5890625 0.7870659734375 0.539409721875 0.7870659734375 0.539409721875 0.834375 0.5890625 0.834375
19 0.8359375 0.8375 0.8359375 0.7848090265625001 0.790190971875 0.7848090265625001 0.790190971875 0.8375 0.8359375 0.8375
19 0.89375 0.834375 0.89375 0.78828125 0.8471354156249999 0.78828125 0.8471354156249999 0.834375 0.89375 0.834375
19 0.6390625 0.8359375 0.6390625 0.7897569453125 0.593142359375 0.7897569453125 0.593142359375 0.8359375 0.6390625 0.8359375
19 0.5328125 0.7944444453124999 0.496354165625 0.7944444453124999 0.496354165625 0.840625 0.5328125 0.840625 0.5328125 0.7944444453124999
19 0.6921875 0.921875 0.7294270828125 0.921875 0.7294270828125 0.8849826406249999 0.6921875 0.8849826406249999 0.6921875 0.921875
19 0.6046875 0.9234375 0.6046875 0.88671875 0.567361109375 0.88671875 0.567361109375 0.9234375 0.6046875 0.9234375
19 0.6875 0.9234375 0.6875 0.885503471875 0.6516493046875 0.885503471875 0.6516493046875 0.9234375 0.6875 0.9234375
19 0.5296875 0.9265625 0.5640625 0.9265625 0.5640625 0.8875 0.5296875 0.8875 0.5296875 0.9265625
19 0.6453125 0.925 0.6453125 0.8875 0.6078125 0.8875 0.6078125 0.925 0.6453125 0.925
19 0.7578125 0.9171875 0.7578125 0.8974826390624999 0.726215278125 0.8974826390624999 0.726215278125 0.9171875 0.7578125 0.9171875
19 0.521875 0.9265625 0.521875 0.8886284718749999 0.4881076390625 0.8886284718749999 0.4881076390625 0.9265625 0.521875 0.9265625
19 0.78125 0.925 0.78125 0.8921875 0.7552951390625 0.8921875 0.7552951390625 0.925 0.78125 0.925
19 0.8140625 0.9234375 0.840625 0.9234375 0.840625 0.8925347218749999 0.8140625 0.8925347218749999 0.8140625 0.9234375
19 0.871875 0.925 0.871875 0.8926215281250001 0.8476562484375 0.8926215281250001 0.8476562484375 0.925 0.871875 0.925
19 0.903125 0.928125 0.903125 0.8927951390625 0.8770833328125001 0.8927951390625 0.8770833328125001 0.928125 0.903125 0.928125
19 0.9375 0.921875 0.9375 0.8982638890624999 0.9019097234375 0.8982638890624999 0.9019097234375 0.921875 0.9375 0.921875
19 0.8133680562500001 0.9234375 0.8133680562500001 0.8941840265625001 0.7881944437499999 0.8941840265625001 0.7881944437499999 0.9234375 0.8133680562500001 0.9234375
19 0.5890625 0.55625 0.5890625 0.5175347234375 0.5254340265625 0.5175347234375 0.5254340265625 0.55625 0.5890625 0.55625
19 0.48776041562500005 0.5701388890625 0.5294270828125 0.5701388890625 0.5294270828125 0.5032986109375 0.48776041562500005 0.5032986109375 0.48776041562500005 0.5701388890625
19 0.615625 0.5577256953124999 0.6807291671875 0.5577256953124999 0.6807291671875 0.5177951390625 0.615625 0.5177951390625 0.615625 0.5577256953124999
19 0.5680555546875 0.51875 0.5680555546875 0.5578125 0.634375 0.5578125 0.634375 0.51875 0.5680555546875 0.51875
19 0.8328125 0.6375 0.8328125 0.6194444453125 0.8182291656249999 0.6194444453125 0.8182291656249999 0.6375 0.8328125 0.6375
19 0.840625 0.640625 0.8640625 0.640625 0.8640625 0.6181423609375 0.840625 0.6181423609375 0.840625 0.640625
19 0.8875 0.6390625 0.8875 0.6210069453125 0.8669270828125001 0.6210069453125 0.8669270828125001 0.6390625 0.8875 0.6390625
19 0.934375 0.640625 0.934375 0.621875 0.9154513890624999 0.621875 0.9154513890624999 0.640625 0.934375 0.640625
19 0.9125 0.640625 0.9125 0.621527778125 0.89288194375 0.621527778125 0.89288194375 0.640625 0.9125 0.640625