19 0.2515625 0.1390625 0.2515625 0.0758225046875 0.1717563953125 0.0758225046875 0.1717563953125 0.1390625 0.2515625 0.1390625
19 0.315625 0.146875 0.315625 0.07780270156249999 0.25297803281250003 0.07780270156249999 0.25297803281250003 0.146875 0.315625 0.146875
19 0.590625 0.15 0.590625 0.0790944703125 0.5314717421874999 0.0790944703125 0.5314717421874999 0.15 0.590625 0.15
19 0.5927959984375 0.0883276609375 0.5927959984375 0.14525835468749998 0.6546771859375 0.14525835468749998 0.6546771859375 0.0883276609375 0.5927959984375 0.0883276609375
19 0.365625 0.1515625 0.365625 0.084375 0.32184148125 0.084375 0.32184148125 0.1515625 0.365625 0.1515625
19 0.4109375 0.15 0.4109375 0.0859375 0.3693198234375 0.0859375 0.3693198234375 0.15 0.4109375 0.15
19 0.775 0.1484375 0.775 0.091689871875 0.713959365625 0.091689871875 0.713959365625 0.1484375 0.775 0.1484375
19 0.775116028125 0.0921875 0.775116028125 0.1515625 0.8295714734375 0.1515625 0.8295714734375 0.0921875 0.775116028125 0.0921875
19 0.7123710812499999 0.15 0.7123710812499999 0.0949412140625 0.6537902234375 0.0949412140625 0.6537902234375 0.15 0.7123710812499999 0.15
19 0.2640625 0.2359375 0.2640625 0.2076500625 0.19670998281250002 0.2076500625 0.19670998281250002 0.2359375 0.2640625 0.2359375
19 0.29375 0.2375 0.29375 0.204875721875 0.2269698859375 0.204875721875 0.2269698859375 0.2375 0.29375 0.2375
19 0.156286096875 0.25772225625 0.1843389015625 0.25772225625 0.1843389015625 0.18759024375 0.156286096875 0.18759024375 0.156286096875 0.25772225625
19 0.3046875 0.2546875 0.3359375 0.2546875 0.3359375 0.19204053125 0.3046875 0.19204053125 0.3046875 0.2546875
19 0.6609375 0.1879151203125 0.6043033203125 0.1879151203125 0.6043033203125 0.26052237968749997 0.6609375 0.26052237968749997 0.6609375 0.1879151203125
19 0.542584571875 0.26052237968749997 0.6011654296875 0.26052237968749997 0.6011654296875 0.1879151203125 0.542584571875 0.1879151203125 0.542584571875 0.26052237968749997
19 0.187536096875 0.25928475624999997 0.215588903125 0.25928475624999997 0.215588903125 0.1891527421875 0.187536096875 0.1891527421875 0.187536096875 0.25928475624999997
19 0.2578125 0.2390625 0.325 0.2390625 0.325 0.2114815390625 0.2578125 0.2114815390625 0.2578125 0.2390625
19 0.3890625 0.246875 0.3890625 0.2022406140625 0.3282616546875 0.2022406140625 0.3282616546875 0.246875 0.3890625 0.246875
19 0.384375 0.25625 0.43125 0.25625 0.43125 0.19640315625 0.384375 0.19640315625 0.384375 0.25625
19 0.7671875 0.2578125 0.7671875 0.1993554046875 0.7144518343749999 0.1993554046875 0.7144518343749999 0.2578125 0.7671875 0.2578125
19 0.7109375 0.2578125 0.7109375 0.1999845296875 0.663528775 0.1999845296875 0.663528775 0.2578125 0.7109375 0.2578125
19 0.8264464734375 0.2578125 0.8264464734375 0.1999845296875 0.7719910265625 0.1999845296875 0.7719910265625 0.2578125 0.8264464734375 0.2578125
19 0.832928528125 0.2015625 0.832928528125 0.259375 0.8873839718750001 0.259375 0.8873839718750001 0.2015625 0.832928528125 0.2015625
19 0.4328125 0.259375 0.4671875 0.259375 0.4671875 0.2125 0.4328125 0.2125 0.4328125 0.259375
19 0.5375 0.21455754843750002 0.5015521875 0.21455754843750002 0.5015521875 0.2574618390625 0.5375 0.2574618390625 0.5375 0.21455754843750002
19 0.46460138124999995 0.2203125 0.46460138124999995 0.253125 0.5091558375 0.253125 0.5091558375 0.2203125 0.46460138124999995 0.2203125
19 0.8359375 0.346875 0.8359375 0.2939356453125 0.788502990625 0.2939356453125 0.788502990625 0.346875 0.8359375 0.346875
19 0.6859375 0.3359375 0.7117703171875001 0.3359375 0.7117703171875001 0.307381909375 0.6859375 0.307381909375 0.6859375 0.3359375
19 0.6265625 0.3359375 0.6515625 0.3359375 0.6515625 0.309029496875 0.6265625 0.309029496875 0.6265625 0.3359375
19 0.6796875 0.3359375 0.6796875 0.3098829421875 0.6551103546875 0.3098829421875 0.6551103546875 0.3359375 0.6796875 0.3359375
19 0.2078125 0.3078125 0.152397896875 0.3078125 0.152397896875 0.3447040015625 0.2078125 0.3447040015625 0.2078125 0.3078125
19 0.2359375 0.35625 0.2359375 0.2988345703125 0.1997731015625 0.2988345703125 0.1997731015625 0.35625 0.2359375 0.35625
19 0.3828125 0.359375 0.3828125 0.305757528125 0.339645215625 0.305757528125 0.339645215625 0.359375 0.3828125 0.359375
19 0.43125 0.30475969375 0.3859375 0.30475969375 0.3859375 0.3608653046875 0.43125 0.3608653046875 0.43125 0.30475969375
19 0.475 0.305432653125 0.432276196875 0.305432653125 0.432276196875 0.362363346875 0.475 0.362363346875 0.475 0.305432653125
19 0.5203125 0.305128403125 0.475 0.305128403125 0.475 0.36205909687500004 0.5203125 0.36205909687500004 0.5203125 0.305128403125
19 0.2359375 0.3578125 0.26875 0.3578125 0.26875 0.3172416453125 0.2359375 0.3172416453125 0.2359375 0.3578125
19 0.3375 0.35625 0.3375 0.322663984375 0.296939459375 0.322663984375 0.296939459375 0.35625 0.3375 0.35625
19 0.30625 0.3546875 0.30625 0.321875 0.2665480609375 0.321875 0.2665480609375 0.3546875 0.30625 0.3546875
19 0.728125 0.365625 0.775 0.365625 0.775 0.315625 0.728125 0.315625 0.728125 0.365625
19 0.559375 0.3609375 0.559375 0.321591378125 0.522581478125 0.321591378125 0.522581478125 0.3609375 0.559375 0.3609375
19 0.59375 0.3625 0.6265625 0.3625 0.6265625 0.3203125 0.59375 0.3203125 0.59375 0.3625
19 0.8890625 0.36875 0.8890625 0.3140625 0.84301258125 0.3140625 0.8430125828125 0.36875 0.8890625 0.36875
19 0.559375 0.3640625 0.59375 0.3640625 0.59375 0.321875 0.559375 0.321875 0.559375 0.3640625
19 0.6578125 0.3625 0.6578125 0.3350814765625 0.63345451875 0.3350814765625 0.63345451875 0.3625 0.6578125 0.3625
19 0.6875 0.3640625 0.6875 0.3377887796875 0.6634436890625001 0.3377887796875 0.6634436890625001 0.3640625 0.6875 0.3640625
19 0.7203125 0.3625 0.7203125 0.33877372031249997 0.6933735546875 0.33877372031249997 0.6933735546875 0.3625 0.7203125 0.3625