19 0.674603175 0.3730158734375 0.6269841265625 0.3730158734375 0.6269841265625 0.5492063484374999 0.674603175 0.5492063484374999 0.674603175 0.3730158734375
19 0.83174603125 0.425396825 0.7912698406249999 0.425396825 0.7912698406249999 0.5460317453125 0.83174603125 0.5460317453125 0.83174603125 0.425396825
19 0.7857142859375 0.425396825 0.746825396875 0.425396825 0.746825396875 0.5460317453125 0.7857142859375 0.5460317453125 0.7857142859375 0.425396825
19 0.341269840625 0.6269841265625 0.291269840625 0.6269841265625 0.291269840625 0.8238095234375 0.341269840625 0.8238095234375 0.341269840625 0.6269841265625
19 1 0.634920634375 0.924603175 0.634920634375 0.924603175 0.81825396875 1 0.81825396875 1 0.634920634375
19 0.91904761875 0.6507936515625 0.827777778125 0.6507936515625 0.827777778125 0.8111111109375001 0.91904761875 0.8111111109375001 0.91904761875 0.6507936515625
19 0.49365079375 0.652380953125 0.41031746093750004 0.652380953125 0.41031746093750004 0.8230158734374999 0.49365079375 0.8230158734374999 0.49365079375 0.652380953125
19 0.8238095234375 0.6873015875 0.740476190625 0.6873015875 0.740476190625 0.8214285718750001 0.8238095234375 0.8214285718750001 0.8238095234375 0.6873015875
19 0.2238095234375 0.6730158734375 0.1603174609375 0.6730158734375 0.1603174609375 0.8388888890624999 0.2238095234375 0.8388888890624999 0.2238095234375 0.6730158734375
19 0.409523809375 0.6888888890625 0.34365079375 0.6888888890625 0.34365079375 0.8301587296875 0.409523809375 0.8301587296875 0.409523809375 0.6888888890625
19 0.7396825390624999 0.703174603125 0.6873015875 0.703174603125 0.6873015875 0.8230158734374999 0.7396825390624999 0.8230158734374999 0.7396825390624999 0.703174603125
19 0.2793650796875 0.7142857140625 0.22698412656250003 0.7142857140625 0.22698412656250003 0.834126984375 0.2793650796875 0.834126984375 0.2793650796875 0.7142857140625
19 0.1603174609375 0.75555555625 0.1198412703125 0.75555555625 0.1198412703125 0.827777778125 0.1603174609375 0.827777778125 0.1603174609375 0.75555555625