19 0.36328125 0.8015625 0.309375 0.8015625 0.309375 0.8734375 0.36328125 0.8734375 0.36328125 0.8015625
19 0.30234375 0.815625 0.259375 0.815625 0.259375 0.87421875 0.30234375 0.87421875 0.30234375 0.815625
19 0.42265625 0.81875 0.36875 0.81875 0.36875 0.875 0.42265625 0.875 0.42265625 0.81875
19 0.24921875 0.8171875 0.20625 0.8171875 0.20625 0.875 0.24921875 0.875 0.24921875 0.8171875
19 0.2015625 0.8171875 0.1609375 0.8171875 0.1609375 0.87734375 0.2015625 0.87734375 0.2015625 0.8171875
19 0.1515625 0.821875 0.1109375 0.821875 0.1109375 0.8796875 0.1515625 0.8796875 0.1515625 0.821875
19 0.27734375 0.234375 0.2015625 0.234375 0.2015625 0.31640625 0.27734375 0.31640625 0.27734375 0.234375
19 0.36328125 0.2359375 0.2828125 0.2359375 0.2828125 0.31875 0.36328125 0.31875 0.36328125 0.2359375
19 0.1921875 0.2375 0.11875 0.2375 0.11875 0.3171875 0.1921875 0.3171875 0.1921875 0.2375
19 0.43671875 0.2421875 0.3671875 0.2421875 0.3671875 0.31640625 0.43671875 0.31640625 0.43671875 0.2421875
19 0.11640625 0.2421875 0.0421875 0.2421875 0.0421875 0.3203125 0.11640625 0.3203125 0.11640625 0.2421875
19 0.28125 0.540625 0.2203125 0.540625 0.2203125 0.596875 0.28125 0.596875 0.28125 0.540625
19 0.15 0.540625 0.0875 0.540625 0.0875 0.59921875 0.15 0.59921875 0.15 0.540625
19 0.21328125 0.5484375 0.159375 0.5484375 0.159375 0.6 0.21328125 0.6 0.21328125 0.5484375
19 0.403125 0.6828125 0.346875 0.6828125 0.346875 0.73828125 0.403125 0.73828125 0.403125 0.6828125
19 0.33828125 0.6859375 0.278125 0.6859375 0.278125 0.7390625 0.33828125 0.7390625 0.33828125 0.6859375