19 0.778125 0.1390625 0.778125 0.018359375 0.681640625 0.018359375 0.681640625 0.1390625 0.778125 0.1390625
19 0.7125 0.859375 0.7125 0.80234375 0.64453125 0.80234375 0.64453125 0.859375 0.7125 0.859375
19 0.7140625 0.803125 0.7140625 0.8671875 0.771875 0.8671875 0.771875 0.803125 0.7140625 0.803125
19 0.6421875 0.865625 0.6421875 0.8078125 0.587109375 0.8078125 0.587109375 0.865625 0.6421875 0.865625
19 0.5171875 0.865625 0.5171875 0.807421875 0.459765625 0.807421875 0.459765625 0.865625 0.5171875 0.865625
19 0.578125 0.865625 0.578125 0.808203125 0.528515625 0.808203125 0.528515625 0.865625 0.578125 0.865625
19 0.5765625 0.025 0.5765625 0.1453125 0.675 0.1453125 0.675 0.025 0.5765625 0.025
19 0.475 0.028125 0.475 0.1515625 0.575 0.1515625 0.575 0.028125 0.475 0.028125
19 0.690625 0.915625 0.690625 0.9828125 0.7703125 0.9828125 0.7703125 0.915625 0.690625 0.915625
19 0.7 0.917578125 0.6265625 0.917578125 0.6265625 0.984375 0.7 0.984375 0.7 0.917578125
19 0.3671875 0.034375 0.3671875 0.1578125 0.465625 0.1578125 0.465625 0.034375 0.3671875 0.034375
19 0.684375 0.2375 0.684375 0.353125 0.7671875 0.353125 0.7671875 0.2375 0.684375 0.2375
19 0.584765625 0.25 0.584765625 0.3609375 0.675 0.3609375 0.675 0.25 0.584765625 0.25
19 0.590234375 0.3515625 0.590234375 0.262890625 0.476953125 0.262890625 0.476953125 0.3515625 0.590234375 0.3515625
19 0.4796875 0.3671875 0.4796875 0.249609375 0.390234375 0.249609375 0.390234375 0.3671875 0.4796875 0.3671875
19 0.681640625 0.45 0.681640625 0.5375 0.746875 0.5375 0.746875 0.45 0.681640625 0.45
19 0.4921875 0.540625 0.4921875 0.458984375 0.404296875 0.458984375 0.404296875 0.540625 0.4921875 0.540625
19 0.4953125 0.4578125 0.4953125 0.5453125 0.5796875 0.5453125 0.5796875 0.4578125 0.4953125 0.4578125
19 0.9234375 0.5234375 0.9234375 0.4796875 0.870703125 0.4796875 0.870703125 0.5234375 0.9234375 0.5234375
19 0.675 0.5421875 0.675 0.460546875 0.591015625 0.460546875 0.591015625 0.5421875 0.675 0.5421875
19 0.9796875 0.5265625 0.9796875 0.47890625 0.92734375 0.47890625 0.92734375 0.5265625 0.9796875 0.5265625
19 0.8703125 0.4859375 0.806640625 0.4859375 0.806640625 0.528125 0.8703125 0.528125 0.8703125 0.4859375
19 0.721875 0.64375 0.721875 0.7015625 0.7640625 0.7015625 0.7640625 0.64375 0.721875 0.64375
19 0.66875 0.6453125 0.66875 0.7 0.715625 0.7 0.715625 0.6453125 0.66875 0.6453125
19 0.61875 0.6984375 0.61875 0.652734375 0.5640625 0.652734375 0.5640625 0.6984375 0.61875 0.6984375
19 0.6625 0.703125 0.6625 0.648828125 0.614453125 0.648828125 0.614453125 0.703125 0.6625 0.703125
19 0.512109375 0.65625 0.512109375 0.6984375 0.5640625 0.6984375 0.5640625 0.65625 0.512109375 0.65625
19 0.46875 0.655078125 0.41484375 0.655078125 0.41484375 0.7015625 0.46875 0.7015625 0.46875 0.655078125
19 0.51875 0.7 0.51875 0.656640625 0.465234375 0.656640625 0.465234375 0.7 0.51875 0.7