19 0.2796875 0.18125 0.196875 0.18125 0.196875 0.259375 0.2796875 0.259375 0.2796875 0.18125
19 0.37265625 0.184375 0.2875 0.184375 0.2875 0.25859375 0.37265625 0.25859375 0.37265625 0.184375
19 0.190625 0.2015625 0.1234375 0.2015625 0.1234375 0.25703125 0.190625 0.25703125 0.190625 0.2015625
19 0.0625 0.221875 0.015625 0.221875 0.015625 0.2515625 0.0625 0.2515625 0.0625 0.221875
19 0.1171875 0.221875 0.0703125 0.221875 0.0703125 0.25546875 0.1171875 0.25546875 0.1171875 0.221875
19 0.98515625 0.209375 0.934375 0.209375 0.934375 0.2703125 0.98515625 0.2703125 0.98515625 0.209375
19 0.925 0.2109375 0.8734375 0.2109375 0.8734375 0.26953125 0.925 0.26953125 0.925 0.2109375
19 0.73046875 0.2984375 0.628125 0.2984375 0.628125 0.3828125 0.73046875 0.3828125 0.73046875 0.2984375
19 0.11484375 0.3140625 0.028125 0.3140625 0.028125 0.36953125 0.11484375 0.36953125 0.11484375 0.3140625
19 0.50546875 0.3203125 0.4140625 0.3203125 0.4140625 0.3765625 0.50546875 0.3765625 0.50546875 0.3203125
19 0.61796875 0.321875 0.5125 0.321875 0.5125 0.3796875 0.61796875 0.3796875 0.61796875 0.321875