19 0.7203125 0.897222221875 0.6265625 0.897222221875 0.6265625 0.991840278125 0.7203125 0.991840278125 0.7203125 0.897222221875
19 0.621875 0.99375 0.621875 0.8980034703124999 0.5316840296875001 0.8980034703124999 0.5316840296875001 0.99375 0.621875 0.99375
19 0.1291666671875 0 0.1291666671875 0.0921875 0.2171875 0.0921875 0.2171875 0 0.1291666671875 0
19 0.023177084375 0 0.023177084375 0.0890625 0.11875 0.0890625 0.11875 0 0.023177084375 0
19 0.23081597187499997 0 0.23081597187499997 0.0953125 0.321875 0.0953125 0.321875 0 0.23081597187499997 0
19 0.43125 0.09375 0.43125 0.000347221875 0.33125 0.000347221875 0.33125 0.09375 0.43125 0.09375
19 0.782465278125 0.2140625 0.782465278125 0.1316840265625 0.6973958328125 0.1316840265625 0.6973958328125 0.2140625 0.782465278125 0.2140625
19 0.8671875 0.2140625 0.8671875 0.1340277765625 0.7792534718749999 0.1340277765625 0.7792534718749999 0.2140625 0.8671875 0.2140625
19 0.2405381953125 0.203125 0.2405381953125 0.145052084375 0.1754340265625 0.145052084375 0.1754340265625 0.203125 0.2405381953125 0.203125
19 0.959375 0.2265625 0.959375 0.1304687484375 0.8693576390625 0.1304687484375 0.8693576390625 0.2265625 0.959375 0.2265625
19 0.296875 0.2140625 0.296875 0.1426215265625 0.23680555625 0.1426215265625 0.23680555625 0.2140625 0.296875 0.2140625
19 0.6921875 0.2140625 0.6921875 0.1484375 0.6282986109375 0.1484375 0.6282986109375 0.2140625 0.6921875 0.2140625
19 0.5484375 0.1470486109375 0.48541666718750004 0.1470486109375 0.48541666718750004 0.2138888890625 0.5484375 0.2138888890625 0.5484375 0.1470486109375
19 0.6232638890625 0.2125 0.6232638890625 0.1494791671875 0.5564236109375 0.1494791671875 0.5564236109375 0.2125 0.6232638890625 0.2125
19 0.3484375 0.2140625 0.3484375 0.165190971875 0.309722221875 0.165190971875 0.309722221875 0.2140625 0.3484375 0.2140625
19 0.4165798609375 0.2109375 0.4165798609375 0.172222221875 0.36623263906250003 0.172222221875 0.36623263906250003 0.2109375 0.4165798609375 0.2109375
19 0.479253471875 0.209375 0.479253471875 0.1740451375 0.4289062484375 0.1740451375 0.4289062484375 0.209375 0.479253471875 0.209375
19 0 0.3390625 0.0765625 0.3390625 0.0765625 0.2809895828125 0 0.2809895828125 0 0.3390625
19 0.171875 0.3578125 0.171875 0.2625 0.066927084375 0.2625 0.066927084375 0.3578125 0.171875 0.3578125
19 0.2796875 0.36875 0.2796875 0.25928819375 0.1838541671875 0.25928819375 0.1838541671875 0.36875 0.2796875 0.36875
19 0.403125 0.365625 0.403125 0.2671875 0.3047743046875 0.2671875 0.3047743046875 0.365625 0.403125 0.365625
19 0.8685763890624999 0.368489584375 0.8685763890624999 0.26605902656249997 0.772222221875 0.26605902656249997 0.772222221875 0.368489584375 0.8685763890624999 0.368489584375
19 0.646875 0.26918402656249996 0.5421875 0.26918402656249996 0.5421875 0.3655381953125 0.646875 0.3655381953125 0.646875 0.26918402656249996
19 0.75 0.3671875 0.75 0.2694444453125 0.6538194453124999 0.2694444453125 0.6538194453124999 0.3671875 0.75 0.3671875
19 0.984375 0.371875 0.984375 0.2644097234375 0.8891493046875001 0.2644097234375 0.8891493046875001 0.371875 0.984375 0.371875
19 0.5203125 0.3671875 0.5203125 0.269791665625 0.42118055625000006 0.269791665625 0.42118055625000006 0.3671875 0.5203125 0.3671875
19 0.86875 0.42881944375 0.775520834375 0.42881944375 0.775520834375 0.5086805562500001 0.86875 0.5086805562500001 0.86875 0.42881944375
19 0.7686631937499999 0.4287326375 0.6688368046875001 0.4287326375 0.6688368046875001 0.5103298609375 0.7686631937499999 0.5103298609375 0.7686631937499999 0.4287326375
19 0.90625 0.5234375 0.984375 0.5234375 0.984375 0.4153645828125 0.90625 0.4153645828125 0.90625 0.5234375
19 0.471875 0.51875 0.471875 0.4296875 0.40078125 0.4296875 0.40078125 0.51875 0.471875 0.51875
19 0.171875 0.5078125 0.171875 0.44114583281249997 0.0870659734375 0.44114583281249997 0.0870659734375 0.5078125 0.171875 0.5078125
19 0.3859375 0.509375 0.3859375 0.44105902812500003 0.2814236109375 0.44105902812500003 0.2814236109375 0.509375 0.3859375 0.509375
19 0.5671875 0.44444444375 0.4875 0.44444444375 0.4875 0.5086805562500001 0.5671875 0.5086805562500001 0.5671875 0.44444444375
19 0.2734375 0.44097222187499996 0.1848090265625 0.44097222187499996 0.1848090265625 0.512152778125 0.2734375 0.512152778125 0.2734375 0.44097222187499996
19 0 0.509375 0.066840278125 0.509375 0.066840278125 0.44375 0 0.44375 0 0.509375
19 0.6671875 0.5078125 0.6671875 0.44913194531249995 0.57196180625 0.44913194531249995 0.57196180625 0.5078125 0.6671875 0.5078125
19 0.384375 0.6484375 0.475 0.6484375 0.475 0.5578993046875 0.384375 0.5578993046875 0.384375 0.6484375
19 0.4828125 0.6484375 0.58125 0.6484375 0.58125 0.562152778125 0.4828125 0.562152778125 0.4828125 0.6484375
19 0.36875 0.6453125 0.36875 0.57005208125 0.275520834375 0.57005208125 0.275520834375 0.6453125 0.36875 0.6453125
19 0.709375 0.6515625 0.709375 0.590625 0.6584201375000001 0.590625 0.6584201375000001 0.6515625 0.709375 0.6515625
19 0.725 0.65 0.783940971875 0.65 0.783940971875 0.59149305625 0.725 0.59149305625 0.725 0.65
19 0.6484375 0.646875 0.6484375 0.5940972234374999 0.592447915625 0.5940972234374999 0.592447915625 0.646875 0.6484375 0.646875
19 0.8515625 0.6515625 0.8515625 0.5953125 0.7923611109375 0.5953125 0.7923611109375 0.6515625 0.8515625 0.6515625
19 0.9203125 0.6515625 0.9203125 0.5939236109375 0.860590278125 0.5939236109375 0.860590278125 0.6515625 0.9203125 0.6515625
19 0.928125 0.5921875 0.928125 0.653125 0.990625 0.653125 0.990625 0.5921875 0.928125 0.5921875