19 0.7080139546875001 0.6734375 0.7080139546875001 0.7265625 0.768548546875 0.7265625 0.768548546875 0.6734375 0.7080139546875001 0.6734375
19 0.696875 0.6720715421875 0.644575471875 0.6720715421875 0.644575471875 0.7278891515625 0.696875 0.7278891515625 0.696875 0.6720715421875
19 0.503125 0.7296875 0.503125 0.6695803859375 0.4438679234375 0.6695803859375 0.4438679234375 0.7296875 0.503125 0.7296875
19 0.628125 0.66770341875 0.5741990953125 0.66770341875 0.5741990953125 0.736885809375 0.628125 0.736885809375 0.628125 0.66770341875
19 0.7796875 0.7296875 0.8484375 0.7296875 0.8484375 0.6826601812499999 0.7796875 0.6826601812499999 0.7796875 0.7296875
19 0.5125 0.7328125 0.5640625 0.7328125 0.5640625 0.6810829390625 0.5125 0.6810829390625 0.5125 0.7328125
19 0.5265625 0.8265625 0.5265625 0.8022897 0.4870676109375 0.8022897 0.4870676109375 0.8265625 0.5265625 0.8265625
19 0.4390625 0.828125 0.4390625 0.8038718546875 0.40833333281249995 0.8038718546875 0.40833333281249995 0.828125 0.4390625 0.828125
19 0.475 0.8296875 0.475 0.8009384828125 0.4508844328125 0.80093848125 0.4508844328125 0.8296875 0.475 0.8296875
19 0.4359375 0.8796875 0.4359375 0.8400943390625001 0.4130306609375 0.8400943390625001 0.4130306609375 0.8796875 0.4359375 0.8796875
19 0.479387775 0.875 0.479387775 0.84600039375 0.450299725 0.84600039375 0.450299725 0.875 0.479387775 0.875
19 0.521875 0.8796875 0.521875 0.8447671 0.4882861640625 0.8447671 0.4882861640625 0.8796875 0.521875 0.8796875
19 0.4109375 0.8689563687499999 0.351763953125 0.8689563687499999 0.351763953125 0.9279186328125 0.4109375 0.9279186328125 0.4109375 0.8689563687499999
19 0.34375 0.93125 0.34375 0.87320165 0.28341686093749996 0.87320165 0.28341686093749996 0.93125 0.34375 0.93125
19 0.271875 0.9328125 0.271875 0.8707154078125001 0.2147897015625 0.8707154078125001 0.2147897015625 0.9328125 0.271875 0.9328125
19 0.49375 0.925 0.521875 0.925 0.521875 0.8949980343749999 0.49375 0.8949980343749999 0.49375 0.925
19 0.484375 0.9234375 0.484375 0.89605935625 0.4506584125 0.89605935625 0.4506584125 0.9234375 0.484375 0.9234375
19 0.4421875 0.925 0.4421875 0.8946049531250001 0.41486831718749995 0.8946049531250001 0.41486831718749995 0.925 0.4421875 0.925
19 0.88125 0.4359375 0.9625 0.4359375 0.9625 0.3978920984375 0.88125 0.3978920984375 0.88125 0.4359375
19 0.7265625 0.4484375 0.8029825078125 0.4484375 0.8029825078125 0.3977053859375 0.7265625 0.3977053859375 0.7265625 0.4484375
19 0.7325963062499999 0.4625 0.7325963062499999 0.3872592375 0.6767786953125 0.3872592375 0.6767786953125 0.4625 0.7325963062499999 0.4625
19 0.4921875 0.4625 0.5453125 0.4625 0.5453125 0.3872592375 0.4921875 0.3872592375 0.4921875 0.4625
19 0.49041863281250003 0.4625 0.49041863281250003 0.3872592375 0.43145636718749997 0.3872592375 0.43145636718749997 0.4625 0.49041863281250003 0.4625
19 0.6046875 0.4515625 0.682714228125 0.4515625 0.682714228125 0.400039309375 0.6046875 0.400039309375 0.6046875 0.4515625
19 0.3609375 0.4515625 0.4390625 0.4515625 0.4390625 0.40078125 0.3609375 0.40078125 0.3609375 0.4515625
19 0.54375 0.4515625 0.621875 0.4515625 0.621875 0.3988502359375 0.54375 0.3988502359375 0.54375 0.4515625
19 0.846875 0.4484375 0.846875 0.415625 0.7916961484375 0.415625 0.7916961484375 0.4484375 0.846875 0.4484375
19 0.8875 0.4625 0.8875 0.4040683953125 0.8505945359375 0.4040683953125 0.8505945359375 0.4625 0.8875 0.4625
19 0.5609375 0.590625 0.65 0.590625 0.65 0.516391509375 0.5609375 0.516391509375 0.5609375 0.590625
19 0.5546875 0.596875 0.5546875 0.517654284375 0.482822328125 0.517654284375 0.482822328125 0.596875 0.5546875 0.596875
19 0.478125 0.5984375 0.478125 0.51875 0.40131682343749997 0.51875 0.40131682343749997 0.5984375 0.478125 0.5984375
19 0.8859375 0.59375 0.8859375 0.5236045609375 0.836168434375 0.5236045609375 0.836168434375 0.59375 0.8859375 0.59375
19 0.8234375 0.596875 0.8234375 0.5255404875 0.7742924515625 0.5255404875 0.7742924515625 0.596875 0.8234375 0.596875
19 0.9515625 0.5859375 0.9515625 0.535893278125 0.8832448906250001 0.535893278125 0.8832448906250001 0.5859375 0.9515625 0.5859375
19 0.775 0.590625 0.775 0.55 0.7204697328125 0.55 0.7204697328125 0.590625 0.775 0.590625