19 0.2203125 0.1859375 0.2734375 0.1859375 0.2734375 0.0896875 0.2203125 0.0896875 0.2203125 0.1859375
19 0.228125 0.16875 0.228125 0.1140625 0.13135416718749998 0.1140625 0.13135416718749998 0.16875 0.228125 0.16875
19 0.4671875 0.1176041671875 0.3859375 0.1176041671875 0.3859375 0.1671875 0.4671875 0.1671875 0.4671875 0.1176041671875
19 0.1625 0.1130208328125 0.065625 0.1130208328125 0.065625 0.1746875 0.1625 0.1746875 0.1625 0.1130208328125
19 0.3375 0.184375 0.3375 0.10374999843749999 0.289322915625 0.10374999843749999 0.289322915625 0.184375 0.3375 0.184375
19 0.3921875 0.1859375 0.3921875 0.103125 0.3453645828125 0.103125 0.3453645828125 0.1859375 0.3921875 0.1859375
19 0.690625 0.1671875 0.7484375 0.1671875 0.7484375 0.121875 0.690625 0.121875 0.690625 0.1671875
19 0.8015625 0.1671875 0.8015625 0.12468749999999999 0.7431250015625 0.12468749999999999 0.7431250015625 0.1671875 0.8015625 0.1671875
19 0.0115104171875 0.1 0.0115104171875 0.196875 0.0681770828125 0.196875 0.0681770828125 0.1 0.0115104171875 0.1
19 0.6765625 0.1765625 0.6765625 0.118854165625 0.6317708328125 0.118854165625 0.6317708328125 0.1765625 0.6765625 0.1765625
19 0.1827083328125 0.35625 0.1827083328125 0.2650520828125 0.1110416671875 0.2650520828125 0.1110416671875 0.35625 0.1827083328125 0.35625
19 0.25625 0.359375 0.25625 0.262916665625 0.19468749999999999 0.262916665625 0.19468749999999999 0.359375 0.25625 0.359375
19 0.4578125 0.35625 0.4578125 0.28380208281249997 0.398541665625 0.28380208281249997 0.398541665625 0.35625 0.4578125 0.35625
19 0.396875 0.346875 0.396875 0.29359375 0.3232291671875 0.29359375 0.3232291671875 0.346875 0.396875 0.346875
19 0.2568229171875 0.2921875 0.2568229171875 0.35 0.3326562515625 0.35 0.3326562515625 0.2921875 0.2568229171875 0.2921875
19 0.8265625 0.3671875 0.8265625 0.2802604171875 0.76328125 0.2802604171875 0.76328125 0.3671875 0.8265625 0.3671875
19 0.999791665625 0.3546875 0.999791665625 0.29171874999999997 0.9564583328125 0.29171874999999997 0.9564583328125 0.3546875 0.999791665625 0.3546875
19 0.9421354171875 0.3546875 0.9421354171875 0.2921354171875 0.856302084375 0.2921354171875 0.856302084375 0.3546875 0.9421354171875 0.3546875
19 0.6265625 0.35625 0.6265625 0.298541665625 0.5817708328125 0.298541665625 0.5817708328125 0.35625 0.6265625 0.35625
19 0.5171875 0.353125 0.5171875 0.3064583328125 0.462395834375 0.3064583328125 0.462395834375 0.353125 0.5171875 0.353125
19 0.5734375 0.3546875 0.5734375 0.30520833281250004 0.518645834375 0.30520833281250004 0.518645834375 0.3546875 0.5734375 0.3546875
19 0.7265625 0.3140625 0.6942187515625 0.3140625 0.6942187515625 0.3618229171875 0.7265625 0.3618229171875 0.7265625 0.3140625
19 0.675 0.3609375 0.675 0.317239584375 0.6415625 0.317239584375 0.6415625 0.3609375 0.675 0.3609375
19 0.38317708281249996 0.49328125 0.45901041718749996 0.49328125 0.45901041718749996 0.40828125000000004 0.38317708281249996 0.40828125000000004 0.38317708281249996 0.49328125
19 0.547760415625 0.4953125 0.547760415625 0.4080208328125 0.46609375000000003 0.4080208328125 0.46609375000000003 0.4953125 0.547760415625 0.4953125
19 0.0953125 0.4875 0.0953125 0.4263541671875 0.0372916671875 0.4263541671875 0.0372916671875 0.4875 0.0953125 0.4875
19 0.171875 0.4890625 0.2421875 0.4890625 0.2421875 0.425052084375 0.171875 0.425052084375 0.171875 0.4890625
19 0.3109375 0.490625 0.3109375 0.427447915625 0.248958334375 0.427447915625 0.248958334375 0.490625 0.3109375 0.490625
19 0.3806770828125 0.490625 0.3806770828125 0.42744791718749997 0.32067708281249996 0.42744791718749997 0.32067708281249996 0.490625 0.3806770828125 0.490625
19 0.1671875 0.49375 0.1671875 0.42786458281249995 0.10906249999999999 0.42786458281249995 0.10906249999999999 0.49375 0.1671875 0.49375
19 0.728125 0.4890625 0.7840625 0.4890625 0.7840625 0.44375 0.728125 0.44375 0.728125 0.4890625
19 0.721875 0.49375 0.721875 0.43843750000000004 0.6750520828125001 0.43843750000000004 0.6750520828125001 0.49375 0.721875 0.49375
19 0.60734375 0.4921875 0.60734375 0.44213541718749994 0.55984375 0.44213541718749994 0.55984375 0.4921875 0.60734375 0.4921875
19 0.6671875 0.4890625 0.6671875 0.4434375015625 0.6148958328125 0.4434375015625 0.6148958328125 0.4890625 0.6671875 0.4890625
19 0.840625 0.4984375 0.840625 0.4403125 0.790572915625 0.4403125 0.790572915625 0.4984375 0.840625 0.4984375
19 0.90625 0.4459895828125 0.8473958328125001 0.4459895828125 0.8473958328125001 0.4934895828125 0.90625 0.4934895828125 0.90625 0.4459895828125
19 1 0.43968749999999995 0.98015625 0.43968749999999995 0.98015625 0.4984375 1 0.4984375 1 0.43968749999999995
19 0.965625 0.4953125 0.965625 0.4437500015625 0.9078645828124999 0.4437500015625 0.9078645828124999 0.4953125 0.965625 0.4953125