19 0.1359375 0.148046875 0.09375 0.148046875 0.09375 0.2171875 0.1359375 0.2171875 0.1359375 0.148046875
19 0.1796875 0.150390625 0.1375 0.150390625 0.1375 0.2140625 0.1796875 0.2140625 0.1796875 0.150390625
19 0.179296875 0.153125 0.179296875 0.2140625 0.2171875 0.2140625 0.2171875 0.153125 0.179296875 0.153125
19 0.2796875 0.203125 0.2796875 0.165625 0.211328125 0.165625 0.211328125 0.203125 0.2796875 0.203125
19 0.14375 0.284375 0.18125 0.284375 0.18125 0.2203125 0.14375 0.2203125 0.14375 0.284375
19 0.284375 0.2703125 0.284375 0.233203125 0.21875 0.233203125 0.21875 0.2703125 0.284375 0.2703125
19 0.225 0.221484375 0.184375 0.221484375 0.184375 0.2859375 0.225 0.2859375 0.225 0.221484375
19 0.1515625 0.271875 0.1515625 0.234375 0.085546875 0.234375 0.085546875 0.271875 0.1515625 0.271875
19 0.5546875 0.314453125 0.5171875 0.314453125 0.5171875 0.3640625 0.5546875 0.3640625 0.5546875 0.314453125
19 0.46875 0.3171875 0.46875 0.365625 0.509375 0.365625 0.509375 0.3171875 0.46875 0.3171875
19 0.6109375 0.3625 0.6109375 0.32109375 0.55859375 0.32109375 0.55859375 0.3625 0.6109375 0.3625
19 0.5265625 0.0703125 0.5265625 0.001171875 0.460546875 0.001171875 0.460546875 0.0703125 0.5265625 0.0703125
19 0.3890625 0 0.3890625 0.071875 0.446875 0.071875 0.446875 0 0.3890625 0
19 0.7578125 0.40625 0.7578125 0.347265625 0.661328125 0.347265625 0.661328125 0.40625 0.7578125 0.40625
19 0.1890625 0.415625 0.1890625 0.339453125 0.09375 0.339453125 0.09375 0.415625 0.1890625 0.415625
19 0.184375 0.33125 0.184375 0.425 0.2625 0.425 0.2625 0.33125 0.184375 0.33125
19 0.596875 0.346875 0.596875 0.4109375 0.6953125 0.4109375 0.6953125 0.346875 0.596875 0.346875
19 0.3453125 0.415625 0.3453125 0.340625 0.254296875 0.340625 0.254296875 0.415625 0.3453125 0.415625
19 0.727734375 0.3453125 0.727734375 0.4109375 0.825 0.4109375 0.825 0.3453125 0.727734375 0.3453125
19 0.4078125 0.358984375 0.33828125 0.358984375 0.33828125 0.41875 0.4078125 0.41875 0.4078125 0.358984375
19 0.4703125 0.355859375 0.4078125 0.355859375 0.4078125 0.4265625 0.4703125 0.4265625 0.4703125 0.355859375
19 0.39375 0.0625 0.39375 0.016796875 0.33046875 0.016796875 0.33046875 0.0625 0.39375 0.0625
19 0.475 0.371875 0.475 0.4234375 0.5125 0.4234375 0.5125 0.371875 0.475 0.371875
19 0.609375 0.4171875 0.609375 0.375390625 0.555078125 0.375390625 0.555078125 0.4171875 0.609375 0.4171875
19 0.55625 0.370703125 0.5140625 0.370703125 0.5140625 0.425 0.55625 0.425 0.55625 0.370703125
19 0.5421875 0.4515625 0.5421875 0.4828125 0.5796875 0.4828125 0.5796875 0.4515625 0.5421875 0.4515625
19 0.457421875 0.453125 0.457421875 0.48046875 0.4875 0.48046875 0.4875 0.453125 0.457421875 0.453125
19 0.5296875 0.4859375 0.5296875 0.450390625 0.503125 0.450390625 0.503125 0.4859375 0.5296875 0.4859375
19 0.5828125 0.4546875 0.5828125 0.484375 0.6203125 0.484375 0.6203125 0.4546875 0.5828125 0.4546875
19 0.3734375 0.453125 0.3734375 0.484375 0.409375 0.484375 0.409375 0.453125 0.3734375 0.453125
19 0.446875 0.4875 0.446875 0.45078125 0.42109375 0.45078125 0.42109375 0.4875 0.446875 0.4875
19 0.2859375 0.028125 0.241015625 0.028125 0.241015625 0.0703125 0.2859375 0.0703125 0.2859375 0.028125
19 0.7046875 0.480078125 0.6734375 0.480078125 0.6734375 0.503125 0.7046875 0.503125 0.7046875 0.480078125
19 0.7359375 0.477734375 0.71171875 0.477734375 0.71171875 0.5078125 0.7359375 0.5078125 0.7359375 0.477734375
19 0.750390625 0.4828125 0.750390625 0.509375 0.7765625 0.509375 0.7765625 0.4828125 0.750390625 0.4828125
19 0.288671875 0.0296875 0.288671875 0.07265625 0.328125 0.07265625 0.328125 0.0296875 0.288671875 0.0296875
19 0.175 0.484765625 0.1234375 0.484765625 0.1234375 0.55 0.175 0.55 0.175 0.484765625
19 0.240625 0.540625 0.240625 0.492578125 0.176171875 0.492578125 0.176171875 0.540625 0.240625 0.540625
19 0.2390625 0.55 0.2875 0.55 0.2875 0.484375 0.2390625 0.484375 0.2390625 0.55
19 0.35 0.49375 0.283203125 0.49375 0.283203125 0.5421875 0.35 0.5421875 0.35 0.49375
19 0.49140625 0.54375 0.49140625 0.504296875 0.4359375 0.504296875 0.4359375 0.54375 0.49140625 0.54375
19 0.404296875 0.54375 0.404296875 0.505859375 0.348828125 0.505859375 0.348828125 0.54375 0.404296875 0.54375
19 0.446875 0.54375 0.446875 0.506640625 0.39375 0.506640625 0.39375 0.54375 0.446875 0.54375
19 0.5375 0.50703125 0.484765625 0.50703125 0.484765625 0.5453125 0.5375 0.5453125 0.5375 0.50703125
19 0.673046875 0.54375 0.673046875 0.505859375 0.617578125 0.505859375 0.617578125 0.54375 0.673046875 0.54375
19 0.6265625 0.54375 0.6265625 0.505078125 0.572265625 0.505078125 0.572265625 0.54375 0.6265625 0.54375
19 0.5796875 0.5453125 0.5796875 0.50859375 0.52890625 0.50859375 0.52890625 0.5453125 0.5796875 0.5453125
19 0.66875 0.5203125 0.66875 0.546875 0.7015625 0.546875 0.7015625 0.5203125 0.66875 0.5203125
19 0.7375 0.553125 0.7375 0.51875 0.709765625 0.51875 0.709765625 0.553125 0.7375 0.553125
19 0.7796875 0.523046875 0.7484375 0.523046875 0.7484375 0.5515625 0.7796875 0.5515625 0.7796875 0.523046875
19 0.55625 0.5828125 0.55625 0.665625 0.61875 0.665625 0.61875 0.5828125 0.55625 0.5828125
19 0.409375 0.6640625 0.478125 0.6640625 0.478125 0.583203125 0.409375 0.583203125 0.409375 0.6640625
19 0.4109375 0.6609375 0.4109375 0.587890625 0.33125 0.587890625 0.33125 0.6609375 0.4109375 0.6609375
19 0.478515625 0.596875 0.478515625 0.6546875 0.5578125 0.6546875 0.5578125 0.596875 0.478515625 0.596875
19 0.2734375 0.59765625 0.190234375 0.59765625 0.190234375 0.65625 0.2734375 0.65625 0.2734375 0.59765625
19 0.1234375 0.6 0.1234375 0.65625 0.2078125 0.65625 0.2078125 0.6 0.1234375 0.6
19 0.2671875 0.5859375 0.2671875 0.66875 0.321875 0.66875 0.321875 0.5859375 0.2671875 0.5859375
19 0.7375 0.6609375 0.7375 0.608984375 0.673046875 0.608984375 0.673046875 0.6609375 0.7375 0.6609375
19 0.796875 0.606640625 0.73203125 0.606640625 0.73203125 0.6640625 0.796875 0.6640625 0.796875 0.606640625
19 0.621875 0.6 0.621875 0.6734375 0.678125 0.6734375 0.678125 0.6 0.621875 0.6
19 0.6625 0.7796875 0.6625 0.718359375 0.59921875 0.718359375 0.59921875 0.7796875 0.6625 0.7796875
19 0.6890625 0.7171875 0.6890625 0.78125 0.75 0.78125 0.75 0.7171875 0.6890625 0.7171875