19 0.9296875 0.3375 0.9296875 0.267578125 0.854296875 0.267578125 0.854296875 0.3375 0.9296875 0.3375
19 0.3921875 0.334375 0.3921875 0.283203125 0.31875 0.283203125 0.31875 0.334375 0.3921875 0.334375
19 0.33125 0.3359375 0.33125 0.284765625 0.2578125 0.284765625 0.2578125 0.3359375 0.33125 0.3359375
19 0.192578125 0.2828125 0.192578125 0.3375 0.265625 0.3375 0.265625 0.2828125 0.192578125 0.2828125
19 0.4484375 0.2953125 0.4484375 0.3421875 0.5015625 0.3421875 0.5015625 0.2953125 0.4484375 0.2953125
19 0.4453125 0.34375 0.4453125 0.29609375 0.39296875 0.29609375 0.39296875 0.34375 0.4453125 0.34375
19 0.5140625 0.412890625 0.45625 0.412890625 0.45625 0.4796875 0.5140625 0.4796875 0.5140625 0.412890625
19 0.184375 0.425390625 0.1109375 0.425390625 0.1109375 0.4796875 0.184375 0.4796875 0.184375 0.425390625
19 0.196875 0.4265625 0.196875 0.48125 0.2734375 0.48125 0.2734375 0.4265625 0.196875 0.4265625
19 0.4375 0.43046875 0.396484375 0.43046875 0.396484375 0.48125 0.4375 0.48125 0.4375 0.43046875
19 0.3375 0.4375 0.3375 0.4796875 0.3859375 0.4796875 0.3859375 0.4375 0.3375 0.4375
19 0.328125 0.4765625 0.328125 0.452734375 0.278515625 0.452734375 0.278515625 0.4765625 0.328125 0.4765625
19 0.3046875 0.58125 0.359375 0.58125 0.359375 0.501953125 0.3046875 0.501953125 0.3046875 0.58125
19 0.1875 0.5875 0.1875 0.501171875 0.13359375 0.501171875 0.13359375 0.5875 0.1875 0.5875
19 0.096875 0.5890625 0.096875 0.50078125 0.04453125 0.50078125 0.04453125 0.5890625 0.096875 0.5890625
19 0.20625 0.521875 0.20625 0.575 0.2859375 0.575 0.2859375 0.521875 0.20625 0.521875
19 0.1390625 0.625 0.1390625 0.665625 0.2078125 0.665625 0.2078125 0.625 0.1390625 0.625
19 0.224609375 0.6265625 0.224609375 0.66875 0.2890625 0.66875 0.2890625 0.6265625 0.224609375 0.6265625
19 0.071484375 0.6140625 0.071484375 0.684375 0.1078125 0.684375 0.1078125 0.6140625 0.071484375 0.6140625
19 0.1546875 0.7421875 0.1546875 0.704296875 0.090234375 0.704296875 0.090234375 0.7421875 0.1546875 0.7421875
19 0.3375 0.69375 0.3375 0.7578125 0.3734375 0.7578125 0.3734375 0.69375 0.3375 0.69375
19 0.2203125 0.75625 0.2203125 0.69453125 0.18828125 0.69453125 0.18828125 0.75625 0.2203125 0.75625
19 0.4421875 0.691015625 0.41328125 0.691015625 0.41328125 0.759375 0.4421875 0.759375 0.4421875 0.691015625
19 0.2484375 0.709375 0.2484375 0.7421875 0.3125 0.7421875 0.3125 0.709375 0.2484375 0.709375