19 0.5375 0.6375 0.5375 0.60390625 0.496484375 0.60390625 0.496484375 0.6375 0.5375 0.6375
19 0.490625 0.601953125 0.4546875 0.601953125 0.4546875 0.640625 0.490625 0.640625 0.490625 0.601953125
19 0.446875 0.603515625 0.40390625 0.603515625 0.40390625 0.6390625 0.446875 0.6390625 0.446875 0.603515625
19 0.5828125 0.604296875 0.54296875 0.604296875 0.54296875 0.640625 0.5828125 0.640625 0.5828125 0.604296875
19 0.3953125 0.60234375 0.355859375 0.60234375 0.355859375 0.6421875 0.3953125 0.6421875 0.3953125 0.60234375
19 0.312890625 0.603125 0.312890625 0.64375 0.3453125 0.64375 0.3453125 0.603125 0.312890625 0.603125
19 0.668359375 0.625 0.668359375 0.6625 0.7 0.6625 0.7 0.625 0.668359375 0.625
19 0.7015625 0.63125 0.7015625 0.6609375 0.740625 0.6609375 0.740625 0.63125 0.7015625 0.63125
19 0.6203125 0.6609375 0.6203125 0.62890625 0.58984375 0.62890625 0.58984375 0.6609375 0.6203125 0.6609375
19 0.6609375 0.6625 0.6609375 0.626171875 0.627734375 0.626171875 0.627734375 0.6625 0.6609375 0.6625
19 0.7453125 0.6296875 0.7453125 0.6625 0.778125 0.6625 0.778125 0.6296875 0.7453125 0.6296875
19 0.8203125 0.6640625 0.8203125 0.62734375 0.78828125 0.62734375 0.78828125 0.6640625 0.8203125 0.6640625
19 0.190625 0.6375 0.190625 0.7109375 0.24375 0.7109375 0.24375 0.6375 0.190625 0.6375
19 0.232421875 0.646875 0.232421875 0.7046875 0.309375 0.7046875 0.309375 0.646875 0.232421875 0.646875
19 0.1953125 0.7015625 0.1953125 0.64921875 0.119921875 0.64921875 0.119921875 0.7015625 0.1953125 0.7015625
19 0.0703125 0.6375 0.0703125 0.715625 0.1265625 0.715625 0.1265625 0.6375 0.0703125 0.6375
19 0.9234375 0.655078125 0.88125 0.655078125 0.88125 0.7078125 0.9234375 0.7078125 0.9234375 0.655078125
19 0.8375 0.65625 0.8375 0.709375 0.878125 0.709375 0.878125 0.65625 0.8375 0.65625
19 0.3546875 0.7125 0.3546875 0.653125 0.305078125 0.653125 0.305078125 0.7125 0.3546875 0.7125
19 0.35625 0.6546875 0.35625 0.7109375 0.3984375 0.7109375 0.3984375 0.6546875 0.35625 0.6546875
19 0.4453125 0.656640625 0.403125 0.656640625 0.403125 0.709375 0.4453125 0.709375 0.4453125 0.656640625
19 0.4984375 0.6578125 0.4984375 0.7109375 0.54375 0.7109375 0.54375 0.6578125 0.4984375 0.6578125
19 0.5953125 0.703125 0.5953125 0.6640625 0.540234375 0.6640625 0.540234375 0.703125 0.5953125 0.703125
19 0.49375 0.656640625 0.4453125 0.656640625 0.4453125 0.709375 0.49375 0.709375 0.49375 0.656640625
19 0.7125 0.675 0.7125 0.70625 0.7484375 0.70625 0.7484375 0.675 0.7125 0.675
19 0.675390625 0.6703125 0.675390625 0.709375 0.7046875 0.709375 0.7046875 0.6703125 0.675390625 0.6703125
19 0.594921875 0.671875 0.594921875 0.71015625 0.6265625 0.71015625 0.6265625 0.671875 0.594921875 0.671875
19 0.7515625 0.6734375 0.7515625 0.70625 0.790625 0.70625 0.790625 0.6734375 0.7515625 0.6734375
19 0.8296875 0.7109375 0.8296875 0.670703125 0.7953125 0.670703125 0.7953125 0.7109375 0.8296875 0.7109375
19 0.633203125 0.6765625 0.633203125 0.709375 0.6703125 0.709375 0.6703125 0.6765625 0.633203125 0.6765625
19 0.8390625 0.8171875 0.9125 0.8171875 0.9125 0.752734375 0.8390625 0.752734375 0.8390625 0.8171875
19 0.5359375 0.7546875 0.467578125 0.7546875 0.467578125 0.8203125 0.5359375 0.8203125 0.5359375 0.7546875
19 0.765625 0.8234375 0.765625 0.754296875 0.687109375 0.754296875 0.687109375 0.8234375 0.765625 0.8234375
19 0.6859375 0.748828125 0.6125 0.748828125 0.6125 0.828125 0.6859375 0.828125 0.6859375 0.748828125
19 0.8390625 0.753515625 0.7640625 0.753515625 0.7640625 0.821875 0.8390625 0.821875 0.8390625 0.753515625
19 0.463671875 0.825 0.463671875 0.754296875 0.394140625 0.754296875 0.394140625 0.825 0.463671875 0.825
19 0.609375 0.8234375 0.609375 0.758203125 0.534765625 0.758203125 0.534765625 0.8234375 0.609375 0.8234375
19 0.3203125 0.7578125 0.3203125 0.8265625 0.3890625 0.8265625 0.3890625 0.7578125 0.3203125 0.7578125
19 0.241796875 0.7546875 0.241796875 0.83125 0.3109375 0.83125 0.3109375 0.7546875 0.241796875 0.7546875
19 0.106640625 0.765625 0.106640625 0.8328125 0.165625 0.8328125 0.165625 0.765625 0.106640625 0.765625
19 0.10625 0.821875 0.10625 0.77421875 0.044921875 0.77421875 0.044921875 0.821875 0.10625 0.821875
19 0.2375 0.8328125 0.2375 0.76953125 0.16953125 0.76953125 0.16953125 0.8328125 0.2375 0.8328125
19 0.5109375 0.901953125 0.430859375 0.901953125 0.430859375 0.971484375 0.5109375 0.971484375 0.5109375 0.901953125
19 0.137109375 0.890625 0.137109375 0.9828125 0.2109375 0.9828125 0.2109375 0.890625 0.137109375 0.890625
19 0.0609375 0.8921875 0.0609375 0.984375 0.134375 0.984375 0.134375 0.8921875 0.0609375 0.8921875
19 0.2921875 0.975 0.2921875 0.9046875 0.203515625 0.9046875 0.203515625 0.975 0.2921875 0.975
19 0.4390625 0.9765625 0.4390625 0.905078125 0.3546875 0.905078125 0.3546875 0.9765625 0.4390625 0.9765625
19 0.2859375 0.896875 0.2859375 0.984375 0.3578125 0.984375 0.3578125 0.896875 0.2859375 0.896875