19 0.371875 0.055078125 0.3140625 0.055078125 0.3140625 0.134375 0.371875 0.134375 0.371875 0.055078125
19 0.30625 0.087109375 0.26171875 0.087109375 0.26171875 0.134375 0.30625 0.134375 0.30625 0.087109375
19 0.2046875 0.090625 0.2046875 0.1375 0.253125 0.1375 0.253125 0.090625 0.2046875 0.090625
19 0.515625 0.328125 0.515625 0.234765625 0.403125 0.234765625 0.403125 0.328125 0.515625 0.328125
19 0.608984375 0.3328125 0.608984375 0.242578125 0.506640625 0.242578125 0.506640625 0.3328125 0.608984375 0.3328125
19 0.7125 0.3359375 0.7125 0.24140625 0.61015625 0.24140625 0.61015625 0.3359375 0.7125 0.3359375
19 0.7828125 0.1125 0.7828125 0.04140625 0.67265625 0.04140625 0.67265625 0.1125 0.7828125 0.1125
19 0.452734375 0.025 0.452734375 0.1359375 0.5234375 0.1359375 0.5234375 0.025 0.452734375 0.025
19 0.594921875 0.0453125 0.594921875 0.11484375 0.7015625 0.11484375 0.7015625 0.0453125 0.594921875 0.0453125
19 0.46875 0.044921875 0.35703125 0.044921875 0.35703125 0.115625 0.46875 0.115625 0.46875 0.044921875
19 0.459375 0.775390625 0.3953125 0.775390625 0.3953125 0.840625 0.459375 0.840625 0.459375 0.775390625
19 0.621875 0.1140625 0.621875 0.045703125 0.516015625 0.045703125 0.516015625 0.1140625 0.621875 0.1140625
19 0.5328125 0.85 0.5328125 0.777734375 0.4671875 0.777734375 0.4671875 0.85 0.5328125 0.85