19 0.921875 0.1515625 0.921875 0.1921875 0.953125 0.1921875 0.953125 0.1515625 0.921875 0.1515625
19 0.909375 0.190625 0.909375 0.15546875 0.87890625 0.15546875 0.87890625 0.190625 0.909375 0.190625
19 0.9296875 0.1921875 0.9296875 0.228125 0.971875 0.228125 0.971875 0.1921875 0.9296875 0.1921875
19 0.921875 0.228125 0.921875 0.194140625 0.883203125 0.194140625 0.883203125 0.228125 0.921875 0.228125
19 0.590625 0.172265625 0.5265625 0.172265625 0.5265625 0.2734375 0.590625 0.2734375 0.590625 0.172265625
19 0.096875 0.2 0.096875 0.25625 0.2 0.25625 0.2 0.2 0.096875 0.2
19 0.7234375 0.1921875 0.7234375 0.271875 0.7796875 0.271875 0.7796875 0.1921875 0.7234375 0.1921875
19 0.665625 0.2609375 0.665625 0.20546875 0.58671875 0.20546875 0.58671875 0.2609375 0.665625 0.2609375
19 0.715625 0.2734375 0.715625 0.191796875 0.656640625 0.191796875 0.656640625 0.2734375 0.715625 0.2734375
19 0.221875 0.192578125 0.18125 0.192578125 0.18125 0.278125 0.221875 0.278125 0.221875 0.192578125
19 0.878125 0.2703125 0.878125 0.210546875 0.834765625 0.210546875 0.834765625 0.2703125 0.878125 0.2703125
19 0.8359375 0.218359375 0.77578125 0.218359375 0.77578125 0.2625 0.8359375 0.2625 0.8359375 0.218359375
19 0.325 0.265625 0.325 0.2265625 0.264453125 0.2265625 0.264453125 0.265625 0.325 0.265625
19 0.9265625 0.2328125 0.9265625 0.2703125 0.9640625 0.2703125 0.9640625 0.2328125 0.9265625 0.2328125
19 0.91875 0.2703125 0.91875 0.23359375 0.88359375 0.23359375 0.88359375 0.2703125 0.91875 0.2703125
19 0.8109375 0.440625 0.8109375 0.34375 0.747265625 0.34375 0.747265625 0.440625 0.8109375 0.440625
19 0.8015625 0.3578125 0.8015625 0.4265625 0.9015625 0.4265625 0.9015625 0.3578125 0.8015625 0.3578125
19 0.661328125 0.359375 0.661328125 0.44375 0.6953125 0.44375 0.6953125 0.359375 0.661328125 0.359375
19 0.7421875 0.381640625 0.7 0.381640625 0.7 0.4390625 0.7421875 0.4390625 0.7421875 0.381640625
19 0.5765625 0.381640625 0.52109375 0.381640625 0.52109375 0.4421875 0.5765625 0.4421875 0.5765625 0.381640625
19 0.587890625 0.3859375 0.587890625 0.4421875 0.653125 0.4421875 0.653125 0.3859375 0.587890625 0.3859375
19 0.7421875 0.590625 0.7421875 0.5046875 0.667578125 0.5046875 0.667578125 0.590625 0.7421875 0.590625
19 0.821875 0.5921875 0.821875 0.505859375 0.748828125 0.505859375 0.748828125 0.5921875 0.821875 0.5921875