19 0.385620915625 0.1078431375 0.438725490625 0.1078431375 0.438725490625 0.060457515625 0.385620915625 0.060457515625 0.385620915625 0.1078431375
19 0.44607843125 0.1094771234375 0.49918300625 0.1094771234375 0.49918300625 0.060457515625 0.44607843125 0.060457515625 0.44607843125 0.1094771234375
19 0.081699346875 0.1486928109375 0.15931372500000002 0.1486928109375 0.15931372500000002 0.032679739062500004 0.081699346875 0.032679739062500004 0.081699346875 0.1486928109375
19 0.16993464062500002 0.151143790625 0.2450980390625 0.151143790625 0.2450980390625 0.032679739062500004 0.16993464062500002 0.032679739062500004 0.16993464062500002 0.151143790625
19 0.3235294125 0.1552287578125 0.3790849671875 0.1552287578125 0.3790849671875 0.071895425 0.3235294125 0.071895425 0.3235294125 0.1552287578125
19 0.83986928125 0.16013071875 0.9166666671874999 0.16013071875 0.9166666671874999 0.060457515625 0.83986928125 0.060457515625 0.83986928125 0.16013071875
19 0.25 0.151960784375 0.312908496875 0.151960784375 0.312908496875 0.0702614375 0.25 0.0702614375 0.25 0.151960784375
19 0.758169934375 0.17075163437500002 0.832516340625 0.17075163437500002 0.832516340625 0.060457515625 0.758169934375 0.060457515625 0.758169934375 0.17075163437500002
19 0.69607843125 0.1625817 0.7549019609375 0.1625817 0.7549019609375 0.08496732031250001 0.69607843125 0.08496732031250001 0.69607843125 0.1625817
19 0.6290849671875 0.1666666671875 0.6830065359375 0.1666666671875 0.6830065359375 0.08333333281250001 0.6290849671875 0.08333333281250001 0.6290849671875 0.1666666671875
19 0.3888888890625 0.16176470625 0.436274509375 0.16176470625 0.436274509375 0.1111111109375 0.3888888890625 0.1111111109375 0.3888888890625 0.16176470625
19 0.44281045781249995 0.16176470625 0.491830065625 0.16176470625 0.491830065625 0.114379084375 0.44281045781249995 0.114379084375 0.44281045781249995 0.16176470625
19 0.7712418296875 0.6666666671875 0.85539215625 0.6666666671875 0.85539215625 0.5751633984375 0.7712418296875 0.5751633984375 0.7712418296875 0.6666666671875
19 0.669934640625 0.667483659375 0.7516339875 0.667483659375 0.7516339875 0.571895425 0.669934640625 0.571895425 0.669934640625 0.667483659375
19 0.580065359375 0.667483659375 0.6633986921874999 0.667483659375 0.6633986921874999 0.58823529375 0.580065359375 0.58823529375 0.580065359375 0.667483659375
19 0.3986928109375 0.6658496734375 0.47630718906249997 0.6658496734375 0.47630718906249997 0.596405228125 0.3986928109375 0.596405228125 0.3986928109375 0.6658496734375
19 0.312091503125 0.670751634375 0.382352940625 0.670751634375 0.382352940625 0.596405228125 0.312091503125 0.596405228125 0.312091503125 0.670751634375
19 0.4869281046875 0.671568628125 0.5686274515624999 0.671568628125 0.5686274515624999 0.596405228125 0.4869281046875 0.596405228125 0.4869281046875 0.671568628125
19 0.545751634375 0.8169934640625 0.6225490203125 0.8169934640625 0.6225490203125 0.75 0.545751634375 0.75 0.545751634375 0.8169934640625