19 0.456591640625 0.1720257234375 0.38504823125 0.1720257234375 0.38504823125 0.284565915625 0.456591640625 0.284565915625 0.456591640625 0.1720257234375
19 0.5273311890625 0.173633440625 0.459003215625 0.173633440625 0.459003215625 0.284565915625 0.5273311890625 0.284565915625 0.5273311890625 0.173633440625
19 0.3311897109375 0.197749196875 0.2596463015625 0.197749196875 0.2596463015625 0.279742765625 0.3311897109375 0.279742765625 0.3311897109375 0.197749196875
19 0.58199356875 0.191318328125 0.529742765625 0.191318328125 0.529742765625 0.2861736328125 0.58199356875 0.2861736328125 0.58199356875 0.191318328125
19 0.255627009375 0.20578778125000002 0.17282958125 0.20578778125000002 0.17282958125 0.27652733125 0.255627009375 0.27652733125 0.255627009375 0.20578778125000002
19 0.6334405140625 0.1929260453125 0.5836012859374999 0.1929260453125 0.5836012859374999 0.2893890671875 0.6334405140625 0.2893890671875 0.6334405140625 0.1929260453125
19 0.3810289390625 0.215434084375 0.328778134375 0.215434084375 0.328778134375 0.2813504828125 0.3810289390625 0.2813504828125 0.3810289390625 0.215434084375
19 0.6189710609375 0.3520900328125 0.561093246875 0.3520900328125 0.561093246875 0.4284565921875 0.6189710609375 0.4284565921875 0.6189710609375 0.3520900328125
19 0.6784565921875 0.3536977484375 0.620578778125 0.3536977484375 0.620578778125 0.43247588437499995 0.6784565921875 0.43247588437499995 0.6784565921875 0.3536977484375
19 0.7363344046875 0.355305465625 0.67926045 0.355305465625 0.67926045 0.4332797421875 0.7363344046875 0.4332797421875 0.7363344046875 0.355305465625
19 0.7958199359375 0.355305465625 0.73874598125 0.355305465625 0.73874598125 0.43408360156250003 0.7958199359375 0.43408360156250003 0.7958199359375 0.355305465625
19 0.8392282953124999 0.3745980703125 0.799839228125 0.3745980703125 0.799839228125 0.43408360156250003 0.8392282953124999 0.43408360156250003 0.8392282953124999 0.3745980703125
19 0.8842443734375 0.3762057875 0.8424437296875 0.3762057875 0.8424437296875 0.43569131875 0.8842443734375 0.43569131875 0.8842443734375 0.3762057875
19 0.93569131875 0.3762057875 0.8834405140625 0.3762057875 0.8834405140625 0.43569131875 0.93569131875 0.43569131875 0.93569131875 0.3762057875