19 0.7420577078124999 0.9046875 0.7420577078124999 0.8119159328125001 0.6549970046875 0.8119159328125001 0.6549970046875 0.9046875 0.7420577078124999 0.9046875
19 0.8467127578125 0.9078125 0.8467127578125 0.81198083125 0.7524635578125001 0.81198083125 0.7524635578125001 0.9078125 0.8467127578125 0.9078125
19 0.953125 0.9046875 0.953125 0.81180111875 0.8593924734374999 0.81180111875 0.8593924734374999 0.9046875 0.953125 0.9046875
19 0.64375 0.8130840656249999 0.5580321484375 0.8130840656249999 0.5580321484375 0.902540934375 0.64375 0.902540934375 0.64375 0.8130840656249999
19 0.0765625 0.9 0.1447234421875 0.9 0.1447234421875 0.8257937296875 0.0765625 0.8257937296875 0.0765625 0.9
19 0.221875 0.8984375 0.221875 0.8293006203125 0.150376896875 0.8293006203125 0.150376896875 0.8984375 0.221875 0.8984375
19 0.3046875 0.9015625 0.3046875 0.8284819296875 0.2235747796875 0.8284819296875 0.2235747796875 0.9015625 0.3046875 0.9015625
19 0.30625 0.8984375 0.3764401953125 0.8984375 0.3764401953125 0.8350164734375 0.30625 0.8350164734375 0.30625 0.8984375
19 0.46059554687500004 0.9015625 0.46059554687500004 0.83242561875 0.384716953125 0.83242561875 0.384716953125 0.9015625 0.46059554687500004 0.9015625
19 0.54375 0.9015625 0.54375 0.8312624796874999 0.47221944843749997 0.8312624796874999 0.47221944843749997 0.9015625 0.54375 0.9015625
19 0.39375 0.65625 0.39375 0.616318890625 0.36475389375 0.616318890625 0.36475389375 0.65625 0.39375 0.65625
19 0.4453125 0.6546875 0.4453125 0.617369709375 0.413201378125 0.617369709375 0.413201378125 0.6546875 0.4453125 0.6546875
19 0.9715255609375 0.675 0.9715255609375 0.5982527953125001 0.8852635796874999 0.5982527953125001 0.8852635796874999 0.675 0.9715255609375 0.675
19 0.503125 0.6546875 0.503125 0.6193066093749999 0.4641249 0.6193066093749999 0.4641249 0.6546875 0.503125 0.6546875
19 0.3171875 0.6625 0.3484375 0.6625 0.3484375 0.6144718453125 0.3171875 0.6144718453125 0.3171875 0.6625
19 0.812053215625 0.6953125 0.812053215625 0.615515175 0.7457592859375 0.615515175 0.7457592859375 0.6953125 0.812053215625 0.6953125
19 0.8859375 0.690625 0.8859375 0.6164786343750001 0.8181659328125 0.6164786343750001 0.8181659328125 0.690625 0.8859375 0.690625
19 0.7375 0.690625 0.7375 0.6374725437500001 0.680603534375 0.6374725437500001 0.680603534375 0.690625 0.7375 0.690625
19 0.6734375 0.6875 0.6734375 0.63933955625 0.61469149375 0.63933955625 0.61469149375 0.6875 0.6734375 0.6875
19 0.5484375 0.6953125 0.5484375 0.6338957656249999 0.49852735781249996 0.6338957656249999 0.49852735781249996 0.6953125 0.5484375 0.6953125
19 0.6140625 0.6859375 0.6140625 0.6412814484375 0.5550369421875 0.6412814484375 0.5550369421875 0.6859375 0.6140625 0.6859375
19 0.33125 0.696875 0.33125 0.6558631187499999 0.3010732828125 0.6558631187499999 0.3010732828125 0.696875 0.33125 0.696875
19 0.3796875 0.6984375 0.3796875 0.6567566890625 0.353045128125 0.6567566890625 0.353045128125 0.6984375 0.3796875 0.6984375
19 0.43125 0.7015625 0.43125 0.654732428125 0.40574331093750005 0.6547324296875 0.40574331093750005 0.7015625 0.43125 0.7015625
19 0.48125 0.703125 0.48125 0.660443290625 0.4561476640625 0.660443290625 0.4561476640625 0.703125 0.48125 0.703125