19 0.6234375 0.15625 0.6234375 0.0140625 0.511328125 0.0140625 0.511328125 0.15625 0.6234375 0.15625
19 0.596875 0.8796875 0.596875 0.9875 0.634375 0.9875 0.634375 0.8796875 0.596875 0.8796875
19 0.715625 0.91484375 0.611328125 0.91484375 0.611328125 0.9546875 0.715625 0.9546875 0.715625 0.91484375
19 0.690234375 0.8828125 0.690234375 0.9921875 0.7328125 0.9921875 0.7328125 0.8828125 0.690234375 0.8828125
19 0.8140625 0.91875 0.709765625 0.91875 0.709765625 0.9578125 0.8140625 0.9578125 0.8140625 0.91875
19 0.92734375 0.1375 0.92734375 0.062109375 0.8046875 0.062109375 0.8046875 0.1375 0.92734375 0.1375
19 0.910546875 0.0390625 0.910546875 0.1640625 0.9921875 0.1640625 0.9921875 0.0390625 0.910546875 0.0390625
19 0.6265625 0.059375 0.6265625 0.1625 0.7125 0.1625 0.7125 0.059375 0.6265625 0.059375
19 0.721484375 0.06875 0.721484375 0.1640625 0.8109375 0.1640625 0.8109375 0.06875 0.721484375 0.06875
19 0.550390625 0.20625 0.550390625 0.3609375 0.63125 0.3609375 0.63125 0.20625 0.550390625 0.20625
19 0.753125 0.33125 0.753125 0.24453125 0.59921875 0.24453125 0.59921875 0.33125 0.753125 0.33125
19 0.725 0.2390625 0.725 0.3703125 0.7828125 0.3703125 0.7828125 0.2390625 0.725 0.2390625
19 0.9484375 0.26953125 0.830078125 0.26953125 0.830078125 0.3515625 0.9484375 0.3515625 0.9484375 0.26953125
19 0.8625 0.2953125 0.770703125 0.2953125 0.770703125 0.35 0.8625 0.35 0.8625 0.2953125
19 0.5765625 0.440625 0.5765625 0.5515625 0.7 0.5515625 0.7 0.440625 0.5765625 0.440625
19 0.69375 0.4359375 0.69375 0.559375 0.803125 0.559375 0.803125 0.4359375 0.69375 0.4359375