19 0.778125 0.316015625 0.746875 0.316015625 0.746875 0.3796875 0.778125 0.3796875 0.778125 0.316015625
19 0.7453125 0.320703125 0.715625 0.320703125 0.715625 0.3796875 0.7453125 0.3796875 0.7453125 0.320703125
19 0.653515625 0.325 0.653515625 0.38125 0.6796875 0.38125 0.6796875 0.325 0.653515625 0.325
19 0.725 0.337890625 0.669921875 0.337890625 0.669921875 0.366796875 0.725 0.366796875 0.725 0.337890625
19 0.590625 0.325 0.590625 0.38125 0.6203125 0.38125 0.6203125 0.325 0.590625 0.325
19 0.621875 0.325 0.621875 0.38125 0.6515625 0.38125 0.6515625 0.325 0.621875 0.325
19 0.8984375 0.5375 0.8984375 0.51796875 0.84609375 0.51796875 0.84609375 0.5375 0.8984375 0.5375
19 0.8734375 0.5390625 0.8734375 0.51953125 0.82109375 0.51953125 0.82109375 0.5390625 0.8734375 0.5390625
19 0.7671875 0.526953125 0.72421875 0.526953125 0.72421875 0.540625 0.7671875 0.540625 0.7671875 0.526953125
19 0.74375 0.5265625 0.74375 0.540625 0.7859375 0.540625 0.7859375 0.5265625 0.74375 0.5265625
19 0.75 0.5421875 0.75 0.52890625 0.71015625 0.52890625 0.71015625 0.5421875 0.75 0.5421875
19 0.80390625 0.5421875 0.80390625 0.527734375 0.7640625 0.527734375 0.7640625 0.5421875 0.80390625 0.5421875
19 0.7828125 0.5296875 0.7828125 0.5453125 0.8234375 0.5453125 0.8234375 0.5296875 0.7828125 0.5296875
19 0.8421875 0.5453125 0.8421875 0.529296875 0.80546875 0.529296875 0.80546875 0.5453125 0.8421875 0.5453125
19 0.7734375 0.6109375 0.7734375 0.63125 0.809375 0.63125 0.809375 0.6109375 0.7734375 0.6109375
19 0.7578125 0.60625 0.7578125 0.6421875 0.7796875 0.6421875 0.7796875 0.60625 0.7578125 0.60625
19 0.802734375 0.6078125 0.802734375 0.64375 0.8265625 0.64375 0.8265625 0.6078125 0.802734375 0.6078125
19 0.767578125 0.675 0.767578125 0.7265625 0.790625 0.7265625 0.790625 0.675 0.767578125 0.675
19 0.746875 0.715625 0.746875 0.690234375 0.69765625 0.690234375 0.69765625 0.715625 0.746875 0.715625
19 0.7671875 0.678515625 0.7421875 0.678515625 0.7421875 0.728125 0.7671875 0.728125 0.7671875 0.678515625
19 0.783984375 0.690625 0.783984375 0.7140625 0.8296875 0.7140625 0.8296875 0.690625 0.783984375 0.690625
19 0.825 0.6828125 0.825 0.728125 0.85 0.728125 0.85 0.6828125 0.825 0.6828125
19 0.8875 0.71875 0.8875 0.693359375 0.84453125 0.693359375 0.84453125 0.71875 0.8875 0.71875
19 0.79375 0.8421875 0.79375 0.825390625 0.7609375 0.825390625 0.7609375 0.8421875 0.79375 0.8421875
19 0.7515625 0.8171875 0.7515625 0.85 0.7671875 0.85 0.7671875 0.8171875 0.7515625 0.8171875
19 0.74375 0.8859375 0.74375 0.903125 0.7859375 0.903125 0.7859375 0.8859375 0.74375 0.8859375
19 0.7765625 0.875 0.7765625 0.915625 0.79375 0.915625 0.79375 0.875 0.7765625 0.875
19 0.8125 0.8890625 0.8125 0.915625 0.825 0.915625 0.825 0.8890625 0.8125 0.8890625
19 0.8078125 0.915625 0.8078125 0.8890625 0.795703125 0.8890625 0.795703125 0.915625 0.8078125 0.915625
19 0.8640625 0.909375 0.8640625 0.895703125 0.8375 0.895703125 0.8375 0.909375 0.8640625 0.909375
19 0.875 0.891015625 0.8609375 0.891015625 0.8609375 0.9140625 0.875 0.9140625 0.875 0.891015625
19 0.828515625 0.890625 0.828515625 0.9171875 0.840625 0.9171875 0.840625 0.890625 0.828515625 0.890625