19 0.7747603828125 0.276357828125 0.8154952078125 0.276357828125 0.8154952078125 0.2332268375 0.7747603828125 0.2332268375 0.7747603828125 0.276357828125
19 0.7012779546875 0.2755591046875 0.735623003125 0.2755591046875 0.735623003125 0.23482428125000002 0.7012779546875 0.23482428125000002 0.7012779546875 0.2755591046875
19 0.6565495203125 0.27875399375 0.69089456875 0.27875399375 0.69089456875 0.23482428125000002 0.6565495203125 0.23482428125000002 0.6565495203125 0.27875399375
19 0.7412140578125 0.27875399375 0.7747603828125 0.27875399375 0.7747603828125 0.23482428125000002 0.7412140578125 0.23482428125000002 0.7412140578125 0.27875399375
19 0.6182108625 0.279552715625 0.65015974375 0.279552715625 0.65015974375 0.23801916875 0.6182108625 0.23801916875 0.6182108625 0.279552715625
19 0.9041533546875 0.29233226874999996 0.9345047921875 0.29233226874999996 0.9345047921875 0.2587859421875 0.9041533546875 0.2587859421875 0.9041533546875 0.29233226874999996
19 0.867412140625 0.29233226874999996 0.9017571890625 0.29233226874999996 0.9017571890625 0.2587859421875 0.867412140625 0.2587859421875 0.867412140625 0.29233226874999996
19 0.8258785937500001 0.2939297125 0.8666134187500001 0.2939297125 0.8666134187500001 0.26198083125 0.8258785937500001 0.26198083125 0.8258785937500001 0.2939297125
19 0.2891373796875 0.3322683703125 0.350638978125 0.3322683703125 0.350638978125 0.2428115015625 0.2891373796875 0.2428115015625 0.2891373796875 0.3322683703125
19 0.3514377 0.3322683703125 0.411341853125 0.3322683703125 0.411341853125 0.2428115015625 0.3514377 0.2428115015625 0.3514377 0.3322683703125
19 0.412140575 0.33146964843750004 0.47204472812500003 0.33146964843750004 0.47204472812500003 0.2428115015625 0.412140575 0.2428115015625 0.412140575 0.33146964843750004
19 0.2332268375 0.33386581406250004 0.29233226874999996 0.33386581406250004 0.29233226874999996 0.24440894531250001 0.2332268375 0.24440894531250001 0.2332268375 0.33386581406250004
19 0.1693290734375 0.33386581406250004 0.2332268375 0.33386581406250004 0.2332268375 0.24440894531250001 0.1693290734375 0.24440894531250001 0.1693290734375 0.33386581406250004
19 0.47284344999999994 0.3298722046875 0.5223642171875 0.3298722046875 0.5223642171875 0.26357827500000003 0.47284344999999994 0.26357827500000003 0.47284344999999994 0.3298722046875
19 0.571884984375 0.3298722046875 0.6222044734375001 0.3298722046875 0.6222044734375001 0.26198083125 0.571884984375 0.26198083125 0.571884984375 0.3298722046875
19 0.5223642171875 0.33067092656249997 0.57268370625 0.33067092656249997 0.57268370625 0.26198083125 0.5223642171875 0.26198083125 0.5223642171875 0.33067092656249997
19 0.6661341859375 0.3170926515625 0.7028754 0.3170926515625 0.7028754 0.281150159375 0.6661341859375 0.281150159375 0.6661341859375 0.3170926515625
19 0.7891373796875001 0.3274760390625 0.825079871875 0.3274760390625 0.825079871875 0.277955271875 0.7891373796875001 0.277955271875 0.7891373796875001 0.3274760390625
19 0.747603834375 0.3274760390625 0.7843450484375001 0.3274760390625 0.7843450484375001 0.277955271875 0.747603834375 0.277955271875 0.747603834375 0.3274760390625
19 0.70766773125 0.32907348281250004 0.7420127796875 0.32907348281250004 0.7420127796875 0.281150159375 0.70766773125 0.281150159375 0.70766773125 0.32907348281250004
19 0.6246006390625001 0.32907348281250004 0.6605431312500001 0.32907348281250004 0.6605431312500001 0.28274760312499997 0.6246006390625001 0.28274760312499997 0.6246006390625001 0.32907348281250004
19 0.8626198078125 0.32268370625 0.8985623 0.32268370625 0.8985623 0.29712459999999996 0.8626198078125 0.29712459999999996 0.8626198078125 0.32268370625
19 0.9041533546875 0.323482428125 0.9361022359375 0.323482428125 0.9361022359375 0.29552715625000003 0.9041533546875 0.29552715625000003 0.9041533546875 0.323482428125
19 0.8290734828125 0.323482428125 0.8594249203125001 0.323482428125 0.8594249203125001 0.2939297125 0.8290734828125 0.2939297125 0.8290734828125 0.323482428125
19 0.367412140625 0.443290734375 0.426517571875 0.443290734375 0.426517571875 0.37539936093750004 0.367412140625 0.37539936093750004 0.367412140625 0.443290734375
19 0.429712459375 0.4448881796875 0.487220446875 0.4448881796875 0.487220446875 0.3738019171875 0.429712459375 0.3738019171875 0.429712459375 0.4448881796875
19 0.1693290734375 0.4448881796875 0.23482428125000002 0.4448881796875 0.23482428125000002 0.3738019171875 0.1693290734375 0.3738019171875 0.1693290734375 0.4448881796875
19 0.23642172499999997 0.4456869015625 0.296325878125 0.4456869015625 0.296325878125 0.37539936093750004 0.23642172499999997 0.37539936093750004 0.23642172499999997 0.4456869015625
19 0.4904153359375 0.4448881796875 0.5503194890625001 0.4448881796875 0.5503194890625001 0.3738019171875 0.4904153359375 0.3738019171875 0.4904153359375 0.4448881796875
19 0.3019169328125 0.4464856234375 0.3618210859375 0.4464856234375 0.3618210859375 0.37539936093750004 0.3019169328125 0.37539936093750004 0.3019169328125 0.4464856234375
19 0.5511182109375 0.44408945624999996 0.605431309375 0.44408945624999996 0.605431309375 0.3865814703125 0.5511182109375 0.3865814703125 0.5511182109375 0.44408945624999996
19 0.8418530343749999 0.4448881796875 0.894568690625 0.4448881796875 0.894568690625 0.3881789140625 0.8418530343749999 0.3881789140625 0.8418530343749999 0.4448881796875
19 0.6677316296875 0.4448881796875 0.722044728125 0.4448881796875 0.722044728125 0.38977635781250003 0.6677316296875 0.38977635781250003 0.6677316296875 0.4448881796875
19 0.782747603125 0.4448881796875 0.8346645374999999 0.4448881796875 0.8346645374999999 0.38977635781250003 0.782747603125 0.38977635781250003 0.782747603125 0.4448881796875
19 0.7252396171875 0.4448881796875 0.7803514375 0.4448881796875 0.7803514375 0.3881789140625 0.7252396171875 0.3881789140625 0.7252396171875 0.4448881796875
19 0.6118210859375 0.4504792328125 0.664536740625 0.4504792328125 0.664536740625 0.3881789140625 0.6118210859375 0.3881789140625 0.6118210859375 0.4504792328125
19 0.8115015968750001 0.5231629390625 0.8474440890625001 0.5231629390625 0.8474440890625001 0.47763578281249996 0.8115015968750001 0.47763578281249996 0.8115015968750001 0.5231629390625
19 0.73482428125 0.5255591046875 0.7707667734375 0.5255591046875 0.7707667734375 0.4792332265625 0.73482428125 0.4792332265625 0.73482428125 0.5255591046875
19 0.84984025625 0.5239616609375 0.8857827468749999 0.5239616609375 0.8857827468749999 0.47763578281249996 0.84984025625 0.47763578281249996 0.84984025625 0.5239616609375
19 0.6948881796874999 0.5255591046875 0.7308306703125 0.5255591046875 0.7308306703125 0.4792332265625 0.6948881796874999 0.4792332265625 0.6948881796874999 0.5255591046875
19 0.7731629390625 0.5255591046875 0.8091054312500001 0.5255591046875 0.8091054312500001 0.4792332265625 0.7731629390625 0.4792332265625 0.7731629390625 0.5255591046875
19 0.6134185296875 0.5271565500000001 0.649361021875 0.5271565500000001 0.649361021875 0.4808306703125 0.6134185296875 0.4808306703125 0.6134185296875 0.5271565500000001
19 0.6517571890625 0.5271565500000001 0.688498403125 0.5271565500000001 0.688498403125 0.4808306703125 0.6517571890625 0.4808306703125 0.6517571890625 0.5271565500000001
19 0.3738019171875 0.5782747609375 0.428115015625 0.5782747609375 0.428115015625 0.5207667734375 0.3738019171875 0.5207667734375 0.3738019171875 0.5782747609375
19 0.55591054375 0.5774760390625 0.6134185296875 0.5774760390625 0.6134185296875 0.5207667734375 0.55591054375 0.5207667734375 0.55591054375 0.5774760390625
19 0.311501596875 0.5782747609375 0.370607028125 0.5782747609375 0.370607028125 0.5207667734375 0.311501596875 0.5207667734375 0.311501596875 0.5782747609375
19 0.4313099046875 0.5782747609375 0.4904153359375 0.5782747609375 0.4904153359375 0.5207667734375 0.4313099046875 0.5207667734375 0.4313099046875 0.5782747609375
19 0.4904153359375 0.5774760390625 0.5519169328125 0.5774760390625 0.5519169328125 0.5207667734375 0.4904153359375 0.5207667734375 0.4904153359375 0.5774760390625
19 0.252396165625 0.576677315625 0.309904153125 0.576677315625 0.309904153125 0.5191693296875 0.252396165625 0.5191693296875 0.252396165625 0.576677315625
19 0.190095846875 0.5806709265625 0.25 0.5806709265625 0.25 0.5239616609375 0.190095846875 0.5239616609375 0.190095846875 0.5806709265625
19 0.8210862625 0.5782747609375 0.8594249203125001 0.5782747609375 0.8594249203125001 0.5319488812500001 0.8210862625 0.5319488812500001 0.8210862625 0.5782747609375
19 0.6980830671875 0.5774760390625 0.734025559375 0.5774760390625 0.734025559375 0.5335463265625 0.6980830671875 0.5335463265625 0.6980830671875 0.5774760390625
19 0.8610223640625 0.5782747609375 0.899361021875 0.5782747609375 0.899361021875 0.5319488812500001 0.8610223640625 0.5319488812500001 0.8610223640625 0.5782747609375
19 0.6182108625 0.5790734828125 0.6525559109375 0.5790734828125 0.6525559109375 0.5335463265625 0.6182108625 0.5335463265625 0.6182108625 0.5790734828125
19 0.73801916875 0.5798722046875 0.776357828125 0.5798722046875 0.776357828125 0.5335463265625 0.73801916875 0.5335463265625 0.73801916875 0.5798722046875
19 0.6565495203125 0.5798722046875 0.6924920125 0.5798722046875 0.6924920125 0.5335463265625 0.6565495203125 0.5335463265625 0.6565495203125 0.5798722046875
19 0.7795527156250001 0.5782747609375 0.8154952078125 0.5782747609375 0.8154952078125 0.5319488812500001 0.7795527156250001 0.5319488812500001 0.7795527156250001 0.5782747609375
19 0.73482428125 0.647763578125 0.762779553125 0.647763578125 0.762779553125 0.602236421875 0.73482428125 0.602236421875 0.73482428125 0.647763578125
19 0.7012779546875 0.6485623 0.7308306703125 0.6485623 0.7308306703125 0.602236421875 0.7012779546875 0.602236421875 0.7012779546875 0.6485623
19 0.8035143765624999 0.6485623 0.8330670921875001 0.6485623 0.8330670921875001 0.602236421875 0.8035143765624999 0.602236421875 0.8035143765624999 0.6485623
19 0.8386581468750001 0.646166134375 0.8666134187500001 0.646166134375 0.8666134187500001 0.602236421875 0.8386581468750001 0.602236421875 0.8386581468750001 0.646166134375
19 0.76837060625 0.6485623 0.7979233234375 0.6485623 0.7979233234375 0.602236421875 0.76837060625 0.602236421875 0.76837060625 0.6485623
19 0.632587859375 0.65015974375 0.662140575 0.65015974375 0.662140575 0.603833865625 0.632587859375 0.603833865625 0.632587859375 0.65015974375
19 0.6661341859375 0.647763578125 0.6980830671875 0.647763578125 0.6980830671875 0.603833865625 0.6661341859375 0.603833865625 0.6661341859375 0.647763578125
19 0.6996805109374999 0.690095846875 0.7292332265625 0.690095846875 0.7292332265625 0.6485623 0.6996805109374999 0.6485623 0.6996805109374999 0.690095846875
19 0.870607028125 0.69408945625 0.90015974375 0.69408945625 0.90015974375 0.65015974375 0.870607028125 0.65015974375 0.870607028125 0.69408945625
19 0.6661341859375 0.6964856234375 0.6964856234375 0.6964856234375 0.6964856234375 0.65015974375 0.6661341859375 0.65015974375 0.6661341859375 0.6964856234375
19 0.7332268375 0.6964856234375 0.762779553125 0.6964856234375 0.762779553125 0.65015974375 0.7332268375 0.65015974375 0.7332268375 0.6964856234375
19 0.8370607031249999 0.6964856234375 0.865015975 0.6964856234375 0.865015975 0.65015974375 0.8370607031249999 0.65015974375 0.8370607031249999 0.6964856234375
19 0.76517571875 0.6964856234375 0.7971246 0.6964856234375 0.7971246 0.65015974375 0.76517571875 0.65015974375 0.76517571875 0.6964856234375
19 0.8019169328125001 0.6964856234375 0.8322683703125 0.6964856234375 0.8322683703125 0.65015974375 0.8019169328125001 0.65015974375 0.8019169328125001 0.6964856234375
19 0.632587859375 0.6972843453124999 0.6629392968750001 0.6972843453124999 0.6629392968750001 0.6517571890625 0.632587859375 0.6517571890625 0.632587859375 0.6972843453124999