19 0.6265625 0.234375 0.5759153265625 0.234375 0.5759153265625 0.294675640625 0.6265625 0.294675640625 0.6265625 0.234375
19 0.4984375 0.2890625 0.4984375 0.2399391515625 0.44802753749999996 0.2399391515625 0.44802753749999996 0.2890625 0.4984375 0.2890625
19 0.5625 0.2392816640625 0.508573121875 0.2392816640625 0.508573121875 0.2904367765625 0.5625 0.2904367765625 0.5625 0.2392816640625
19 0.8234375 0.2984375 0.8234375 0.2601510921875 0.7995204218749999 0.2601510921875 0.7995204218749999 0.2984375 0.8234375 0.2984375
19 0.871875 0.2953125 0.871875 0.2643873765625 0.8456502671875 0.2643873765625 0.8456502671875 0.2953125 0.871875 0.2953125
19 0.9515625 0.2953125 0.9515625 0.26564562812500003 0.9293961421875 0.26564562812500003 0.9293961421875 0.2953125 0.9515625 0.2953125
19 0.8859375 0.2921875 0.9171875 0.2921875 0.9171875 0.2671875 0.8859375 0.2671875 0.8859375 0.2921875
19 0.6453125 0.3046875 0.6828125 0.3046875 0.6828125 0.265722978125 0.6453125 0.265722978125 0.6453125 0.3046875
19 0.73125 0.3078125 0.73125 0.2660865296875 0.69042130625 0.2660865296875 0.69042130625 0.3078125 0.73125 0.3078125
19 0.78125 0.30625 0.78125 0.2671875 0.7443043515625 0.2671875 0.7443043515625 0.30625 0.78125 0.30625
19 0.846875 0.31875 0.846875 0.2953125 0.8119043921875001 0.2953125 0.8119043921875001 0.31875 0.846875 0.31875
19 0.9078125 0.31875 0.9453125 0.31875 0.9453125 0.2970168109375 0.9078125 0.2970168109375 0.9078125 0.31875
19 0.8625 0.3265625 0.8875 0.3265625 0.8875 0.28960396093749996 0.8625 0.28960396093749996 0.8625 0.3265625
19 0.9884772078124999 0.3203125 0.9884772078124999 0.2974293515625 0.9538237421875 0.2974293515625 0.9538237421875 0.3203125 0.9884772078124999 0.3203125
19 0.3578125 0.359375 0.3578125 0.2689021265625 0.2850170171875 0.2689021265625 0.2850170171875 0.359375 0.3578125 0.359375
19 0.446875 0.3515625 0.446875 0.2765625015625 0.35636087031249997 0.2765625015625 0.35636087031249997 0.3515625 0.446875 0.3515625
19 0.5078125 0.3578125 0.5078125 0.2938557140625 0.44757374062500005 0.2938557140625 0.44757374062500005 0.3578125 0.5078125 0.3578125
19 0.65 0.3546875 0.65 0.29453640625 0.58506600625 0.29453640625 0.58506600625 0.3546875 0.65 0.3546875
19 0.58125 0.359375 0.58125 0.29375 0.5169966984375 0.29375 0.5169966984375 0.359375 0.58125 0.359375
19 0.2265625 0.3609375 0.2265625 0.307495359375 0.181819821875 0.307495359375 0.181819821875 0.3609375 0.2265625 0.3609375
19 0.275 0.30677856875 0.2359375 0.30677856875 0.2359375 0.36040893125 0.275 0.36040893125 0.275 0.30677856875
19 0.80625 0.30838489999999996 0.7656791453125 0.30838489999999996 0.7656791453125 0.36036509843750003 0.80625 0.36036509843750003 0.80625 0.30838489999999996
19 0.703125 0.359375 0.703125 0.3101021046875 0.6573587046875 0.3101021046875 0.6573587046875 0.359375 0.703125 0.359375
19 0.7578125 0.3609375 0.7578125 0.3097333953125 0.7112133859374999 0.3097333953125 0.7112133859374999 0.3609375 0.7578125 0.3609375
19 0.8453125 0.359375 0.8453125 0.328125 0.8155734328124999 0.328125 0.8155734328124999 0.359375 0.8453125 0.359375
19 0.8921875 0.3609375 0.8921875 0.3241697609375 0.8616955453124999 0.3241697609375 0.8616955453124999 0.3609375 0.8921875 0.3609375
19 0.9828125 0.33171153124999997 0.9443095078124999 0.33171153124999997 0.9443095078124999 0.36058941875 0.9828125 0.36058941875 0.9828125 0.33171153124999997
19 0.940625 0.3578125 0.940625 0.328279703125 0.9003197187499999 0.328279703125 0.9003197187499999 0.3578125 0.940625 0.3578125
19 0.8203125 0.425 0.8578125 0.425 0.8578125 0.38125 0.8203125 0.38125 0.8203125 0.425
19 0.9046875 0.3837329828125 0.8625 0.3837329828125 0.8625 0.42168677812500005 0.9046875 0.42168677812500005 0.9046875 0.3837329828125
19 0.9515625 0.4203125 0.9515625 0.3833952140625 0.9103625203125001 0.3833952140625 0.9103625203125001 0.4203125 0.9515625 0.4203125
19 0.4125 0.4796875 0.48709261562500006 0.4796875 0.48709261562500006 0.3959570953125 0.4125 0.3959570953125 0.4125 0.4796875
19 0.4 0.48125 0.4 0.39579465625 0.32561365625 0.39579465625 0.32561365625 0.48125 0.4 0.48125
19 0 0.475 0.071875 0.475 0.071875 0.40554094375 0 0.40554094375 0 0.475
19 0.0890625 0.48125 0.1609375 0.48125 0.1609375 0.39810231093750004 0.0890625 0.39810231093750004 0.0890625 0.48125
19 0.6625 0.4734375 0.6625 0.4125 0.5842022484375 0.4125 0.5842022484375 0.4734375 0.6625 0.4734375
19 0.5703125 0.40652588749999996 0.507237521875 0.40652588749999996 0.507237521875 0.48243347812500004 0.5703125 0.48243347812500004 0.5703125 0.40652588749999996
19 0.7311159234375 0.4781121078125 0.7311159234375 0.4145807546875 0.6791357265625 0.4145807546875 0.6791357265625 0.4781121078125 0.7311159234375 0.4781121078125
19 0.309375 0.4859375 0.309375 0.4108317859375 0.25123246718750003 0.4108317859375 0.25123246718750003 0.4859375 0.309375 0.4859375
19 0.2375 0.4765625 0.2375 0.41913675625 0.164405425 0.41913675625 0.164405425 0.4765625 0.2375 0.4765625
19 0.828125 0.42248091875 0.7462845515625001 0.42248091875 0.7462845515625001 0.47611128281250004 0.828125 0.47611128281250004 0.828125 0.42248091875
19 0.8828125 0.46875 0.9265625 0.46875 0.9265625 0.42947091562499995 0.8828125 0.42947091562499995 0.8828125 0.46875
19 0.9765625 0.46875 0.9765625 0.432276196875 0.9309354359374999 0.432276196875 0.9309354359374999 0.46875 0.9765625 0.46875
19 0.878125 0.43385158749999997 0.8315284671875001 0.43385158749999997 0.8315284671875001 0.4718053828125 0.878125 0.4718053828125 0.878125 0.43385158749999997
19 0.515490925 0.8265625 0.515490925 0.7739660671874999 0.447009075 0.7739660671874999 0.447009075 0.8265625 0.515490925 0.8265625
19 0.5875 0.8265625 0.5875 0.7759514234375 0.5174633875 0.7759514234375 0.5174633875 0.8265625 0.5875 0.8265625
19 0.059375 0.83125 0.134375 0.83125 0.134375 0.771875 0.059375 0.771875 0.059375 0.83125
19 0.2109375 0.7738345703125 0.14227774375 0.7738345703125 0.14227774375 0.8324154296874999 0.2109375 0.8324154296874999 0.2109375 0.7738345703125
19 0.36875 0.7757580453124999 0.29375 0.7757580453124999 0.29375 0.834338903125 0.36875 0.834338903125 0.36875 0.7757580453124999
19 0.4421875 0.828125 0.4421875 0.7867032796875 0.3710653875 0.7867032796875 0.3710653875 0.828125 0.4421875 0.828125
19 0.2918600453125 0.834375 0.2918600453125 0.7805409437499999 0.21595245468750002 0.7805409437499999 0.21595245468750002 0.834375 0.2918600453125 0.834375