19 0.5890625 0.15 0.48203125 0.15 0.48203125 0.24765625 0.5890625 0.24765625 0.5890625 0.15
19 0.4484375 0.1515625 0.35234375 0.1515625 0.35234375 0.246875 0.4484375 0.246875 0.4484375 0.1515625
19 0.3375 0.153125 0.23515625 0.153125 0.23515625 0.2484375 0.3375 0.2484375 0.3375 0.153125
19 0.225 0.153125 0.1203125 0.153125 0.1203125 0.24921875 0.225 0.24921875 0.225 0.153125
19 0.109375 0.15625 0.0046875 0.15625 0.0046875 0.2515625 0.109375 0.2515625 0.109375 0.15625
19 0.121875 0.3484375 0.05078125 0.3484375 0.05078125 0.4046875 0.121875 0.4046875 0.121875 0.3484375
19 0.4328125 0.6046875 0.353125 0.6046875 0.353125 0.7 0.4328125 0.7 0.4328125 0.6046875
19 0.528125 0.6046875 0.44765625 0.6046875 0.44765625 0.70078125 0.528125 0.70078125 0.528125 0.6046875
19 0.34375 0.64375 0.28515625 0.64375 0.28515625 0.70234375 0.34375 0.70234375 0.34375 0.64375
19 0.14375 0.646875 0.0875 0.646875 0.0875 0.70078125 0.14375 0.70078125 0.14375 0.646875
19 0.203125 0.6453125 0.14765625 0.6453125 0.14765625 0.70078125 0.203125 0.70078125 0.203125 0.6453125
19 0.275 0.6453125 0.2109375 0.6453125 0.2109375 0.70078125 0.275 0.70078125 0.275 0.6453125