19 0.109375 0.2125 0.109375 0.17109375 0.04765625 0.17109375 0.04765625 0.2125 0.109375 0.2125
19 0 0.215625 0.0546875 0.215625 0.0546875 0.172265625 0 0.172265625 0 0.215625
19 0.626953125 0.2765625 0.626953125 0.38125 0.6796875 0.38125 0.6796875 0.2765625 0.626953125 0.2765625
19 0.740625 0.278515625 0.6890625 0.278515625 0.6890625 0.3828125 0.740625 0.3828125 0.740625 0.278515625
19 0.751171875 0.3140625 0.751171875 0.38515625 0.8125 0.38515625 0.8125 0.3140625 0.751171875 0.3140625
19 0.828125 0.321875 0.828125 0.3828125 0.8953125 0.3828125 0.8953125 0.321875 0.828125 0.321875
19 0.9109375 0.31875 0.9109375 0.3875 0.9671875 0.3875 0.9671875 0.31875 0.9109375 0.31875
19 0.315625 0.412890625 0.226953125 0.412890625 0.226953125 0.498046875 0.315625 0.498046875 0.315625 0.412890625
19 0.140625 0.4109375 0.140625 0.5 0.2234375 0.5 0.2234375 0.4109375 0.140625 0.4109375
19 0.047265625 0.4234375 0.047265625 0.503125 0.13125 0.503125 0.13125 0.4234375 0.047265625 0.4234375
19 0.321875 0.5078125 0.40625 0.5078125 0.40625 0.417578125 0.321875 0.417578125 0.321875 0.5078125
19 0.7046875 0.448828125 0.63046875 0.448828125 0.63046875 0.5 0.7046875 0.5 0.7046875 0.448828125
19 0.76328125 0.5015625 0.76328125 0.449609375 0.6921875 0.449609375 0.6921875 0.5015625 0.76328125 0.5015625
19 0.815625 0.441015625 0.7640625 0.441015625 0.7640625 0.5140625 0.815625 0.5140625 0.815625 0.441015625
19 0.8125 0.4515625 0.8125 0.5046875 0.884375 0.5046875 0.884375 0.4515625 0.8125 0.4515625
19 0.882421875 0.44375 0.882421875 0.5171875 0.9359375 0.5171875 0.9359375 0.44375 0.882421875 0.44375
19 0.4328125 0.453125 0.4328125 0.50625 0.475 0.50625 0.475 0.453125 0.4328125 0.453125
19 0.578125 0.46171875 0.525390625 0.46171875 0.525390625 0.5 0.578125 0.5 0.578125 0.46171875
19 0.634375 0.5015625 0.634375 0.459765625 0.5796875 0.459765625 0.5796875 0.5015625 0.634375 0.5015625
19 0.528125 0.5046875 0.528125 0.458984375 0.4734375 0.458984375 0.4734375 0.5046875 0.528125 0.5046875
19 0.887109375 0.7125 0.887109375 0.7453125 0.9203125 0.7453125 0.9203125 0.7125 0.887109375 0.7125
19 0.844140625 0.7140625 0.844140625 0.7453125 0.8828125 0.7453125 0.8828125 0.7140625 0.844140625 0.7140625
19 0.833203125 0.7484375 0.833203125 0.7796875 0.871875 0.7796875 0.871875 0.7484375 0.833203125 0.7484375
19 0.8765625 0.7484375 0.8765625 0.7796875 0.9234375 0.7796875 0.9234375 0.7484375 0.8765625 0.7484375
19 0.921875 0.869921875 0.859375 0.869921875 0.859375 0.9359375 0.921875 0.9359375 0.921875 0.869921875
19 0.853125 0.878515625 0.790625 0.878515625 0.790625 0.9375 0.853125 0.9375 0.853125 0.878515625