19 0.1375 0.7176619234375 0.05973081718749999 0.7176619234375 0.05973081718749999 0.7795431109375001 0.1375 0.7795431109375001 0.1375 0.7176619234375
19 0.1859375 0.7875 0.1859375 0.709375 0.13412231875 0.709375 0.13412231875 0.7875 0.1859375 0.7875
19 0.265625 0.778125 0.265625 0.722849628125 0.1869250203125 0.722849628125 0.1869250203125 0.778125 0.265625 0.778125
19 0.43125 0.790625 0.43125 0.7116774953125 0.3846792484375 0.7116774953125 0.3846792484375 0.790625 0.43125 0.790625
19 0.4890625 0.7110457921875 0.4421875 0.7110457921875 0.4421875 0.7952042078125 0.4890625 0.7952042078125 0.4890625 0.7110457921875
19 0.30625 0.796875 0.30625 0.74418316875 0.2672725875 0.7441831671875 0.2672725875 0.796875 0.30625 0.796875
19 0.3765625 0.7890625 0.3765625 0.750879228125 0.32194719374999997 0.750879228125 0.32194719374999997 0.7890625 0.3765625 0.7890625
19 0.134375 0.856402125 0.051258250000000005 0.856402125 0.051258250000000005 0.9389103750000001 0.134375 0.9389103750000001 0.134375 0.856402125
19 0.1453125 0.9359375 0.225 0.9359375 0.225 0.85625 0.1453125 0.85625 0.1453125 0.9359375
19 0.321875 0.946875 0.321875 0.8563196171874999 0.23805177500000002 0.8563196171874999 0.23805177500000002 0.946875 0.321875 0.946875
19 0.1703125 0.3171875 0.1703125 0.178125 0.0547003921875 0.178125 0.0547003921875 0.3171875 0.1703125 0.3171875
19 0.3 0.3109375 0.3 0.1959055265625 0.1664913359375 0.1959055265625 0.1664913359375 0.3109375 0.3 0.3109375
19 0.4 0.3078125 0.4 0.2299762796875 0.284511653125 0.2299762796875 0.284511653125 0.3078125 0.4 0.3078125
19 0.4859375 0.3125 0.4859375 0.23354733906249997 0.3687783609375 0.23354733906249997 0.3687783609375 0.3125 0.4859375 0.3125
19 0.5703125 0.3140625 0.5703125 0.23642223593749997 0.458129640625 0.23642223593749997 0.458129640625 0.3140625 0.5703125 0.3140625
19 0.1921875 0.4734375 0.1921875 0.36305692968750003 0.0809818484375 0.36305692968750003 0.0809818484375 0.4734375 0.1921875 0.4734375
19 0.3140625 0.478125 0.3140625 0.368381290625 0.1986025171875 0.368381290625 0.1986025171875 0.478125 0.3140625 0.478125
19 0.31519698906250004 0.6484375 0.31519698906250004 0.5348313734375 0.24423989218750003 0.5348313734375 0.24423989218750003 0.6484375 0.31519698906250004 0.6484375
19 0.159375 0.55344471875 0.0538521046875 0.55344471875 0.0538521046875 0.6310024750000001 0.159375 0.6310024750000001 0.159375 0.55344471875
19 0.14375 0.6328125 0.24375 0.6328125 0.24375 0.5555486796875 0.14375 0.5555486796875 0.14375 0.6328125
19 0.3984375 0.5424195546874999 0.3237649546875 0.5424195546874999 0.3237649546875 0.6513304453125001 0.3984375 0.6513304453125001 0.3984375 0.5424195546874999
19 0.478125 0.653125 0.478125 0.543432859375 0.405628609375 0.543432859375 0.405628609375 0.653125 0.478125 0.653125