19 0.77890625 0.01875 0.68125 0.01875 0.68125 0.13984375 0.77890625 0.13984375 0.77890625 0.01875
19 0.7078125 0.796875 0.65 0.796875 0.65 0.865625 0.7078125 0.865625 0.7078125 0.796875
19 0.77265625 0.803125 0.7140625 0.803125 0.7140625 0.8671875 0.77265625 0.8671875 0.77265625 0.803125
19 0.64453125 0.809375 0.5859375 0.809375 0.5859375 0.86484375 0.64453125 0.86484375 0.64453125 0.809375
19 0.51953125 0.8078125 0.459375 0.8078125 0.459375 0.86640625 0.51953125 0.86640625 0.51953125 0.8078125
19 0.57890625 0.8078125 0.528125 0.8078125 0.528125 0.86640625 0.57890625 0.86640625 0.57890625 0.8078125
19 0.675 0.025 0.5765625 0.025 0.5765625 0.1453125 0.675 0.1453125 0.675 0.025
19 0.575 0.028125 0.475 0.028125 0.475 0.1515625 0.575 0.1515625 0.575 0.028125
19 0.7640625 0.909375 0.696875 0.909375 0.696875 0.9890625 0.7640625 0.9890625 0.7640625 0.909375
19 0.696875 0.9140625 0.6296875 0.9140625 0.6296875 0.98828125 0.696875 0.98828125 0.696875 0.9140625
19 0.465625 0.034375 0.3671875 0.034375 0.3671875 0.1578125 0.465625 0.1578125 0.465625 0.034375
19 0.7671875 0.2375 0.684375 0.2375 0.684375 0.353125 0.7671875 0.353125 0.7671875 0.2375
19 0.67578125 0.25 0.584375 0.25 0.584375 0.3609375 0.67578125 0.3609375 0.67578125 0.25
19 0.57890625 0.2515625 0.4890625 0.2515625 0.4890625 0.36484375 0.57890625 0.36484375 0.57890625 0.2515625
19 0.48046875 0.25 0.390625 0.25 0.390625 0.36796875 0.48046875 0.36796875 0.48046875 0.25
19 0.74765625 0.45 0.68125 0.45 0.68125 0.5375 0.74765625 0.5375 0.74765625 0.45
19 0.48984375 0.4546875 0.4078125 0.4546875 0.4078125 0.54453125 0.48984375 0.54453125 0.48984375 0.4546875
19 0.5796875 0.4578125 0.4953125 0.4578125 0.4953125 0.5453125 0.5796875 0.5453125 0.5796875 0.4578125
19 0.91953125 0.475 0.875 0.475 0.875 0.52890625 0.91953125 0.52890625 0.91953125 0.475
19 0.67578125 0.4609375 0.590625 0.4609375 0.590625 0.54296875 0.67578125 0.54296875 0.67578125 0.4609375
19 0.978125 0.4765625 0.9296875 0.4765625 0.9296875 0.5296875 0.978125 0.5296875 0.978125 0.4765625
19 0.86015625 0.475 0.8171875 0.475 0.8171875 0.5390625 0.86015625 0.5390625 0.86015625 0.475
19 0.7640625 0.64375 0.721875 0.64375 0.721875 0.7015625 0.7640625 0.7015625 0.7640625 0.64375
19 0.715625 0.6453125 0.66875 0.6453125 0.66875 0.70078125 0.715625 0.70078125 0.715625 0.6453125
19 0.615625 0.6484375 0.56875 0.6484375 0.56875 0.70390625 0.615625 0.70390625 0.615625 0.6484375
19 0.66328125 0.6484375 0.6140625 0.6484375 0.6140625 0.70390625 0.66328125 0.70390625 0.66328125 0.6484375
19 0.56015625 0.6515625 0.5171875 0.6515625 0.5171875 0.7046875 0.56015625 0.7046875 0.56015625 0.6515625
19 0.465625 0.6515625 0.41875 0.6515625 0.41875 0.70546875 0.465625 0.70546875 0.465625 0.6515625
19 0.51484375 0.6515625 0.4703125 0.6515625 0.4703125 0.70546875 0.51484375 0.70546875 0.51484375 0.6515625