19 0.5047923328125 0.279552715625 0.4361022359375 0.279552715625 0.4361022359375 0.33386581406250004 0.5047923328125 0.33386581406250004 0.5047923328125 0.279552715625
19 0.5798722046875 0.281150159375 0.515974440625 0.281150159375 0.515974440625 0.33386581406250004 0.5798722046875 0.33386581406250004 0.5798722046875 0.281150159375
19 0.161341853125 0.281150159375 0.0926517578125 0.281150159375 0.0926517578125 0.335463259375 0.161341853125 0.335463259375 0.161341853125 0.281150159375
19 0.4313099046875 0.281150159375 0.36980830625 0.281150159375 0.36980830625 0.335463259375 0.4313099046875 0.335463259375 0.4313099046875 0.281150159375
19 0.3626198078125 0.281150159375 0.2987220453125 0.281150159375 0.2987220453125 0.335463259375 0.3626198078125 0.335463259375 0.3626198078125 0.281150159375
19 0.29712459999999996 0.281150159375 0.23162939374999997 0.281150159375 0.23162939374999997 0.335463259375 0.29712459999999996 0.335463259375 0.29712459999999996 0.281150159375
19 0.22843450468749998 0.28274760312499997 0.159744409375 0.28274760312499997 0.159744409375 0.337060703125 0.22843450468749998 0.337060703125 0.22843450468749998 0.28274760312499997
19 0.087859425 0.281150159375 0.0215654953125 0.281150159375 0.0215654953125 0.337859425 0.087859425 0.337859425 0.087859425 0.281150159375
19 0.2859424921875 0.3881789140625 0.2428115015625 0.3881789140625 0.2428115015625 0.42172523906250003 0.2859424921875 0.42172523906250003 0.2859424921875 0.3881789140625
19 0.17571885 0.38977635781250003 0.1365814703125 0.38977635781250003 0.1365814703125 0.423322684375 0.17571885 0.423322684375 0.17571885 0.38977635781250003
19 0.2332268375 0.38977635781250003 0.189297125 0.38977635781250003 0.189297125 0.42412140625 0.2332268375 0.42412140625 0.2332268375 0.38977635781250003
19 0.130990415625 0.399361021875 0.0830670921875 0.399361021875 0.0830670921875 0.426517571875 0.130990415625 0.426517571875 0.130990415625 0.399361021875
19 0.0830670921875 0.40095846718750006 0.0391373796875 0.40095846718750006 0.0391373796875 0.426517571875 0.0830670921875 0.426517571875 0.0830670921875 0.40095846718750006
19 0.5399361015624999 0.55591054375 0.48003194843749997 0.55591054375 0.48003194843749997 0.6222044734375001 0.5399361015624999 0.6222044734375001 0.5399361015624999 0.55591054375
19 0.47763578281249996 0.5575079875 0.41773162968750005 0.5575079875 0.41773162968750005 0.6214057515625 0.47763578281249996 0.6214057515625 0.47763578281249996 0.5575079875
19 0.9041533546875 0.571884984375 0.8426517578125001 0.571884984375 0.8426517578125001 0.6182108625 0.9041533546875 0.6182108625 0.9041533546875 0.571884984375
19 0.4089456875 0.5814696484375 0.37460063906249996 0.5814696484375 0.37460063906249996 0.6182108625 0.4089456875 0.6182108625 0.4089456875 0.5814696484375
19 0.365814696875 0.5830670921875 0.3298722046875 0.5830670921875 0.3298722046875 0.61980830625 0.365814696875 0.61980830625 0.365814696875 0.5830670921875
19 0.277955271875 0.5830670921875 0.2420127796875 0.5830670921875 0.2420127796875 0.61980830625 0.277955271875 0.61980830625 0.277955271875 0.5830670921875
19 0.3194888171875 0.5830670921875 0.2851437703125 0.5830670921875 0.2851437703125 0.619009584375 0.3194888171875 0.619009584375 0.3194888171875 0.5830670921875