19 0.77265625 0.103125 0.721875 0.103125 0.721875 0.175 0.77265625 0.175 0.77265625 0.103125
19 0.83515625 0.10625 0.78125 0.10625 0.78125 0.175 0.83515625 0.175 0.83515625 0.10625
19 0.7140625 0.1125 0.646875 0.1125 0.646875 0.1765625 0.7140625 0.1765625 0.7140625 0.1125
19 0.8875 0.1140625 0.834375 0.1140625 0.834375 0.1765625 0.8875 0.1765625 0.8875 0.1140625
19 0.72421875 0.23125 0.6859375 0.23125 0.6859375 0.3140625 0.72421875 0.3140625 0.72421875 0.23125
19 0.68046875 0.2328125 0.6421875 0.2328125 0.6421875 0.31796875 0.68046875 0.31796875 0.68046875 0.2328125
19 0.9515625 0.2546875 0.921875 0.2546875 0.921875 0.3171875 0.9515625 0.3171875 0.9515625 0.2546875
19 0.8640625 0.2546875 0.828125 0.2546875 0.828125 0.3171875 0.8640625 0.3171875 0.8640625 0.2546875
19 0.90703125 0.25625 0.871875 0.25625 0.871875 0.31875 0.90703125 0.31875 0.90703125 0.25625
19 0.72265625 0.38125 0.6875 0.38125 0.6875 0.4109375 0.72265625 0.4109375 0.72265625 0.38125
19 0.76796875 0.38125 0.728125 0.38125 0.728125 0.4125 0.76796875 0.4125 0.76796875 0.38125
19 0.68359375 0.384375 0.65 0.384375 0.65 0.41171875 0.68359375 0.41171875 0.68359375 0.384375
19 0.15859375 0.3578125 0.09375 0.3578125 0.09375 0.45625 0.15859375 0.45625 0.15859375 0.3578125
19 0.22890625 0.3578125 0.1640625 0.3578125 0.1640625 0.45859375 0.22890625 0.45859375 0.22890625 0.3578125
19 0.09140625 0.3578125 0.025 0.3578125 0.025 0.45859375 0.09140625 0.45859375 0.09140625 0.3578125
19 0.5171875 0.3796875 0.4640625 0.3796875 0.4640625 0.453125 0.5171875 0.453125 0.5171875 0.3796875
19 0.459375 0.3796875 0.4078125 0.3796875 0.4078125 0.45625 0.459375 0.45625 0.459375 0.3796875
19 0.403125 0.3796875 0.35 0.3796875 0.35 0.45625 0.403125 0.45625 0.403125 0.3796875
19 0.346875 0.3796875 0.29375 0.3796875 0.29375 0.45546875 0.346875 0.45546875 0.346875 0.3796875
19 0.28828125 0.3796875 0.234375 0.3796875 0.234375 0.45625 0.28828125 0.45625 0.28828125 0.3796875
19 0.65546875 0.396875 0.6109375 0.396875 0.6109375 0.453125 0.65546875 0.453125 0.65546875 0.396875
19 0.5640625 0.3984375 0.5171875 0.3984375 0.5171875 0.4546875 0.5640625 0.4546875 0.5640625 0.3984375
19 0.61015625 0.3984375 0.565625 0.3984375 0.565625 0.45625 0.61015625 0.45625 0.61015625 0.3984375
19 0.77578125 0.415625 0.7375 0.415625 0.7375 0.44921875 0.77578125 0.44921875 0.77578125 0.415625
19 0.69453125 0.415625 0.6546875 0.415625 0.6546875 0.45078125 0.69453125 0.45078125 0.69453125 0.415625
19 0.73671875 0.415625 0.696875 0.415625 0.696875 0.4515625 0.73671875 0.4515625 0.73671875 0.415625
19 0.68515625 0.4828125 0.634375 0.4828125 0.634375 0.5546875 0.68515625 0.5546875 0.68515625 0.4828125
19 0.346875 0.48125 0.2703125 0.48125 0.2703125 0.5546875 0.346875 0.5546875 0.346875 0.48125
19 0.2671875 0.4828125 0.1984375 0.4828125 0.1984375 0.55703125 0.2671875 0.55703125 0.2671875 0.4828125
19 0.74375 0.484375 0.6921875 0.484375 0.6921875 0.55390625 0.74375 0.55390625 0.74375 0.484375
19 0.6296875 0.484375 0.58125 0.484375 0.58125 0.55625 0.6296875 0.55625 0.6296875 0.484375
19 0.19375 0.4828125 0.1140625 0.4828125 0.1140625 0.55859375 0.19375 0.55859375 0.19375 0.4828125
19 0.790625 0.496875 0.7484375 0.496875 0.7484375 0.553125 0.790625 0.553125 0.790625 0.496875
19 0.11015625 0.4890625 0.0359375 0.4890625 0.0359375 0.56015625 0.11015625 0.56015625 0.11015625 0.4890625
19 0.88828125 0.496875 0.8484375 0.496875 0.8484375 0.5546875 0.88828125 0.5546875 0.88828125 0.496875
19 0.9359375 0.496875 0.8953125 0.496875 0.8953125 0.553125 0.9359375 0.553125 0.9359375 0.496875
19 0.40390625 0.4953125 0.35 0.4953125 0.35 0.5578125 0.40390625 0.5578125 0.40390625 0.4953125
19 0.8375 0.4984375 0.796875 0.4984375 0.796875 0.55390625 0.8375 0.55390625 0.8375 0.4984375
19 0.46015625 0.4984375 0.40625 0.4984375 0.40625 0.55625 0.46015625 0.55625 0.46015625 0.4984375