19 0.2515109328125 0.1390625 0.2515109328125 0.0759926765625 0.1714779296875 0.0759926765625 0.1714779296875 0.1390625 0.2515109328125 0.1390625
19 0.315625 0.146875 0.315625 0.07780270156249999 0.25297803281250003 0.07780270156249999 0.25297803281250003 0.146875 0.315625 0.146875
19 0.590625 0.15 0.590625 0.0790944703125 0.5314717421874999 0.0790944703125 0.5314717421874999 0.15 0.590625 0.15
19 0.6515625 0.146875 0.6515625 0.08624690625 0.595753403125 0.08624690625 0.595753403125 0.146875 0.6515625 0.146875
19 0.365625 0.1515625 0.365625 0.084375 0.32184148125 0.084375 0.32184148125 0.1515625 0.365625 0.1515625
19 0.421875 0.1390625 0.421875 0.096875 0.35892894062499997 0.096875 0.35892894062499997 0.1390625 0.421875 0.1390625
19 0.772996596875 0.15 0.772996596875 0.08937190625 0.716065903125 0.08937190625 0.716065903125 0.15 0.772996596875 0.15
19 0.83125 0.1484375 0.83125 0.0944229578125 0.773339521875 0.0944229578125 0.773339521875 0.1484375 0.83125 0.1484375
19 0.71086530625 0.1515625 0.71086530625 0.094147071875 0.6547596953125 0.094147071875 0.6547596953125 0.1515625 0.71086530625 0.1515625
19 0.2640625 0.2359375 0.2640625 0.20736644062499998 0.1968543734375 0.20736644062499998 0.1968543734375 0.2359375 0.2640625 0.2359375
19 0.2765625 0.1881910078125 0.2447942453125 0.1881910078125 0.2447942453125 0.2558477734375 0.2765625 0.2558477734375 0.2765625 0.1881910078125
19 0.156286096875 0.25772225625 0.1843389015625 0.25772225625 0.1843389015625 0.18759024375 0.156286096875 0.18759024375 0.156286096875 0.25772225625
19 0.3515625 0.2390625 0.3515625 0.20856538750000003 0.28940026875 0.20856538750000003 0.28940026875 0.2390625 0.3515625 0.2390625
19 0.66875 0.253125 0.66875 0.1954749375 0.5971508875 0.1954749375 0.5971508875 0.253125 0.66875 0.253125
19 0.542584571875 0.26052237968749997 0.6011654296875 0.26052237968749997 0.6011654296875 0.1879151203125 0.542584571875 0.1879151203125 0.542584571875 0.26052237968749997
19 0.187536096875 0.25928475624999997 0.215588903125 0.25928475624999997 0.215588903125 0.1891527421875 0.187536096875 0.1891527421875 0.187536096875 0.25928475624999997
19 0.30625 0.2578125 0.30625 0.1912979578125 0.277488140625 0.1912979578125 0.277488140625 0.2578125 0.30625 0.2578125
19 0.38125 0.2546875 0.38125 0.1945982875 0.337363346875 0.1945982875 0.337363346875 0.2546875 0.38125 0.2546875
19 0.4375 0.25 0.4375 0.20360457968749998 0.3770291875 0.20360457968749998 0.3770291875 0.25 0.4375 0.25
19 0.7703125 0.25625 0.7703125 0.20262737187500002 0.7113191 0.20262737187500002 0.7113191 0.25625 0.7703125 0.25625
19 0.7109375 0.2578125 0.7109375 0.1993554046875 0.6632038984374999 0.1993554046875 0.6632038984374999 0.2578125 0.7109375 0.2578125
19 0.828125 0.25625 0.828125 0.2018590140625 0.76948741875 0.2018590140625 0.76948741875 0.25625 0.828125 0.25625
19 0.8875 0.259375 0.8875 0.2015625 0.8337381390624999 0.2015625 0.8337381390624999 0.259375 0.8875 0.259375
19 0.4328125 0.259375 0.4671875 0.259375 0.4671875 0.2125 0.4328125 0.2125 0.4328125 0.259375
19 0.540625 0.21750721875 0.4987984734375 0.21750721875 0.4987984734375 0.25463593125 0.540625 0.25463593125 0.540625 0.21750721875
19 0.508995978125 0.253125 0.508995978125 0.22037695937500001 0.464441521875 0.22037695937500001 0.464441521875 0.253125 0.508995978125 0.253125
19 0.8359375 0.346875 0.8359375 0.294348184375 0.7882296828124999 0.294348184375 0.7882296828124999 0.346875 0.8359375 0.346875
19 0.6859375 0.3359375 0.7117703171875001 0.3359375 0.7117703171875001 0.307381909375 0.6859375 0.307381909375 0.6859375 0.3359375
19 0.653088903125 0.334375 0.653088903125 0.3102361796875 0.625036096875 0.3102361796875 0.625036096875 0.334375 0.653088903125 0.334375
19 0.6811700703125 0.334375 0.6811700703125 0.3102361796875 0.6547674296875 0.3102361796875 0.6547674296875 0.334375 0.6811700703125 0.334375
19 0.2078125 0.3453125 0.2078125 0.3087613453125 0.15205755 0.3087613453125 0.15205755 0.3453125 0.2078125 0.3453125
19 0.246875 0.3453125 0.246875 0.30889026406250003 0.18951113749999998 0.30889026406250003 0.18951113749999998 0.3453125 0.246875 0.3453125
19 0.3890625 0.353125 0.3890625 0.31051980156250003 0.3354604984375 0.31051980156250003 0.3354604984375 0.353125 0.3890625 0.353125
19 0.4359375 0.3546875 0.4359375 0.31040893125 0.3812964109375 0.31040893125 0.3812964109375 0.3546875 0.4359375 0.3546875
19 0.475 0.305432653125 0.432276196875 0.305432653125 0.432276196875 0.362363346875 0.475 0.362363346875 0.475 0.305432653125
19 0.5203125 0.305128403125 0.475 0.305128403125 0.475 0.36205909687500004 0.5203125 0.36205909687500004 0.5203125 0.305128403125
19 0.2359375 0.3578125 0.26875 0.3578125 0.26875 0.3172416453125 0.2359375 0.3172416453125 0.2359375 0.3578125
19 0.3 0.359375 0.334375 0.359375 0.334375 0.3188041453125 0.3 0.3188041453125 0.3 0.359375
19 0.2703125 0.3578125 0.303125 0.3578125 0.303125 0.318847978125 0.2703125 0.318847978125 0.2703125 0.3578125
19 0.728125 0.365625 0.775 0.365625 0.775 0.315625 0.728125 0.315625 0.728125 0.365625
19 0.5609375 0.359375 0.5609375 0.3229115109375 0.5216429453125 0.3229115109375 0.5216429453125 0.359375 0.5609375 0.359375
19 0.59375 0.3625 0.6265625 0.3625 0.6265625 0.3203125 0.59375 0.3203125 0.59375 0.3625
19 0.8921875 0.3640625 0.8921875 0.3182910484375 0.8382142124999999 0.3182910484375 0.8382142124999999 0.3640625 0.8921875 0.3640625
19 0.59375 0.3640625 0.59375 0.3220477515625 0.5595761140625 0.3220477515625 0.5595761140625 0.3640625 0.59375 0.3640625
19 0.6578125 0.3625 0.6578125 0.3350814765625 0.63345451875 0.3350814765625 0.63345451875 0.3625 0.6578125 0.3625
19 0.6875 0.3640625 0.6875 0.3377887796875 0.6634436890625001 0.3377887796875 0.6634436890625001 0.3640625 0.6875 0.3640625
19 0.7203125 0.3625 0.7203125 0.33877372031249997 0.6933735546875 0.33877372031249997 0.6933735546875 0.3625 0.7203125 0.3625