19 0.6875 0.30513771093750003 0.6504502125 0.30513771093750003 0.6504502125 0.3263241515625 0.6875 0.3263241515625 0.6875 0.30513771093750003
19 0.8076006359375001 0.3390625 0.8076006359375001 0.30038400468750004 0.7804819921874999 0.30038400468750004 0.7804819921874999 0.3390625 0.8076006359375001 0.3390625
19 0.69375 0.3359375 0.72321239375 0.3359375 0.72321239375 0.305455509375 0.69375 0.305455509375 0.69375 0.3359375
19 0.7359375 0.3375 0.7671875 0.3375 0.7671875 0.30736228906249996 0.7359375 0.30736228906249996 0.7359375 0.3375
19 0.3859375 0.378125 0.3859375 0.3024232 0.2800317796875 0.3024232 0.2800317796875 0.378125 0.3859375 0.378125
19 0.28125 0.396875 0.28125 0.2887447046875 0.191313559375 0.2887447046875 0.191313559375 0.396875 0.28125 0.396875
19 0.4609375 0.3875 0.521875 0.3875 0.521875 0.3140625 0.4609375 0.3140625 0.4609375 0.3875
19 0.4546875 0.3859375 0.4546875 0.3175450203125 0.37901218281250004 0.3175450203125 0.37901218281250004 0.3859375 0.4546875 0.3859375
19 0.685619703125 0.3734375 0.685619703125 0.3363877125 0.6330773296875 0.3363877125 0.6330773296875 0.3734375 0.685619703125 0.3734375
19 0.6359375 0.3765625 0.6359375 0.33306409062500003 0.5835010578125 0.33306409062500003 0.5835010578125 0.3765625 0.6359375 0.3765625
19 0.58125 0.378125 0.58125 0.3331435375 0.5263771187499999 0.3331435375 0.5263771187499999 0.378125 0.58125 0.378125
19 0.84375 0.371875 0.84375 0.34606726875 0.8131091109374999 0.34606726875 0.8131091109374999 0.371875 0.84375 0.371875
19 0.8046875 0.3473119703125 0.7765757421874999 0.3473119703125 0.7765757421874999 0.3761255296875 0.8046875 0.3761255296875 0.8046875 0.3473119703125
19 0.76875 0.3765625 0.76875 0.3504104875 0.731912075 0.3504104875 0.731912075 0.3765625 0.76875 0.3765625
19 0.721332096875 0.3827992578125 0.721332096875 0.344663665625 0.6925185375 0.344663665625 0.6925185375 0.3827992578125 0.721332096875 0.3827992578125
19 0.815625 0.5046875 0.815625 0.44781514843750003 0.7324947046875 0.44781514843750003 0.7324947046875 0.5046875 0.815625 0.5046875
19 0.7359375 0.5203125 0.7359375 0.4448490453125 0.6620497875 0.4448490453125 0.6620497875 0.5203125 0.7359375 0.5203125
19 0.65625 0.525 0.65625 0.471676378125 0.596835275 0.471676378125 0.596835275 0.525 0.65625 0.525
19 0.39375 0.4671875 0.2913665265625 0.4671875 0.2913665265625 0.5370365453125 0.39375 0.5370365453125 0.39375 0.4671875
19 0.5854872875 0.534375 0.5854872875 0.4749602765625 0.5270127125 0.4749602765625 0.5270127125 0.534375 0.5854872875 0.534375
19 0.5171875 0.5421875 0.5171875 0.48125 0.461030190625 0.48125 0.461030190625 0.5421875 0.5171875 0.5421875
19 0.3861890890625 0.484375 0.3861890890625 0.546875 0.44974841093749995 0.546875 0.44974841093749995 0.484375 0.3861890890625 0.484375
19 0.2984375 0.5067002125 0.21543961875 0.5067002125 0.21543961875 0.5651747890625 0.2984375 0.5651747890625 0.2984375 0.5067002125
19 0.2015625 0.571875 0.2015625 0.5136652546875 0.11204978750000001 0.5136652546875 0.11204978750000001 0.571875 0.2015625 0.571875
19 0.0953125 0.5859375 0.0953125 0.5171875 0.000132415625 0.5171875 0.000132415625 0.5859375 0.0953125 0.5859375
19 0.34375 0.6515625 0.34375 0.6068855937500001 0.2919226703125 0.6068855937500001 0.2919226703125 0.6515625 0.34375 0.6515625
19 0.278125 0.6084613359375 0.2375 0.6084613359375 0.2375 0.6618511640625 0.278125 0.6618511640625 0.278125 0.6084613359375
19 0.225 0.66875 0.225 0.6140625 0.1816207625 0.6140625 0.1816207625 0.66875 0.225 0.66875
19 0.346875 0.7078125 0.346875 0.662778071875 0.301350634375 0.662778071875 0.301350634375 0.7078125 0.346875 0.7078125
19 0.1734375 0.7359375 0.1734375 0.6391949171875 0.0997881359375 0.6391949171875 0.0997881359375 0.7359375 0.1734375 0.7359375
19 0.2890625 0.715625 0.2890625 0.6715969265624999 0.2403601703125 0.6715969281249999 0.2403601703125 0.715625 0.2890625 0.715625
19 0.184375 0.725 0.234375 0.725 0.234375 0.6787605921875 0.184375 0.6787605937500001 0.184375 0.725