19 0.51875 0.278125 0.51875 0.2654964390625 0.4922072796875 0.2654964390625 0.4922072796875 0.278125 0.51875 0.278125
19 0.49375 0.284375 0.49375 0.2578125 0.481160996875 0.2578125 0.481160996875 0.284375 0.49375 0.284375
19 0.4578125 0.284375 0.4578125 0.259375 0.44207871875000004 0.259375 0.44207871875000004 0.284375 0.4578125 0.284375
19 0.475 0.2859375 0.475 0.2597804578125 0.4600474671875 0.2597804578125 0.4600474671875 0.2859375 0.475 0.2859375
19 0.440625 0.2859375 0.440625 0.2696499203125 0.4142108390625 0.2696499203125 0.4142108390625 0.2859375 0.440625 0.2859375
19 0.4046875 0.284375 0.4046875 0.270371834375 0.3770174046875 0.270371834375 0.3770174046875 0.284375 0.4046875 0.284375
19 0.3796875 0.290625 0.3796875 0.26420094843749997 0.3654865515625 0.26420094843749997 0.3654865515625 0.290625 0.3796875 0.290625
19 0.4015625 0.290625 0.415625 0.290625 0.415625 0.2642800625 0.4015625 0.2642800625 0.4015625 0.290625
19 0.365625 0.2859375 0.365625 0.27147943125 0.33902294374999997 0.27147943125 0.33902294374999997 0.2859375 0.365625 0.2859375
19 0.310067246875 0.265625 0.310067246875 0.2921875 0.324307753125 0.2921875 0.324307753125 0.265625 0.310067246875 0.265625
19 0.2875 0.2921875 0.303125 0.2921875 0.303125 0.2658425625 0.2875 0.2658425625 0.2875 0.2921875
19 0.340625 0.2921875 0.340625 0.2658425625 0.328035996875 0.2658425625 0.328035996875 0.2921875 0.340625 0.2921875
19 0.5671875 0.275 0.51622824375 0.275 0.51622824375 0.2886372625 0.5671875 0.2886372625 0.5671875 0.275
19 0.515625 0.30625 0.53125 0.30625 0.53125 0.259375 0.515625 0.259375 0.515625 0.30625
19 0.184375 0.3125 0.184375 0.273882515625 0.1556269765625 0.273882515625 0.1556269765625 0.3125 0.184375 0.3125
19 0.159375 0.2796875 0.1164556953125 0.2796875 0.1164556953125 0.3071993671875 0.159375 0.3071993671875 0.159375 0.2796875
19 0.121875 0.3078125 0.121875 0.2789853640625 0.0817147953125 0.2789853640625 0.0817147953125 0.3078125 0.121875 0.3078125
19 0.2234375 0.309375 0.2234375 0.2810423265625 0.1837223109375 0.2810423265625 0.1837223109375 0.309375 0.2234375 0.309375
19 0.8 0.4515625 0.8 0.40654667812499995 0.7678303015625 0.40654667812499995 0.7678303015625 0.4515625 0.8 0.4515625
19 0.759375 0.4515625 0.759375 0.40654667812499995 0.7309632125000001 0.40654667812499995 0.7309632125000001 0.4515625 0.759375 0.4515625
19 0.670154271875 0.4453125 0.670154271875 0.42078718437499996 0.6266416125000001 0.42078718437499996 0.6266416125000001 0.4453125 0.670154271875 0.4453125
19 0.3578125 0.44375 0.3578125 0.4218651109375 0.2993868671875 0.4218651109375 0.2993868671875 0.44375 0.3578125 0.44375
19 0.2875 0.4640625 0.2875 0.40382713593749997 0.26615901875 0.40382713593749997 0.26615901875 0.4640625 0.2875 0.4640625
19 0.203125 0.4453125 0.203125 0.4222409015625 0.14513449218750002 0.4222409015625 0.14513449218750002 0.4453125 0.203125 0.4453125
19 0.2640625 0.4640625 0.2640625 0.40382713593749997 0.2401305390625 0.40382713593749997 0.2401305390625 0.4640625 0.2640625 0.4640625
19 0.728125 0.4546875 0.728125 0.4117286390625 0.6989220734375 0.4117286390625 0.6989220734375 0.4546875 0.728125 0.4546875
19 0.3125 0.40470727812499996 0.2892998421875 0.40470727812499996 0.2892998421875 0.464042721875 0.3125 0.464042721875 0.3125 0.40470727812499996
19 0.2125 0.4625 0.2125 0.40661590312499996 0.188864715625 0.40661590312499996 0.188864715625 0.4625 0.2125 0.4625
19 0.1359375 0.4640625 0.1359375 0.40541930312499996 0.11192642343749999 0.40541930312499996 0.11192642343749999 0.4640625 0.1359375 0.4640625
19 0.253125 0.44375 0.253125 0.42294303749999995 0.1954509484375 0.42294303749999995 0.1954509484375 0.44375 0.253125 0.44375
19 0.159375 0.4640625 0.159375 0.40662579218749995 0.13954707187499998 0.40662579218749995 0.13954707187499998 0.4640625 0.159375 0.4640625
19 0.6984375 0.453125 0.6984375 0.42335838593749997 0.6606111546875 0.42335838593749997 0.6606111546875 0.453125 0.6984375 0.453125
19 0.634375 0.4515625 0.634375 0.42062895625 0.5925435140624999 0.42062895625 0.5925435140624999 0.4515625 0.634375 0.4515625
19 0.4546875 0.4283524515625 0.4101958078125 0.4283524515625 0.4101958078125 0.44813093281249994 0.4546875 0.44813093281249994 0.4546875 0.4283524515625
19 0.380982990625 0.41610957187500003 0.361204509375 0.41610957187500003 0.361204509375 0.46357792656249996 0.380982990625 0.46357792656249996 0.380982990625 0.41610957187500003
19 0.3734375 0.45 0.3734375 0.4306863140625 0.327966771875 0.4306863140625 0.327966771875 0.45 0.3734375 0.45
19 0.4140625 0.45 0.4140625 0.4328125 0.3675336234375 0.4328125 0.3675336234375 0.45 0.4140625 0.45
19 0.4359375 0.45 0.4359375 0.4318631328125 0.3920589390625 0.4318631328125 0.3920589390625 0.45 0.4359375 0.45
19 0.3546875 0.75 0.425 0.75 0.425 0.7146064078125 0.3546875 0.7146064078125 0.3546875 0.75
19 0.259375 0.7143492874999999 0.18451345 0.7143492874999999 0.18451345 0.7499505531249999 0.259375 0.7499505531249999 0.259375 0.7143492874999999
19 0.2890625 0.7484375 0.2890625 0.71644580625 0.2225178015625 0.71644580625 0.2225178015625 0.7484375 0.2890625 0.7484375
19 0.271875 0.76875 0.30625 0.76875 0.30625 0.6983781640625 0.271875 0.6983781640625 0.271875 0.76875
19 0.3859375 0.7484375 0.3859375 0.7161095734375 0.3206190671875 0.7161095734375 0.3206190671875 0.7484375 0.3859375 0.7484375
19 0.353125 0.7214200953125001 0.2862242875 0.7214200953125001 0.2862242875 0.7514833859375 0.353125 0.7514833859375 0.353125 0.7214200953125001
19 0.4515625 0.9484375 0.4515625 0.9207278499999999 0.3856507109375 0.9207278499999999 0.3856507109375 0.9484375 0.4515625 0.9484375
19 0.3705201734375 0.903125 0.3705201734375 0.96875 0.39979232656249997 0.96875 0.39979232656249997 0.903125 0.3705201734375 0.903125
19 0.2625 0.971875 0.2625 0.9054687484375 0.23257515781250002 0.9054687484375 0.23257515781250002 0.971875 0.2625 0.971875
19 0.3296875 0.9066257921875 0.3033425625 0.9066257921875 0.3033425625 0.971499209375 0.3296875 0.971499209375 0.3296875 0.9066257921875
19 0.296875 0.9082674046875001 0.26875 0.9082674046875001 0.26875 0.973140821875 0.296875 0.973140821875 0.296875 0.9082674046875001
19 0.33632317968750003 0.973140821875 0.3655953328125 0.973140821875 0.3655953328125 0.9082674046875001 0.33632317968750003 0.9082674046875001 0.33632317968750003 0.973140821875
19 0.2468749984375 0.95625 0.2468749984375 0.9245154265625001 0.178837025 0.9245154265625001 0.178837025 0.95625 0.2468749984375 0.95625
19 0.1625 0.975 0.1625 0.9086728640624999 0.1300138453125 0.9086728640624999 0.1300138453125 0.975 0.1625 0.975
19 0.19375 0.975 0.19375 0.9086728640624999 0.1648635296875 0.9086728640624999 0.1648635296875 0.975 0.19375 0.975
19 0.140625 0.9640625 0.140625 0.93125 0.0781942234375 0.93125 0.0781942234375 0.9640625 0.140625 0.9640625