19 0.9296875 0.3375 0.9296875 0.2671875 0.855078125 0.2671875 0.855078125 0.3375 0.9296875 0.3375
19 0.38125 0.271484375 0.3296875 0.271484375 0.3296875 0.3453125 0.38125 0.3453125 0.38125 0.271484375
19 0.26875 0.2734375 0.26875 0.346875 0.3203125 0.346875 0.3203125 0.2734375 0.26875 0.2734375
19 0.265625 0.2828125 0.192578125 0.2828125 0.192578125 0.3375 0.265625 0.3375 0.265625 0.2828125
19 0.4484375 0.2953125 0.4484375 0.3421875 0.5015625 0.3421875 0.5015625 0.2953125 0.4484375 0.2953125
19 0.4453125 0.34375 0.4453125 0.29609375 0.39296875 0.29609375 0.39296875 0.34375 0.4453125 0.34375
19 0.4515625 0.4171875 0.4515625 0.475 0.51875 0.475 0.51875 0.4171875 0.4515625 0.4171875
19 0.184375 0.425390625 0.1109375 0.425390625 0.1109375 0.4796875 0.184375 0.4796875 0.184375 0.425390625
19 0.2625 0.4921875 0.2625 0.416015625 0.2078125 0.416015625 0.2078125 0.4921875 0.2625 0.4921875
19 0.392578125 0.434375 0.392578125 0.4765625 0.4421875 0.4765625 0.4421875 0.434375 0.392578125 0.434375
19 0.3375 0.4375 0.3375 0.4796875 0.3859375 0.4796875 0.3859375 0.4375 0.3375 0.4375
19 0.315234375 0.4890625 0.315234375 0.439453125 0.291015625 0.439453125 0.291015625 0.4890625 0.315234375 0.4890625
19 0.3046875 0.58125 0.359375 0.58125 0.359375 0.501953125 0.3046875 0.501953125 0.3046875 0.58125
19 0.1171875 0.5171875 0.1171875 0.571875 0.2046875 0.571875 0.2046875 0.5171875 0.1171875 0.5171875
19 0.096875 0.5890625 0.096875 0.50078125 0.04453125 0.50078125 0.04453125 0.5890625 0.096875 0.5890625
19 0.271875 0.5875 0.271875 0.508984375 0.21953125 0.508984375 0.21953125 0.5875 0.271875 0.5875
19 0.153125 0.6109375 0.153125 0.6796875 0.19375 0.6796875 0.19375 0.6109375 0.153125 0.6109375
19 0.278125 0.6796875 0.278125 0.615625 0.236328125 0.615625 0.236328125 0.6796875 0.278125 0.6796875
19 0.0546875 0.63125 0.0546875 0.66875 0.125 0.66875 0.125 0.63125 0.0546875 0.63125
19 0.1421875 0.691015625 0.104296875 0.691015625 0.104296875 0.755859375 0.1421875 0.755859375 0.1421875 0.691015625
19 0.3234375 0.7078125 0.3234375 0.74375 0.3875 0.74375 0.3875 0.7078125 0.3234375 0.7078125
19 0.1734375 0.709375 0.1734375 0.7421875 0.2359375 0.7421875 0.2359375 0.709375 0.1734375 0.709375
19 0.4625 0.711328125 0.39375 0.711328125 0.39375 0.7390625 0.4625 0.7390625 0.4625 0.711328125
19 0.264453125 0.69375 0.264453125 0.7578125 0.296875 0.7578125 0.296875 0.69375 0.264453125 0.69375