19 0.2708669359375 0 0.2708669359375 0.096875 0.3603830640625 0.096875 0.3603830640625 0 0.2708669359375 0
19 0.73125 0.096875 0.73125 0.0052671375 0.66610383125 0.0052671375 0.66610383125 0.096875 0.73125 0.096875
19 0.653125 0.006502015625 0.584929434375 0.006502015625 0.584929434375 0.096824596875 0.653125 0.096824596875 0.653125 0.006502015625
19 0.4625 0.1 0.4625 0.009778225 0.3808215734375 0.009778225 0.3808215734375 0.1 0.4625 0.1
19 0.575 0.0953125 0.575 0.01875 0.4825100796875 0.01875 0.4825100796875 0.0953125 0.575 0.0953125
19 0.8015625 0.0828125 0.8015625 0.0345514109375 0.7400201609375 0.0345514109375 0.7400201609375 0.0828125 0.8015625 0.0828125
19 0.8625 0.0828125 0.8625 0.03135080625 0.8041834671875 0.03135080625 0.8041834671875 0.0828125 0.8625 0.0828125
19 0.978125 0.0890625 0.978125 0.0533266125 0.926512096875 0.0533266125 0.926512096875 0.0890625 0.978125 0.0890625
19 0.91875 0.0533014109375 0.86875 0.0533014109375 0.86875 0.090625 0.91875 0.090625 0.91875 0.0533014109375
19 0.3 0.2936743953125 0.40768649218749997 0.2936743953125 0.40768649218749997 0.2307711703125 0.3 0.2307711703125 0.3 0.2936743953125
19 0.375403225 0.2296875 0.375403225 0.2953125 0.48427419374999997 0.2953125 0.48427419374999997 0.2296875 0.375403225 0.2296875
19 0.584375 0.3125 0.584375 0.2263608875 0.5339465734375 0.2263608875 0.5339465734375 0.3125 0.584375 0.3125
19 0.4765625 0.315625 0.5234375 0.315625 0.5234375 0.2257056453125 0.4765625 0.2257056453125 0.4765625 0.315625
19 0.825 0.303125 0.825 0.24183467812499998 0.7423891125 0.24183467812499998 0.7423891125 0.303125 0.825 0.303125
19 0.6890625 0.3109375 0.6890625 0.25143649218749997 0.6482106859375001 0.25143649218749997 0.6482106859375001 0.3109375 0.6890625 0.3109375
19 0.7484375 0.3015625 0.7484375 0.260710684375 0.6892893156250001 0.260710684375 0.6892893156250001 0.3015625 0.7484375 0.3015625
19 0.6359375 0.3109375 0.6359375 0.2497983875 0.5932459671875 0.2497983875 0.5932459671875 0.3109375 0.6359375 0.3109375
19 0.8796875 0.3109375 0.8796875 0.251814515625 0.8251260078125 0.251814515625 0.8251260078125 0.3109375 0.8796875 0.3109375
19 0.940625 0.3109375 0.940625 0.2497983875 0.888407259375 0.2497983875 0.888407259375 0.3109375 0.940625 0.3109375
19 0.4421875 0.45625 0.534375 0.45625 0.534375 0.36297883125 0.4421875 0.36297883125 0.4421875 0.45625
19 0.634375 0.459375 0.634375 0.3632560484375 0.5448588703125 0.3632560484375 0.5448588703125 0.459375 0.634375 0.459375
19 0.825 0.45625 0.825 0.38876008125 0.7372731859375 0.38876008125 0.7372731859375 0.45625 0.825 0.45625
19 0.6453125 0.459375 0.734375 0.459375 0.734375 0.3922883078125 0.6453125 0.3922883078125 0.6453125 0.459375