19 0.60625 0.6859375 0.60625 0.60875 0.4548437515625 0.60875 0.4548437515625 0.6859375 0.60625 0.6859375
19 0.371875 0.684375 0.5234375 0.684375 0.5234375 0.6036458328125 0.371875 0.6036458328125 0.371875 0.684375
19 0.40130208281249996 0.728125 0.401302084375 0.591770834375 0.3346354171875 0.591770834375 0.3346354171875 0.728125 0.40130208281249996 0.728125
19 0.8984375 0.7234375 0.9765625 0.7234375 0.9765625 0.6038020828125 0.8984375 0.6038020828125 0.8984375 0.7234375
19 0.4671875 0 0.4671875 0.140625 0.509375 0.140625 0.509375 0 0.4671875 0
19 0.503125 0.09375 0.503125 0.049114584375 0.360208334375 0.049114584375 0.360208334375 0.09375 0.503125 0.09375
19 0.96875 0.959375 0.96875 0.78734375 0.9179687484375 0.78734375 0.9179687484375 0.959375 0.96875 0.959375
19 0.8453125 0.9203125 0.8453125 0.8671354171875001 0.7058333328125 0.8671354171875001 0.7058333328125 0.9203125 0.8453125 0.9203125
19 0.6849479171875 0.828125 0.6849479171875 0.959375 0.7416145843749999 0.959375 0.7416145843749999 0.828125 0.6849479171875 0.828125
19 0.7203125 0.9203125 0.7203125 0.86640625 0.587083334375 0.86640625 0.587083334375 0.9203125 0.7203125 0.9203125
19 0.8826562499999999 0.9328125 0.8826562499999999 0.88828125 0.7784895828125 0.88828125 0.7784895828125 0.9328125 0.8826562499999999 0.9328125
19 0.9046875 0.8596875 0.8578125 0.8596875 0.8578125 0.9621875 0.9046875 0.9621875 0.9046875 0.8596875
19 0.6265625 0.946875 0.6265625 0.9102083328124999 0.5651041671875 0.9102083328124999 0.5651041671875 0.946875 0.6265625 0.946875
19 0.5703125 0.9625 0.5703125 0.8979166656249999 0.5305208328125001 0.8979166656249999 0.5305208328125001 0.9625 0.5703125 0.9625
19 0.6453125 0.140625 0.684375 0.140625 0.684375 0.016562501562500002 0.6453125 0.016562501562500002 0.6453125 0.140625
19 0.7765625 0.1015625 0.7765625 0.0620833328125 0.647447915625 0.0620833328125 0.647447915625 0.1015625 0.7765625 0.1015625