19 0.371875 0.0546875 0.3140625 0.0546875 0.3140625 0.13515625 0.371875 0.13515625 0.371875 0.0546875
19 0.3078125 0.0890625 0.259375 0.0890625 0.259375 0.13359375 0.3078125 0.13359375 0.3078125 0.0890625
19 0.253125 0.090625 0.2046875 0.090625 0.2046875 0.1375 0.253125 0.1375 0.253125 0.090625
19 0.50625 0.225 0.4125 0.225 0.4125 0.33828125 0.50625 0.33828125 0.50625 0.225
19 0.60390625 0.2375 0.5125 0.2375 0.5125 0.33984375 0.60390625 0.33984375 0.60390625 0.2375
19 0.709375 0.2375 0.6140625 0.2375 0.6140625 0.340625 0.709375 0.340625 0.709375 0.2375
19 0.7640625 0.021875 0.6921875 0.021875 0.6921875 0.1328125 0.7640625 0.1328125 0.7640625 0.021875
19 0.52421875 0.025 0.453125 0.025 0.453125 0.1359375 0.52421875 0.1359375 0.52421875 0.025
19 0.68359375 0.0265625 0.6140625 0.0265625 0.6140625 0.134375 0.68359375 0.134375 0.68359375 0.0265625
19 0.4484375 0.025 0.3765625 0.025 0.3765625 0.13671875 0.4484375 0.13671875 0.4484375 0.025
19 0.459375 0.775 0.3953125 0.775 0.3953125 0.84140625 0.459375 0.84140625 0.459375 0.775
19 0.60390625 0.0265625 0.534375 0.0265625 0.534375 0.13359375 0.60390625 0.13359375 0.60390625 0.0265625
19 0.5375 0.78125 0.4640625 0.78125 0.4640625 0.84765625 0.5375 0.84765625 0.5375 0.78125