19 0.14375 0.7625 0.14375 0.803125 0.2203125 0.803125 0.2203125 0.7625 0.14375 0.7625
19 0.3234375 0.7515625 0.3234375 0.815625 0.365625 0.815625 0.365625 0.7515625 0.3234375 0.7515625
19 0.515625 0.751171875 0.47734375 0.751171875 0.47734375 0.8140625 0.515625 0.8140625 0.515625 0.751171875
19 0.2359375 0.765625 0.2359375 0.80625 0.3 0.80625 0.3 0.765625 0.2359375 0.765625
19 0.403515625 0.453125 0.403515625 0.534375 0.471875 0.534375 0.471875 0.453125 0.403515625 0.453125
19 0.384375 0.4546875 0.316015625 0.4546875 0.316015625 0.5359375 0.384375 0.5359375 0.384375 0.4546875
19 0.480078125 0.4609375 0.480078125 0.5296875 0.5640625 0.5296875 0.5640625 0.4609375 0.480078125 0.4609375
19 0.1421875 0.528125 0.1421875 0.4859375 0.102734375 0.4859375 0.102734375 0.528125 0.1421875 0.528125
19 0.196875 0.485546875 0.15859375 0.485546875 0.15859375 0.5296875 0.196875 0.5296875 0.196875 0.485546875
19 0.264453125 0.4875 0.264453125 0.5296875 0.3 0.5296875 0.3 0.4875 0.264453125 0.4875
19 0.20625 0.490625 0.20625 0.528125 0.2546875 0.528125 0.2546875 0.490625 0.20625 0.490625
19 0.36875 0.545703125 0.31015625 0.545703125 0.31015625 0.625 0.36875 0.625 0.36875 0.545703125
19 0.2140625 0.559375 0.2140625 0.615625 0.29375 0.615625 0.29375 0.559375 0.2140625 0.559375
19 0.4609375 0.559765625 0.38125 0.559765625 0.38125 0.6140625 0.4609375 0.6140625 0.4609375 0.559765625
19 0.141015625 0.546875 0.141015625 0.63125 0.19375 0.63125 0.19375 0.546875 0.141015625 0.546875
19 0.534375 0.548828125 0.4796875 0.548828125 0.4796875 0.628125 0.534375 0.628125 0.534375 0.548828125
19 0.24375 0.7125 0.24375 0.648828125 0.201171875 0.648828125 0.201171875 0.7125 0.24375 0.7125
19 0.3296875 0.7015625 0.3296875 0.659765625 0.272265625 0.659765625 0.272265625 0.7015625 0.3296875 0.7015625
19 0.4296875 0.65 0.4296875 0.7125 0.4703125 0.7125 0.4703125 0.65 0.4296875 0.65
19 0.625 0.7140625 0.625 0.649609375 0.588671875 0.649609375 0.588671875 0.7140625 0.625 0.7140625
19 0.40625 0.659765625 0.34375 0.659765625 0.34375 0.7015625 0.40625 0.7015625 0.40625 0.659765625
19 0.4921875 0.7 0.55625 0.7 0.55625 0.6609375 0.4921875 0.6609375 0.4921875 0.7
19 0.11875 0.659375 0.11875 0.7046875 0.18125 0.7046875 0.18125 0.659375 0.11875 0.659375
19 0.58828125 0.8015625 0.58828125 0.738671875 0.55 0.738671875 0.55 0.8015625 0.58828125 0.8015625
19 0.440625 0.8125 0.440625 0.75078125 0.39921875 0.75078125 0.39921875 0.8125 0.440625 0.8125