19 0.615625 0.615625 0.615625 0.65 0.640625 0.65 0.640625 0.615625 0.615625 0.615625
19 0.534375 0.619140625 0.50078125 0.619140625 0.50078125 0.6453125 0.534375 0.6453125 0.534375 0.619140625
19 0.58984375 0.64375 0.58984375 0.619921875 0.55625 0.619921875 0.55625 0.64375 0.58984375 0.64375
19 0.6171875 0.64375 0.6171875 0.620703125 0.584765625 0.620703125 0.584765625 0.64375 0.6171875 0.64375
19 0.7 0.6453125 0.7 0.621484375 0.66796875 0.621484375 0.66796875 0.6453125 0.7 0.6453125
19 0.563671875 0.64375 0.563671875 0.619921875 0.528515625 0.619921875 0.528515625 0.64375 0.563671875 0.64375
19 0.6671875 0.6484375 0.6671875 0.613671875 0.643359375 0.613671875 0.643359375 0.6484375 0.6671875 0.6484375
19 0.75625 0.65 0.778125 0.65 0.778125 0.615625 0.75625 0.615625 0.75625 0.65
19 0.7234375 0.6484375 0.7234375 0.613671875 0.701171875 0.613671875 0.701171875 0.6484375 0.7234375 0.6484375
19 0.7234375 0.64375 0.7578125 0.64375 0.7578125 0.621484375 0.7234375 0.621484375 0.7234375 0.64375
19 0.784375 0.6171875 0.784375 0.65 0.8046875 0.65 0.8046875 0.6171875 0.784375 0.6171875
19 0.830859375 0.6296875 0.830859375 0.646875 0.8515625 0.646875 0.8515625 0.6296875 0.830859375 0.6296875
19 0.811328125 0.628125 0.811328125 0.65 0.828125 0.65 0.828125 0.628125 0.811328125 0.628125
19 0.856640625 0.628125 0.856640625 0.65 0.875 0.65 0.875 0.628125 0.856640625 0.628125
19 0.9046875 0.6484375 0.921875 0.6484375 0.921875 0.630078125 0.9046875 0.630078125 0.9046875 0.6484375
19 0.8828125 0.63125 0.8828125 0.6515625 0.903125 0.6515625 0.903125 0.63125 0.8828125 0.63125
19 0.6953125 0.6703125 0.6953125 0.725 0.7359375 0.725 0.7359375 0.6703125 0.6953125 0.6703125
19 0.7828125 0.672265625 0.734375 0.672265625 0.734375 0.725 0.7828125 0.725 0.7828125 0.672265625
19 0.7828125 0.6734375 0.7828125 0.7265625 0.825 0.7265625 0.825 0.6734375 0.7828125 0.6734375
19 0.648046875 0.6734375 0.648046875 0.7265625 0.6921875 0.7265625 0.6921875 0.6734375 0.648046875 0.6734375
19 0.915625 0.71875 0.915625 0.677734375 0.86328125 0.677734375 0.86328125 0.71875 0.915625 0.71875
19 0.820703125 0.6796875 0.820703125 0.7234375 0.8734375 0.7234375 0.8734375 0.6796875 0.820703125 0.6796875
19 0.646875 0.7234375 0.646875 0.6796875 0.602734375 0.6796875 0.602734375 0.7234375 0.646875 0.7234375
19 0.5984375 0.725 0.5984375 0.6765625 0.556640625 0.6765625 0.556640625 0.725 0.5984375 0.725
19 0.55625 0.67890625 0.509765625 0.67890625 0.509765625 0.7234375 0.55625 0.7234375 0.55625 0.67890625
19 0.641796875 0.75 0.641796875 0.7953125 0.6859375 0.7953125 0.6859375 0.75 0.641796875 0.75
19 0.6859375 0.7515625 0.6859375 0.79375 0.734375 0.79375 0.734375 0.7515625 0.6859375 0.7515625
19 0.7296875 0.753125 0.7296875 0.7953125 0.775 0.7953125 0.775 0.753125 0.7296875 0.753125
19 0.871875 0.753125 0.871875 0.7953125 0.9140625 0.7953125 0.9140625 0.753125 0.871875 0.753125
19 0.553125 0.753125 0.553125 0.7984375 0.596875 0.7984375 0.596875 0.753125 0.553125 0.753125
19 0.778515625 0.7515625 0.778515625 0.8 0.8203125 0.8 0.8203125 0.7515625 0.778515625 0.7515625
19 0.8296875 0.7546875 0.8296875 0.796875 0.871875 0.796875 0.871875 0.7546875 0.8296875 0.7546875
19 0.599609375 0.75625 0.599609375 0.7984375 0.6421875 0.7984375 0.6421875 0.75625 0.599609375 0.75625
19 0.509375 0.765625 0.509375 0.7984375 0.5515625 0.7984375 0.5515625 0.765625 0.509375 0.765625
19 0.7234375 0.875 0.7234375 0.842578125 0.690234375 0.842578125 0.690234375 0.875 0.7234375 0.875
19 0.612109375 0.8765625 0.612109375 0.843359375 0.576953125 0.843359375 0.576953125 0.8765625 0.612109375 0.8765625
19 0.6875 0.84296875 0.651953125 0.84296875 0.651953125 0.8765625 0.6875 0.8765625 0.6875 0.84296875
19 0.5765625 0.8765625 0.5765625 0.84609375 0.54140625 0.84609375 0.54140625 0.8765625 0.5765625 0.8765625
19 0.6484375 0.878125 0.6484375 0.844140625 0.614453125 0.844140625 0.614453125 0.878125 0.6484375 0.878125
19 0.720703125 0.853125 0.720703125 0.8703125 0.75 0.8703125 0.75 0.853125 0.720703125 0.853125
19 0.5375 0.8796875 0.5375 0.8453125 0.506640625 0.8453125 0.506640625 0.8796875 0.5375 0.8796875
19 0.747265625 0.8484375 0.747265625 0.878125 0.7703125 0.878125 0.7703125 0.8484375 0.747265625 0.8484375
19 0.826171875 0.875 0.826171875 0.851171875 0.797265625 0.851171875 0.797265625 0.875 0.826171875 0.875
19 0.826171875 0.8515625 0.826171875 0.87421875 0.8546875 0.87421875 0.8546875 0.8515625 0.826171875 0.8515625
19 0.855859375 0.8484375 0.855859375 0.88125 0.8796875 0.88125 0.8796875 0.8484375 0.855859375 0.8484375
19 0.884375 0.8484375 0.884375 0.88125 0.90625 0.88125 0.90625 0.8484375 0.884375 0.8484375
19 0.7984375 0.8765625 0.7984375 0.850390625 0.776953125 0.850390625 0.776953125 0.8765625 0.7984375 0.8765625
19 0.5859375 0.5578125 0.5859375 0.499609375 0.551171875 0.499609375 0.551171875 0.5578125 0.5859375 0.5578125
19 0.5546875 0.546875 0.5546875 0.509765625 0.4953125 0.509765625 0.4953125 0.546875 0.5546875 0.546875
19 0.6796875 0.546875 0.6796875 0.511328125 0.621875 0.511328125 0.621875 0.546875 0.6796875 0.546875
19 0.590625 0.559375 0.625 0.559375 0.625 0.5 0.590625 0.5 0.590625 0.559375
19 0.803125 0.603125 0.803125 0.6203125 0.8171875 0.6203125 0.8171875 0.603125 0.803125 0.603125
19 0.8234375 0.6015625 0.8234375 0.6234375 0.8453125 0.6234375 0.8453125 0.6015625 0.8234375 0.6015625
19 0.8484375 0.603125 0.8484375 0.6234375 0.865625 0.6234375 0.865625 0.603125 0.8484375 0.603125
19 0.9078125 0.621875 0.9078125 0.605078125 0.891015625 0.605078125 0.891015625 0.621875 0.9078125 0.621875
19 0.8703125 0.621875 0.8875 0.621875 0.8875 0.6046875 0.8703125 0.6046875 0.8703125 0.621875