19 0.5700000000000001 0.5716666671875 0.4916666671875 0.5716666671875 0.4916666671875 0.7233333328125 0.5700000000000001 0.7233333328125 0.5700000000000001 0.5716666671875
19 0.4883333328125 0.5683333328125 0.40750000000000003 0.5683333328125 0.40750000000000003 0.7208333328125 0.4883333328125 0.7208333328125 0.4883333328125 0.5683333328125
19 0.4016666671875 0.5916666671875 0.335 0.5916666671875 0.335 0.73 0.4016666671875 0.73 0.4016666671875 0.5916666671875
19 0.9766666671875001 0.6033333328125 0.8983333328124999 0.6033333328125 0.8983333328124999 0.7241666671875 0.9766666671875001 0.7241666671875 0.9766666671875001 0.6033333328125
19 0.46666666718750005 0 0.46666666718750005 0.1416666671875 0.51 0.1416666671875 0.51 0 0.46666666718750005 0
19 0.4091666671875 0 0.4091666671875 0.14416666718749999 0.45499999999999996 0.14416666718749999 0.45499999999999996 0 0.4091666671875 0
19 0.97 0.7866666671875 0.9183333328125001 0.7866666671875 0.9183333328125001 0.96 0.97 0.96 0.97 0.7866666671875
19 0.8033333328125 0.8233333328124999 0.7491666671874999 0.8233333328124999 0.7491666671874999 0.9641666671875001 0.8033333328125 0.9641666671875001 0.8033333328125 0.8233333328124999
19 0.7416666671875001 0.8283333328125 0.6849999999999999 0.8283333328125 0.6849999999999999 0.96 0.7416666671875001 0.96 0.7416666671875001 0.8283333328125
19 0.6816666671875 0.8266666671875 0.6266666671875 0.8266666671875 0.6266666671875 0.9616666671875 0.6816666671875 0.9616666671875 0.6816666671875 0.8266666671875
19 0.8533333328125 0.8583333328125 0.8083333328125001 0.8583333328125 0.8083333328125001 0.9625 0.8533333328125 0.9625 0.8533333328125 0.8583333328125
19 0.905 0.86 0.8574999999999999 0.86 0.8574999999999999 0.9625 0.905 0.9625 0.905 0.86
19 0.615 0.8983333328124999 0.5775 0.8983333328124999 0.5775 0.9608333328124999 0.615 0.9608333328124999 0.615 0.8983333328124999
19 0.5716666671875 0.8983333328124999 0.5308333328125 0.8983333328124999 0.5308333328125 0.9633333328125 0.5716666671875 0.9633333328125 0.5716666671875 0.8983333328124999
19 0.6849999999999999 0.0166666671875 0.645 0.0166666671875 0.645 0.14250000000000002 0.6849999999999999 0.14250000000000002 0.6849999999999999 0.0166666671875
19 0.7333333328125 0.0166666671875 0.6925 0.0166666671875 0.6925 0.14750000000000002 0.7333333328125 0.14750000000000002 0.7333333328125 0.0166666671875