19 0.43344155781250004 0.5308441562499999 0.3863636359375 0.5308441562499999 0.3863636359375 0.572240259375 0.43344155781250004 0.572240259375 0.43344155781250004 0.5308441562499999
19 0.384740259375 0.5308441562499999 0.33116883124999996 0.5308441562499999 0.33116883124999996 0.5730519484375 0.384740259375 0.5730519484375 0.384740259375 0.5308441562499999
19 0.496753246875 0.5308441562499999 0.44318181875 0.5308441562499999 0.44318181875 0.5730519484375 0.496753246875 0.5730519484375 0.496753246875 0.5308441562499999
19 0.5519480515625 0.5308441562499999 0.5008116890625 0.5308441562499999 0.5008116890625 0.5730519484375 0.5519480515625 0.5730519484375 0.5519480515625 0.5308441562499999
19 0.48538961093750005 0.6477272734375 0.435064934375 0.6477272734375 0.435064934375 0.6915584421875 0.48538961093750005 0.6915584421875 0.48538961093750005 0.6477272734375
19 0.2581168828125 0.6461038968749999 0.2077922078125 0.6461038968749999 0.2077922078125 0.6899350656250001 0.2581168828125 0.6899350656250001 0.2581168828125 0.6461038968749999
19 0.375 0.6477272734375 0.31980519531249996 0.6477272734375 0.31980519531249996 0.6899350656250001 0.375 0.6899350656250001 0.375 0.6477272734375
19 0.202922078125 0.6477272734375 0.15665584375 0.6477272734375 0.15665584375 0.6891233765625 0.202922078125 0.6891233765625 0.202922078125 0.6477272734375
19 0.146103896875 0.6461038968749999 0.0990259734375 0.6461038968749999 0.0990259734375 0.6875 0.146103896875 0.6875 0.146103896875 0.6461038968749999
19 0.3165584421875 0.6477272734375 0.26542207812499996 0.6477272734375 0.26542207812499996 0.6891233765625 0.3165584421875 0.6891233765625 0.3165584421875 0.6477272734375
19 0.42694805156250004 0.6477272734375 0.38068181874999996 0.6477272734375 0.38068181874999996 0.6915584421875 0.42694805156250004 0.6915584421875 0.42694805156250004 0.6477272734375
19 0.5373376624999999 0.6493506499999999 0.49512987031250005 0.6493506499999999 0.49512987031250005 0.6931818187500001 0.5373376624999999 0.6931818187500001 0.5373376624999999 0.6493506499999999
19 0.6006493500000001 0.6493506499999999 0.5543831171875 0.6493506499999999 0.5543831171875 0.690746753125 0.6006493500000001 0.690746753125 0.6006493500000001 0.6493506499999999
19 0.6542207796875 0.6509740265625 0.6071428578125 0.6509740265625 0.6071428578125 0.6923701296875 0.6542207796875 0.6923701296875 0.6542207796875 0.6509740265625
19 0.7142857140625 0.6509740265625 0.6672077921875 0.6509740265625 0.6672077921875 0.6923701296875 0.7142857140625 0.6923701296875 0.7142857140625 0.6509740265625
19 0.7711038968749999 0.6672077921875 0.7207792203125 0.6672077921875 0.7207792203125 0.6931818187500001 0.7711038968749999 0.6931818187500001 0.7711038968749999 0.6672077921875
19 0.8214285718750001 0.6672077921875 0.7751623375000001 0.6672077921875 0.7751623375000001 0.6931818187500001 0.8214285718750001 0.6931818187500001 0.8214285718750001 0.6672077921875
19 0.8701298703125 0.6688311687499999 0.8198051953125001 0.6688311687499999 0.8198051953125001 0.6948051953125 0.8701298703125 0.6948051953125 0.8701298703125 0.6688311687499999
19 0.9204545453125 0.6704545453125 0.8782467531249999 0.6704545453125 0.8782467531249999 0.69399350625 0.9204545453125 0.69399350625 0.9204545453125 0.6704545453125