19 0.1265625 0.268359375 0.0484375 0.268359375 0.0484375 0.3640625 0.1265625 0.3640625 0.1265625 0.268359375
19 0.141015625 0.2734375 0.141015625 0.365625 0.2203125 0.365625 0.2203125 0.2734375 0.141015625 0.2734375
19 0.29375 0.3578125 0.29375 0.30078125 0.223046875 0.30078125 0.223046875 0.3578125 0.29375 0.3578125
19 0.296875 0.303125 0.296875 0.3640625 0.3703125 0.3640625 0.3703125 0.303125 0.296875 0.303125
19 0.675 0.296875 0.675 0.375 0.765625 0.375 0.765625 0.296875 0.675 0.296875
19 0.586328125 0.3015625 0.586328125 0.3734375 0.6671875 0.3734375 0.6671875 0.3015625 0.586328125 0.3015625
19 0.578125 0.36875 0.578125 0.300390625 0.489453125 0.300390625 0.489453125 0.36875 0.578125 0.36875
19 0.859375 0.3875 0.859375 0.29609375 0.78203125 0.29609375 0.78203125 0.3875 0.859375 0.3875
19 0.373046875 0.3171875 0.373046875 0.36875 0.4234375 0.36875 0.4234375 0.3171875 0.373046875 0.3171875
19 0.9328125 0.3859375 0.9328125 0.31484375 0.86953125 0.31484375 0.86953125 0.3859375 0.9328125 0.3859375
19 0.432421875 0.3390625 0.432421875 0.3703125 0.4765625 0.3703125 0.4765625 0.3390625 0.432421875 0.3390625
19 0.0296875 0.453125 0.0296875 0.534375 0.1140625 0.534375 0.1140625 0.453125 0.0296875 0.453125
19 0.20625 0.5328125 0.20625 0.458984375 0.125390625 0.458984375 0.125390625 0.5328125 0.20625 0.5328125
19 0.21875 0.45625 0.21875 0.5359375 0.2953125 0.5359375 0.2953125 0.45625 0.21875 0.45625
19 0.39375 0.5375 0.39375 0.462890625 0.312890625 0.462890625 0.312890625 0.5375 0.39375 0.5375
19 0.409375 0.5484375 0.478125 0.5484375 0.478125 0.457421875 0.409375 0.457421875 0.409375 0.5484375
19 0.5796875 0.46328125 0.512890625 0.46328125 0.512890625 0.55 0.5796875 0.55 0.5796875 0.46328125
19 0.671875 0.5515625 0.671875 0.471484375 0.607421875 0.471484375 0.607421875 0.5515625 0.671875 0.5515625
19 0.7828125 0.54375 0.7828125 0.4859375 0.709765625 0.4859375 0.709765625 0.54375 0.7828125 0.54375
19 0.8796875 0.492578125 0.8 0.492578125 0.8 0.546875 0.8796875 0.546875 0.8796875 0.492578125