19 0.2545921 0.784375 0.2545921 0.7587175125 0.203436984375 0.7587175125 0.203436984375 0.784375 0.2545921 0.784375
19 0.21875 0.7859375 0.21875 0.7628816015625 0.1726072609375 0.7628815999999999 0.1726072609375 0.7859375 0.21875 0.7859375
19 0.2825572390625 0.7859375 0.2825572390625 0.7602954828125 0.23140212343750002 0.7602954828125 0.23140212343750002 0.7859375 0.2825572390625 0.7859375
19 0.3109375 0.7875 0.3109375 0.76117986875 0.2642739265625 0.76117986875 0.2642739265625 0.7875 0.3109375 0.7875
19 0.33553269375 0.7984375 0.33553269375 0.75263510625 0.30665480624999997 0.75263510625 0.30665480624999997 0.7984375 0.33553269375 0.7984375
19 0.36875 0.7984375 0.36875 0.7523153875 0.3426387171875 0.7523153875 0.3426387171875 0.7984375 0.36875 0.7984375
19 0.4015625 0.7984375 0.4015625 0.75263510625 0.3766424296875 0.75263510625 0.3766424296875 0.7984375 0.4015625 0.7984375
19 0.19375 0.8984375 0.2140625 0.8984375 0.2140625 0.8742419546875 0.19375 0.8742419546875 0.19375 0.8984375
19 0.24375 0.9 0.24375 0.8750515671875 0.223929971875 0.8750515671875 0.223929971875 0.9 0.24375 0.9
19 0.36075701250000003 0.9390625 0.36075701250000003 0.8832044140624999 0.3087768140625 0.8832044140624999 0.3087768140625 0.9390625 0.36075701250000003 0.9390625
19 0.4171875 0.9390625 0.4171875 0.8890341375 0.3620823015625 0.8890341375 0.3620823015625 0.9390625 0.4171875 0.9390625
19 0.471875 0.940625 0.471875 0.889531765625 0.42059612187499995 0.889531765625 0.42059612187499995 0.940625 0.471875 0.940625
19 0.21386654374999997 0.934375 0.21386654374999997 0.9141089093750001 0.18993915 0.9141089093750001 0.18993915 0.934375 0.21386654374999997 0.934375
19 0.24375 0.94375 0.24375 0.9151119015625 0.22336530468750002 0.9151119015625 0.22336530468750002 0.94375 0.24375 0.94375
19 0.20625 0.2609375 0.265625 0.2609375 0.265625 0.1637763 0.20625 0.1637763 0.20625 0.2609375
19 0.3356719265625 0.2578125 0.3356719265625 0.16505775625000002 0.27214057343750003 0.16505775625000002 0.27214057343750003 0.2578125 0.3356719265625 0.2578125
19 0.4140625 0.240625 0.4140625 0.181992575 0.3205858078125 0.181992575 0.3205858078125 0.240625 0.4140625 0.240625
19 0.2046256203125 0.2640625 0.2046256203125 0.1694074875 0.14852000781250002 0.1694074875 0.14852000781250002 0.2640625 0.2046256203125 0.2640625
19 0.22988087968749998 0.334375 0.22988087968749998 0.3828125 0.3305409453125 0.3828125 0.3305409453125 0.334375 0.22988087968749998 0.334375
19 0.4109375 0.390625 0.4109375 0.3509849421875 0.3352026609375 0.3509849421875 0.3352026609375 0.390625 0.4109375 0.390625
19 0.4796875 0.409375 0.4796875 0.331832715625 0.4408338484375 0.331832715625 0.4408338484375 0.409375 0.4796875 0.409375
19 0.307910478125 0.40904754531250004 0.348339521875 0.40904754531250004 0.348339521875 0.3331399546875 0.307910478125 0.3331399546875 0.307910478125 0.40904754531250004
19 0.39541047812499996 0.40904754531250004 0.435839521875 0.40904754531250004 0.435839521875 0.3331399546875 0.39541047812499996 0.3331399546875 0.39541047812499996 0.40904754531250004
19 0.3296875 0.5140625 0.3296875 0.471875 0.2380543515625 0.471875 0.2380543515625 0.5140625 0.3296875 0.5140625
19 0.284375 0.4742986796875 0.19106848125 0.4742986796875 0.19106848125 0.5139026390625 0.284375 0.5139026390625 0.284375 0.4742986796875
19 0.3484375 0.5390625 0.3484375 0.4476253078125 0.307557240625 0.4476253078125 0.307557240625 0.5390625 0.3484375 0.5390625
19 0.609375 0.54375 0.609375 0.46104579218749997 0.57963593125 0.46104579218749997 0.57963593125 0.54375 0.609375 0.54375
19 0.6453125 0.540625 0.6453125 0.4617651609375 0.6158183796875 0.4617651609375 0.6158183796875 0.540625 0.6453125 0.540625
19 0.703125 0.515625 0.703125 0.48501959375 0.623806209375 0.48501959375 0.623806209375 0.515625 0.703125 0.515625
19 0.2140625 0.44717667031249997 0.1734916453125 0.44717667031249997 0.1734916453125 0.5387608296875 0.2140625 0.5387608296875 0.2140625 0.44717667031249997
19 0.571875 0.5421875 0.571875 0.4625 0.5441728546875 0.4625 0.5441728546875 0.5421875 0.571875 0.5421875
19 0.4171875 0.5125 0.4171875 0.47630981875 0.3253893359375 0.47630981875 0.3253893359375 0.5125 0.4171875 0.5125
19 0.39541047812499996 0.5387608296875 0.435839521875 0.5387608296875 0.435839521875 0.44717667031249997 0.39541047812499996 0.44717667031249997 0.39541047812499996 0.5387608296875
19 0.5640625 0.5171875 0.5640625 0.486221121875 0.48528001249999997 0.486221121875 0.48528001249999997 0.5171875 0.5640625 0.5171875
19 0.7152640265625 0.540625 0.7152640265625 0.46393358124999995 0.6847359734375 0.46393358124999995 0.6847359734375 0.540625 0.7152640265625 0.540625
19 0.440625 0.540625 0.471875 0.540625 0.471875 0.463459159375 0.440625 0.463459159375 0.440625 0.540625
19 0.45 0.5171875 0.528125 0.5171875 0.528125 0.48699979375 0.45 0.48699979375 0.45 0.5171875
19 0.4015625 0.6578125 0.4015625 0.5860457921875 0.35120410468749996 0.5860457921875 0.35120410468749996 0.6578125 0.4015625 0.6578125