19 0.8202682781249999 0.1671875 0.8202682781249999 0.1121364 0.7125638750000001 0.1121364 0.7125638750000001 0.1671875 0.8202682781249999 0.1671875
19 0.9263856125000001 0.1703125 0.9263856125000001 0.11476021875 0.8178950468749999 0.11476021875 0.8178950468749999 0.1703125 0.9263856125000001 0.1703125
19 0.86875 0.16875 0.86875 0.11403301875 0.7679785765625 0.11403301875 0.7679785765625 0.16875 0.86875 0.16875
19 0.765625 0.16875 0.765625 0.11815546406249999 0.6604952828124999 0.11815546406249999 0.6604952828124999 0.16875 0.765625 0.16875
19 0.5421875 0.40625 0.5421875 0.36906937968750003 0.46823899375 0.36906937968750003 0.46823899375 0.40625 0.5421875 0.40625
19 0.5828125 0.36920204375 0.5099154875 0.36920204375 0.5099154875 0.409296384375 0.5828125 0.409296384375 0.5828125 0.36920204375
19 0.6125 0.4328125 0.6125 0.35901139843749996 0.569359278125 0.35901139843749996 0.569359278125 0.4328125 0.6125 0.4328125
19 0.614711084375 0.43734768125 0.657163915625 0.43734768125 0.657163915625 0.36108982031250003 0.614711084375 0.36108982031250003 0.614711084375 0.43734768125
19 0.771875 0.4265625 0.771875 0.37905365468749996 0.68885613125 0.37905365468749996 0.68885613125 0.4265625 0.771875 0.4265625
19 0.7046875 0.36496167343749997 0.6583824671875 0.36496167343749997 0.6583824671875 0.44357802656249995 0.7046875 0.44357802656249995 0.7046875 0.36496167343749997
19 0.3140625 0.5109375 0.3140625 0.4560731140625 0.290939465625 0.4560731140625 0.290939465625 0.5109375 0.3140625 0.5109375
19 0.5234375 0.5171875 0.5234375 0.49689956718749995 0.46073604531249995 0.49689956718749995 0.46073604531249995 0.5171875 0.5234375 0.5171875
19 0.316121265625 0.4875 0.316121265625 0.534375 0.335775353125 0.534375 0.335775353125 0.4875 0.316121265625 0.4875
19 0.50625 0.5625 0.5234375 0.5625 0.5234375 0.509375 0.50625 0.509375 0.50625 0.5625
19 0.5625 0.5453125 0.5625 0.5288571140625 0.510455975 0.5288571140625 0.510455975 0.5453125 0.5625 0.5453125
19 0.29375 0.59375 0.29375 0.531839621875 0.271830778125 0.531839621875 0.271830778125 0.59375 0.29375 0.59375
19 0.4484375 0.56875 0.4484375 0.5546875 0.42256780625 0.5546875 0.42256780625 0.56875 0.4484375 0.56875
19 0.320626965625 0.5359375 0.320626965625 0.6046875 0.344998034375 0.6046875 0.344998034375 0.5359375 0.320626965625 0.5359375
19 0.3703125 0.60625 0.3703125 0.5381878921875 0.3465900171875 0.5381878921875 0.3465900171875 0.60625 0.3703125 0.60625
19 0.471875 0.5313531828125 0.4484375 0.5313531828125 0.4484375 0.6233343171875 0.471875 0.6233343171875 0.471875 0.5313531828125
19 0.3737519640625 0.6092030265624999 0.398123034375 0.6092030265624999 0.398123034375 0.5392344734375001 0.3737519640625 0.5392344734375001 0.3737519640625 0.6092030265624999
19 0.2953125 0.6 0.315625 0.6 0.315625 0.553125 0.2953125 0.553125 0.2953125 0.6
19 0.4953125 0.6234375 0.4953125 0.5453125 0.4749312109375 0.5453125 0.4749312109375 0.6234375 0.4953125 0.6234375
19 0.4390625 0.6 0.4390625 0.5795597484375 0.3849990171875 0.5795597484375 0.3849990171875 0.6 0.4390625 0.6
19 0.5 0.625 0.5203125 0.625 0.5203125 0.5724891890625 0.5 0.5724891890625 0.5 0.625
19 0.446875 0.590625 0.4183913140625 0.590625 0.4183913140625 0.6108244890625001 0.446875 0.6108244890625001 0.446875 0.590625
19 0.559375 0.6125 0.559375 0.5945361640625 0.5028842359375 0.5945361640625 0.5028842359375 0.6125 0.559375 0.6125
19 0.790625 0.6038522015625001 0.7528940656249999 0.6038522015625001 0.7528940656249999 0.671462265625 0.790625 0.671462265625 0.790625 0.6038522015625001
19 0.8575815625000001 0.665625 0.8575815625000001 0.6238846296875 0.7883991734375 0.6238846296875 0.7883991734375 0.665625 0.8575815625000001 0.665625
19 0.415625 0.809375 0.415625 0.7596059359375 0.3858392296875 0.7596059359375 0.3858392296875 0.809375 0.415625 0.809375
19 0.4515625 0.81875 0.4515625 0.7703125 0.4233441421875 0.7703125 0.4233441421875 0.81875 0.4515625 0.81875