19 0.1640625 0.9390625 0.1640625 0.8834895843749999 0.11468750000000001 0.8834895843749999 0.11468750000000001 0.9390625 0.1640625 0.9390625
19 0.3828125 0.9359375 0.3828125 0.8921875 0.319739584375 0.8921875 0.319739584375 0.9359375 0.3828125 0.9359375
19 0.3046875 0.8844791671875001 0.2609375 0.8844791671875001 0.2609375 0.9436458343749999 0.3046875 0.9436458343749999 0.3046875 0.8844791671875001
19 0.2328125 0.9453125 0.2328125 0.8821354171875001 0.1936458328125 0.8821354171875001 0.1936458328125 0.9453125 0.2328125 0.9453125
19 0.303125 0.2099479171875 0.2421875 0.2099479171875 0.2421875 0.3291145828125 0.303125 0.3291145828125 0.303125 0.2099479171875
19 0.31140625 0.3280729171875 0.35890625 0.3280729171875 0.35890625 0.2297395828125 0.31140625 0.2297395828125 0.31140625 0.3280729171875
19 0.4715625 0.3140625 0.4715625 0.269635415625 0.40072916718749996 0.269635415625 0.40072916718749996 0.3140625 0.4715625 0.3140625
19 0.4078125 0.328125 0.4078125 0.260416665625 0.3680208328125 0.260416665625 0.3680208328125 0.328125 0.4078125 0.328125
19 0.7546875 0.4921875 0.7546875 0.44703125000000005 0.6940625 0.44703125000000005 0.6940625 0.4921875 0.7546875 0.4921875
19 0.325 0.4484375 0.2634374984375 0.4484375 0.2634374984375 0.49671875 0.325 0.49671875 0.325 0.4484375
19 0.215625 0.50625 0.215625 0.446875 0.1688020828125 0.446875 0.1688020828125 0.50625 0.215625 0.50625
19 0.165625 0.50625 0.165625 0.446875 0.1188020828125 0.446875 0.1188020828125 0.50625 0.165625 0.50625
19 0.2625 0.5046875 0.2625 0.4453125 0.21817708281249998 0.4453125 0.21817708281249998 0.5046875 0.2625 0.5046875
19 0.071875 0.5046875 0.1171875 0.5046875 0.1171875 0.46791666562499995 0.071875 0.46791666562499995 0.071875 0.5046875
19 0.409375 0.6546875 0.409375 0.580729165625 0.32421875 0.580729165625 0.32421875 0.6546875 0.409375 0.6546875
19 0.3171875 0.6609375 0.3171875 0.5788020828125 0.2411979171875 0.5788020828125 0.2411979171875 0.6609375 0.3171875 0.6609375
19 0.2390625 0.609635415625 0.19546875 0.609635415625 0.19546875 0.6638020828125 0.2390625 0.6638020828125 0.2390625 0.609635415625
19 0.14375 0.61453125 0.0920833328125 0.61453125 0.0920833328125 0.659375 0.14375 0.659375 0.14375 0.61453125
19 0.1875 0.6640625 0.1875 0.6103645828125 0.1431770828125 0.6103645828125 0.1431770828125 0.6640625 0.1875 0.6640625
19 0.303125 0.74375 0.23442708437499998 0.74375 0.23442708437499998 0.7983854171875 0.303125 0.7983854171875 0.303125 0.74375
19 0.2359375 0.746145834375 0.1776041671875 0.746145834375 0.1776041671875 0.8078125 0.2359375 0.8078125 0.2359375 0.746145834375
19 0.1703125 0.809375 0.1703125 0.7477083343750001 0.11156250000000001 0.7477083328125 0.11156250000000001 0.809375 0.1703125 0.809375