19 0.9171875 0.15625 0.9171875 0.1875 0.9578125 0.1875 0.9578125 0.15625 0.9171875 0.15625
19 0.909375 0.190625 0.909375 0.15546875 0.87890625 0.15546875 0.87890625 0.190625 0.909375 0.190625
19 0.933203125 0.1890625 0.933203125 0.23125 0.96875 0.23125 0.96875 0.1890625 0.933203125 0.1890625
19 0.921875 0.228125 0.921875 0.194140625 0.883203125 0.194140625 0.883203125 0.228125 0.921875 0.228125
19 0.590625 0.172265625 0.5265625 0.172265625 0.5265625 0.2734375 0.590625 0.2734375 0.590625 0.172265625
19 0.1203125 0.1765625 0.1203125 0.2796875 0.1765625 0.2796875 0.1765625 0.1765625 0.1203125 0.1765625
19 0.7234375 0.1921875 0.7234375 0.271875 0.7796875 0.271875 0.7796875 0.1921875 0.7234375 0.1921875
19 0.5984375 0.19375 0.5984375 0.2734375 0.6546875 0.2734375 0.6546875 0.19375 0.5984375 0.19375
19 0.7265625 0.2625 0.7265625 0.203125 0.644921875 0.203125 0.644921875 0.2625 0.7265625 0.2625
19 0.24375 0.2546875 0.24375 0.215234375 0.1578125 0.215234375 0.1578125 0.2546875 0.24375 0.2546875
19 0.8859375 0.2625 0.8859375 0.219140625 0.826953125 0.219140625 0.826953125 0.2625 0.8859375 0.2625
19 0.828125 0.210546875 0.7828125 0.210546875 0.7828125 0.2703125 0.828125 0.2703125 0.828125 0.210546875
19 0.275390625 0.215625 0.275390625 0.2765625 0.3140625 0.2765625 0.3140625 0.215625 0.275390625 0.215625
19 0.9265625 0.2328125 0.9265625 0.2703125 0.9640625 0.2703125 0.9640625 0.2328125 0.9265625 0.2328125
19 0.8828125 0.234375 0.8828125 0.2703125 0.9203125 0.2703125 0.9203125 0.234375 0.8828125 0.234375
19 0.8265625 0.425 0.8265625 0.360546875 0.730859375 0.360546875 0.730859375 0.425 0.8265625 0.425
19 0.8171875 0.3421875 0.8171875 0.4421875 0.8859375 0.4421875 0.8859375 0.3421875 0.8171875 0.3421875
19 0.661328125 0.359375 0.661328125 0.44375 0.6953125 0.44375 0.6953125 0.359375 0.661328125 0.359375
19 0.75 0.389453125 0.69140625 0.389453125 0.69140625 0.43125 0.75 0.43125 0.75 0.389453125
19 0.5796875 0.383984375 0.51875 0.383984375 0.51875 0.4390625 0.5796875 0.4390625 0.5796875 0.383984375
19 0.6484375 0.38125 0.592578125 0.38125 0.592578125 0.446875 0.6484375 0.446875 0.6484375 0.38125
19 0.746875 0.509765625 0.661328125 0.509765625 0.661328125 0.585546875 0.746875 0.585546875 0.746875 0.509765625
19 0.7484375 0.5921875 0.821875 0.5921875 0.821875 0.506640625 0.7484375 0.506640625 0.7484375 0.5921875