19 0.9984375 0.284375 0.9984375 0.1347720703125 0.91640625 0.1347720703125 0.91640625 0.284375 0.9984375 0.284375
19 0.9015625 0.2828125 0.9015625 0.14375 0.815645628125 0.14375 0.815645628125 0.2828125 0.9015625 0.2828125
19 0.8296875 0.265625 0.8296875 0.172653671875 0.6930538359375 0.172653671875 0.6930538359375 0.265625 0.8296875 0.265625
19 0.6265625 0.2921875 0.7125 0.2921875 0.7125 0.1535813734375 0.6265625 0.1535813734375 0.6265625 0.2921875
19 0.54375 0.446875 0.54375 0.4063041453125 0.5031791453125 0.4063041453125 0.5031791453125 0.446875 0.54375 0.446875
19 0.4046875 0.4484375 0.4046875 0.409472978125 0.3717357671875 0.409472978125 0.3717357671875 0.4484375 0.4046875 0.4484375
19 0.5015625 0.446875 0.5015625 0.41326835781250004 0.45649494687500003 0.41326835781250004 0.45649494687500003 0.446875 0.5015625 0.446875
19 0.453125 0.4484375 0.453125 0.4125 0.41235303125 0.4125 0.41235303125 0.4484375 0.453125 0.4484375
19 0.05625 0.465625 0.05625 0.433152846875 0.0029264640625 0.433152846875 0.0029264640625 0.465625 0.05625 0.465625
19 0.096875 0.435086634375 0.0413366328125 0.435086634375 0.0413366328125 0.4656146875 0.096875 0.4656146875 0.096875 0.435086634375
19 0.1375 0.4671875 0.1375 0.43354476093749994 0.0842847578125 0.43354476093749994 0.0842847578125 0.4671875 0.1375 0.4671875
19 0.865625 0.5015625 0.865625 0.4003790203125 0.7885365109375 0.4003790203125 0.7885365109375 0.5015625 0.865625 0.5015625
19 0.2328125 0.4703125 0.2328125 0.436166975 0.1743502484375 0.436166975 0.1743502484375 0.4703125 0.2328125 0.4703125
19 0.2640625 0.4205780734375 0.22629177031249997 0.4205780734375 0.22629177031249997 0.4841094265625 0.2640625 0.4841094265625 0.2640625 0.4205780734375
19 0.3609375 0.4875 0.3609375 0.4207250421875 0.3258482875 0.4207250421875 0.3258482875 0.4875 0.3609375 0.4875
19 0.18590140156249998 0.47184405937499996 0.18590140156249998 0.434715346875 0.1273205453125 0.4347153453125 0.1273205453125 0.47184405937499996 0.18590140156249998 0.47184405937499996
19 0.3264310015625 0.471875 0.3264310015625 0.4347978546875 0.2604244015625 0.4347978546875 0.2604244015625 0.471875 0.3264310015625 0.471875
19 0.6515625 0.49375 0.6515625 0.427307653125 0.6054610140625 0.427307653125 0.6054610140625 0.49375 0.6515625 0.49375
19 0.5953125 0.49375 0.5953125 0.427307653125 0.5540815796875 0.427307653125 0.5540815796875 0.49375 0.5953125 0.49375
19 0.71875 0.4890625 0.790625 0.4890625 0.790625 0.43863706718750006 0.71875 0.43863706718750006 0.71875 0.4890625
19 0.728125 0.4890625 0.728125 0.43821936875 0.657544346875 0.43821936875 0.657544346875 0.4890625 0.728125 0.4890625
19 0.403125 0.4875 0.403125 0.453846946875 0.3761654296875 0.453846946875 0.3761654296875 0.4875 0.403125 0.4875
19 0.54375 0.4953125 0.54375 0.45193636562500006 0.507585603125 0.45193636562500006 0.507585603125 0.4953125 0.54375 0.4953125
19 0.49375 0.4921875 0.49375 0.456974525 0.45953743906250005 0.456974525 0.45953743906250005 0.4921875 0.49375 0.4921875
19 0.45 0.4921875 0.45 0.45994997812499994 0.41619740156249996 0.45994997812499994 0.41619740156249996 0.4921875 0.45 0.4921875
19 0.7530450703125 0.65625 0.7530450703125 0.5715836421875 0.652385003125 0.5715836421875 0.652385003125 0.65625 0.7530450703125 0.65625
19 0.8515625 0.577227721875 0.7473494234375 0.577227721875 0.7473494234375 0.667161715625 0.8515625 0.667161715625 0.8515625 0.577227721875
19 0.9546875 0.56728805625 0.8515625 0.56728805625 0.8515625 0.6811494437500001 0.9546875 0.6811494437500001 0.9546875 0.56728805625
19 0.09375 0.7515625 0.1546875 0.7515625 0.1546875 0.6752836234374999 0.09375 0.6752836234374999 0.09375 0.7515625
19 0.153125 0.75625 0.2125 0.75625 0.2125 0.6735457921875 0.153125 0.6735457921875 0.153125 0.75625
19 0.2890625 0.7546875 0.2890625 0.6940258874999999 0.2061056109375 0.6940258874999999 0.2061056109375 0.7546875 0.2890625 0.7546875
19 0.34504692812500004 0.7765625 0.34504692812500004 0.690042284375 0.2790403265625 0.690042284375 0.2790403265625 0.7765625 0.34504692812500004 0.7765625
19 0.421875 0.7859375 0.421875 0.7 0.353924296875 0.7 0.353924296875 0.7859375 0.421875 0.7859375
19 0.503125 0.7921875 0.503125 0.7083333328125 0.4283518984375 0.7083333328125 0.4283518984375 0.7921875 0.503125 0.7921875
19 0.5875 0.8015625 0.5875 0.7219704015625 0.49892997031249997 0.7219704015625 0.49892997031249997 0.8015625 0.5875 0.8015625
19 0.584375 0.8109375 0.678125 0.8109375 0.678125 0.725 0.584375 0.725 0.584375 0.8109375
19 0.7604604984375001 0.8234375 0.7604604984375001 0.7331141703124999 0.6754770015625 0.7331141703124999 0.6754770015625 0.8234375 0.7604604984375001 0.8234375
19 0.859375 0.8359375 0.859375 0.735976175 0.7698329203125 0.735976175 0.7698329203125 0.8359375 0.859375 0.8359375
19 0.9578125 0.7425974640625 0.8689846343750001 0.7425974640625 0.8689846343750001 0.8465578593749999 0.9578125 0.8465578593749999 0.9578125 0.7425974640625
19 0.6546875 0.9515625 0.6546875 0.8802315390625 0.591736284375 0.8802315390625 0.591736284375 0.9515625 0.6546875 0.9515625
19 0.753125 0.9609375 0.753125 0.8970890046875001 0.669056828125 0.8970890046875001 0.669056828125 0.9609375 0.753125 0.9609375
19 0.840625 0.984375 0.840625 0.9021271640625 0.7729579203125 0.9021271640625 0.7729579203125 0.984375 0.840625 0.984375
19 0.9390625 0.9859375 0.9390625 0.9206812093750001 0.86155115625 0.9206812093750001 0.86155115625 0.9859375 0.9390625 0.9859375