19 0.3484375 0.846875 0.3171875 0.846875 0.3171875 0.8828125 0.3484375 0.8828125 0.3484375 0.846875
19 0.27578125 0.8453125 0.246875 0.8453125 0.246875 0.8875 0.27578125 0.8875 0.27578125 0.8453125
19 0.3125 0.85 0.2796875 0.85 0.2796875 0.88359375 0.3125 0.88359375 0.3125 0.85
19 0.24296875 0.8421875 0.215625 0.8421875 0.215625 0.89296875 0.24296875 0.89296875 0.24296875 0.8421875
19 0.40390625 0.8390625 0.36875 0.8390625 0.36875 0.89765625 0.40390625 0.89765625 0.40390625 0.8390625
19 0.10859375 0.853125 0.08125 0.853125 0.08125 0.89375 0.10859375 0.89375 0.10859375 0.853125
19 0.1828125 0.853125 0.146875 0.853125 0.146875 0.89765625 0.1828125 0.89765625 0.1828125 0.853125
19 0.14609375 0.85625 0.1109375 0.85625 0.1109375 0.896875 0.14609375 0.896875 0.14609375 0.85625
19 0.12578125 0.0578125 0.0859375 0.0578125 0.0859375 0.134375 0.12578125 0.134375 0.12578125 0.0578125
19 0.2046875 0.0578125 0.1671875 0.0578125 0.1671875 0.134375 0.2046875 0.134375 0.2046875 0.0578125
19 0.08671875 0.0578125 0.046875 0.0578125 0.046875 0.13359375 0.08671875 0.13359375 0.08671875 0.0578125
19 0.24296875 0.059375 0.2046875 0.059375 0.2046875 0.13359375 0.24296875 0.13359375 0.24296875 0.059375
19 0.165625 0.059375 0.128125 0.059375 0.128125 0.1328125 0.165625 0.1328125 0.165625 0.059375
19 0.28203125 0.0625 0.24375 0.0625 0.24375 0.13359375 0.28203125 0.13359375 0.28203125 0.0625
19 0.3203125 0.065625 0.284375 0.065625 0.284375 0.13515625 0.3203125 0.13515625 0.3203125 0.065625
19 0.3984375 0.065625 0.3609375 0.065625 0.3609375 0.13515625 0.3984375 0.13515625 0.3984375 0.065625
19 0.43828125 0.065625 0.3984375 0.065625 0.3984375 0.13515625 0.43828125 0.13515625 0.43828125 0.065625
19 0.35859375 0.0703125 0.3203125 0.0703125 0.3203125 0.13515625 0.35859375 0.13515625 0.35859375 0.0703125
19 0.20546875 0.271875 0.1828125 0.271875 0.1828125 0.35859375 0.20546875 0.35859375 0.20546875 0.271875
19 0.084375 0.271875 0.059375 0.271875 0.059375 0.359375 0.084375 0.359375 0.084375 0.271875
19 0.1140625 0.271875 0.0890625 0.271875 0.0890625 0.359375 0.1140625 0.359375 0.1140625 0.271875
19 0.1765625 0.271875 0.1515625 0.271875 0.1515625 0.35703125 0.1765625 0.35703125 0.1765625 0.271875
19 0.14453125 0.271875 0.1203125 0.271875 0.1203125 0.359375 0.14453125 0.359375 0.14453125 0.271875
19 0.37109375 0.2890625 0.3328125 0.2890625 0.3328125 0.35625 0.37109375 0.35625 0.37109375 0.2890625
19 0.33125 0.2875 0.2953125 0.2875 0.2953125 0.35703125 0.33125 0.35703125 0.33125 0.2875
19 0.25625 0.290625 0.215625 0.290625 0.215625 0.35703125 0.25625 0.35703125 0.25625 0.290625
19 0.29140625 0.296875 0.25625 0.296875 0.25625 0.3578125 0.29140625 0.3578125 0.29140625 0.296875
19 0.1546875 0.4578125 0.134375 0.4578125 0.134375 0.53125 0.1546875 0.53125 0.1546875 0.4578125
19 0.08125 0.4578125 0.059375 0.4578125 0.059375 0.53125 0.08125 0.53125 0.08125 0.4578125
19 0.10703125 0.4578125 0.084375 0.4578125 0.084375 0.53125 0.10703125 0.53125 0.10703125 0.4578125
19 0.13203125 0.45625 0.109375 0.45625 0.109375 0.53046875 0.13203125 0.53046875 0.13203125 0.45625
19 0.37109375 0.4625 0.34375 0.4625 0.34375 0.5296875 0.37109375 0.5296875 0.37109375 0.4625
19 0.3125 0.4609375 0.2859375 0.4609375 0.2859375 0.5296875 0.3125 0.5296875 0.3125 0.4609375
19 0.28359375 0.4609375 0.2546875 0.4609375 0.2546875 0.5296875 0.28359375 0.5296875 0.28359375 0.4609375
19 0.3984375 0.4625 0.371875 0.4625 0.371875 0.52890625 0.3984375 0.52890625 0.3984375 0.4625
19 0.340625 0.4640625 0.315625 0.4640625 0.315625 0.52890625 0.340625 0.52890625 0.340625 0.4640625
19 0.2203125 0.4640625 0.19375 0.4640625 0.19375 0.52890625 0.2203125 0.52890625 0.2203125 0.4640625
19 0.18671875 0.4625 0.159375 0.4625 0.159375 0.52890625 0.18671875 0.52890625 0.18671875 0.4625
19 0.25 0.4640625 0.2234375 0.4640625 0.2234375 0.53046875 0.25 0.53046875 0.25 0.4640625
19 0.34140625 0.6453125 0.31875 0.6453125 0.31875 0.69453125 0.34140625 0.69453125 0.34140625 0.6453125
19 0.29140625 0.646875 0.2671875 0.646875 0.2671875 0.6953125 0.29140625 0.6953125 0.29140625 0.646875
19 0.315625 0.646875 0.29375 0.646875 0.29375 0.6953125 0.315625 0.6953125 0.315625 0.646875
19 0.26640625 0.646875 0.24375 0.646875 0.24375 0.6953125 0.26640625 0.6953125 0.26640625 0.646875
19 0.24375 0.6484375 0.221875 0.6484375 0.221875 0.696875 0.24375 0.696875 0.24375 0.6484375
19 0.1671875 0.6484375 0.15 0.6484375 0.15 0.7 0.1671875 0.7 0.1671875 0.6484375
19 0.21875 0.6484375 0.1984375 0.6484375 0.1984375 0.69765625 0.21875 0.69765625 0.21875 0.6484375
19 0.14453125 0.6484375 0.1265625 0.6484375 0.1265625 0.69921875 0.14453125 0.69921875 0.14453125 0.6484375
19 0.12265625 0.6484375 0.1046875 0.6484375 0.1046875 0.69921875 0.12265625 0.69921875 0.12265625 0.6484375
19 0.08125 0.6484375 0.0640625 0.6484375 0.0640625 0.7 0.08125 0.7 0.08125 0.6484375
19 0.19375 0.6484375 0.171875 0.6484375 0.171875 0.7015625 0.19375 0.7015625 0.19375 0.6484375
19 0.10234375 0.6484375 0.0828125 0.6484375 0.0828125 0.69921875 0.10234375 0.69921875 0.10234375 0.6484375
19 0.4078125 0.6640625 0.390625 0.6640625 0.390625 0.69296875 0.4078125 0.69296875 0.4078125 0.6640625
19 0.36484375 0.6640625 0.346875 0.6640625 0.346875 0.69296875 0.36484375 0.69296875 0.36484375 0.6640625
19 0.42890625 0.6640625 0.409375 0.6640625 0.409375 0.69296875 0.42890625 0.69296875 0.42890625 0.6640625
19 0.46875 0.6640625 0.4515625 0.6640625 0.4515625 0.6953125 0.46875 0.6953125 0.46875 0.6640625
19 0.45 0.665625 0.4328125 0.665625 0.4328125 0.69296875 0.45 0.69296875 0.45 0.665625
19 0.38828125 0.6640625 0.3703125 0.6640625 0.3703125 0.69375 0.38828125 0.69375 0.38828125 0.6640625