19 0 0.28125 0.115625 0.28125 0.115625 0.19140625 0 0.19140625 0 0.28125
19 0.2109375 0.198046875 0.07890625 0.198046875 0.07890625 0.2796875 0.2109375 0.2796875 0.2109375 0.198046875
19 0.171875 0.2015625 0.171875 0.290625 0.3015625 0.290625 0.3015625 0.2015625 0.171875 0.2015625
19 0.282421875 0.1828125 0.282421875 0.3140625 0.3640625 0.3140625 0.3640625 0.1828125 0.282421875 0.1828125
19 0.48125 0.4609375 0.48125 0.421484375 0.442578125 0.421484375 0.442578125 0.4609375 0.48125 0.4609375
19 0.5734375 0.425 0.5734375 0.4625 0.60625 0.4625 0.60625 0.425 0.5734375 0.425
19 0.5203125 0.423828125 0.4875 0.423828125 0.4875 0.465625 0.5203125 0.465625 0.5203125 0.423828125
19 0.5671875 0.4625 0.5671875 0.428125 0.526953125 0.428125 0.526953125 0.4625 0.5671875 0.4625
19 0.953125 0.4359375 0.953125 0.4890625 0.9796875 0.4890625 0.9796875 0.4359375 0.953125 0.4359375
19 0.9140625 0.4375 0.9140625 0.4890625 0.9453125 0.4890625 0.9453125 0.4375 0.9140625 0.4375
19 0.866015625 0.45 0.866015625 0.478125 0.91875 0.478125 0.91875 0.45 0.866015625 0.45
19 0.878125 0.4484375 0.826953125 0.4484375 0.826953125 0.48125 0.878125 0.48125 0.878125 0.4484375
19 0.2109375 0.5125 0.2109375 0.417578125 0.137109375 0.417578125 0.137109375 0.5125 0.2109375 0.5125
19 0.7921875 0.4828125 0.7921875 0.45 0.737890625 0.45 0.737890625 0.4828125 0.7921875 0.4828125
19 0.7546875 0.447265625 0.69453125 0.447265625 0.69453125 0.484375 0.7546875 0.484375 0.7546875 0.447265625
19 0.613671875 0.4359375 0.613671875 0.5 0.6484375 0.5 0.6484375 0.4359375 0.613671875 0.4359375
19 0.8265625 0.49375 0.8265625 0.4390625 0.792578125 0.4390625 0.792578125 0.49375 0.8265625 0.49375
19 0.662890625 0.4359375 0.662890625 0.4984375 0.696875 0.4984375 0.696875 0.4359375 0.662890625 0.4359375
19 0.3390625 0.4421875 0.3390625 0.50625 0.384375 0.50625 0.384375 0.4421875 0.3390625 0.4421875
19 0.4453125 0.49375 0.4453125 0.455078125 0.381640625 0.455078125 0.381640625 0.49375 0.4453125 0.49375
19 0.2765625 0.5 0.2765625 0.45234375 0.20859375 0.45234375 0.20859375 0.5 0.2765625 0.5
19 0.276953125 0.4421875 0.276953125 0.5109375 0.325 0.5109375 0.325 0.4421875 0.276953125 0.4421875
19 0.6046875 0.470703125 0.571875 0.470703125 0.571875 0.496875 0.6046875 0.496875 0.6046875 0.470703125
19 0.4390625 0.46875 0.4390625 0.503125 0.48125 0.503125 0.48125 0.46875 0.4390625 0.46875
19 0.5234375 0.503125 0.5234375 0.471484375 0.488671875 0.471484375 0.488671875 0.503125 0.5234375 0.503125
19 0.53125 0.4734375 0.53125 0.5046875 0.5640625 0.5046875 0.5640625 0.4734375 0.53125 0.4734375
19 0.251171875 0.571875 0.251171875 0.6671875 0.3328125 0.6671875 0.3328125 0.571875 0.251171875 0.571875
19 0.158203125 0.5765625 0.158203125 0.6765625 0.2421875 0.6765625 0.2421875 0.5765625 0.158203125 0.5765625
19 0.0484375 0.5796875 0.0484375 0.678125 0.15625 0.678125 0.15625 0.5796875 0.0484375 0.5796875
19 0.8109375 0.6765625 0.8109375 0.75 0.86875 0.75 0.86875 0.6765625 0.8109375 0.6765625
19 0.75625 0.675 0.75625 0.7546875 0.8125 0.7546875 0.8125 0.675 0.75625 0.675
19 0.693359375 0.684375 0.693359375 0.7640625 0.7515625 0.7640625 0.7515625 0.684375 0.693359375 0.684375
19 0.703125 0.700390625 0.621875 0.700390625 0.621875 0.7625 0.703125 0.7625 0.703125 0.700390625
19 0.6296875 0.7734375 0.6296875 0.7078125 0.548828125 0.7078125 0.548828125 0.7734375 0.6296875 0.7734375
19 0.5515625 0.7875 0.5515625 0.7078125 0.481640625 0.7078125 0.481640625 0.7875 0.5515625 0.7875
19 0.405078125 0.7171875 0.405078125 0.8015625 0.4796875 0.8015625 0.4796875 0.7171875 0.405078125 0.7171875
19 0.4 0.809375 0.4 0.720703125 0.319140625 0.720703125 0.319140625 0.809375 0.4 0.809375
19 0.3171875 0.8171875 0.3171875 0.730859375 0.237109375 0.730859375 0.237109375 0.8171875 0.3171875 0.8171875
19 0.1421875 0.8296875 0.228125 0.8296875 0.228125 0.734765625 0.1421875 0.734765625 0.1421875 0.8296875
19 0.140625 0.83125 0.140625 0.74765625 0.04296875 0.74765625 0.04296875 0.83125 0.140625 0.83125
19 0.4015625 0.934375 0.4015625 0.875 0.333203125 0.875 0.333203125 0.934375 0.4015625 0.934375
19 0.244140625 0.8875 0.244140625 0.9484375 0.3234375 0.9484375 0.3234375 0.8875 0.244140625 0.8875
19 0.225 0.96875 0.225 0.891796875 0.16171875 0.891796875 0.16171875 0.96875 0.225 0.96875
19 0.1359375 0.9765625 0.1359375 0.90390625 0.07421875 0.90390625 0.07421875 0.9765625 0.1359375 0.9765625