19 0.115625 0.078515625 0.0328125 0.078515625 0.0328125 0.1890625 0.115625 0.1890625 0.115625 0.078515625
19 0.11875 0.084375 0.11875 0.1890625 0.2015625 0.1890625 0.2015625 0.084375 0.11875 0.084375
19 0.578125 0.089453125 0.5140625 0.089453125 0.5140625 0.19375 0.578125 0.19375 0.578125 0.089453125
19 0.6484375 0.1953125 0.6484375 0.090234375 0.579296875 0.090234375 0.579296875 0.1953125 0.6484375 0.1953125
19 0.7046875 0.103125 0.7046875 0.196875 0.7765625 0.196875 0.7765625 0.103125 0.7046875 0.103125
19 0.4375 0.125 0.4375 0.19375 0.509375 0.19375 0.509375 0.125 0.4375 0.125
19 0.4421875 0.184375 0.4421875 0.138671875 0.37890625 0.138671875 0.37890625 0.184375 0.4421875 0.184375
19 0.3296875 0.1390625 0.3296875 0.1875 0.396875 0.1875 0.396875 0.1390625 0.3296875 0.1390625
19 0.475 0.465625 0.475 0.5234375 0.54375 0.5234375 0.54375 0.465625 0.475 0.465625
19 0.47421875 0.5234375 0.47421875 0.463671875 0.4140625 0.463671875 0.4140625 0.5234375 0.47421875 0.5234375
19 0.6078125 0.525 0.6078125 0.466015625 0.548046875 0.466015625 0.548046875 0.525 0.6078125 0.525
19 0.325390625 0.4671875 0.325390625 0.525 0.36875 0.525 0.36875 0.4671875 0.325390625 0.4671875
19 0.421875 0.4765625 0.364453125 0.4765625 0.364453125 0.515625 0.421875 0.515625 0.421875 0.4765625
19 0.1453125 0.528125 0.1453125 0.490234375 0.113671875 0.490234375 0.113671875 0.528125 0.1453125 0.528125
19 0.071875 0.490625 0.071875 0.5234375 0.109375 0.5234375 0.109375 0.490625 0.071875 0.490625