19 0.4920886078125 0.708860759375 0.5332278484375 0.708860759375 0.5332278484375 0.6613924046874999 0.4920886078125 0.6613924046874999 0.4920886078125 0.708860759375
19 0.2848101265625 0.70727848125 0.3148734171875 0.70727848125 0.3148734171875 0.669303796875 0.2848101265625 0.669303796875 0.2848101265625 0.70727848125
19 0.25 0.7104430374999999 0.27927215156249996 0.7104430374999999 0.27927215156249996 0.66772151875 0.25 0.66772151875 0.25 0.7104430374999999
19 0.183544303125 0.708860759375 0.20886075937499998 0.708860759375 0.20886075937499998 0.66772151875 0.183544303125 0.66772151875 0.183544303125 0.708860759375
19 0.5395569625000001 0.7104430374999999 0.5846518984375 0.7104430374999999 0.5846518984375 0.66772151875 0.5395569625000001 0.66772151875 0.5395569625000001 0.7104430374999999
19 0.2167721515625 0.7104430374999999 0.246044303125 0.7104430374999999 0.246044303125 0.66772151875 0.2167721515625 0.66772151875 0.2167721515625 0.7104430374999999
19 0.6471518984375 0.7096518984375 0.6922468359375 0.7096518984375 0.6922468359375 0.666139240625 0.6471518984375 0.666139240625 0.6471518984375 0.7096518984375
19 0.45411392343749996 0.7080696203125 0.4881329109375 0.7080696203125 0.4881329109375 0.66772151875 0.45411392343749996 0.66772151875 0.45411392343749996 0.7080696203125
19 0.3544303796875 0.708860759375 0.38607595 0.708860759375 0.38607595 0.6708860765625 0.3544303796875 0.6708860765625 0.3544303796875 0.708860759375
19 0.38924050625 0.7096518984375 0.41851265781249997 0.7096518984375 0.41851265781249997 0.669303796875 0.38924050625 0.669303796875 0.38924050625 0.7096518984375
19 0.4224683546875 0.7104430374999999 0.450158228125 0.7104430374999999 0.450158228125 0.669303796875 0.4224683546875 0.669303796875 0.4224683546875 0.7104430374999999
19 0.31803797500000003 0.7096518984375 0.348101265625 0.7096518984375 0.348101265625 0.669303796875 0.31803797500000003 0.669303796875 0.31803797500000003 0.7096518984375
19 0.5901898734375 0.7104430374999999 0.6416139234375 0.7104430374999999 0.6416139234375 0.66772151875 0.5901898734375 0.66772151875 0.5901898734375 0.7104430374999999
19 0.7009493671875 0.7120253171875001 0.7436708859375 0.7120253171875001 0.7436708859375 0.669303796875 0.7009493671875 0.669303796875 0.7009493671875 0.7120253171875001
19 0.75 0.71281645625 0.7935126578125 0.71281645625 0.7935126578125 0.669303796875 0.75 0.669303796875 0.75 0.71281645625
19 0.681962025 0.342563290625 0.7064873421875 0.342563290625 0.7064873421875 0.302215190625 0.681962025 0.302215190625 0.681962025 0.342563290625
19 0.70727848125 0.3441455703125 0.7325949359374999 0.3441455703125 0.7325949359374999 0.30379746875 0.70727848125 0.30379746875 0.70727848125 0.3441455703125
19 0.4636075953125 0.38370253125 0.5039556968750001 0.38370253125 0.5039556968750001 0.3117088609375 0.4636075953125 0.3117088609375 0.4636075953125 0.38370253125
19 0.5079113921875 0.38370253125 0.5435126578125 0.38370253125 0.5435126578125 0.3132911390625 0.5079113921875 0.3132911390625 0.5079113921875 0.38370253125
19 0.5854430374999999 0.38449367031250004 0.614715190625 0.38449367031250004 0.614715190625 0.3259493671875 0.5854430374999999 0.3259493671875 0.5854430374999999 0.38449367031250004
19 0.6202531640625 0.38449367031250004 0.65031645625 0.38449367031250004 0.65031645625 0.3259493671875 0.6202531640625 0.3259493671875 0.6202531640625 0.38449367031250004
19 0.6534810125 0.3829113921875 0.6827531640625 0.3829113921875 0.6827531640625 0.3259493671875 0.6534810125 0.3259493671875 0.6534810125 0.3829113921875
19 0.6867088609375 0.38607595 0.7159810125 0.38607595 0.7159810125 0.344936709375 0.6867088609375 0.344936709375 0.6867088609375 0.38607595
19 0.7183544296875 0.385284809375 0.7460443031249999 0.385284809375 0.7460443031249999 0.3465189875 0.7183544296875 0.3465189875 0.7183544296875 0.385284809375
19 0.7120253171875001 0.385284809375 0.7136075953125001 0.385284809375 0.7136075953125001 0.3829113921875 0.7120253171875001 0.3829113921875 0.7120253171875001 0.385284809375
19 0.20253164531249998 0.4580696203125 0.242879746875 0.4580696203125 0.242879746875 0.40822784843750004 0.20253164531249998 0.40822784843750004 0.20253164531249998 0.4580696203125
19 0.48101265781249997 0.4659810125 0.532436709375 0.4659810125 0.532436709375 0.40506329062499996 0.48101265781249997 0.40506329062499996 0.48101265781249997 0.4659810125
19 0.24525316406250003 0.4604430375 0.285601265625 0.4604430375 0.285601265625 0.4113924046875 0.24525316406250003 0.4113924046875 0.24525316406250003 0.4604430375
19 0.37025316406250003 0.4651898734375 0.4240506328125 0.4651898734375 0.4240506328125 0.40664557031250004 0.37025316406250003 0.40664557031250004 0.37025316406250003 0.4651898734375
19 0.427215190625 0.46677215156249996 0.4794303796875 0.46677215156249996 0.4794303796875 0.40506329062499996 0.427215190625 0.40506329062499996 0.427215190625 0.46677215156249996
19 0.33227848125000004 0.464398734375 0.37025316406250003 0.464398734375 0.37025316406250003 0.41297468281249994 0.33227848125000004 0.41297468281249994 0.33227848125000004 0.464398734375
19 0.291139240625 0.4636075953125 0.3299050640625 0.4636075953125 0.3299050640625 0.4145569625 0.291139240625 0.4145569625 0.291139240625 0.4636075953125
19 0.5348101265625 0.46756329062499996 0.5870253171875001 0.46756329062499996 0.5870253171875001 0.4113924046875 0.5348101265625 0.4113924046875 0.5348101265625 0.46756329062499996
19 0.1882911390625 0.546677215625 0.2294303796875 0.546677215625 0.2294303796875 0.4920886078125 0.1882911390625 0.4920886078125 0.1882911390625 0.546677215625
19 0.38607595 0.5490506328125 0.4090189875 0.5490506328125 0.4090189875 0.4920886078125 0.38607595 0.4920886078125 0.38607595 0.5490506328125
19 0.4113924046875 0.5490506328125 0.435917721875 0.5490506328125 0.435917721875 0.4905063296875 0.4113924046875 0.4905063296875 0.4113924046875 0.5490506328125
19 0.23101265781250002 0.54825949375 0.2737341765625 0.54825949375 0.2737341765625 0.49367088593749997 0.23101265781250002 0.49367088593749997 0.23101265781250002 0.54825949375
19 0.3560126578125 0.5506329109375 0.3829113921875 0.5506329109375 0.3829113921875 0.4920886078125 0.3560126578125 0.4920886078125 0.3560126578125 0.5506329109375
19 0.27531645625 0.5490506328125 0.31566455625 0.5490506328125 0.31566455625 0.4952531640625 0.27531645625 0.4952531640625 0.27531645625 0.5490506328125
19 0.31803797500000003 0.5490506328125 0.3544303796875 0.5490506328125 0.3544303796875 0.49683544375000005 0.31803797500000003 0.49683544375000005 0.31803797500000003 0.5490506328125
19 0.43987341718749995 0.5490506328125 0.489715190625 0.5490506328125 0.489715190625 0.49683544375000005 0.43987341718749995 0.49683544375000005 0.43987341718749995 0.5490506328125
19 0.4952531640625 0.5474683546875 0.544303796875 0.5474683546875 0.544303796875 0.501582278125 0.4952531640625 0.501582278125 0.4952531640625 0.5474683546875
19 0.5490506328125 0.5474683546875 0.5988924046874999 0.5474683546875 0.5988924046874999 0.501582278125 0.5490506328125 0.501582278125 0.5490506328125 0.5474683546875
19 0.6044303796875 0.5530063296875001 0.6558544296875 0.5530063296875001 0.6558544296875 0.50316455625 0.6044303796875 0.50316455625 0.6044303796875 0.5530063296875001
19 0.7151898734375 0.552215190625 0.7626582281250001 0.552215190625 0.7626582281250001 0.5047468359375 0.7151898734375 0.5047468359375 0.7151898734375 0.552215190625
19 0.6566455703125 0.552215190625 0.7064873421875 0.552215190625 0.7064873421875 0.5063291140625 0.6566455703125 0.5063291140625 0.6566455703125 0.552215190625
19 0.5854430374999999 0.5965189875 0.6099683546875 0.5965189875 0.6099683546875 0.580696203125 0.5854430374999999 0.580696203125 0.5854430374999999 0.5965189875
19 0.6439873421875 0.5988924046874999 0.669303796875 0.5988924046874999 0.669303796875 0.580696203125 0.6439873421875 0.580696203125 0.6439873421875 0.5988924046874999
19 0.6139240499999999 0.598101265625 0.6360759500000001 0.598101265625 0.6360759500000001 0.580696203125 0.6139240499999999 0.580696203125 0.6139240499999999 0.598101265625
19 0.6740506328125 0.59968354375 0.7009493671875 0.59968354375 0.7009493671875 0.58227848125 0.6740506328125 0.58227848125 0.6740506328125 0.59968354375
19 0.7041139234375 0.5988924046874999 0.7294303796875 0.5988924046874999 0.7294303796875 0.580696203125 0.7041139234375 0.580696203125 0.7041139234375 0.5988924046874999
19 0.76424050625 0.6004746828124999 0.791139240625 0.6004746828124999 0.791139240625 0.58227848125 0.76424050625 0.58227848125 0.76424050625 0.6004746828124999
19 0.1867088609375 0.6226265828125 0.2325949359375 0.6226265828125 0.2325949359375 0.5775316453125 0.1867088609375 0.5775316453125 0.1867088609375 0.6226265828125
19 0.24208860781250002 0.62183544375 0.2935126578125 0.62183544375 0.2935126578125 0.580696203125 0.24208860781250002 0.580696203125 0.24208860781250002 0.62183544375
19 0.3275316453125 0.623417721875 0.359177215625 0.623417721875 0.359177215625 0.5854430374999999 0.3275316453125 0.5854430374999999 0.3275316453125 0.623417721875
19 0.3971518984375 0.623417721875 0.4240506328125 0.623417721875 0.4240506328125 0.5854430374999999 0.3971518984375 0.5854430374999999 0.3971518984375 0.623417721875
19 0.36075949375 0.6226265828125 0.387658228125 0.6226265828125 0.387658228125 0.583860759375 0.36075949375 0.583860759375 0.36075949375 0.6226265828125
19 0.43196202499999997 0.6242088609375 0.45727848125000004 0.6242088609375 0.45727848125000004 0.5854430374999999 0.43196202499999997 0.5854430374999999 0.43196202499999997 0.6242088609375
19 0.46202531718750006 0.6242088609375 0.489715190625 0.6242088609375 0.489715190625 0.5854430374999999 0.46202531718750006 0.5854430374999999 0.46202531718750006 0.6242088609375
19 0.2958860765625 0.6226265828125 0.322784809375 0.6226265828125 0.322784809375 0.5870253171875001 0.2958860765625 0.5870253171875001 0.2958860765625 0.6226265828125
19 0.5 0.6226265828125 0.5205696203125 0.6226265828125 0.5205696203125 0.6044303796875 0.5 0.6044303796875 0.5 0.6226265828125
19 0.52531645625 0.6226265828125 0.5498417718749999 0.6226265828125 0.5498417718749999 0.6044303796875 0.52531645625 0.6044303796875 0.52531645625 0.6226265828125
19 0.55379746875 0.623417721875 0.583860759375 0.623417721875 0.583860759375 0.6060126578125 0.55379746875 0.6060126578125 0.55379746875 0.623417721875
19 0.583860759375 0.623417721875 0.606803796875 0.623417721875 0.606803796875 0.609177215625 0.583860759375 0.609177215625 0.583860759375 0.623417721875
19 0.6123417718749999 0.6257911390625 0.6400316453125 0.6257911390625 0.6400316453125 0.6075949359374999 0.6123417718749999 0.6075949359374999 0.6123417718749999 0.6257911390625
19 0.6708860765625 0.625 0.7001582281250001 0.625 0.7001582281250001 0.61075949375 0.6708860765625 0.61075949375 0.6708860765625 0.625
19 0.7041139234375 0.626582278125 0.7294303796875 0.626582278125 0.7294303796875 0.609177215625 0.7041139234375 0.609177215625 0.7041139234375 0.626582278125
19 0.6424050640625001 0.62816455625 0.66772151875 0.62816455625 0.66772151875 0.61075949375 0.6424050640625001 0.61075949375 0.6424050640625001 0.62816455625
19 0.7610759500000001 0.6257911390625 0.7903481015625 0.6257911390625 0.7903481015625 0.6123417718749999 0.7610759500000001 0.6123417718749999 0.7610759500000001 0.6257911390625
19 0.7325949359374999 0.62816455625 0.755537975 0.62816455625 0.755537975 0.6123417718749999 0.7325949359374999 0.6123417718749999 0.7325949359374999 0.62816455625