19 0.027734375 0.2359375 0.027734375 0.31640625 0.1140625 0.31640625 0.1140625 0.2359375 0.027734375 0.2359375
19 0.1921875 0.245703125 0.11875 0.245703125 0.11875 0.325 0.1921875 0.325 0.1921875 0.245703125
19 0.2796875 0.321875 0.2796875 0.253515625 0.205859375 0.253515625 0.205859375 0.321875 0.2796875 0.321875
19 0.33046875 0.3171875 0.33046875 0.276171875 0.2765625 0.276171875 0.2765625 0.3171875 0.33046875 0.3171875
19 0.8703125 0.3453125 0.8703125 0.287109375 0.810546875 0.287109375 0.810546875 0.3453125 0.8703125 0.3453125
19 0.8109375 0.3375 0.8109375 0.300390625 0.761328125 0.300390625 0.761328125 0.3375 0.8109375 0.3375
19 0.7578125 0.313671875 0.721875 0.313671875 0.721875 0.3421875 0.7578125 0.3421875 0.7578125 0.313671875
19 0.1484375 0.4328125 0.1484375 0.374609375 0.108984375 0.374609375 0.108984375 0.4328125 0.1484375 0.4328125
19 0.06875 0.375 0.06875 0.4328125 0.10625 0.4328125 0.10625 0.375 0.06875 0.375
19 0.5546875 0.371875 0.5546875 0.4453125 0.6078125 0.4453125 0.6078125 0.371875 0.5546875 0.371875
19 0.609765625 0.3734375 0.609765625 0.4453125 0.6625 0.4453125 0.6625 0.3734375 0.609765625 0.3734375
19 0.7234375 0.383203125 0.653515625 0.383203125 0.653515625 0.433984375 0.7234375 0.433984375 0.7234375 0.383203125
19 0.461328125 0.4765625 0.461328125 0.5640625 0.5203125 0.5640625 0.5203125 0.4765625 0.461328125 0.4765625
19 0.5984375 0.55 0.5984375 0.489453125 0.509375 0.489453125 0.509375 0.55 0.5984375 0.55