19 0.49375 0.6625 0.49375 0.709375 0.534375 0.709375 0.534375 0.6625 0.49375 0.6625
19 0.2890625 0.6703125 0.2890625 0.7078125 0.31875 0.7078125 0.31875 0.6703125 0.2890625 0.6703125
19 0.255078125 0.66875 0.255078125 0.7109375 0.2828125 0.7109375 0.2828125 0.66875 0.255078125 0.66875
19 0.18125 0.6765625 0.18125 0.7015625 0.221875 0.7015625 0.221875 0.6765625 0.18125 0.6765625
19 0.5828125 0.7109375 0.5828125 0.66796875 0.541796875 0.66796875 0.541796875 0.7109375 0.5828125 0.7109375
19 0.25625 0.703125 0.25625 0.67578125 0.215234375 0.67578125 0.215234375 0.703125 0.25625 0.703125
19 0.6890625 0.709375 0.6890625 0.666796875 0.647265625 0.666796875 0.647265625 0.709375 0.6890625 0.709375
19 0.4921875 0.7046875 0.4921875 0.671484375 0.453515625 0.671484375 0.453515625 0.7046875 0.4921875 0.7046875
19 0.3546875 0.675 0.3546875 0.70625 0.3921875 0.70625 0.3921875 0.675 0.3546875 0.675
19 0.425 0.7046875 0.425 0.676171875 0.387109375 0.676171875 0.387109375 0.7046875 0.425 0.7046875
19 0.4578125 0.67734375 0.418359375 0.67734375 0.418359375 0.7046875 0.4578125 0.7046875 0.4578125 0.67734375
19 0.321875 0.6703125 0.321875 0.709375 0.3515625 0.709375 0.3515625 0.6703125 0.321875 0.6703125
19 0.591015625 0.66875 0.591015625 0.7109375 0.640625 0.7109375 0.640625 0.66875 0.591015625 0.66875
19 0.7 0.6703125 0.7 0.7125 0.7421875 0.7125 0.7421875 0.6703125 0.7 0.6703125
19 0.7484375 0.7125 0.790625 0.7125 0.790625 0.6703125 0.7484375 0.6703125 0.7484375 0.7125
19 0.7046875 0.346875 0.7046875 0.308203125 0.680859375 0.308203125 0.680859375 0.346875 0.7046875 0.346875
19 0.73125 0.309765625 0.70625 0.309765625 0.70625 0.3484375 0.73125 0.3484375 0.73125 0.309765625
19 0.5203125 0.371875 0.5203125 0.333203125 0.450390625 0.333203125 0.450390625 0.371875 0.5203125 0.371875
19 0.4921875 0.3703125 0.5609375 0.3703125 0.5609375 0.336328125 0.4921875 0.336328125 0.4921875 0.3703125
19 0.585546875 0.33125 0.585546875 0.3890625 0.6140625 0.3890625 0.6140625 0.33125 0.585546875 0.33125
19 0.60625 0.3453125 0.60625 0.375 0.6640625 0.375 0.6640625 0.3453125 0.60625 0.3453125
19 0.6953125 0.3453125 0.639453125 0.3453125 0.639453125 0.3734375 0.6953125 0.3734375 0.6953125 0.3453125
19 0.686328125 0.35 0.686328125 0.390625 0.7140625 0.390625 0.7140625 0.35 0.686328125 0.35
19 0.749609375 0.3828125 0.749609375 0.356640625 0.711328125 0.356640625 0.711328125 0.3828125 0.749609375 0.3828125
19 0.7125 0.387109375 0.7109375 0.387109375 0.7109375 0.3890625 0.7125 0.3890625 0.7125 0.387109375
19 0.2515625 0.45625 0.2515625 0.417578125 0.203515625 0.417578125 0.203515625 0.45625 0.2515625 0.45625
19 0.478125 0.4640625 0.5375 0.4640625 0.5375 0.413671875 0.478125 0.413671875 0.478125 0.4640625
19 0.250390625 0.415625 0.250390625 0.4640625 0.2890625 0.4640625 0.2890625 0.415625 0.250390625 0.415625
19 0.3734375 0.4109375 0.3734375 0.46875 0.4265625 0.46875 0.4265625 0.4109375 0.3734375 0.4109375
19 0.4296875 0.409375 0.4296875 0.4703125 0.48125 0.4703125 0.48125 0.409375 0.4296875 0.409375
19 0.3734375 0.416796875 0.3359375 0.416796875 0.3359375 0.4671875 0.3734375 0.4671875 0.3734375 0.416796875
19 0.3375 0.42421875 0.290234375 0.42421875 0.290234375 0.4625 0.3375 0.4625 0.3375 0.42421875
19 0.5875 0.415234375 0.5359375 0.415234375 0.5359375 0.4703125 0.5875 0.4703125 0.5875 0.415234375
19 0.240625 0.5421875 0.240625 0.501953125 0.1875 0.501953125 0.1875 0.5421875 0.240625 0.5421875
19 0.428125 0.534375 0.428125 0.5125 0.372265625 0.5125 0.372265625 0.534375 0.428125 0.534375
19 0.397265625 0.5109375 0.397265625 0.534375 0.4546875 0.534375 0.4546875 0.5109375 0.397265625 0.5109375
19 0.2359375 0.496875 0.2359375 0.55 0.278125 0.55 0.278125 0.496875 0.2359375 0.496875
19 0.34375 0.5109375 0.34375 0.5375 0.4015625 0.5375 0.4015625 0.5109375 0.34375 0.5109375
19 0.280078125 0.4984375 0.280078125 0.5515625 0.31875 0.5515625 0.31875 0.4984375 0.280078125 0.4984375
19 0.321875 0.5 0.321875 0.5515625 0.3578125 0.5515625 0.3578125 0.5 0.321875 0.5
19 0.4421875 0.5 0.4421875 0.5515625 0.490625 0.5515625 0.490625 0.5 0.4421875 0.5
19 0.4984375 0.503125 0.4984375 0.5515625 0.54375 0.5515625 0.54375 0.503125 0.4984375 0.503125
19 0.596875 0.5515625 0.596875 0.503125 0.551953125 0.503125 0.551953125 0.5515625 0.596875 0.5515625
19 0.6546875 0.5546875 0.6546875 0.506640625 0.605078125 0.506640625 0.605078125 0.5546875 0.6546875 0.5546875
19 0.7140625 0.5078125 0.7140625 0.5546875 0.7609375 0.5546875 0.7609375 0.5078125 0.7140625 0.5078125
19 0.703125 0.50703125 0.658203125 0.50703125 0.658203125 0.55625 0.703125 0.55625 0.703125 0.50703125
19 0.586328125 0.5828125 0.586328125 0.5984375 0.609375 0.5984375 0.609375 0.5828125 0.586328125 0.5828125
19 0.6640625 0.603125 0.6640625 0.579296875 0.646875 0.579296875 0.646875 0.603125 0.6640625 0.603125
19 0.6328125 0.6015625 0.6328125 0.58046875 0.61640625 0.58046875 0.61640625 0.6015625 0.6328125 0.6015625
19 0.678125 0.5796875 0.678125 0.60625 0.6953125 0.60625 0.6953125 0.5796875 0.678125 0.5796875
19 0.7234375 0.603125 0.7234375 0.579296875 0.70703125 0.579296875 0.70703125 0.603125 0.7234375 0.603125
19 0.784375 0.60625 0.784375 0.580078125 0.7671875 0.580078125 0.7671875 0.60625 0.784375 0.60625
19 0.2375 0.580078125 0.1921875 0.580078125 0.1921875 0.6234375 0.2375 0.6234375 0.2375 0.580078125
19 0.251953125 0.578125 0.251953125 0.628125 0.2921875 0.628125 0.2921875 0.578125 0.251953125 0.578125
19 0.33125 0.5875 0.33125 0.625 0.3625 0.625 0.3625 0.5875 0.33125 0.5875
19 0.43125 0.61875 0.43125 0.59296875 0.39453125 0.59296875 0.39453125 0.61875 0.43125 0.61875
19 0.390625 0.585546875 0.3640625 0.585546875 0.3640625 0.6234375 0.390625 0.6234375 0.390625 0.585546875
19 0.465625 0.61875 0.465625 0.594140625 0.428125 0.594140625 0.428125 0.61875 0.465625 0.61875
19 0.4953125 0.61875 0.4953125 0.593359375 0.458203125 0.593359375 0.458203125 0.61875 0.4953125 0.61875
19 0.3265625 0.588671875 0.3 0.588671875 0.3 0.6234375 0.3265625 0.6234375 0.3265625 0.588671875
19 0.521875 0.606640625 0.5015625 0.606640625 0.5015625 0.6234375 0.521875 0.6234375 0.521875 0.606640625
19 0.5265625 0.6234375 0.55 0.6234375 0.55 0.606640625 0.5265625 0.606640625 0.5265625 0.6234375
19 0.5546875 0.6078125 0.5546875 0.625 0.584375 0.625 0.584375 0.6078125 0.5546875 0.6078125
19 0.6015625 0.628125 0.6015625 0.60703125 0.588671875 0.60703125 0.588671875 0.628125 0.6015625 0.628125
19 0.634375 0.63125 0.634375 0.604296875 0.617578125 0.604296875 0.617578125 0.63125 0.634375 0.63125
19 0.677734375 0.6046875 0.677734375 0.63359375 0.690625 0.63359375 0.690625 0.6046875 0.677734375 0.6046875
19 0.703125 0.6109375 0.703125 0.628125 0.728125 0.628125 0.728125 0.6109375 0.703125 0.6109375
19 0.6421875 0.6125 0.6421875 0.6296875 0.6671875 0.6296875 0.6671875 0.6125 0.6421875 0.6125
19 0.7796875 0.634375 0.7796875 0.606640625 0.767578125 0.606640625 0.767578125 0.634375 0.7796875 0.634375
19 0.75 0.6109375 0.734765625 0.6109375 0.734765625 0.6328125 0.75 0.6328125 0.75 0.6109375