19 0.253125 0.05 0.253125 0.15 0.3203125 0.15 0.3203125 0.05 0.253125 0.05
19 0.40625 0.07109375 0.312109375 0.07109375 0.312109375 0.1375 0.40625 0.1375 0.40625 0.07109375
19 0.216796875 0.53125 0.216796875 0.603125 0.2859375 0.603125 0.2859375 0.53125 0.216796875 0.53125
19 0.1625 0.546875 0.1625 0.603125 0.2140625 0.603125 0.2140625 0.546875 0.1625 0.546875
19 0.1578125 0.562109375 0.1109375 0.562109375 0.1109375 0.6015625 0.1578125 0.6015625 0.1578125 0.562109375
19 0.062890625 0.5640625 0.062890625 0.6015625 0.10625 0.6015625 0.10625 0.5640625 0.062890625 0.5640625
19 0.728125 0.56796875 0.680859375 0.56796875 0.680859375 0.6125 0.728125 0.6125 0.728125 0.56796875
19 0.7953125 0.6171875 0.7953125 0.554296875 0.73671875 0.554296875 0.73671875 0.6171875 0.7953125 0.6171875
19 0.6765625 0.56328125 0.628515625 0.56328125 0.628515625 0.6125 0.6765625 0.6125 0.6765625 0.56328125
19 0.54375 0.633203125 0.483984375 0.633203125 0.483984375 0.704296875 0.54375 0.704296875 0.54375 0.633203125
19 0.6328125 0.7 0.6328125 0.640625 0.558203125 0.640625 0.558203125 0.7 0.6328125 0.7
19 0.0359375 0.01875 0.0359375 0.1265625 0.1 0.1265625 0.1 0.01875 0.0359375 0.01875
19 0.145703125 0.6421875 0.145703125 0.7109375 0.225 0.7109375 0.225 0.6421875 0.145703125 0.6421875
19 0.13125 0.636328125 0.0671875 0.636328125 0.0671875 0.71875 0.13125 0.71875 0.13125 0.636328125