19 0.8716883546874999 0.6828125 0.8716883546874999 0.637905290625 0.816227603125 0.637905290625 0.816227603125 0.6828125 0.8716883546874999 0.6828125
19 0.8766744875000001 0.6857535203125 0.9295755124999999 0.6857535203125 0.9295755124999999 0.6345589796875 0.8766744875000001 0.6345589796875 0.8766744875000001 0.6857535203125
19 0.0719949859375 0 0.0719949859375 0.0640625 0.1296875 0.0640625 0.1296875 0 0.0719949859375 0
19 0.2220643125 0 0.2220643125 0.05625 0.2921875 0.05625 0.2921875 0 0.2220643125 0
19 0.13928114375 0 0.13928114375 0.0578125 0.2140625 0.0578125 0.2140625 0 0.13928114375 0
19 0.3052127765625 0 0.3052127765625 0.0640625 0.365625 0.0640625 0.365625 0 0.3052127765625 0
19 0.5238934515625 0 0.5238934515625 0.0609375 0.5953125 0.0609375 0.5953125 0 0.5238934515625 0
19 0.68533223125 0 0.68533223125 0.065625 0.7453125 0.065625 0.7453125 0 0.68533223125 0
19 0.909375 0.0625 0.909375 0.00031996562499999996 0.834609640625 0.00031996562499999996 0.834609640625 0.0625 0.909375 0.0625
19 0.44690433125 0 0.44690433125 0.0609375 0.52028316875 0.0609375 0.52028316875 0 0.44690433125 0
19 0.7625 0 0.7625 0.06875 0.825 0.06875 0.825 0 0.7625 0
19 0.37169635156249997 0 0.37169635156249997 0.0625 0.44375 0.0625 0.44375 0 0.37169635156249997 0
19 0.6107455203125001 0 0.6107455203125001 0.0625 0.66875 0.0625 0.66875 0 0.6107455203125001 0
19 0.9164195828125001 0 0.9164195828125001 0.068672675 0.98125 0.068672675 0.98125 0 0.9164195828125001 0
19 0.721875 0.9859375 0.721875 0.9181420640625 0.6594096640625 0.9181420640625 0.6594096640625 0.9859375 0.721875 0.9859375
19 0.7359375 0.9859375 0.8015625 0.9859375 0.8015625 0.9218376703125 0.7359375 0.9218376703125 0.7359375 0.9859375
19 0.8051487843749999 0.925 0.8051487843749999 0.9859375 0.8682887156250001 0.9859375 0.8682887156250001 0.925 0.8051487843749999 0.925
19 0.934375 0.9953125 0.934375 0.9323458828125 0.8768078078125001 0.9323458828125 0.8768078078125001 0.9953125 0.934375 0.9953125
19 0.9328125 0.371875 0.9328125 0.30143984687500003 0.8846976312500001 0.30143984687500003 0.8846976312500001 0.371875 0.9328125 0.371875
19 0.503125 0.3390625 0.4203125 0.3390625 0.4203125 0.40284502968749997 0.503125 0.40284502968749997 0.503125 0.3390625
19 0.565625 0.336177475 0.49662169375 0.336177475 0.49662169375 0.41382252499999994 0.565625 0.41382252499999994 0.565625 0.336177475
19 0.8017358140624999 0.4153850265625 0.8717016843750001 0.4153850265625 0.8717016843750001 0.33773997499999997 0.8017358140624999 0.33773997499999997 0.8017358140624999 0.4153850265625
19 0.796875 0.4125 0.796875 0.34349669375 0.7254559515625 0.34349669375 0.7254559515625 0.4125 0.796875 0.4125
19 0.6390625 0.415625 0.6390625 0.340625 0.5700591937499999 0.340625 0.5700591937499999 0.415625 0.6390625 0.415625
19 0.715625 0.34384865625 0.64419261875 0.34384865625 0.64419261875 0.4138145265625 0.715625 0.4138145265625 0.715625 0.34384865625
19 0.946875 0.41875 0.946875 0.3605108796875 0.8803780937499999 0.3605108796875 0.8803780937499999 0.41875 0.946875 0.41875
19 0.203125 0.5171875 0.203125 0.468837990625 0.13674008124999998 0.468837990625 0.13674008124999998 0.5171875 0.203125 0.5171875
19 0.1421875 0.528125 0.1421875 0.458540421875 0.0958404453125 0.458540421875 0.0958404453125 0.528125 0.1421875 0.528125
19 0.2546875 0.528125 0.2546875 0.46031889843749996 0.2046848328125 0.46031889843749996 0.2046848328125 0.528125 0.2546875 0.528125
19 0.2921875 0.5296875 0.2921875 0.47823698906249995 0.259497653125 0.47823698906249995 0.259497653125 0.5296875 0.2921875 0.5296875
19 0.378125 0.521875 0.378125 0.490625 0.3278663609375 0.490625 0.3278663609375 0.521875 0.378125 0.521875
19 0.34375 0.521875 0.34375 0.4900517265625 0.2920861765625 0.4900517265625 0.2920861765625 0.521875 0.34375 0.521875
19 0.425 0.5265625 0.425 0.48808127187499994 0.372146971875 0.48808127187499994 0.372146971875 0.5265625 0.425 0.5265625
19 0.4671875 0.5265625 0.4671875 0.491747546875 0.4146864328125 0.491747546875 0.4146864328125 0.5265625 0.4671875 0.5265625
19 0.5109375 0.4910249578125 0.4594603234375 0.4910249578125 0.4594603234375 0.5277143765625001 0.5109375 0.5277143765625001 0.5109375 0.4910249578125
19 0.6390625 0.5296875 0.6390625 0.4923821453125 0.5928487640625 0.4923821453125 0.5928487640625 0.5296875 0.6390625 0.5296875
19 0.546875 0.48612148125 0.512124040625 0.48612148125 0.512124040625 0.5373160203125 0.546875 0.5373160203125 0.546875 0.48612148125
19 0.553125 0.5359375 0.5890625 0.5359375 0.5890625 0.48650277343750004 0.553125 0.48650277343750004 0.553125 0.5359375
19 0.68125 0.48775597187499997 0.6453125 0.48775597187499997 0.6453125 0.537244028125 0.68125 0.537244028125 0.68125 0.48775597187499997
19 0.73125 0.5296875 0.73125 0.492056846875 0.6785276234375 0.492056846875 0.6785276234375 0.5296875 0.73125 0.5296875
19 0.759375 0.5390625 0.759375 0.5054287562499999 0.7253892921875 0.5054287562499999 0.7253892921875 0.5390625 0.759375 0.5390625
19 0.7656756625 0.5436993390625 0.8015118375 0.5436993390625 0.8015118375 0.5078631625 0.7656756625 0.5078631625 0.7656756625 0.5436993390625
19 0.8453125 0.5421875 0.8453125 0.5067006187499999 0.808703071875 0.5067006187499999 0.808703071875 0.5421875 0.8453125 0.5421875
19 0.8484375 0.54375 0.8796875 0.54375 0.8796875 0.5124546703124999 0.8484375 0.5124546703124999 0.8484375 0.54375