19 0.93046875 0.2671875 0.8546875 0.2671875 0.8546875 0.33828125 0.93046875 0.33828125 0.93046875 0.2671875
19 0.38125 0.271875 0.3296875 0.271875 0.3296875 0.34609375 0.38125 0.34609375 0.38125 0.271875
19 0.3203125 0.2734375 0.26875 0.2734375 0.26875 0.34765625 0.3203125 0.34765625 0.3203125 0.2734375
19 0.25703125 0.2734375 0.2015625 0.2734375 0.2015625 0.346875 0.25703125 0.346875 0.25703125 0.2734375
19 0.4984375 0.2921875 0.4515625 0.2921875 0.4515625 0.3453125 0.4984375 0.3453125 0.4984375 0.2921875
19 0.44375 0.29375 0.3953125 0.29375 0.3953125 0.346875 0.44375 0.346875 0.44375 0.29375
19 0.51875 0.4171875 0.4515625 0.4171875 0.4515625 0.47578125 0.51875 0.47578125 0.51875 0.4171875
19 0.184375 0.425 0.1109375 0.425 0.1109375 0.48046875 0.184375 0.48046875 0.184375 0.425
19 0.2734375 0.4265625 0.196875 0.4265625 0.196875 0.48203125 0.2734375 0.48203125 0.2734375 0.4265625
19 0.44296875 0.434375 0.3921875 0.434375 0.3921875 0.4765625 0.44296875 0.4765625 0.44296875 0.434375
19 0.3859375 0.4375 0.3375 0.4375 0.3375 0.4796875 0.3859375 0.4796875 0.3859375 0.4375
19 0.32890625 0.453125 0.278125 0.453125 0.278125 0.47734375 0.32890625 0.47734375 0.32890625 0.453125
19 0.37265625 0.5140625 0.2921875 0.5140625 0.2921875 0.56953125 0.37265625 0.56953125 0.37265625 0.5140625
19 0.2046875 0.5171875 0.1171875 0.5171875 0.1171875 0.57265625 0.2046875 0.57265625 0.2046875 0.5171875
19 0.115625 0.51875 0.0265625 0.51875 0.0265625 0.571875 0.115625 0.571875 0.115625 0.51875
19 0.2859375 0.521875 0.20625 0.521875 0.20625 0.57578125 0.2859375 0.57578125 0.2859375 0.521875
19 0.2078125 0.625 0.1390625 0.625 0.1390625 0.665625 0.2078125 0.665625 0.2078125 0.625
19 0.28984375 0.6265625 0.225 0.6265625 0.225 0.66875 0.28984375 0.66875 0.28984375 0.6265625
19 0.12578125 0.63125 0.0546875 0.63125 0.0546875 0.66875 0.12578125 0.66875 0.12578125 0.63125
19 0.15546875 0.7046875 0.090625 0.7046875 0.090625 0.74296875 0.15546875 0.74296875 0.15546875 0.7046875
19 0.3875 0.7078125 0.3234375 0.7078125 0.3234375 0.74375 0.3875 0.74375 0.3875 0.7078125
19 0.2359375 0.709375 0.1734375 0.709375 0.1734375 0.7421875 0.2359375 0.7421875 0.2359375 0.709375
19 0.4625 0.7109375 0.39375 0.7109375 0.39375 0.73984375 0.4625 0.73984375 0.4625 0.7109375
19 0.31328125 0.709375 0.2484375 0.709375 0.2484375 0.7421875 0.31328125 0.7421875 0.31328125 0.709375