19 0.209375 0.434375 0.2453125 0.434375 0.2453125 0.346677815625 0.209375 0.346677815625 0.209375 0.434375
19 0.20142521875 0.434375 0.20142521875 0.34661291875 0.1694763375 0.34661291875 0.1694763375 0.434375 0.20142521875 0.434375
19 0.309375 0.4140625 0.309375 0.373439996875 0.22921325937499998 0.373439996875 0.22921325937499998 0.4140625 0.309375 0.4140625
19 0.7951053328125 0.43125 0.7951053328125 0.3929387984375 0.7383960671875001 0.3929387984375 0.7383960671875001 0.43125 0.7951053328125 0.43125
19 0.834375 0.3833641171875 0.7984375 0.3833641171875 0.7984375 0.4400733828125 0.834375 0.4400733828125 0.834375 0.3833641171875
19 0.646875 0.5609375 0.728125 0.5609375 0.728125 0.48544079375000004 0.646875 0.48544079375000004 0.646875 0.5609375
19 0.8015625 0.5578125 0.8015625 0.5012654750000001 0.7271016375 0.5012654750000001 0.7271016375 0.5578125 0.8015625 0.5578125
19 0.275 0.553125 0.275 0.5095322484375 0.22092901406249998 0.50953225 0.22092901406249998 0.553125 0.275 0.553125
19 0.2234375 0.5546875 0.2234375 0.5091753203125 0.1696460671875 0.5091753203125 0.1696460671875 0.5546875 0.2234375 0.5546875
19 0.325 0.553125 0.325 0.510268571875 0.27044978125 0.510268571875 0.27044978125 0.553125 0.325 0.553125
19 0.4734375 0.5609375 0.4734375 0.503259784375 0.4125998390625 0.503259784375 0.4125998390625 0.5609375 0.4734375 0.5609375
19 0.54375 0.575 0.54375 0.5003793921875 0.492052715625 0.5003793921875 0.492052715625 0.575 0.54375 0.575
19 0.6328125 0.5112395171874999 0.5653354625 0.5112395171874999 0.5653354625 0.5655526156249999 0.6328125 0.5655526156249999 0.6328125 0.5112395171874999
19 0.3640625 0.5578125 0.3640625 0.524470846875 0.3236172125 0.524470846875 0.3236172125 0.5578125 0.3640625 0.5578125
19 0.403125 0.5609375 0.403125 0.5236995796875 0.369953075 0.5236995796875 0.369953075 0.5609375 0.403125 0.5609375