19 0.26640625 0.1015625 0.215625 0.1015625 0.215625 0.19296875 0.26640625 0.19296875 0.26640625 0.1015625
19 0.2046875 0.1046875 0.1515625 0.1046875 0.1515625 0.19609375 0.2046875 0.19609375 0.2046875 0.1046875
19 0.4328125 0.1125 0.3859375 0.1125 0.3859375 0.1890625 0.4328125 0.1890625 0.4328125 0.1125
19 0.1453125 0.10625 0.0875 0.10625 0.0875 0.19765625 0.1453125 0.19765625 0.1453125 0.10625
19 0.3265625 0.1140625 0.28125 0.1140625 0.28125 0.190625 0.3265625 0.190625 0.3265625 0.1140625
19 0.378125 0.1140625 0.3328125 0.1140625 0.3328125 0.1921875 0.378125 0.1921875 0.378125 0.1140625
19 0.70546875 0.125 0.6625 0.125 0.6625 0.18046875 0.70546875 0.18046875 0.70546875 0.125
19 0.7546875 0.1265625 0.7140625 0.1265625 0.7140625 0.18203125 0.7546875 0.18203125 0.7546875 0.1265625
19 0.0734375 0.1109375 0.0203125 0.1109375 0.0203125 0.20234375 0.0734375 0.20234375 0.0734375 0.1109375
19 0.64453125 0.128125 0.6015625 0.128125 0.6015625 0.18359375 0.64453125 0.18359375 0.64453125 0.128125
19 0.18125 0.265625 0.1140625 0.265625 0.1140625 0.353125 0.18125 0.353125 0.18125 0.265625
19 0.25078125 0.2640625 0.1921875 0.2640625 0.1921875 0.35546875 0.25078125 0.35546875 0.25078125 0.2640625
19 0.4390625 0.2828125 0.3828125 0.2828125 0.3828125 0.3515625 0.4390625 0.3515625 0.4390625 0.2828125
19 0.37265625 0.2828125 0.321875 0.2828125 0.321875 0.35234375 0.37265625 0.35234375 0.37265625 0.2828125
19 0.31328125 0.2828125 0.2578125 0.2828125 0.2578125 0.35390625 0.31328125 0.35390625 0.31328125 0.2828125
19 0.796875 0.290625 0.7140625 0.290625 0.7140625 0.3515625 0.796875 0.3515625 0.796875 0.290625
19 0.990625 0.290625 0.90625 0.290625 0.90625 0.3515625 0.990625 0.3515625 0.990625 0.290625
19 0.89296875 0.290625 0.8125 0.290625 0.8125 0.35078125 0.89296875 0.35078125 0.89296875 0.290625
19 0.59765625 0.296875 0.5546875 0.296875 0.5546875 0.35234375 0.59765625 0.35234375 0.59765625 0.296875
19 0.49140625 0.3 0.446875 0.3 0.446875 0.353125 0.49140625 0.353125 0.49140625 0.3
19 0.5453125 0.3 0.4984375 0.3 0.4984375 0.353125 0.5453125 0.353125 0.5453125 0.3
19 0.6984375 0.31875 0.653125 0.31875 0.653125 0.35 0.6984375 0.35 0.6984375 0.31875
19 0.6484375 0.31875 0.60625 0.31875 0.60625 0.3515625 0.6484375 0.3515625 0.6484375 0.31875
19 0.43984375 0.4 0.36875 0.4 0.36875 0.4796875 0.43984375 0.4796875 0.43984375 0.4
19 0.52578125 0.403125 0.44375 0.403125 0.44375 0.4796875 0.52578125 0.4796875 0.52578125 0.403125
19 0.09921875 0.4171875 0.04375 0.4171875 0.04375 0.475 0.09921875 0.475 0.09921875 0.4171875
19 0.23671875 0.415625 0.1703125 0.415625 0.1703125 0.47578125 0.23671875 0.47578125 0.23671875 0.415625
19 0.30234375 0.41875 0.2421875 0.41875 0.2421875 0.47734375 0.30234375 0.47734375 0.30234375 0.41875
19 0.36875 0.4203125 0.3078125 0.4203125 0.3078125 0.4765625 0.36875 0.4765625 0.36875 0.4203125
19 0.1703125 0.421875 0.1078125 0.421875 0.1078125 0.47734375 0.1703125 0.47734375 0.1703125 0.421875
19 0.73984375 0.428125 0.696875 0.428125 0.696875 0.48125 0.73984375 0.48125 0.73984375 0.428125
19 0.6875 0.428125 0.6421875 0.428125 0.6421875 0.48203125 0.6875 0.48203125 0.6875 0.428125
19 0.57890625 0.43125 0.534375 0.43125 0.534375 0.4796875 0.57890625 0.4796875 0.57890625 0.43125
19 0.63359375 0.4296875 0.5890625 0.4296875 0.5890625 0.48046875 0.63359375 0.48046875 0.63359375 0.4296875
19 0.7984375 0.4296875 0.75 0.4296875 0.75 0.4859375 0.7984375 0.4859375 0.7984375 0.4296875
19 0.85390625 0.4296875 0.809375 0.4296875 0.809375 0.4859375 0.85390625 0.4859375 0.85390625 0.4296875
19 0.9734375 0.4296875 0.928125 0.4296875 0.928125 0.4859375 0.9734375 0.4859375 0.9734375 0.4296875
19 0.9125 0.4296875 0.8640625 0.4296875 0.8640625 0.48515625 0.9125 0.48515625 0.9125 0.4296875