19 0.315625 0.1140625 0.315625 0.040234375 0.289453125 0.040234375 0.289453125 0.1140625 0.315625 0.1140625
19 0.30625 0.0921875 0.30625 0.063671875 0.237109375 0.063671875 0.237109375 0.0921875 0.30625 0.0921875
19 0.2953125 0.0671875 0.2953125 0.09375 0.36875 0.09375 0.36875 0.0671875 0.2953125 0.0671875
19 0.359375 0.840625 0.359375 0.811328125 0.3328125 0.811328125 0.3328125 0.840625 0.359375 0.840625
19 0.188671875 0.8125 0.188671875 0.8421875 0.2171875 0.8421875 0.2171875 0.8125 0.188671875 0.8125
19 0.39375 0.8125 0.39375 0.8421875 0.421875 0.8421875 0.421875 0.8125 0.39375 0.8125
19 0.325 0.8421875 0.325 0.813671875 0.292578125 0.813671875 0.292578125 0.8421875 0.325 0.8421875
19 0.362890625 0.8140625 0.362890625 0.84375 0.390625 0.84375 0.390625 0.8140625 0.362890625 0.8140625
19 0.2890625 0.8421875 0.2890625 0.813671875 0.254296875 0.813671875 0.254296875 0.8421875 0.2890625 0.8421875
19 0.2234375 0.815625 0.2234375 0.8453125 0.2546875 0.8453125 0.2546875 0.815625 0.2234375 0.815625
19 0.2703125 0.8515625 0.2703125 0.884375 0.303125 0.884375 0.303125 0.8515625 0.2703125 0.8515625
19 0.3359375 0.88125 0.3359375 0.852734375 0.30234375 0.852734375 0.30234375 0.88125 0.3359375 0.88125
19 0.428125 0.8828125 0.428125 0.8546875 0.397265625 0.8546875 0.397265625 0.8828125 0.428125 0.8828125
19 0.235546875 0.8515625 0.235546875 0.88515625 0.271875 0.88515625 0.271875 0.8515625 0.235546875 0.8515625
19 0.334375 0.8515625 0.334375 0.884375 0.365625 0.884375 0.365625 0.8515625 0.334375 0.8515625
19 0.176953125 0.85 0.176953125 0.8875 0.2046875 0.8875 0.2046875 0.85 0.176953125 0.85
19 0.365234375 0.8546875 0.365234375 0.8875 0.3984375 0.8875 0.3984375 0.8546875 0.365234375 0.8546875
19 0.2078125 0.8546875 0.2078125 0.8875 0.2390625 0.8875 0.2390625 0.8546875 0.2078125 0.8546875
19 0.39375 0.8984375 0.39375 0.934375 0.4234375 0.934375 0.4234375 0.8984375 0.39375 0.8984375
19 0.35625 0.93125 0.384375 0.93125 0.384375 0.903125 0.35625 0.903125 0.35625 0.93125
19 0.3171875 0.93125 0.35 0.93125 0.35 0.903125 0.3171875 0.903125 0.3171875 0.93125
19 0.2734375 0.903515625 0.246875 0.903515625 0.246875 0.9328125 0.2734375 0.9328125 0.2734375 0.903515625
19 0.16875 0.9078125 0.16875 0.9328125 0.2015625 0.9328125 0.2015625 0.9078125 0.16875 0.9078125
19 0.309375 0.903515625 0.28046875 0.903515625 0.28046875 0.934375 0.309375 0.934375 0.309375 0.903515625
19 0.2078125 0.90625 0.2078125 0.934375 0.240625 0.934375 0.240625 0.90625 0.2078125 0.90625
19 0.7984375 0.163671875 0.7734375 0.163671875 0.7734375 0.2140625 0.7984375 0.2140625 0.7984375 0.163671875
19 0.7953125 0.246875 0.7953125 0.21484375 0.72421875 0.21484375 0.72421875 0.246875 0.7953125 0.246875
19 0.7046875 0.1984375 0.7046875 0.2671875 0.7375 0.2671875 0.7375 0.1984375 0.7046875 0.1984375
19 0.6484375 0.21875 0.6484375 0.25 0.7203125 0.25 0.7203125 0.21875 0.6484375 0.21875
19 0.7671875 0.2546875 0.8171875 0.2546875 0.8171875 0.226953125 0.7671875 0.226953125 0.7671875 0.2546875
19 0.4859375 0.2984375 0.4859375 0.371875 0.54375 0.371875 0.54375 0.2984375 0.4859375 0.2984375
19 0.43125 0.2984375 0.43125 0.371875 0.484375 0.371875 0.484375 0.2984375 0.43125 0.2984375
19 0.4 0.31875 0.331640625 0.31875 0.331640625 0.35625 0.4 0.35625 0.4 0.31875
19 0.60625 0.3625 0.60625 0.310546875 0.5421875 0.310546875 0.5421875 0.3625 0.60625 0.3625
19 0.3140625 0.3578125 0.3140625 0.317578125 0.2453125 0.317578125 0.2453125 0.3578125 0.3140625 0.3578125
19 0.3578125 0.317578125 0.2890625 0.317578125 0.2890625 0.3578125 0.3578125 0.3578125 0.3578125 0.317578125
19 0.2265625 0.3578125 0.2265625 0.31640625 0.15859375 0.31640625 0.15859375 0.3578125 0.2265625 0.3578125
19 0.428125 0.3734375 0.428125 0.304296875 0.389453125 0.304296875 0.389453125 0.3734375 0.428125 0.3734375
19 0.26875 0.32109375 0.202734375 0.32109375 0.202734375 0.359375 0.26875 0.359375 0.26875 0.32109375
19 0.46875 0.406640625 0.446875 0.406640625 0.446875 0.471875 0.46875 0.471875 0.46875 0.406640625
19 0.4609375 0.4515625 0.4609375 0.43046875 0.39765625 0.43046875 0.39765625 0.4515625 0.4609375 0.4515625
19 0.4734375 0.4109375 0.4734375 0.4734375 0.4953125 0.4734375 0.4953125 0.4109375 0.4734375 0.4109375
19 0.671875 0.416015625 0.6125 0.416015625 0.6125 0.46875 0.671875 0.46875 0.671875 0.416015625
19 0.3796875 0.4125 0.3796875 0.4765625 0.415625 0.4765625 0.415625 0.4125 0.3796875 0.4125
19 0.56875 0.4328125 0.508203125 0.4328125 0.508203125 0.45625 0.56875 0.45625 0.56875 0.4328125
19 0.7234375 0.414453125 0.6703125 0.414453125 0.6703125 0.471875 0.7234375 0.471875 0.7234375 0.414453125
19 0.559375 0.415625 0.559375 0.4734375 0.6109375 0.4734375 0.6109375 0.415625 0.559375 0.415625
19 0.33125 0.4140625 0.33125 0.4765625 0.3734375 0.4765625 0.3734375 0.4140625 0.33125 0.4140625
19 0.5390625 0.45625 0.5390625 0.4328125 0.480859375 0.4328125 0.480859375 0.45625 0.5390625 0.45625
19 0.288671875 0.4140625 0.288671875 0.478125 0.3265625 0.478125 0.3265625 0.4140625 0.288671875 0.4140625
19 0.3390625 0.5625 0.3390625 0.51640625 0.28203125 0.51640625 0.28203125 0.5625 0.3390625 0.5625
19 0.231640625 0.5171875 0.231640625 0.56875 0.2859375 0.56875 0.2859375 0.5171875 0.231640625 0.5171875
19 0.334375 0.5203125 0.334375 0.565625 0.3671875 0.565625 0.3671875 0.5203125 0.334375 0.5203125
19 0.36875 0.5203125 0.36875 0.565625 0.4 0.565625 0.4 0.5203125 0.36875 0.5203125
19 0.503125 0.523828125 0.4734375 0.523828125 0.4734375 0.5625 0.503125 0.5625 0.503125 0.523828125
19 0.402734375 0.5203125 0.402734375 0.565625 0.4359375 0.565625 0.4359375 0.5203125 0.402734375 0.5203125
19 0.171484375 0.51875 0.171484375 0.571875 0.2265625 0.571875 0.2265625 0.51875 0.171484375 0.51875
19 0.4765625 0.530078125 0.434375 0.530078125 0.434375 0.559375 0.4765625 0.559375 0.4765625 0.530078125
19 0.3875 0.6265625 0.3875 0.6578125 0.434375 0.6578125 0.434375 0.6265625 0.3875 0.6265625
19 0.46875 0.659375 0.46875 0.62734375 0.42265625 0.62734375 0.42265625 0.659375 0.46875 0.659375
19 0.359375 0.6203125 0.359375 0.665625 0.390625 0.665625 0.390625 0.6203125 0.359375 0.6203125
19 0.3296875 0.659375 0.3296875 0.62890625 0.28203125 0.62890625 0.28203125 0.659375 0.3296875 0.659375
19 0.323828125 0.6203125 0.323828125 0.66875 0.35625 0.66875 0.35625 0.6203125 0.323828125 0.6203125
19 0.25625 0.625 0.25625 0.6703125 0.2890625 0.6703125 0.2890625 0.625 0.25625 0.625
19 0.21875 0.625 0.21875 0.6703125 0.2515625 0.6703125 0.2515625 0.625 0.21875 0.625
19 0.221875 0.63359375 0.177734375 0.63359375 0.177734375 0.6625 0.221875 0.6625 0.221875 0.63359375
19 0.53125 0.76875 0.53125 0.72734375 0.47578125 0.72734375 0.47578125 0.76875 0.53125 0.76875
19 0.478125 0.72890625 0.426171875 0.72890625 0.426171875 0.771875 0.478125 0.771875 0.478125 0.72890625
19 0.2375 0.722265625 0.1921875 0.722265625 0.1921875 0.7796875 0.2375 0.7796875 0.2375 0.722265625
19 0.2390625 0.7234375 0.2390625 0.7796875 0.2796875 0.7796875 0.2796875 0.7234375 0.2390625 0.7234375
19 0.4265625 0.778125 0.4265625 0.723828125 0.382421875 0.723828125 0.382421875 0.778125 0.4265625 0.778125
19 0.287890625 0.7265625 0.287890625 0.7796875 0.3296875 0.7796875 0.3296875 0.7265625 0.287890625 0.7265625
19 0.38125 0.7734375 0.38125 0.732421875 0.331640625 0.732421875 0.331640625 0.7734375 0.38125 0.7734375
19 0.3734375 0.039453125 0.3484375 0.039453125 0.3484375 0.1125 0.3734375 0.1125 0.3734375 0.039453125
19 0.20625 0.0640625 0.20625 0.0890625 0.278125 0.0890625 0.278125 0.0640625 0.20625 0.0640625
19 0.196875 0.1109375 0.196875 0.041796875 0.169140625 0.041796875 0.169140625 0.1109375 0.196875 0.1109375
19 0.2 0.0421875 0.2 0.1125 0.2265625 0.1125 0.2265625 0.0421875 0.2 0.0421875