19 0.9203125 0.5875 0.9203125 0.485982428125 0.853154953125 0.485982428125 0.853154953125 0.5875 0.9203125 0.5875
19 1 0.5023911734375 0.9129168328124999 0.5023911734375 0.9129168328124999 0.5703125 1 0.5703125 1 0.5023911734375
19 0.70625 0.49375 0.611693790625 0.49375 0.611693790625 0.5890450281249999 0.70625 0.5890450281249999 0.70625 0.49375
19 0.6109375 0.49747404062499995 0.5182258390625 0.49747404062499995 0.5182258390625 0.5869309109375 0.6109375 0.5869309109375 0.6109375 0.49747404062499995
19 0.421875 0.5890625 0.5125 0.5890625 0.5125 0.49375 0.421875 0.49375 0.421875 0.5890625
19 0.7764027546875 0.578125 0.7764027546875 0.5241513578125 0.70531649375 0.5241513578125 0.70531649375 0.578125 0.7764027546875 0.578125
19 0.8453125 0.58125 0.8453125 0.5237445078125 0.775985921875 0.5237445078125 0.775985921875 0.58125 0.8453125 0.58125
19 0.2140625 0.5890625 0.2140625 0.5144044531249999 0.11530551093750001 0.5144044531249999 0.11530551093750001 0.5890625 0.2140625 0.5890625
19 0.2203125 0.5890625 0.3171875 0.5890625 0.3171875 0.515625 0.2203125 0.515625 0.2203125 0.5890625
19 0.4046875 0.6 0.4046875 0.5006240015625 0.3291358828125 0.5006240015625 0.3291358828125 0.6 0.4046875 0.6
19 0 0.5875 0.040625 0.5875 0.040625 0.54625349375 0 0.54625349375 0 0.5875
19 0.0578125 0.5859375 0.1046875 0.5859375 0.1046875 0.5474465859375 0.0578125 0.5474465859375 0.0578125 0.5859375
19 0.5078125 0.7265625 0.5078125 0.6069713453125 0.41519069531249997 0.6069713453125 0.41519069531249997 0.7265625 0.5078125 0.7265625
19 1 0.6407797515625 0.926772165625 0.6407797515625 0.926772165625 0.6921875 1 0.6921875 1 0.6407797515625
19 0.8234375 0.6171875 0.721875 0.6171875 0.721875 0.7201727234375 0.8234375 0.7201727234375 0.8234375 0.6171875
19 0.934375 0.6140625 0.8348442500000001 0.6140625 0.8348442500000001 0.7218175921875 0.934375 0.7218175921875 0.934375 0.6140625
19 0.6203125 0.715625 0.6203125 0.627493509375 0.5300843640624999 0.627493509375 0.5300843640624999 0.715625 0.6203125 0.715625
19 0.7140625 0.715625 0.7140625 0.627962759375 0.62606579375 0.627962759375 0.62606579375 0.715625 0.7140625 0.715625
19 0.3984375 0.7140625 0.3984375 0.6441443687499999 0.289419428125 0.6441443687499999 0.289419428125 0.7140625 0.3984375 0.7140625