19 0.45625 0.284375 0.45625 0.17219654375 0.3855556671875 0.17219654375 0.3855556671875 0.284375 0.45625 0.284375
19 0.5484375 0.2625 0.5484375 0.1953125 0.43750753593749997 0.1953125 0.43750753593749997 0.2625 0.5484375 0.2625
19 0.33125 0.278125 0.33125 0.197432678125 0.25975180781249996 0.197432678125 0.25975180781249996 0.278125 0.33125 0.278125
19 0.6028310890624999 0.2640625 0.6028310890624999 0.2130199953125 0.507975784375 0.2130199953125 0.507975784375 0.2640625 0.6028310890624999 0.2640625
19 0.2484375 0.28125 0.2484375 0.20037429687500002 0.1786098265625 0.20037429687500002 0.1786098265625 0.28125 0.2484375 0.28125
19 0.65625 0.2640625 0.65625 0.2163107921875 0.5608219453125 0.2163107921875 0.5608219453125 0.2640625 0.65625 0.2640625
19 0.3875 0.2734375 0.3875 0.22248291875 0.32199055312499997 0.22248291875 0.32199055312499997 0.2734375 0.3875 0.2734375
19 0.628125 0.41875 0.628125 0.3611460015625 0.5522784359374999 0.3611460015625 0.5522784359374999 0.41875 0.628125 0.41875
19 0.6887886859375 0.421875 0.6887886859375 0.36444684375 0.6100105499999999 0.36444684375 0.6100105499999999 0.421875 0.6887886859375 0.421875
19 0.7453125 0.421875 0.7453125 0.3657706984375 0.66935289375 0.3657706984375 0.66935289375 0.421875 0.7453125 0.421875
19 0.7953125 0.3551421828125 0.7390625 0.3551421828125 0.7390625 0.4339203171875 0.7953125 0.4339203171875 0.7953125 0.3551421828125
19 0.8484375 0.4234375 0.8484375 0.3846488140625 0.790137659375 0.3846488140625 0.790137659375 0.4234375 0.8484375 0.4234375
19 0.8921875 0.4265625 0.8921875 0.3849854296875 0.8332998390625 0.3849854296875 0.8332998390625 0.4265625 0.8921875 0.4265625
19 0.9355004031249999 0.434375 0.9355004031249999 0.376507234375 0.883249596875 0.376507234375 0.883249596875 0.434375 0.9355004031249999 0.434375