19 0.309765625 0.8015625 0.309765625 0.8734375 0.3625 0.8734375 0.3625 0.8015625 0.309765625 0.8015625
19 0.309375 0.865625 0.309375 0.823046875 0.251953125 0.823046875 0.251953125 0.865625 0.309375 0.865625
19 0.369140625 0.81875 0.369140625 0.875 0.421875 0.875 0.421875 0.81875 0.369140625 0.81875
19 0.25625 0.8671875 0.25625 0.825 0.198828125 0.825 0.198828125 0.8671875 0.25625 0.8671875
19 0.2015625 0.817578125 0.1609375 0.817578125 0.1609375 0.8765625 0.2015625 0.8765625 0.2015625 0.817578125
19 0.1109375 0.821875 0.1109375 0.8796875 0.1515625 0.8796875 0.1515625 0.821875 0.1109375 0.821875
19 0.2765625 0.315625 0.2765625 0.234765625 0.201171875 0.234765625 0.201171875 0.315625 0.2765625 0.315625
19 0.3640625 0.2375 0.281640625 0.2375 0.281640625 0.3171875 0.3640625 0.3171875 0.3640625 0.2375
19 0.11875 0.2375 0.11875 0.3171875 0.1921875 0.3171875 0.1921875 0.2375 0.11875 0.2375
19 0.4375 0.3140625 0.4375 0.244921875 0.365234375 0.244921875 0.365234375 0.3140625 0.4375 0.3140625
19 0.1171875 0.3171875 0.1171875 0.24453125 0.040234375 0.24453125 0.040234375 0.3171875 0.1171875 0.3171875
19 0.278125 0.5984375 0.278125 0.53828125 0.22265625 0.53828125 0.22265625 0.5984375 0.278125 0.5984375
19 0.14765625 0.6 0.14765625 0.538671875 0.0890625 0.538671875 0.0890625 0.6 0.14765625 0.6
19 0.159375 0.5484375 0.159375 0.6 0.2125 0.6 0.2125 0.5484375 0.159375 0.5484375
19 0.4015625 0.7375 0.4015625 0.682421875 0.34765625 0.682421875 0.34765625 0.7375 0.4015625 0.7375
19 0.278125 0.6859375 0.278125 0.7390625 0.3375 0.7390625 0.3375 0.6859375 0.278125 0.6859375