19 0.3203125 0.05 0.253125 0.05 0.253125 0.15 0.3203125 0.15 0.3203125 0.05
19 0.39296875 0.05625 0.3265625 0.05625 0.3265625 0.1515625 0.39296875 0.1515625 0.39296875 0.05625
19 0.28671875 0.53125 0.2171875 0.53125 0.2171875 0.603125 0.28671875 0.603125 0.28671875 0.53125
19 0.2140625 0.546875 0.1625 0.546875 0.1625 0.603125 0.2140625 0.603125 0.2140625 0.546875
19 0.1578125 0.5625 0.1109375 0.5625 0.1109375 0.60234375 0.1578125 0.60234375 0.1578125 0.5625
19 0.10703125 0.5640625 0.0625 0.5640625 0.0625 0.6015625 0.10703125 0.6015625 0.10703125 0.5640625
19 0.72734375 0.565625 0.6828125 0.565625 0.6828125 0.6140625 0.72734375 0.6140625 0.72734375 0.565625
19 0.7984375 0.55625 0.734375 0.55625 0.734375 0.61640625 0.7984375 0.61640625 0.7984375 0.55625
19 0.67734375 0.5640625 0.628125 0.5640625 0.628125 0.6125 0.67734375 0.6125 0.67734375 0.5640625
19 0.54921875 0.6390625 0.478125 0.6390625 0.478125 0.69921875 0.54921875 0.69921875 0.54921875 0.6390625
19 0.63359375 0.640625 0.5578125 0.640625 0.5578125 0.70078125 0.63359375 0.70078125 0.63359375 0.640625
19 0.1 0.01875 0.0359375 0.01875 0.0359375 0.1265625 0.1 0.1265625 0.1 0.01875
19 0.22578125 0.6421875 0.1453125 0.6421875 0.1453125 0.7109375 0.22578125 0.7109375 0.22578125 0.6421875
19 0.140625 0.6453125 0.0578125 0.6453125 0.0578125 0.71015625 0.140625 0.71015625 0.140625 0.6453125