19 0.8390625 0.590625 0.7875 0.590625 0.7875 0.64140625 0.8390625 0.64140625 0.8390625 0.590625
19 0.77890625 0.6078125 0.7296875 0.6078125 0.7296875 0.64609375 0.77890625 0.64609375 0.77890625 0.6078125
19 0.590625 0.5921875 0.5484375 0.5921875 0.5484375 0.659375 0.590625 0.659375 0.590625 0.5921875
19 0.546875 0.60625 0.5171875 0.60625 0.5171875 0.6625 0.546875 0.6625 0.546875 0.60625
19 0.69375 0.6171875 0.6640625 0.6171875 0.6640625 0.65234375 0.69375 0.65234375 0.69375 0.6171875
19 0.62578125 0.6171875 0.5984375 0.6171875 0.5984375 0.65546875 0.62578125 0.65546875 0.62578125 0.6171875
19 0.46953125 0.6140625 0.4203125 0.6140625 0.4203125 0.66953125 0.46953125 0.66953125 0.46953125 0.6140625
19 0.653125 0.6328125 0.628125 0.6328125 0.628125 0.65234375 0.653125 0.65234375 0.653125 0.6328125
19 0.51015625 0.6265625 0.475 0.6265625 0.475 0.6640625 0.51015625 0.6640625 0.51015625 0.6265625
19 0.415625 0.621875 0.3578125 0.621875 0.3578125 0.6734375 0.415625 0.6734375 0.415625 0.621875
19 0.17421875 0.609375 0.078125 0.609375 0.078125 0.6890625 0.17421875 0.6890625 0.17421875 0.609375
19 0.259375 0.6171875 0.1765625 0.6171875 0.1765625 0.68671875 0.259375 0.68671875 0.259375 0.6171875