19 0.056270096874999995 0.2274919609375 0.13263665625 0.2274919609375 0.13263665625 0.07073955 0.056270096874999995 0.07073955 0.056270096874999995 0.2274919609375
19 0.3135048234375 0.24598070781249998 0.412379421875 0.24598070781249998 0.412379421875 0.0691318328125 0.3135048234375 0.0691318328125 0.3135048234375 0.24598070781249998
19 0.421221865625 0.2451768484375 0.5160771703125 0.2451768484375 0.5160771703125 0.07717041875 0.421221865625 0.07717041875 0.421221865625 0.2451768484375
19 0.23472668749999998 0.23874598125 0.3038585203125 0.23874598125 0.3038585203125 0.085209003125 0.23472668749999998 0.085209003125 0.23472668749999998 0.23874598125
19 0.7041800640625 0.2596463015625 0.8046623796875 0.2596463015625 0.8046623796875 0.0803858515625 0.7041800640625 0.0803858515625 0.7041800640625 0.2596463015625
19 0.1463022515625 0.4847266875 0.2250803859375 0.4847266875 0.2250803859375 0.3745980703125 0.1463022515625 0.3745980703125 0.1463022515625 0.4847266875
19 0.2315112546875 0.4895498390625 0.3167202578125 0.4895498390625 0.3167202578125 0.390675240625 0.2315112546875 0.390675240625 0.2315112546875 0.4895498390625
19 0.0530546625 0.4871382640625 0.135852090625 0.4871382640625 0.135852090625 0.3954983921875 0.0530546625 0.3954983921875 0.0530546625 0.4871382640625
19 0.3279742765625 0.4951768484375 0.405948553125 0.4951768484375 0.405948553125 0.397106109375 0.3279742765625 0.397106109375 0.3279742765625 0.4951768484375
19 0.4163987140625 0.4871382640625 0.503215434375 0.4871382640625 0.503215434375 0.40514469531249997 0.4163987140625 0.40514469531249997 0.4163987140625 0.4871382640625
19 0.120578778125 0.6020900328125001 0.164790996875 0.6020900328125001 0.164790996875 0.5514469453124999 0.120578778125 0.5514469453124999 0.120578778125 0.6020900328125001
19 0.1720257234375 0.605305465625 0.215434084375 0.605305465625 0.215434084375 0.5530546625 0.1720257234375 0.5530546625 0.1720257234375 0.605305465625
19 0.390675240625 0.65032154375 0.43890675312500005 0.65032154375 0.43890675312500005 0.5723472671875001 0.390675240625 0.5723472671875001 0.390675240625 0.65032154375
19 0.2781350484375 0.65273311875 0.3303858515625 0.65273311875 0.3303858515625 0.573954984375 0.2781350484375 0.573954984375 0.2781350484375 0.65273311875
19 0.337620578125 0.6567524109375 0.381832796875 0.6567524109375 0.381832796875 0.573954984375 0.337620578125 0.573954984375 0.337620578125 0.6567524109375
19 0.120578778125 0.6575562703125 0.167202571875 0.6575562703125 0.167202571875 0.609324759375 0.120578778125 0.609324759375 0.120578778125 0.6575562703125
19 0.173633440625 0.6551446953125 0.215434084375 0.6551446953125 0.215434084375 0.6109324765624999 0.173633440625 0.6109324765624999 0.173633440625 0.6551446953125