19 0.8796875 0.5953125 0.8796875 0.65625 0.953125 0.65625 0.953125 0.5953125 0.8796875 0.5953125
19 0.7234375 0.65625 0.796875 0.65625 0.796875 0.596875 0.7234375 0.596875 0.7234375 0.65625
19 0.8078125 0.590625 0.8078125 0.6640625 0.86875 0.6640625 0.86875 0.590625 0.8078125 0.590625
19 0.654296875 0.5921875 0.654296875 0.66171875 0.7171875 0.66171875 0.7171875 0.5921875 0.654296875 0.5921875
19 0.591796875 0.6125 0.591796875 0.6578125 0.6453125 0.6578125 0.6453125 0.6125 0.591796875 0.6125
19 0.2890625 0.6140625 0.2890625 0.659375 0.3375 0.659375 0.3375 0.6140625 0.2890625 0.6140625
19 0.4140625 0.6609375 0.4578125 0.6609375 0.4578125 0.608203125 0.4140625 0.608203125 0.4140625 0.6609375
19 0.4734375 0.6109375 0.4734375 0.6625 0.51875 0.6625 0.51875 0.6109375 0.4734375 0.6109375
19 0.345703125 0.6140625 0.345703125 0.659375 0.3984375 0.659375 0.3984375 0.6140625 0.345703125 0.6140625
19 0.534765625 0.6078125 0.534765625 0.6625 0.5796875 0.6625 0.5796875 0.6078125 0.534765625 0.6078125
19 0.093359375 0.61875 0.093359375 0.66875 0.11875 0.66875 0.11875 0.61875 0.093359375 0.61875
19 0.1359375 0.63125 0.1359375 0.6578125 0.18125 0.6578125 0.18125 0.63125 0.1359375 0.63125
19 0.23125 0.631640625 0.1859375 0.631640625 0.1859375 0.6578125 0.23125 0.6578125 0.23125 0.631640625
19 0.2703125 0.6671875 0.2703125 0.622265625 0.24375 0.622265625 0.24375 0.6671875 0.2703125 0.6671875