19 0.407421875 0.2109375 0.407421875 0.2484375 0.4546875 0.2484375 0.4546875 0.2109375 0.407421875 0.2109375
19 0.49609375 0.246875 0.49609375 0.212109375 0.4453125 0.212109375 0.4453125 0.246875 0.49609375 0.246875
19 0.4109375 0.208203125 0.3734375 0.208203125 0.3734375 0.2515625 0.4109375 0.2515625 0.4109375 0.208203125
19 0.3328125 0.20625 0.3328125 0.2546875 0.36875 0.2546875 0.36875 0.20625 0.3328125 0.20625
19 0.559375 0.244921875 0.53203125 0.244921875 0.53203125 0.275 0.559375 0.275 0.559375 0.244921875
19 0.565625 0.25 0.565625 0.271875 0.596875 0.271875 0.596875 0.25 0.565625 0.25
19 0.5265625 0.248828125 0.4953125 0.248828125 0.4953125 0.275 0.5265625 0.275 0.5265625 0.248828125
19 0.45078125 0.2953125 0.45078125 0.263671875 0.40625 0.263671875 0.40625 0.2953125 0.45078125 0.2953125
19 0.4453125 0.2640625 0.4453125 0.3 0.490625 0.3 0.490625 0.2640625 0.4453125 0.2640625
19 0.3671875 0.255859375 0.33125 0.255859375 0.33125 0.3046875 0.3671875 0.3046875 0.3671875 0.255859375
19 0.4125 0.3 0.4125 0.26328125 0.36484375 0.26328125 0.36484375 0.3 0.4125 0.3
19 0.559375 0.303125 0.559375 0.275390625 0.526953125 0.275390625 0.526953125 0.303125 0.559375 0.303125
19 0.4890625 0.3046875 0.521875 0.3046875 0.521875 0.276953125 0.4890625 0.276953125 0.4890625 0.3046875
19 0.562890625 0.278125 0.562890625 0.3046875 0.590625 0.3046875 0.590625 0.278125 0.562890625 0.278125
19 0.6 0.4640625 0.6 0.40859375 0.55234375 0.40859375 0.55234375 0.4640625 0.6 0.4640625
19 0.419140625 0.4140625 0.419140625 0.4625 0.478125 0.4625 0.478125 0.4140625 0.419140625 0.4140625
19 0.5359375 0.4671875 0.5359375 0.4078125 0.486328125 0.4078125 0.486328125 0.4671875 0.5359375 0.4671875
19 0.6671875 0.4625 0.6671875 0.414453125 0.608984375 0.414453125 0.608984375 0.4625 0.6671875 0.4625
19 0.603125 0.486328125 0.5578125 0.486328125 0.5578125 0.54375 0.603125 0.54375 0.603125 0.486328125
19 0.6625 0.5375 0.6625 0.49296875 0.60078125 0.49296875 0.60078125 0.5375 0.6625 0.5375
19 0.3953125 0.6109375 0.3953125 0.531640625 0.353515625 0.531640625 0.353515625 0.6109375 0.3953125 0.6109375
19 0.575 0.6046875 0.575 0.54921875 0.49609375 0.54921875 0.49609375 0.6046875 0.575 0.6046875
19 0.381640625 0.5640625 0.381640625 0.5984375 0.453125 0.5984375 0.453125 0.5640625 0.381640625 0.5640625
19 0.6140625 0.553125 0.6140625 0.6171875 0.6609375 0.6171875 0.6609375 0.553125 0.6140625 0.553125
19 0.6078125 0.6171875 0.6078125 0.552734375 0.565234375 0.552734375 0.565234375 0.6171875 0.6078125 0.6171875
19 0.6609375 0.5546875 0.6609375 0.61875 0.7078125 0.61875 0.7078125 0.5546875 0.6609375 0.5546875
19 0.4796875 0.565625 0.4796875 0.615625 0.509375 0.615625 0.509375 0.565625 0.4796875 0.565625
19 0.53125 0.7 0.53125 0.7609375 0.6078125 0.7609375 0.6078125 0.7 0.53125 0.7
19 0.479296875 0.759375 0.479296875 0.701171875 0.409765625 0.701171875 0.409765625 0.759375 0.479296875 0.759375
19 0.5421875 0.7578125 0.5421875 0.701953125 0.4734375 0.701953125 0.4734375 0.7578125 0.5421875 0.7578125
19 0.6703125 0.7703125 0.6703125 0.696484375 0.612109375 0.696484375 0.612109375 0.7703125 0.6703125 0.7703125