19 0.7796875 0.396875 0.7796875 0.3617691515625 0.7236139125000001 0.3617691515625 0.7236139125000001 0.396875 0.7796875 0.396875
19 0.6953125 0.4125 0.73125 0.4125 0.73125 0.353125 0.6953125 0.353125 0.6953125 0.4125
19 0.8091733859374999 0.409375 0.8091733874999999 0.359753025 0.7720766125 0.359753025 0.7720766125 0.409375 0.8091733859374999 0.409375
19 0.6546875 0.4125 0.6890625 0.4125 0.6890625 0.3578125 0.6546875 0.3578125 0.6546875 0.4125
19 0.6073084671875 0.4109375 0.6073084671875 0.35962701406250003 0.5710181453125001 0.35962701406250003 0.5710181453125001 0.4109375 0.6073084671875 0.4109375
19 0.6484375 0.4109375 0.6484375 0.35962701406250003 0.61144153125 0.35962701406250003 0.61144153125 0.4109375 0.6484375 0.4109375
19 0.5359375 0.4125 0.56875 0.4125 0.56875 0.360030240625 0.5359375 0.360030240625 0.5359375 0.4125
19 0.5453125 0.403125 0.5453125 0.36885080625 0.48623991875000006 0.36885080625 0.48623991875000006 0.403125 0.5453125 0.403125
19 0.88125 0.54375 0.88125 0.4942540328125 0.7756048390625 0.4942540328125 0.7756048390625 0.54375 0.88125 0.54375
19 0.7453125 0.5734375 0.7453125 0.467993953125 0.6954133078125 0.467993953125 0.6954133078125 0.5734375 0.7453125 0.5734375
19 0.8 0.4690776203125 0.7487903218749999 0.4690776203125 0.7487903218749999 0.5731098796875 0.8 0.5731098796875 0.8 0.4690776203125
19 0.721471775 0.546875 0.721471775 0.49697580781250006 0.6158266125 0.49697580781250006 0.6158266125 0.546875 0.721471775 0.546875
19 0.640625 0.4709677421875 0.590625 0.4709677421875 0.590625 0.5790322578125 0.640625 0.5790322578125 0.640625 0.4709677421875
19 0.5578125 0.575 0.5578125 0.51474294375 0.5333669343749999 0.51474294375 0.5333669343749999 0.575 0.5578125 0.575
19 0.58873488125 0.5765625 0.58873488125 0.511113909375 0.5629284296875 0.511113909375 0.5629284296875 0.5765625 0.58873488125 0.5765625
19 0.522807459375 0.55625 0.522807459375 0.5325604828125 0.4566784265625 0.5325604828125 0.4566784265625 0.55625 0.522807459375 0.55625
19 0.475 0.578125 0.475 0.513029234375 0.44879032187499995 0.513029234375 0.44879032187499995 0.578125 0.475 0.578125
19 0.53125 0.512626009375 0.50625 0.512626009375 0.50625 0.579561490625 0.53125 0.579561490625 0.53125 0.512626009375
19 0.43273689531250004 0.559375 0.43273689531250004 0.5347278234374999 0.3698336703125 0.5347278234374999 0.3698336703125 0.559375 0.43273689531250004 0.559375
19 0.44375 0.58125 0.44375 0.51484375 0.419959678125 0.51484375 0.419959678125 0.58125 0.44375 0.58125
19 0.7375 0.7453125 0.7875 0.7453125 0.7875 0.64012096875 0.7375 0.64012096875 0.7375 0.7453125
19 0.8703125 0.71875 0.8703125 0.6691028234374999 0.7634828640625 0.6691028234374999 0.7634828640625 0.71875 0.8703125 0.71875
19 0.598613909375 0.66875 0.598613909375 0.71875 0.71554939375 0.71875 0.71554939375 0.66875 0.598613909375 0.66875
19 0.7625 0.7171875 0.7625 0.6691028234374999 0.6506048375 0.6691028234374999 0.6506048375 0.7171875 0.7625 0.7171875
19 0.6546875 0.7171875 0.6546875 0.6720514109375 0.5510332671875 0.6720514109375 0.5510332671875 0.7171875 0.6546875 0.7171875
19 0.5734375 0.7515625 0.5734375 0.643094759375 0.5212701625 0.643094759375 0.5212701625 0.7515625 0.5734375 0.7515625