19 0.2751572328125 0.10062893125000001 0.22405660312500003 0.10062893125000001 0.22405660312500003 0.17295597499999998 0.2751572328125 0.17295597499999998 0.2751572328125 0.10062893125000001
19 0.2154088046875 0.10377358437499999 0.161163521875 0.10377358437499999 0.161163521875 0.17295597499999998 0.2154088046875 0.17295597499999998 0.2154088046875 0.10377358437499999
19 0.35062893125 0.11006289375 0.28301886718749997 0.11006289375 0.28301886718749997 0.17452830156250002 0.35062893125 0.17452830156250002 0.35062893125 0.11006289375
19 0.1619496859375 0.11163522031249999 0.108490565625 0.11163522031249999 0.108490565625 0.17452830156250002 0.1619496859375 0.17452830156250002 0.1619496859375 0.11163522031249999
19 0.3113207546875 0.2295597484375 0.2727987421875 0.2295597484375 0.2727987421875 0.31289308125000004 0.3113207546875 0.31289308125000004 0.3113207546875 0.2295597484375
19 0.35534591249999997 0.23113207500000002 0.3168239 0.23113207500000002 0.3168239 0.3168239 0.35534591249999997 0.3168239 0.35534591249999997 0.23113207500000002
19 0.0738993703125 0.25314465468749997 0.0440251578125 0.25314465468749997 0.0440251578125 0.3160377359375 0.0738993703125 0.3160377359375 0.0738993703125 0.25314465468749997
19 0.16823899375 0.25314465468749997 0.132075471875 0.25314465468749997 0.132075471875 0.3160377359375 0.16823899375 0.3160377359375 0.16823899375 0.25314465468749997
19 0.12421383593749999 0.25471698125 0.08883647812499999 0.25471698125 0.08883647812499999 0.3176100625 0.12421383593749999 0.3176100625 0.12421383593749999 0.25471698125
19 0.309748428125 0.38050314531249996 0.27437106875 0.38050314531249996 0.27437106875 0.41037735781249995 0.309748428125 0.41037735781249995 0.309748428125 0.38050314531249996
19 0.268867925 0.38050314531249996 0.228773584375 0.38050314531249996 0.228773584375 0.41194968593750003 0.268867925 0.41194968593750003 0.268867925 0.38050314531249996
19 0.3474842765625 0.3836477984375 0.3136792453125 0.3836477984375 0.3136792453125 0.411163521875 0.3474842765625 0.411163521875 0.3474842765625 0.3836477984375
19 0.9072327046875 0.3569182390625 0.8419811328125 0.3569182390625 0.8419811328125 0.45597484218749995 0.9072327046875 0.45597484218749995 0.9072327046875 0.3569182390625
19 0.8364779875 0.3569182390625 0.7712264156249999 0.3569182390625 0.7712264156249999 0.4583333328125 0.8364779875 0.4583333328125 0.8364779875 0.3569182390625
19 0.97641509375 0.3569182390625 0.9095911953125 0.3569182390625 0.9095911953125 0.4583333328125 0.97641509375 0.4583333328125 0.97641509375 0.3569182390625
19 0.5345911953125 0.3789308171875 0.481132075 0.3789308171875 0.481132075 0.45283018906250005 0.5345911953125 0.45283018906250005 0.5345911953125 0.3789308171875
19 0.59119496875 0.3789308171875 0.5393081765625001 0.3789308171875 0.5393081765625001 0.45597484218749995 0.59119496875 0.45597484218749995 0.59119496875 0.3789308171875
19 0.6493710687500001 0.3789308171875 0.59591195 0.3789308171875 0.59591195 0.45597484218749995 0.6493710687500001 0.45597484218749995 0.6493710687500001 0.3789308171875
19 0.7059748421875 0.3789308171875 0.6525157234375001 0.3789308171875 0.6525157234375001 0.45518867968750004 0.7059748421875 0.45518867968750004 0.7059748421875 0.3789308171875
19 0.7657232703125 0.3789308171875 0.7114779875 0.3789308171875 0.7114779875 0.45597484218749995 0.7657232703125 0.45597484218749995 0.7657232703125 0.3789308171875
19 0.386792453125 0.396226415625 0.34198113281250003 0.396226415625 0.34198113281250003 0.45283018906250005 0.386792453125 0.45283018906250005 0.386792453125 0.396226415625
19 0.481132075 0.3977987421875 0.43396226406249994 0.3977987421875 0.43396226406249994 0.454402515625 0.481132075 0.454402515625 0.481132075 0.3977987421875
19 0.4323899375 0.3977987421875 0.38757861562499996 0.3977987421875 0.38757861562499996 0.45597484218749995 0.4323899375 0.45597484218749995 0.4323899375 0.3977987421875
19 0.2594339625 0.4150943390625 0.22091195 0.4150943390625 0.22091195 0.4488993703125 0.2594339625 0.4488993703125 0.2594339625 0.4150943390625
19 0.3427672953125 0.4150943390625 0.30267295625 0.4150943390625 0.30267295625 0.4504716984375 0.3427672953125 0.4504716984375 0.3427672953125 0.4150943390625
19 0.30031446562499997 0.4150943390625 0.26022012656250004 0.4150943390625 0.26022012656250004 0.4512578609375 0.30031446562499997 0.4512578609375 0.30031446562499997 0.4150943390625
19 0.363207546875 0.48270440312499996 0.31210691874999996 0.48270440312499996 0.31210691874999996 0.555031446875 0.363207546875 0.555031446875 0.363207546875 0.48270440312499996
19 0.7295597484375 0.481132075 0.6525157234375001 0.481132075 0.6525157234375001 0.555031446875 0.7295597484375 0.555031446875 0.7295597484375 0.481132075
19 0.8018867921874999 0.48270440312499996 0.732704403125 0.48270440312499996 0.732704403125 0.5573899375 0.8018867921874999 0.5573899375 0.8018867921874999 0.48270440312499996
19 0.305031446875 0.4842767296875 0.25314465468749997 0.4842767296875 0.25314465468749997 0.5542452828125 0.305031446875 0.5542452828125 0.305031446875 0.4842767296875
19 0.4166666671875 0.4842767296875 0.367924528125 0.4842767296875 0.367924528125 0.5566037734375 0.4166666671875 0.5566037734375 0.4166666671875 0.4842767296875
19 0.8867924531250001 0.48270440312499996 0.8066037734375 0.48270440312499996 0.8066037734375 0.5589622640624999 0.8867924531250001 0.5589622640624999 0.8867924531250001 0.48270440312499996
19 0.2484276734375 0.4968553453125 0.2059748421875 0.4968553453125 0.2059748421875 0.55345911875 0.2484276734375 0.55345911875 0.2484276734375 0.4968553453125
19 0.9654088046875 0.48899371093750005 0.8907232703125001 0.48899371093750005 0.8907232703125001 0.560534590625 0.9654088046875 0.560534590625 0.9654088046875 0.48899371093750005
19 0.1477987421875 0.4968553453125 0.107704403125 0.4968553453125 0.107704403125 0.555031446875 0.1477987421875 0.555031446875 0.1477987421875 0.4968553453125
19 0.10062893125000001 0.4968553453125 0.059748428124999996 0.4968553453125 0.059748428124999996 0.55345911875 0.10062893125000001 0.55345911875 0.10062893125000001 0.4968553453125
19 0.6493710687500001 0.49528301875 0.5951257859375 0.49528301875 0.5951257859375 0.5581761000000001 0.6493710687500001 0.5581761000000001 0.6493710687500001 0.49528301875
19 0.199685534375 0.49842767343750005 0.15880503125 0.49842767343750005 0.15880503125 0.5542452828125 0.199685534375 0.5542452828125 0.199685534375 0.49842767343750005
19 0.5927672953124999 0.49842767343750005 0.5385220125 0.49842767343750005 0.5385220125 0.5566037734375 0.5927672953124999 0.5566037734375 0.5927672953124999 0.49842767343750005