19 0.45 0.3109375 0.45 0.260546875 0.416015625 0.260546875 0.416015625 0.3109375 0.45 0.3109375
19 0.7625 0.4890625 0.7625 0.45234375 0.73671875 0.45234375 0.73671875 0.4890625 0.7625 0.4890625
19 0.434375 0.5203125 0.434375 0.456640625 0.386328125 0.456640625 0.386328125 0.5203125 0.434375 0.5203125
19 0.5015625 0.454296875 0.45859375 0.454296875 0.45859375 0.525 0.5015625 0.525 0.5015625 0.454296875
19 0.7703125 0.487890625 0.7296875 0.487890625 0.7296875 0.5109375 0.7703125 0.5109375 0.7703125 0.487890625
19 0.5890625 0.596875 0.5890625 0.52265625 0.529296875 0.52265625 0.529296875 0.596875 0.5890625 0.596875
19 0.702734375 0.534375 0.702734375 0.5875 0.7515625 0.5875 0.7515625 0.534375 0.702734375 0.534375
19 0.591796875 0.540625 0.591796875 0.58515625 0.6484375 0.58515625 0.6484375 0.540625 0.591796875 0.540625
19 0.6484375 0.534375 0.6484375 0.590625 0.696875 0.590625 0.696875 0.534375 0.6484375 0.534375
19 0.334375 0.5875 0.334375 0.54140625 0.27734375 0.54140625 0.27734375 0.5875 0.334375 0.5875
19 0.205859375 0.528125 0.205859375 0.60390625 0.265625 0.60390625 0.265625 0.528125 0.205859375 0.528125
19 0.375 0.5875 0.375 0.55078125 0.33359375 0.55078125 0.33359375 0.5875 0.375 0.5875
19 0.471484375 0.55 0.471484375 0.58828125 0.5125 0.58828125 0.5125 0.55 0.471484375 0.55
19 0.425 0.5890625 0.425 0.549609375 0.3828125 0.549609375 0.3828125 0.5890625 0.425 0.5890625
19 0.4328125 0.5484375 0.4328125 0.590625 0.4703125 0.590625 0.4703125 0.5484375 0.4328125 0.5484375
19 0.15 0.550390625 0.109375 0.550390625 0.109375 0.5921875 0.15 0.5921875 0.15 0.550390625
19 0.196875 0.5921875 0.196875 0.55234375 0.15234375 0.55234375 0.15234375 0.5921875 0.196875 0.5921875
19 0.71875 0.6234375 0.71875 0.6703125 0.7875 0.6703125 0.7875 0.6234375 0.71875 0.6234375