19 0.2203125 0.815625 0.2203125 0.7316542828125 0.175956075 0.7316542828125 0.175956075 0.815625 0.2203125 0.815625
19 0.403125 0.7390625 0.35699300625 0.7390625 0.35699300625 0.81063155625 0.403125 0.81063155625 0.403125 0.7390625
19 0.584375 0.7953125 0.584375 0.753409090625 0.5138111890625 0.753409090625 0.5138111890625 0.7953125 0.584375 0.7953125
19 0.259375 0.8 0.3296875 0.8 0.3296875 0.7546875 0.259375 0.7546875 0.259375 0.8
19 0.5296875 0.4890625 0.5296875 0.4125 0.439264640625 0.4125 0.439264640625 0.4890625 0.5296875 0.4890625
19 0.3484375 0.4984375 0.42480878437499997 0.4984375 0.42480878437499997 0.40698754218750005 0.3484375 0.40698754375 0.3484375 0.4984375
19 0.540625 0.5 0.6171164765625 0.5 0.6171164765625 0.405359484375 0.540625 0.405359484375 0.540625 0.5
19 0.15625 0.4875 0.15625 0.44399584843750006 0.1087904265625 0.44399584843750006 0.1087904265625 0.4875 0.15625 0.4875
19 0.21874453749999997 0.445836975 0.1680452359375 0.445836975 0.1680452359375 0.48866914375 0.21874453749999997 0.48866914375 0.21874453749999997 0.445836975
19 0.3296875 0.490625 0.3296875 0.44421437812500003 0.29017701093750004 0.44421437812500003 0.29017701093750004 0.490625 0.3296875 0.490625
19 0.225245846875 0.49016608437500003 0.279441653125 0.49016608437500003 0.279441653125 0.44733391562499997 0.225245846875 0.44733391562499997 0.225245846875 0.49016608437500003
19 0.41958042031250004 0.5859375 0.41958042031250004 0.5216127609375001 0.3304195796875 0.5216127609375001 0.3304195796875 0.5859375 0.41958042031250004 0.5859375
19 0.3234375 0.5859375 0.3234375 0.52478146875 0.23467001718749997 0.52478146875 0.23467001718749997 0.5859375 0.3234375 0.5859375
19 0.509375 0.5859375 0.509375 0.525 0.4218258296875 0.525 0.4218258296875 0.5859375 0.509375 0.5859375
19 0.2109375 0.6046875 0.2109375 0.5102764421875 0.1526551578125 0.5102764421875 0.1526551578125 0.6046875 0.2109375 0.6046875
19 0.5171875 0.5875 0.60625 0.5875 0.60625 0.52678103125 0.5171875 0.52678103125 0.5171875 0.5875
19 0.2796875 0.684375 0.2796875 0.636609484375 0.20782888906250002 0.636609484375 0.20782888906250002 0.684375 0.2796875 0.684375
19 0.2984702796875 0.6841947125 0.36402972031249997 0.6841947125 0.36402972031249997 0.6361177890625 0.2984702796875 0.6361177890625 0.2984702796875 0.6841947125
19 0.5203125 0.69375 0.5203125 0.626059878125 0.47620738593749995 0.626059878125 0.47620738593749995 0.69375 0.5203125 0.69375
19 0.710494975 0.68125 0.710494975 0.6403026671875 0.6379425265625 0.6403026671875 0.6379425265625 0.68125 0.710494975 0.68125
19 0.4375 0.6953125 0.4375 0.6259451484375 0.39054305 0.6259451484375 0.39054305 0.6953125 0.4375 0.6953125
19 0.603125 0.696875 0.603125 0.6244263546875 0.5596864078125 0.6244263546875 0.5596864078125 0.696875 0.603125 0.696875
19 0.1875 0.6953125 0.1875 0.6266608406249999 0.1372322984375 0.6266608406249999 0.1372322984375 0.6953125 0.1875 0.6953125
19 0.653125 0.7953125 0.653125 0.7250491703125 0.61058785 0.7250491703125 0.61058785 0.7953125 0.653125 0.7953125
19 0.5 0.796875 0.5 0.7501638984375 0.43026114375 0.7501638984375 0.43026114375 0.796875 0.5 0.796875