19 0.5328125 0.5234375 0.5328125 0.3683980375 0.4697818890625 0.3683980375 0.4697818890625 0.5234375 0.5328125 0.5234375
19 0 0.5 0.10625 0.5 0.10625 0.4239041171875 0 0.4239041171875 0 0.5
19 0.1984375 0.4197792234375 0.07823965468750001 0.4197792234375 0.07823965468750001 0.4999840015625 0.1984375 0.4999840015625 0.1984375 0.4197792234375
19 0.16875 0.5 0.29034236406249997 0.5 0.29034236406249997 0.4195339171875 0.16875 0.41953391562500003 0.16875 0.5
19 0.709375 0.5234375 0.709375 0.40774050781250004 0.6618307375 0.40774050781250004 0.6618307375 0.5234375 0.709375 0.5234375
19 0.8265625 0.525 0.878125 0.525 0.878125 0.4081671296875 0.8265625 0.4081671296875 0.8265625 0.525
19 0.3453125 0.5265625 0.3453125 0.4100175984375 0.293168728125 0.4100175984375 0.293168728125 0.5265625 0.3453125 0.5265625
19 0.6921875 0.490625 0.6921875 0.4407609859375 0.5736241468750001 0.4407609859375 0.5736241468750001 0.490625 0.6921875 0.490625
19 0.8578125 0.4890625 0.8578125 0.4433447109375 0.7413582562500001 0.4433447109375 0.7413582562500001 0.4890625 0.8578125 0.4890625
19 0.3984375 0.521875 0.3984375 0.4080231453125 0.35295968437499997 0.4080231453125 0.35295968437499997 0.521875 0.3984375 0.521875
19 0.496875 0.4875 0.496875 0.44083564375 0.3871187078125 0.44083564375 0.3871187078125 0.4875 0.496875 0.4875
19 0.9703125 0.490625 0.9703125 0.438667875 0.8496480375000001 0.438667875 0.8496480375000001 0.490625 0.9703125 0.490625
19 1 0.4382492546875 0.9056074031250001 0.4382492546875 0.9056074031250001 0.4953125 1 0.4953125 1 0.4382492546875
19 0.7671875 0.528125 0.7671875 0.4114387796875 0.7202138437500001 0.4114387796875 0.7202138437500001 0.528125 0.7671875 0.528125
19 0.328125 0.7266051625000001 0.2390625 0.7266051625000001 0.2390625 0.9015198375000001 0.328125 0.9015198375000001 0.328125 0.7266051625000001
19 0.071875 0.896875 0.071875 0.7357028578125 0.00002933125 0.7357028578125 0.0000293296875 0.896875 0.071875 0.896875
19 0.240625 0.9015625 0.240625 0.731519303125 0.1573645484375 0.731519303125 0.1573645484375 0.9015625 0.240625 0.9015625
19 0.8296875 0.865625 0.8296875 0.7752266421875 0.6428380984375 0.7752266421875 0.6428380984375 0.865625 0.8296875 0.865625
19 0.5 0.9125 0.5 0.73095403125 0.4191819546875 0.73095403125 0.4191819546875 0.9125 0.5 0.9125
19 0.5921875 0.909375 0.5921875 0.7268984640625 0.5049621390625 0.7268984640625 0.5049621390625 0.909375 0.5921875 0.909375
19 0.2015625 0.85625 0.2015625 0.776439846875 0.028436968750000003 0.776439846875 0.028436968750000003 0.85625 0.2015625 0.85625
19 0.28305780625 0.775 0.28305780625 0.859375 0.460532209375 0.859375 0.460532209375 0.775 0.28305780625 0.775
19 0.737193365625 0.8635745515625001 0.737193365625 0.77569059375 0.5520397828125 0.77569059375 0.5520397828125 0.8635745515625001 0.737193365625 0.8635745515625001
19 0.490625 0.478125 0.6515625 0.478125 0.6515625 0.4153770265625 0.490625 0.4153770265625 0.490625 0.478125