19 0.8140625 0.2331220046875 0.7749450875 0.2331220046875 0.7749450875 0.2762529953125 0.8140625 0.2762529953125 0.8140625 0.2331220046875
19 0.7375 0.271875 0.7375 0.23771964687499997 0.6975788734374999 0.23771964687499997 0.6975788734374999 0.271875 0.7375 0.271875
19 0.6515625 0.2734375 0.6951477625 0.2734375 0.6951477625 0.23990115781250002 0.6515625 0.23990115781250002 0.6515625 0.2734375
19 0.7410393375 0.234375 0.7410393375 0.278125 0.7745856625 0.278125 0.7745856625 0.234375 0.7410393375 0.234375
19 0.6484375 0.2796875 0.6484375 0.2382113609375 0.618021165625 0.2382113609375 0.618021165625 0.2796875 0.6484375 0.2796875
19 0.934375 0.2890625 0.934375 0.260181209375 0.9027780546875 0.260181209375 0.9027780546875 0.2890625 0.934375 0.2890625
19 0.9 0.2921875 0.9 0.2581769171875 0.8675893578125 0.2581769171875 0.8675893578125 0.2921875 0.9 0.2921875
19 0.865625 0.2921875 0.865625 0.262150559375 0.8265075875000001 0.262150559375 0.8265075875000001 0.2921875 0.865625 0.2921875
19 0.3640625 0.3171875 0.3640625 0.25714606562500003 0.2751198078125 0.25714606562500003 0.2751198078125 0.3171875 0.3640625 0.3171875
19 0.4109375 0.24277156562500002 0.3515625 0.24277156562500002 0.3515625 0.332228434375 0.4109375 0.332228434375 0.4109375 0.24277156562500002
19 0.4859375 0.315625 0.4859375 0.257283346875 0.398185403125 0.257283346875 0.398185403125 0.315625 0.4859375 0.315625
19 0.232947284375 0.33379093437499996 0.292052715625 0.33379093437499996 0.292052715625 0.244334065625 0.232947284375 0.244334065625 0.232947284375 0.33379093437499996
19 0.2453125 0.3203125 0.2453125 0.2566917921875 0.1566244015625 0.2566917921875 0.1566244015625 0.3203125 0.2453125 0.3203125
19 0.5296875 0.3203125 0.5296875 0.272017271875 0.46430710781249995 0.272017271875 0.46430710781249995 0.3203125 0.5296875 0.3203125
19 0.621875 0.328125 0.621875 0.26181359843749996 0.5720547140625001 0.26181359843749996 0.5720547140625001 0.328125 0.621875 0.328125
19 0.571875 0.3296875 0.571875 0.261431709375 0.522231928125 0.261431709375 0.522231928125 0.3296875 0.571875 0.3296875
19 0.7015625 0.3171875 0.7015625 0.2806210046875 0.6664362015624999 0.2806210046875 0.6664362015624999 0.3171875 0.7015625 0.3171875
19 0.7890625 0.3265625 0.825 0.3265625 0.825 0.2783646171875 0.7890625 0.2783646171875 0.7890625 0.3265625
19 0.790625 0.3203125 0.790625 0.284694490625 0.741623403125 0.284694490625 0.741623403125 0.3203125 0.790625 0.3203125
19 0.740625 0.328125 0.740625 0.28079323125 0.7075079875 0.28079323125 0.7075079875 0.328125 0.740625 0.328125
19 0.6653953687499999 0.3234375 0.6653953687499999 0.28833616093750003 0.6190694890625 0.28833616093750003 0.6190694890625 0.3234375 0.6653953687499999 0.3234375
19 0.893118509375 0.3265625 0.893118509375 0.29181060312499996 0.867559403125 0.29181060312499996 0.867559403125 0.3265625 0.893118509375 0.3265625
19 0.9328125 0.325 0.9328125 0.29375 0.9062799515625001 0.29375 0.9062799515625001 0.325 0.9328125 0.325
19 0.8578125 0.3234375 0.8578125 0.29381240000000003 0.8295851640624999 0.29381240000000003 0.8295851640624999 0.3234375 0.8578125 0.3234375
19 0.4265625 0.4421875 0.4265625 0.375369409375 0.367501996875 0.375369409375 0.367501996875 0.4421875 0.4265625 0.4421875
19 0.4859375 0.44375 0.4859375 0.37383186875 0.42983975625 0.37383186875 0.42983975625 0.44375 0.4859375 0.44375
19 0.2375 0.440625 0.2375 0.377111621875 0.1665634984375 0.377111621875 0.1665634984375 0.440625 0.2375 0.440625
19 0.2953125 0.3750124796875 0.2364541734375 0.3750124796875 0.2364541734375 0.4453000203125 0.2953125 0.4453000203125 0.2953125 0.3750124796875
19 0.490625 0.44375 0.55 0.44375 0.55 0.373771965625 0.490625 0.373771965625 0.490625 0.44375
19 0.3671875 0.440625 0.3671875 0.380828175 0.2963208859375 0.380828175 0.2963208859375 0.440625 0.3671875 0.440625
19 0.6046875 0.38608975624999997 0.5515625 0.38608975624999997 0.5515625 0.44359774218750003 0.6046875 0.44359774218750003 0.6046875 0.38608975624999997
19 0.89375 0.3883062109375 0.8413138968749999 0.3883062109375 0.8413138968749999 0.4450154765625 0.89375 0.4450154765625 0.89375 0.3883062109375
19 0.6673747015625 0.4447434109375 0.7216878 0.4447434109375 0.7216878 0.3896315890625 0.6673747015625 0.3896315890625 0.6673747015625 0.4447434109375
19 0.8359375 0.4421875 0.8359375 0.39126148125000004 0.781294928125 0.39126148125000004 0.781294928125 0.4421875 0.8359375 0.4421875
19 0.7796875 0.38805161718750003 0.725 0.38805161718750003 0.725 0.44476088281250004 0.7796875 0.44476088281250004 0.7796875 0.38805161718750003
19 0.66875 0.392868909375 0.6064496796875 0.392868909375 0.6064496796875 0.44375 0.66875 0.44375 0.66875 0.392868909375
19 0.846875 0.521875 0.846875 0.47725389375000005 0.812068190625 0.47725389375000005 0.812068190625 0.521875 0.846875 0.521875
19 0.7703125 0.525 0.7703125 0.4796875 0.7352760578125 0.4796875 0.7352760578125 0.525 0.7703125 0.525
19 0.8890625 0.51875 0.8890625 0.482984725 0.8446660343750001 0.482984725 0.8446660343750001 0.51875 0.8890625 0.51875
19 0.734375 0.484375 0.6896440703125 0.484375 0.6896440703125 0.5199455859375 0.734375 0.5199455859375 0.734375 0.484375
19 0.8125 0.484375 0.76791883125 0.484375 0.76791883125 0.520095346875 0.8125 0.520095346875 0.8125 0.484375
19 0.6484375 0.5265625 0.6484375 0.48125 0.6127770546875 0.48125 0.6127770546875 0.5265625 0.6484375 0.5265625
19 0.6875 0.5265625 0.6875 0.48125 0.651572484375 0.48125 0.651572484375 0.5265625 0.6875 0.5265625
19 0.37362470000000003 0.57797274375 0.4279377984375 0.57797274375 0.4279377984375 0.52046475625 0.37362470000000003 0.52046475625 0.37362470000000003 0.57797274375
19 0.6125 0.5765625 0.6125 0.5208641171874999 0.5564022578125 0.5208641171874999 0.5564022578125 0.5765625 0.6125 0.5765625
19 0.3703125 0.578125 0.3703125 0.521068790625 0.311930909375 0.521068790625 0.311930909375 0.578125 0.3703125 0.578125
19 0.4890625 0.578125 0.4890625 0.519893171875 0.431806609375 0.519893171875 0.431806609375 0.578125 0.4890625 0.578125
19 0.490625 0.5765625 0.5515625 0.5765625 0.5515625 0.5208641171874999 0.490625 0.5208641171874999 0.490625 0.5765625
19 0.3078125 0.5765625 0.3078125 0.5194364031250001 0.252296325 0.5194364031250001 0.252296325 0.5765625 0.3078125 0.5765625
19 0.2483751 0.58125 0.2483751 0.52262879375 0.191665834375 0.52262879375 0.191665834375 0.58125 0.2483751 0.58125
19 0.8206744203125 0.5778504390625 0.859013078125 0.5778504390625 0.859013078125 0.5315245609375 0.8206744203125 0.5315245609375 0.8206744203125 0.5778504390625
19 0.7328125 0.5335038937500001 0.698435003125 0.5335038937500001 0.698435003125 0.57743360625 0.7328125 0.57743360625 0.7328125 0.5335038937500001
19 0.8984375 0.5315245609375 0.861299421875 0.5315245609375 0.861299421875 0.5778504390625 0.8984375 0.5778504390625 0.8984375 0.5315245609375
19 0.6578125 0.5734375 0.6578125 0.53969149375 0.6126797140625 0.53969149375 0.6126797140625 0.5734375 0.6578125 0.5734375
19 0.7765150765625 0.5796875 0.7765150765625 0.5340055921875 0.7381764171875 0.5340055921875 0.7381764171875 0.5796875 0.7765150765625 0.5796875
19 0.6921875 0.5330870609375 0.65625 0.5330870609375 0.65625 0.5794129390625 0.6921875 0.5794129390625 0.6921875 0.5330870609375
19 0.8140625 0.578125 0.8140625 0.5323732031249999 0.7794204265625 0.5323732031249999 0.7794204265625 0.578125 0.8140625 0.578125
19 0.7715654953125 0.6390625 0.7715654953125 0.61138678125 0.7260383390625 0.61138678125 0.7260383390625 0.6390625 0.7715654953125 0.6390625
19 0.7296875 0.6484375 0.7296875 0.6026357828125 0.7009260171875 0.6026357828125 0.7009260171875 0.6484375 0.7296875 0.6484375
19 0.840625 0.6390625 0.840625 0.61030101875 0.79552715625 0.61030101875 0.79552715625 0.6390625 0.840625 0.6390625
19 0.8745831671875001 0.6375 0.8745831671875001 0.610712859375 0.8306534546875 0.610712859375 0.8306534546875 0.6375 0.8745831671875001 0.6375
19 0.796875 0.6484375 0.796875 0.6026357828125 0.7679238203125001 0.6026357828125 0.7679238203125001 0.6484375 0.796875 0.6484375
19 0.6703125 0.640625 0.6703125 0.6125124796875 0.6246355828125 0.6125124796875 0.6246355828125 0.640625 0.6703125 0.640625
19 0.7040560109375 0.6418505390625 0.7040560109375 0.6099016578125 0.6601262984375 0.6099016578125 0.6601262984375 0.6418505390625 0.7040560109375 0.6418505390625
19 0.734375 0.6828125 0.734375 0.654939596875 0.69348791875 0.654939596875 0.69348791875 0.6828125 0.734375 0.6828125
19 0.90625 0.6859375 0.90625 0.65712110625 0.8636681296875001 0.65712110625 0.8636681296875001 0.6859375 0.90625 0.6859375
19 0.69642571875 0.6953125 0.69642571875 0.6502745609375 0.66607428125 0.6502745609375 0.66607428125 0.6953125 0.69642571875 0.6953125
19 0.7703125 0.6875 0.7703125 0.6588932703125 0.724955071875 0.6588932703125 0.724955071875 0.6875 0.7703125 0.6875
19 0.8734375 0.6859375 0.8734375 0.6598692078124999 0.8277605828124999 0.6598692078124999 0.8277605828124999 0.6859375 0.8734375 0.6859375
19 0.7953125 0.6953125 0.7953125 0.6502745609375 0.765275559375 0.6502745609375 0.765275559375 0.6953125 0.7953125 0.6953125
19 0.83125 0.6953125 0.83125 0.6500449265625 0.8018220843750001 0.6500449265625 0.8018220843750001 0.6953125 0.83125 0.6953125
19 0.6703125 0.6890625 0.6703125 0.659375 0.6253020171875 0.659375 0.6253020171875 0.6890625 0.6703125 0.6890625