19 0.3171875 0.846875 0.3171875 0.8828125 0.3484375 0.8828125 0.3484375 0.846875 0.3171875 0.846875
19 0.28125 0.8796875 0.28125 0.85234375 0.240234375 0.85234375 0.240234375 0.8796875 0.28125 0.8796875
19 0.3125 0.8828125 0.3125 0.850390625 0.2796875 0.850390625 0.2796875 0.8828125 0.3125 0.8828125
19 0.2421875 0.8921875 0.2421875 0.842578125 0.216015625 0.842578125 0.216015625 0.8921875 0.2421875 0.8921875
19 0.36875 0.896875 0.403125 0.896875 0.403125 0.8390625 0.36875 0.8390625 0.36875 0.896875
19 0.080859375 0.853125 0.080859375 0.89375 0.1078125 0.89375 0.1078125 0.853125 0.080859375 0.853125
19 0.1859375 0.8921875 0.1859375 0.857421875 0.14296875 0.857421875 0.14296875 0.8921875 0.1859375 0.8921875
19 0.111328125 0.85625 0.111328125 0.896875 0.1453125 0.896875 0.1453125 0.85625 0.111328125 0.85625
19 0.086328125 0.0578125 0.086328125 0.134375 0.125 0.134375 0.125 0.0578125 0.086328125 0.0578125
19 0.1671875 0.0578125 0.1671875 0.134375 0.2046875 0.134375 0.2046875 0.0578125 0.1671875 0.0578125
19 0.0859375 0.1328125 0.0859375 0.057421875 0.046484375 0.057421875 0.046484375 0.1328125 0.0859375 0.1328125
19 0.2421875 0.1328125 0.2421875 0.058984375 0.204296875 0.058984375 0.204296875 0.1328125 0.2421875 0.1328125
19 0.1828125 0.1140625 0.1828125 0.07734375 0.11015625 0.07734375 0.11015625 0.1140625 0.1828125 0.1140625
19 0.24375 0.1328125 0.28125 0.1328125 0.28125 0.062890625 0.24375 0.062890625 0.24375 0.1328125
19 0.3359375 0.1171875 0.3359375 0.082421875 0.26796875 0.082421875 0.26796875 0.1171875 0.3359375 0.1171875
19 0.3609375 0.065625 0.3609375 0.134375 0.3984375 0.134375 0.3984375 0.065625 0.3609375 0.065625
19 0.3984375 0.134375 0.4375 0.134375 0.4375 0.065625 0.3984375 0.065625 0.3984375 0.134375
19 0.3578125 0.134375 0.3578125 0.0703125 0.320703125 0.0703125 0.320703125 0.134375 0.3578125 0.134375
19 0.237109375 0.3265625 0.237109375 0.304296875 0.150390625 0.304296875 0.150390625 0.3265625 0.237109375 0.3265625
19 0.059375 0.271875 0.059375 0.359375 0.084375 0.359375 0.084375 0.271875 0.059375 0.271875
19 0.0578125 0.303125 0.0578125 0.328125 0.1453125 0.328125 0.1453125 0.303125 0.0578125 0.303125
19 0.20625 0.3265625 0.20625 0.301953125 0.121875 0.301953125 0.121875 0.3265625 0.20625 0.3265625
19 0.175 0.3265625 0.175 0.30390625 0.088671875 0.30390625 0.088671875 0.3265625 0.175 0.3265625
19 0.384375 0.30390625 0.318359375 0.30390625 0.318359375 0.3421875 0.384375 0.3421875 0.384375 0.30390625
19 0.346875 0.3390625 0.346875 0.304296875 0.27890625 0.304296875 0.27890625 0.3390625 0.346875 0.3390625
19 0.25625 0.291015625 0.215625 0.291015625 0.215625 0.35625 0.25625 0.35625 0.25625 0.291015625
19 0.243359375 0.309375 0.243359375 0.34375 0.303125 0.34375 0.303125 0.309375 0.243359375 0.309375
19 0.1078125 0.484375 0.1078125 0.5046875 0.18125 0.5046875 0.18125 0.484375 0.1078125 0.484375
19 0.059375 0.4578125 0.059375 0.53125 0.08125 0.53125 0.08125 0.4578125 0.059375 0.4578125
19 0.084375 0.4578125 0.084375 0.53125 0.10625 0.53125 0.10625 0.4578125 0.084375 0.4578125
19 0.157421875 0.503125 0.157421875 0.481640625 0.083203125 0.481640625 0.083203125 0.503125 0.157421875 0.503125
19 0.344140625 0.4625 0.344140625 0.5296875 0.3703125 0.5296875 0.3703125 0.4625 0.344140625 0.4625
19 0.3328125 0.5078125 0.3328125 0.48203125 0.26484375 0.48203125 0.26484375 0.5078125 0.3328125 0.5078125
19 0.254296875 0.4609375 0.254296875 0.5296875 0.2828125 0.5296875 0.2828125 0.4609375 0.254296875 0.4609375
19 0.371875 0.4625 0.371875 0.528125 0.3984375 0.528125 0.3984375 0.4625 0.371875 0.4625
19 0.359375 0.5078125 0.359375 0.483984375 0.2953125 0.483984375 0.2953125 0.5078125 0.359375 0.5078125
19 0.2390625 0.509375 0.2390625 0.483203125 0.175 0.483203125 0.175 0.509375 0.2390625 0.509375
19 0.1859375 0.528125 0.1859375 0.4625 0.159765625 0.4625 0.159765625 0.528125 0.1859375 0.528125
19 0.26953125 0.509375 0.26953125 0.483984375 0.203125 0.483984375 0.203125 0.509375 0.26953125 0.509375
19 0.353125 0.6796875 0.353125 0.658984375 0.305078125 0.658984375 0.305078125 0.6796875 0.353125 0.6796875
19 0.2671875 0.646875 0.2671875 0.6953125 0.290625 0.6953125 0.290625 0.646875 0.2671875 0.646875
19 0.328125 0.68125 0.328125 0.66015625 0.28046875 0.66015625 0.28046875 0.68125 0.328125 0.68125
19 0.278125 0.68125 0.278125 0.66015625 0.230859375 0.66015625 0.230859375 0.68125 0.278125 0.68125
19 0.221875 0.6484375 0.221875 0.696875 0.24375 0.696875 0.24375 0.6484375 0.221875 0.6484375
19 0.1328125 0.665625 0.1328125 0.6828125 0.184375 0.6828125 0.184375 0.665625 0.1328125 0.665625
19 0.2328125 0.6828125 0.2328125 0.662890625 0.184375 0.662890625 0.184375 0.6828125 0.2328125 0.6828125
19 0.14375 0.6984375 0.14375 0.648046875 0.126953125 0.648046875 0.126953125 0.6984375 0.14375 0.6984375
19 0.138671875 0.68125 0.138671875 0.664453125 0.087890625 0.664453125 0.087890625 0.68125 0.138671875 0.68125
19 0.046875 0.665625 0.046875 0.6828125 0.0984375 0.6828125 0.0984375 0.665625 0.046875 0.665625
19 0.15625 0.6640625 0.15625 0.6859375 0.209375 0.6859375 0.209375 0.6640625 0.15625 0.6640625
19 0.1171875 0.6828125 0.1171875 0.664453125 0.066796875 0.664453125 0.066796875 0.6828125 0.1171875 0.6828125
19 0.41328125 0.6859375 0.41328125 0.669921875 0.384375 0.669921875 0.384375 0.6859375 0.41328125 0.6859375
19 0.3640625 0.6921875 0.3640625 0.664453125 0.347265625 0.664453125 0.347265625 0.6921875 0.3640625 0.6921875
19 0.409375 0.6921875 0.428125 0.6921875 0.428125 0.664453125 0.409375 0.664453125 0.409375 0.6921875
19 0.4515625 0.6640625 0.4515625 0.6953125 0.46875 0.6953125 0.46875 0.6640625 0.4515625 0.6640625
19 0.45 0.665234375 0.4328125 0.665234375 0.4328125 0.6921875 0.45 0.6921875 0.45 0.665234375
19 0.364453125 0.6703125 0.364453125 0.6875 0.39375 0.6875 0.39375 0.6703125 0.364453125 0.6703125