19 0.7686586859375 0.296875 0.7686586859375 0.192146915625 0.711028815625 0.192146915625 0.711028815625 0.296875 0.7686586859375 0.296875
19 0.834375 0.3015625 0.834375 0.1984375 0.7819399359375 0.1984375 0.7819399359375 0.3015625 0.834375 0.3015625
19 0.825 0.278125 0.9294744312500001 0.278125 0.9294744312500001 0.22515219218750002 0.825 0.22515219218750002 0.825 0.278125
19 0.9140625 0.3078125 0.96875 0.3078125 0.96875 0.204677353125 0.9140625 0.204677353125 0.9140625 0.3078125
19 0.11875 0.311333196875 0.003125 0.311333196875 0.003125 0.41522930156250004 0.11875 0.41522930156250004 0.11875 0.311333196875
19 0.134375 0.41875 0.2355215109375 0.41875 0.2355215109375 0.3146205359375 0.134375 0.3146205359375 0.134375 0.41875
19 0.359375 0.421875 0.359375 0.310653409375 0.253754059375 0.310653409375 0.253754059375 0.421875 0.359375 0.421875
19 0.4859375 0.4203125 0.4859375 0.31428571562499996 0.3797179390625 0.31428571562499996 0.3797179390625 0.4203125 0.4859375 0.4203125
19 0.5859375 0.41875 0.5859375 0.3341010546875 0.49636769531249997 0.3341010546875 0.49636769531249997 0.41875 0.5859375 0.41875
19 0.6828125 0.4234375 0.6828125 0.33917410625 0.602435065625 0.33917410625 0.602435065625 0.4234375 0.6828125 0.4234375
19 0.771875 0.4265625 0.771875 0.34252232031249996 0.687084009375 0.34252232031249996 0.687084009375 0.4265625 0.771875 0.4265625
19 0.8453125 0.4109375 0.8453125 0.36378855468750004 0.7715909078125 0.36378855468750004 0.7715909078125 0.4109375 0.8453125 0.4109375
19 0.9012378249999999 0.4140625 0.9012378249999999 0.364833603125 0.8265625 0.364833603125 0.8265625 0.4140625 0.9012378249999999 0.4140625
19 0.9453125 0.428125 0.9453125 0.3556310875 0.8983055999999999 0.3556310875 0.8983055999999999 0.428125 0.9453125 0.428125
19 0.021875 0.5625 0.14653003281250002 0.5625 0.14653003281250002 0.4569399359375 0.021875 0.4569399359375 0.021875 0.5625
19 0.709375 0.5359375 0.709375 0.481047078125 0.6696834421875 0.481047078125 0.6696834421875 0.5359375 0.709375 0.5359375
19 0.2578125 0.559375 0.2578125 0.4622666390625 0.1351968359375 0.4622666390625 0.1351968359375 0.559375 0.2578125 0.559375
19 0.8359375 0.5296875 0.8359375 0.49318181875 0.7852780046875 0.49318181875 0.7852780046875 0.5296875 0.8359375 0.5296875
19 0.7775060875 0.53125 0.7775060875 0.4938007296875 0.7271814109375 0.4938007296875 0.7271814109375 0.53125 0.7775060875 0.53125
19 0.359375 0.46875 0.2375 0.46875 0.2375 0.5561485390625001 0.359375 0.5561485390625001 0.359375 0.46875
19 0.4453125 0.4828125 0.3480823875 0.4828125 0.3480823875 0.5650060875 0.4453125 0.5650060875 0.4453125 0.4828125
19 0.534375 0.565625 0.534375 0.4851258109375 0.4360389609375 0.4851258109375 0.4360389609375 0.565625 0.534375 0.565625
19 0.5875 0.575 0.5875 0.5048295453125 0.5340604703125 0.5048295453125 0.5340604703125 0.575 0.5875 0.575
19 0.9375 0.5859375 0.9375 0.49434861874999997 0.871682225 0.49434861874999997 0.871682225 0.5859375 0.9375 0.5859375
19 0.653125 0.575 0.653125 0.506858765625 0.5978084406249999 0.506858765625 0.5978084406249999 0.575 0.653125 0.575
19 0.70625 0.5296875 0.6678875828125 0.5296875 0.6678875828125 0.580793425 0.70625 0.580793425 0.70625 0.5296875
19 0.76875 0.5796875 0.76875 0.53125 0.7299817375 0.53125 0.7299817375 0.5796875 0.76875 0.5796875
19 0.825 0.5796875 0.825 0.5301948046875 0.78598823125 0.5301948046875 0.78598823125 0.5796875 0.825 0.5796875