19 0.2578125 0.353125 0.2578125 0.2696691171875 0.171568628125 0.2696691171875 0.171568628125 0.353125 0.2578125 0.353125
19 0.5921875 0.3640625 0.5921875 0.2749693625 0.5186683000000001 0.2749693625 0.5186683000000001 0.3640625 0.5921875 0.3640625
19 0.359375 0.35625 0.359375 0.2896803515625 0.306556371875 0.2896803515625 0.306556371875 0.35625 0.359375 0.35625
19 0.6359375 0.2985345171875 0.5935661765625 0.2985345171875 0.5935661765625 0.36552798124999997 0.6359375 0.36552798124999997 0.6359375 0.2985345171875
19 0.83125 0.3734375 0.83125 0.2942657265625 0.7619127859375 0.2942657265625 0.7619127859375 0.3734375 0.83125 0.3734375
19 0.3046875 0.3578125 0.3046875 0.315369690625 0.2664573125 0.315369690625 0.2664573125 0.3578125 0.3046875 0.3578125
19 0.690625 0.3703125 0.690625 0.3025428921875 0.6424172796875001 0.3025428921875 0.6424172796875001 0.3703125 0.690625 0.3703125
19 0.909375 0.36875 0.909375 0.3041156046875 0.8318525328125 0.3041156046875 0.8318525328125 0.36875 0.909375 0.36875
19 0.309375 0.419510825 0.20594873281249998 0.41951082656249994 0.20594873281249998 0.4889552703125 0.309375 0.4889552703125 0.309375 0.419510825
19 0.3794883578125 0.490625 0.3794883578125 0.420685253125 0.27899816093749996 0.420685253125 0.27899816093749996 0.490625 0.3794883578125 0.490625
19 0.4337622546875 0.5046875 0.4337622546875 0.403625409375 0.3724877453125 0.403625409375 0.3724877453125 0.5046875 0.4337622546875 0.5046875
19 0.50625 0.40675040781250005 0.43793402812500004 0.40675040781250005 0.43793402812500004 0.508874590625 0.50625 0.508874590625 0.50625 0.40675040781250005
19 0.1546875 0.5015625 0.1546875 0.42005208281249995 0.0951439953125 0.42005208281249995 0.0951439953125 0.5015625 0.1546875 0.5015625
19 0.2201439953125 0.503125 0.2201439953125 0.42161458281249997 0.15641850468750002 0.42161458281249997 0.15641850468750002 0.503125 0.2201439953125 0.503125
19 0.746875 0.5125 0.746875 0.4129799828125 0.6967984078125 0.4129799828125 0.6967984078125 0.5125 0.746875 0.5125
19 0.6625 0.490625 0.6625 0.4515625 0.579968340625 0.4515625 0.579968340625 0.490625 0.6625 0.490625
19 0.6859375 0.5125 0.6859375 0.42800755625000003 0.6473192390625 0.42800755625000003 0.6473192390625 0.5125 0.6859375 0.5125
19 0.559375 0.46262255 0.5023029 0.46262255 0.5023029 0.4936683015625 0.559375 0.4936683015625 0.559375 0.46262255
19 0.54375 0.4953125 0.6015625 0.4953125 0.6015625 0.4611008984375 0.54375 0.4611008984375 0.54375 0.4953125