19 0.2203125 0.2359375 0.1796875 0.2359375 0.1796875 0.3 0.2203125 0.3 0.2203125 0.2359375
19 0.26484375 0.2375 0.2265625 0.2375 0.2265625 0.3 0.26484375 0.3 0.26484375 0.2375
19 0.1765625 0.2359375 0.1359375 0.2359375 0.1359375 0.3 0.1765625 0.3 0.1765625 0.2359375
19 0.30625 0.2359375 0.26875 0.2359375 0.26875 0.3 0.30625 0.3 0.30625 0.2359375
19 0.12421875 0.275 0.075 0.275 0.075 0.3625 0.12421875 0.3625 0.12421875 0.275
19 0.37265625 0.265625 0.30625 0.265625 0.30625 0.36875 0.37265625 0.36875 0.37265625 0.265625
19 0.43359375 0.2875 0.375 0.2875 0.375 0.36796875 0.43359375 0.36796875 0.43359375 0.2875
19 0.49140625 0.2890625 0.4328125 0.2890625 0.4328125 0.36875 0.49140625 0.36875 0.49140625 0.2890625
19 0.16484375 0.3015625 0.125 0.3015625 0.125 0.3625 0.16484375 0.3625 0.16484375 0.3015625
19 0.2140625 0.303125 0.1734375 0.303125 0.1734375 0.3640625 0.2140625 0.3640625 0.2140625 0.303125
19 0.25625 0.3046875 0.215625 0.3046875 0.215625 0.365625 0.25625 0.365625 0.25625 0.3046875
19 0.30078125 0.3046875 0.25625 0.3046875 0.25625 0.365625 0.30078125 0.365625 0.30078125 0.3046875
19 0.54296875 0.309375 0.4984375 0.309375 0.4984375 0.36953125 0.54296875 0.36953125 0.54296875 0.309375
19 0.58828125 0.3109375 0.5453125 0.3109375 0.5453125 0.36875 0.58828125 0.36875 0.58828125 0.3109375
19 0.63828125 0.3125 0.59375 0.3125 0.59375 0.37109375 0.63828125 0.37109375 0.63828125 0.3125
19 0.68359375 0.3140625 0.6390625 0.3140625 0.6390625 0.36953125 0.68359375 0.36953125 0.68359375 0.3140625
19 0.78515625 0.4046875 0.7421875 0.4046875 0.7421875 0.4453125 0.78515625 0.4453125 0.78515625 0.4046875
19 0.7328125 0.4046875 0.696875 0.4046875 0.696875 0.44453125 0.7328125 0.44453125 0.7328125 0.4046875
19 0.828125 0.4078125 0.7875 0.4078125 0.7875 0.4453125 0.828125 0.4453125 0.828125 0.4078125
19 0.0421875 0.4140625 0.00625 0.4140625 0.00625 0.49375 0.0421875 0.49375 0.0421875 0.4140625
19 0.07890625 0.4140625 0.04375 0.4140625 0.04375 0.49453125 0.07890625 0.49453125 0.07890625 0.4140625
19 0.11796875 0.4140625 0.0828125 0.4140625 0.0828125 0.496875 0.11796875 0.496875 0.11796875 0.4140625
19 0.196875 0.4140625 0.15625 0.4140625 0.15625 0.49609375 0.196875 0.49609375 0.196875 0.4140625
19 0.15703125 0.415625 0.1171875 0.415625 0.1171875 0.50078125 0.15703125 0.50078125 0.15703125 0.415625
19 0.23125 0.41875 0.19375 0.41875 0.19375 0.4984375 0.23125 0.4984375 0.23125 0.41875
19 0.53984375 0.415625 0.4703125 0.415625 0.4703125 0.50234375 0.53984375 0.50234375 0.53984375 0.415625
19 0.61484375 0.415625 0.5453125 0.415625 0.5453125 0.5046875 0.61484375 0.5046875 0.61484375 0.415625
19 0.6953125 0.41875 0.6234375 0.41875 0.6234375 0.50625 0.6953125 0.50625 0.6953125 0.41875
19 0.4078125 0.4265625 0.35 0.4265625 0.35 0.4984375 0.4078125 0.4984375 0.4078125 0.4265625
19 0.35 0.4265625 0.296875 0.4265625 0.296875 0.50078125 0.35 0.50078125 0.35 0.4265625
19 0.28828125 0.428125 0.234375 0.428125 0.234375 0.50234375 0.28828125 0.50234375 0.28828125 0.428125
19 0.465625 0.4296875 0.4078125 0.4296875 0.4078125 0.50078125 0.465625 0.50078125 0.465625 0.4296875
19 0.9046875 0.4328125 0.8328125 0.4328125 0.8328125 0.509375 0.9046875 0.509375 0.9046875 0.4328125
19 0.98671875 0.4375 0.9109375 0.4375 0.9109375 0.509375 0.98671875 0.509375 0.98671875 0.4375
19 0.82734375 0.4453125 0.784375 0.4453125 0.784375 0.50625 0.82734375 0.50625 0.82734375 0.4453125
19 0.78046875 0.4453125 0.7375 0.4453125 0.7375 0.50625 0.78046875 0.50625 0.78046875 0.4453125
19 0.7375 0.446875 0.6953125 0.446875 0.6953125 0.509375 0.7375 0.509375 0.7375 0.446875
19 0.5578125 0.5375 0.525 0.5375 0.525 0.5625 0.5578125 0.5625 0.5578125 0.5375
19 0.63203125 0.5375 0.5984375 0.5375 0.5984375 0.5625 0.63203125 0.5625 0.63203125 0.5375
19 0.596875 0.5390625 0.5640625 0.5390625 0.5640625 0.56328125 0.596875 0.56328125 0.596875 0.5390625
19 0.08984375 0.534375 0.03125 0.534375 0.03125 0.575 0.08984375 0.575 0.08984375 0.534375
19 0.2109375 0.5359375 0.153125 0.5359375 0.153125 0.5765625 0.2109375 0.5765625 0.2109375 0.5359375
19 0.15 0.534375 0.0921875 0.534375 0.0921875 0.57734375 0.15 0.57734375 0.15 0.534375
19 0.33671875 0.5359375 0.28125 0.5359375 0.28125 0.5765625 0.33671875 0.5765625 0.33671875 0.5359375
19 0.27578125 0.5375 0.2171875 0.5375 0.2171875 0.578125 0.27578125 0.578125 0.27578125 0.5375
19 0.5640625 0.56875 0.5265625 0.56875 0.5265625 0.6015625 0.5640625 0.6015625 0.5640625 0.56875
19 0.59921875 0.571875 0.5640625 0.571875 0.5640625 0.6015625 0.59921875 0.6015625 0.59921875 0.571875
19 0.63515625 0.5734375 0.6015625 0.5734375 0.6015625 0.6 0.63515625 0.6 0.63515625 0.5734375
19 0.70625 0.565625 0.6375 0.565625 0.6375 0.6484375 0.70625 0.6484375 0.70625 0.565625
19 0.85234375 0.565625 0.7859375 0.565625 0.7859375 0.65 0.85234375 0.65 0.85234375 0.565625
19 0.7796875 0.5671875 0.7125 0.5671875 0.7125 0.646875 0.7796875 0.646875 0.7796875 0.5671875
19 0.15 0.578125 0.0890625 0.578125 0.0890625 0.6421875 0.15 0.6421875 0.15 0.578125
19 0.9234375 0.5703125 0.8625 0.5703125 0.8625 0.65234375 0.9234375 0.65234375 0.9234375 0.5703125
19 0.21796875 0.5796875 0.1578125 0.5796875 0.1578125 0.63984375 0.21796875 0.63984375 0.21796875 0.5796875
19 0.084375 0.578125 0.0203125 0.578125 0.0203125 0.64296875 0.084375 0.64296875 0.084375 0.578125
19 0.27578125 0.5828125 0.225 0.5828125 0.225 0.640625 0.27578125 0.640625 0.27578125 0.5828125
19 0.40078125 0.58125 0.340625 0.58125 0.340625 0.6453125 0.40078125 0.6453125 0.40078125 0.58125
19 0.521875 0.58125 0.465625 0.58125 0.465625 0.6453125 0.521875 0.6453125 0.521875 0.58125
19 0.3375 0.5828125 0.2796875 0.5828125 0.2796875 0.646875 0.3375 0.646875 0.3375 0.5828125
19 0.4609375 0.5828125 0.4078125 0.5828125 0.4078125 0.646875 0.4609375 0.646875 0.4609375 0.5828125
19 0.56328125 0.6109375 0.528125 0.6109375 0.528125 0.64453125 0.56328125 0.64453125 0.56328125 0.6109375
19 0.60234375 0.6125 0.56875 0.6125 0.56875 0.64609375 0.60234375 0.64609375 0.60234375 0.6125
19 0.63671875 0.6125 0.6015625 0.6125 0.6015625 0.64609375 0.63671875 0.64609375 0.63671875 0.6125