19 0.50546875 0.60625 0.4765625 0.60625 0.4765625 0.64609375 0.50546875 0.64609375 0.50546875 0.60625
19 0.54140625 0.60625 0.5125 0.60625 0.5125 0.646875 0.54140625 0.646875 0.54140625 0.60625
19 0.28984375 0.7515625 0.2453125 0.7515625 0.2453125 0.80703125 0.28984375 0.80703125 0.28984375 0.7515625
19 0.33359375 0.8484375 0.29375 0.8484375 0.29375 0.89765625 0.33359375 0.89765625 0.33359375 0.8484375
19 0.2890625 0.85625 0.2515625 0.85625 0.2515625 0.8984375 0.2890625 0.8984375 0.2890625 0.85625
19 0.378125 0.8578125 0.3375 0.8578125 0.3375 0.90234375 0.378125 0.90234375 0.378125 0.8578125
19 0.57578125 0.8734375 0.553125 0.8734375 0.553125 0.90859375 0.57578125 0.90859375 0.57578125 0.8734375
19 0.51640625 0.875 0.49375 0.875 0.49375 0.91015625 0.51640625 0.91015625 0.51640625 0.875
19 0.54765625 0.890625 0.525 0.890625 0.525 0.90859375 0.54765625 0.90859375 0.54765625 0.890625
19 0.33203125 0.4015625 0.28125 0.4015625 0.28125 0.465625 0.33203125 0.465625 0.33203125 0.4015625
19 0.38984375 0.403125 0.334375 0.403125 0.334375 0.4640625 0.38984375 0.4640625 0.38984375 0.403125
19 0.27890625 0.403125 0.228125 0.403125 0.228125 0.46328125 0.27890625 0.46328125 0.27890625 0.403125
19 0.271875 0.4921875 0.234375 0.4921875 0.234375 0.559375 0.271875 0.559375 0.271875 0.4921875
19 0.3140625 0.4921875 0.2765625 0.4921875 0.2765625 0.56171875 0.3140625 0.56171875 0.3140625 0.4921875
19 0.36875 0.4984375 0.315625 0.4984375 0.315625 0.55859375 0.36875 0.55859375 0.36875 0.4984375
19 0.4234375 0.4984375 0.371875 0.4984375 0.371875 0.55859375 0.4234375 0.55859375 0.4234375 0.4984375
19 0.48125 0.4984375 0.428125 0.4984375 0.428125 0.55859375 0.48125 0.55859375 0.48125 0.4984375
19 0.5375 0.5015625 0.4859375 0.5015625 0.4859375 0.559375 0.5375 0.559375 0.5375 0.5015625
19 0.28203125 0.5890625 0.253125 0.5890625 0.253125 0.64296875 0.28203125 0.64296875 0.28203125 0.5890625
19 0.31171875 0.5890625 0.284375 0.5890625 0.284375 0.64296875 0.31171875 0.64296875 0.31171875 0.5890625
19 0.3515625 0.59375 0.31875 0.59375 0.31875 0.64296875 0.3515625 0.64296875 0.3515625 0.59375
19 0.43125 0.59375 0.3953125 0.59375 0.3953125 0.6453125 0.43125 0.6453125 0.43125 0.59375
19 0.38984375 0.59375 0.35625 0.59375 0.35625 0.64453125 0.38984375 0.64453125 0.38984375 0.59375
19 0.4734375 0.5953125 0.4375 0.5953125 0.4375 0.646875 0.4734375 0.646875 0.4734375 0.5953125