19 0.5609375 0.4203125 0.5609375 0.385546875 0.52421875 0.385546875 0.52421875 0.4203125 0.5609375 0.4203125
19 0.484375 0.3890625 0.484375 0.4203125 0.525 0.4203125 0.525 0.3890625 0.484375 0.3890625
19 0.5984375 0.44375 0.5984375 0.417578125 0.572265625 0.417578125 0.572265625 0.44375 0.5984375 0.44375
19 0.6359375 0.415625 0.6359375 0.4453125 0.665625 0.4453125 0.665625 0.415625 0.6359375 0.415625
19 0.603125 0.415625 0.603125 0.4453125 0.634375 0.4453125 0.634375 0.415625 0.603125 0.415625
19 0.403125 0.4671875 0.403125 0.412109375 0.3140625 0.412109375 0.3140625 0.4671875 0.403125 0.4671875
19 0.353125 0.4640625 0.353125 0.41953125 0.26015625 0.41953125 0.26015625 0.4640625 0.353125 0.4640625
19 0.7828125 0.4734375 0.8515625 0.4734375 0.8515625 0.414453125 0.7828125 0.414453125 0.7828125 0.4734375
19 0.7265625 0.4078125 0.7265625 0.48125 0.7875 0.48125 0.7875 0.4078125 0.7265625 0.4078125
19 0.4421875 0.484375 0.490625 0.484375 0.490625 0.41875 0.4421875 0.41875 0.4421875 0.484375
19 0.725 0.417578125 0.6734375 0.417578125 0.6734375 0.48125 0.725 0.48125 0.725 0.417578125
19 0.45 0.427734375 0.38515625 0.427734375 0.38515625 0.4734375 0.45 0.4734375 0.45 0.427734375
19 0.497265625 0.434375 0.497265625 0.48125 0.534375 0.48125 0.534375 0.434375 0.497265625 0.434375
19 0.530859375 0.4375 0.530859375 0.47734375 0.5765625 0.47734375 0.5765625 0.4375 0.530859375 0.4375
19 0.671875 0.4796875 0.671875 0.450390625 0.6390625 0.450390625 0.6390625 0.4796875 0.671875 0.4796875
19 0.60703125 0.48125 0.60703125 0.451171875 0.5734375 0.451171875 0.5734375 0.48125 0.60703125 0.48125
19 0.6359375 0.4828125 0.6359375 0.449609375 0.608984375 0.449609375 0.608984375 0.4828125 0.6359375 0.4828125
19 0.7953125 0.5609375 0.7953125 0.6125 0.834375 0.6125 0.834375 0.5609375 0.7953125 0.5609375
19 0.4671875 0.5578125 0.398828125 0.5578125 0.398828125 0.6171875 0.4671875 0.6171875 0.4671875 0.5578125
19 0.7453125 0.5625 0.7453125 0.6140625 0.790625 0.6140625 0.790625 0.5625 0.7453125 0.5625
19 0.6953125 0.6125 0.7375 0.6125 0.7375 0.5640625 0.6953125 0.5640625 0.6953125 0.6125
19 0.5234375 0.558203125 0.46875 0.558203125 0.46875 0.61875 0.5234375 0.61875 0.5234375 0.558203125
19 0.3375 0.553125 0.3375 0.6265625 0.4 0.6265625 0.4 0.553125 0.3375 0.553125
19 0.5859375 0.6171875 0.5859375 0.56015625 0.53046875 0.56015625 0.53046875 0.6171875 0.5859375 0.6171875
19 0.6921875 0.6125 0.6921875 0.57109375 0.646484375 0.57109375 0.646484375 0.6125 0.6921875 0.6125
19 0.590625 0.5671875 0.590625 0.615625 0.6359375 0.615625 0.6359375 0.5671875 0.590625 0.5671875
19 0.7015625 0.83125 0.7015625 0.810546875 0.662890625 0.810546875 0.662890625 0.83125 0.7015625 0.83125
19 0.634375 0.8328125 0.6734375 0.8328125 0.6734375 0.809765625 0.634375 0.809765625 0.634375 0.8328125
19 0.6125 0.8046875 0.6125 0.8453125 0.6375 0.8453125 0.6375 0.8046875 0.6125 0.8046875
19 0.765234375 0.90625 0.765234375 0.94609375 0.8171875 0.94609375 0.8171875 0.90625 0.765234375 0.90625
19 0.728515625 0.9 0.728515625 0.9578125 0.771875 0.9578125 0.771875 0.9 0.728515625 0.9
19 0.6875 0.903125 0.6875 0.959375 0.728125 0.959375 0.728125 0.903125 0.6875 0.903125
19 0.646875 0.9046875 0.646875 0.9625 0.6890625 0.9625 0.6890625 0.9046875 0.646875 0.9046875
19 0.5984375 0.9671875 0.5984375 0.901171875 0.549609375 0.901171875 0.549609375 0.9671875 0.5984375 0.9671875
19 0.4921875 0.971875 0.546875 0.971875 0.546875 0.903125 0.4921875 0.903125 0.4921875 0.971875
19 0.6546875 0.95625 0.6546875 0.91796875 0.593359375 0.91796875 0.593359375 0.95625 0.6546875 0.95625
19 0.4984375 0.9671875 0.4984375 0.91796875 0.432421875 0.91796875 0.432421875 0.9671875 0.4984375 0.9671875
19 0.376171875 0.9171875 0.376171875 0.97109375 0.4421875 0.97109375 0.4421875 0.9171875 0.376171875 0.9171875
19 0.328125 0.915625 0.328125 0.984375 0.3796875 0.984375 0.3796875 0.915625 0.328125 0.915625
19 0.2671875 0.9234375 0.2671875 0.9796875 0.3359375 0.9796875 0.3359375 0.9234375 0.2671875 0.9234375