19 0.1625 0.6046875 0.1625 0.65 0.19375 0.65 0.19375 0.6046875 0.1625 0.6046875
19 0.2359375 0.6046875 0.2359375 0.6515625 0.2671875 0.6515625 0.2671875 0.6046875 0.2359375 0.6046875
19 0.271875 0.6046875 0.271875 0.6515625 0.303125 0.6515625 0.303125 0.6046875 0.271875 0.6046875
19 0.198828125 0.6046875 0.198828125 0.6515625 0.23125 0.6515625 0.23125 0.6046875 0.198828125 0.6046875
19 0.7796875 0.64375 0.7796875 0.613671875 0.7375 0.613671875 0.7375 0.64375 0.7796875 0.64375
19 0.815625 0.6140625 0.815625 0.646875 0.8578125 0.646875 0.8578125 0.6140625 0.815625 0.6140625
19 0.81875 0.6453125 0.81875 0.61484375 0.77734375 0.61484375 0.77734375 0.6453125 0.81875 0.6453125
19 0.7421875 0.61328125 0.700390625 0.61328125 0.700390625 0.6484375 0.7421875 0.6484375 0.7421875 0.61328125
19 0.4484375 0.69375 0.4484375 0.7203125 0.4796875 0.7203125 0.4796875 0.69375 0.4484375 0.69375
19 0.278125 0.69609375 0.262890625 0.69609375 0.262890625 0.7234375 0.278125 0.7234375 0.278125 0.69609375
19 0.315625 0.71875 0.315625 0.69296875 0.291015625 0.69296875 0.291015625 0.71875 0.315625 0.71875
19 0.3828125 0.694921875 0.353125 0.694921875 0.353125 0.7171875 0.3828125 0.7171875 0.3828125 0.694921875
19 0.4453125 0.693359375 0.415625 0.693359375 0.415625 0.7203125 0.4453125 0.7203125 0.4453125 0.693359375
19 0.3859375 0.6953125 0.3859375 0.7203125 0.4171875 0.7203125 0.4171875 0.6953125 0.3859375 0.6953125
19 0.3203125 0.6953125 0.3203125 0.71875 0.35 0.71875 0.35 0.6953125 0.3203125 0.6953125
19 0.733203125 0.6875 0.733203125 0.759375 0.790625 0.759375 0.790625 0.6875 0.733203125 0.6875
19 0.8546875 0.75625 0.8546875 0.692578125 0.794921875 0.692578125 0.794921875 0.75625 0.8546875 0.75625
19 0.3796875 0.75 0.3796875 0.726953125 0.351953125 0.726953125 0.351953125 0.75 0.3796875 0.75
19 0.4796875 0.728515625 0.446875 0.728515625 0.446875 0.75 0.4796875 0.75 0.4796875 0.728515625
19 0.2859375 0.725 0.2859375 0.75 0.3171875 0.75 0.3171875 0.725 0.2859375 0.725
19 0.4125 0.720703125 0.390234375 0.720703125 0.390234375 0.754296875 0.4125 0.754296875 0.4125 0.720703125
19 0.2515625 0.7234375 0.2515625 0.746875 0.284375 0.746875 0.284375 0.7234375 0.2515625 0.7234375
19 0.41875 0.7265625 0.41875 0.7515625 0.4453125 0.7515625 0.4453125 0.7265625 0.41875 0.7265625
19 0.31875 0.725 0.31875 0.75 0.35 0.75 0.35 0.725 0.31875 0.725
19 0.815625 0.90625 0.815625 0.846484375 0.75703125 0.846484375 0.75703125 0.90625 0.815625 0.90625
19 0.8828125 0.9078125 0.8828125 0.84609375 0.82578125 0.84609375 0.82578125 0.9078125 0.8828125 0.9078125
19 0.678125 0.909375 0.678125 0.844140625 0.612890625 0.844140625 0.612890625 0.909375 0.678125 0.909375
19 0.684765625 0.84375 0.684765625 0.91328125 0.7484375 0.91328125 0.7484375 0.84375 0.684765625 0.84375
19 0.6078125 0.851171875 0.54375 0.851171875 0.54375 0.9109375 0.6078125 0.9109375 0.6078125 0.851171875
19 0.8359375 0.38046875 0.752734375 0.38046875 0.752734375 0.425 0.8359375 0.425 0.8359375 0.38046875
19 0.8875 0.38046875 0.805859375 0.38046875 0.805859375 0.4234375 0.8875 0.4234375 0.8875 0.38046875
19 0.160546875 0.371875 0.160546875 0.4390625 0.209375 0.4390625 0.209375 0.371875 0.160546875 0.371875
19 0.2140625 0.371875 0.2140625 0.4390625 0.259375 0.4390625 0.259375 0.371875 0.2140625 0.371875
19 0.7296875 0.373046875 0.696875 0.373046875 0.696875 0.4421875 0.7296875 0.4421875 0.7296875 0.373046875
19 0.716796875 0.3921875 0.716796875 0.4265625 0.784375 0.4265625 0.784375 0.3921875 0.716796875 0.3921875
19 0.6296875 0.50625 0.6296875 0.5640625 0.678125 0.5640625 0.678125 0.50625 0.6296875 0.50625
19 0.73125 0.55625 0.73125 0.513671875 0.673046875 0.513671875 0.673046875 0.55625 0.73125 0.55625
19 0.776171875 0.50625 0.776171875 0.5671875 0.81875 0.5671875 0.81875 0.50625 0.776171875 0.50625
19 0.71875 0.515625 0.71875 0.5578125 0.7796875 0.5578125 0.7796875 0.515625 0.71875 0.515625
19 0.875 0.55625 0.875 0.51640625 0.81484375 0.51640625 0.81484375 0.55625 0.875 0.55625
19 0.5515625 0.5546875 0.5515625 0.52109375 0.506640625 0.52109375 0.506640625 0.5546875 0.5515625 0.5546875
19 0.594140625 0.5171875 0.594140625 0.5625 0.627734375 0.5625 0.627734375 0.5171875 0.594140625 0.5171875
19 0.553125 0.5140625 0.553125 0.5625 0.5890625 0.5625 0.5890625 0.5140625 0.553125 0.5140625