19 0.16171875 0.56875 0.16171875 0.502734375 0.0609375 0.502734375 0.0609375 0.56875 0.16171875 0.56875
19 0 0.56875 0.0859375 0.56875 0.0859375 0.50234375 0 0.50234375 0 0.56875
19 0.2875 0.49375 0.2875 0.5875 0.38125 0.5875 0.38125 0.49375 0.2875 0.49375
19 0.3828125 0.4953125 0.3828125 0.5875 0.4703125 0.5875 0.4703125 0.4953125 0.3828125 0.4953125
19 0.56875 0.584375 0.56875 0.49609375 0.47578125 0.49609375 0.47578125 0.584375 0.56875 0.584375
19 0.28125 0.584375 0.28125 0.516015625 0.228515625 0.516015625 0.228515625 0.584375 0.28125 0.584375
19 0.1578125 0.5171875 0.1578125 0.5859375 0.2140625 0.5859375 0.2140625 0.5171875 0.1578125 0.5171875
19 0.8546875 0.6 0.8546875 0.501953125 0.78125 0.501953125 0.78125 0.6 0.8546875 0.6
19 0.680859375 0.503125 0.680859375 0.59921875 0.7515625 0.59921875 0.7515625 0.503125 0.680859375 0.503125
19 0.657421875 0.596875 0.657421875 0.500390625 0.583203125 0.500390625 0.583203125 0.596875 0.657421875 0.596875
19 0.9390625 0.5453125 0.9390625 0.584375 0.990625 0.584375 0.990625 0.5453125 0.9390625 0.5453125
19 0.9234375 0.547265625 0.8765625 0.547265625 0.8765625 0.584375 0.9234375 0.584375 0.9234375 0.547265625
19 0.5734375 0.721875 0.5734375 0.6046875 0.481640625 0.6046875 0.481640625 0.721875 0.5734375 0.721875
19 0 0.6890625 0.071875 0.6890625 0.071875 0.63671875 0 0.63671875 0 0.6890625
19 0.173046875 0.615625 0.173046875 0.715625 0.2734375 0.715625 0.2734375 0.615625 0.173046875 0.615625
19 0.1609375 0.715625 0.1609375 0.611328125 0.065234375 0.611328125 0.065234375 0.715625 0.1609375 0.715625
19 0.3734375 0.7125 0.459375 0.7125 0.459375 0.6234375 0.3734375 0.6234375 0.3734375 0.7125
19 0.2796875 0.625 0.2796875 0.7125 0.3671875 0.7125 0.3671875 0.625 0.2796875 0.625
19 0.5890625 0.640625 0.5890625 0.709375 0.696875 0.709375 0.696875 0.640625 0.5890625 0.640625