19 0.13125 0.2265625 0.13125 0.0708425453125 0.056347970312499995 0.0708425453125 0.056347970312499995 0.2265625 0.13125 0.2265625
19 0.45 0.20625 0.45 0.10845809843750001 0.27504270625 0.10845809843750001 0.27504270625 0.20625 0.45 0.20625
19 0.5140625 0.2453125 0.5140625 0.077406553125 0.421121384375 0.077406553125 0.421121384375 0.2453125 0.5140625 0.2453125
19 0.234375 0.2375 0.303125 0.2375 0.303125 0.0857315109375 0.234375 0.0857315109375 0.234375 0.2375
19 0.84375 0.21875 0.84375 0.12004119687499999 0.6652758234375 0.12004119687499999 0.6652758234375 0.21875 0.84375 0.21875
19 0.2234375 0.4828125 0.2234375 0.3745729484375 0.1460560703125 0.3745729484375 0.1460560703125 0.4828125 0.2234375 0.4828125
19 0.321875 0.3974050453125 0.2244096671875 0.3974050453125 0.2244096671875 0.4826140484375 0.321875 0.4826140484375 0.321875 0.3974050453125
19 0.1390625 0.48125 0.1390625 0.39999748749999997 0.04854551875 0.39999748749999997 0.04854551875 0.48125 0.1390625 0.48125
19 0.4046875 0.39705838125000004 0.3282003609375 0.39705838125000004 0.3282003609375 0.49512911875 0.4046875 0.49512911875 0.4046875 0.39705838125000004
19 0.5 0.4890625 0.5 0.40316519375000004 0.4187625609375 0.40316519375000004 0.4187625609375 0.4890625 0.5 0.4890625
19 0.1640625 0.6015625 0.1640625 0.5516529343750001 0.12107616562500001 0.5516529343750001 0.12107616562500001 0.6015625 0.1640625 0.6015625
19 0.21875 0.6 0.21875 0.5574557875 0.16733068906249998 0.5574557875 0.16733068906249998 0.6 0.21875 0.6
19 0.4375 0.5719503625 0.39072799375 0.5719503625 0.39072799375 0.6499246390625 0.4375 0.6499246390625 0.4375 0.5719503625
19 0.3296875 0.5738921828125 0.278125 0.5738921828125 0.278125 0.6526703171875 0.3296875 0.6526703171875 0.3296875 0.5738921828125
19 0.38125 0.65625 0.38125 0.57446493125 0.337972265625 0.57446493125 0.337972265625 0.65625 0.38125 0.65625
19 0.167061896875 0.65625 0.167061896875 0.6094779953125 0.120438103125 0.6094779953125 0.120438103125 0.65625 0.167061896875 0.65625
19 0.215436596875 0.6546875 0.215436596875 0.6111585625 0.173635953125 0.6111585625 0.173635953125 0.6546875 0.215436596875 0.6546875