19 0.1796875 0.2359375 0.1796875 0.3 0.2203125 0.3 0.2203125 0.2359375 0.1796875 0.2359375
19 0.2765625 0.24921875 0.214453125 0.24921875 0.214453125 0.2875 0.2765625 0.2875 0.2765625 0.24921875
19 0.1359375 0.2359375 0.1359375 0.3 0.1765625 0.3 0.1765625 0.2359375 0.1359375 0.2359375
19 0.26875 0.2359375 0.26875 0.3 0.30625 0.3 0.30625 0.2359375 0.26875 0.2359375
19 0.1421875 0.29453125 0.055859375 0.29453125 0.055859375 0.34375 0.1421875 0.34375 0.1421875 0.29453125
19 0.30625 0.265625 0.30625 0.36875 0.371875 0.36875 0.371875 0.265625 0.30625 0.265625
19 0.44375 0.35625 0.44375 0.298046875 0.364453125 0.298046875 0.364453125 0.35625 0.44375 0.35625
19 0.422265625 0.3 0.422265625 0.3578125 0.5015625 0.3578125 0.5015625 0.3 0.422265625 0.3
19 0.125390625 0.3015625 0.125390625 0.3625 0.1640625 0.3625 0.1640625 0.3015625 0.125390625 0.3015625
19 0.1734375 0.303125 0.1734375 0.3640625 0.2140625 0.3640625 0.2140625 0.303125 0.1734375 0.303125
19 0.265625 0.3546875 0.265625 0.31484375 0.20546875 0.31484375 0.20546875 0.3546875 0.265625 0.3546875
19 0.25625 0.3046875 0.25625 0.365625 0.3 0.365625 0.3 0.3046875 0.25625 0.3046875
19 0.55 0.3609375 0.55 0.317578125 0.491015625 0.317578125 0.491015625 0.3609375 0.55 0.3609375
19 0.537890625 0.31875 0.537890625 0.3609375 0.5953125 0.3609375 0.5953125 0.31875 0.537890625 0.31875
19 0.6375 0.3703125 0.6375 0.312109375 0.594140625 0.312109375 0.594140625 0.3703125 0.6375 0.3703125
19 0.6828125 0.36875 0.6828125 0.314453125 0.638671875 0.314453125 0.638671875 0.36875 0.6828125 0.36875
19 0.7421875 0.4046875 0.7421875 0.4453125 0.784375 0.4453125 0.784375 0.4046875 0.7421875 0.4046875
19 0.734375 0.406640625 0.6953125 0.406640625 0.6953125 0.4421875 0.734375 0.4421875 0.734375 0.406640625
19 0.7890625 0.40625 0.7890625 0.446875 0.8265625 0.446875 0.8265625 0.40625 0.7890625 0.40625
19 0 0.471875 0.0640625 0.471875 0.0640625 0.4359375 0 0.4359375 0 0.471875
19 0.04375 0.49375 0.078125 0.49375 0.078125 0.4140625 0.04375 0.4140625 0.04375 0.49375
19 0.140625 0.43828125 0.058984375 0.43828125 0.058984375 0.4734375 0.140625 0.4734375 0.140625 0.43828125
19 0.2171875 0.434765625 0.13515625 0.434765625 0.13515625 0.475 0.2171875 0.475 0.2171875 0.434765625
19 0.178125 0.4765625 0.178125 0.438671875 0.094140625 0.438671875 0.094140625 0.4765625 0.178125 0.4765625
19 0.2515625 0.4765625 0.2515625 0.43984375 0.17265625 0.43984375 0.17265625 0.4765625 0.2515625 0.4765625
19 0.5390625 0.5015625 0.5390625 0.416015625 0.470703125 0.416015625 0.470703125 0.5015625 0.5390625 0.5015625
19 0.6234375 0.42578125 0.535546875 0.42578125 0.535546875 0.4953125 0.6234375 0.4953125 0.6234375 0.42578125
19 0.6234375 0.41875 0.6234375 0.50625 0.6953125 0.50625 0.6953125 0.41875 0.6234375 0.41875
19 0.35 0.4265625 0.35 0.4984375 0.4078125 0.4984375 0.4078125 0.4265625 0.35 0.4265625
19 0.359375 0.4890625 0.359375 0.437109375 0.2859375 0.437109375 0.2859375 0.4890625 0.359375 0.4890625
19 0.2875 0.5015625 0.2875 0.427734375 0.234765625 0.427734375 0.234765625 0.5015625 0.2875 0.5015625
19 0.471875 0.49375 0.471875 0.436328125 0.4015625 0.436328125 0.4015625 0.49375 0.471875 0.49375
19 0.90625 0.50625 0.90625 0.43515625 0.83046875 0.43515625 0.83046875 0.50625 0.90625 0.50625
19 0.910546875 0.4375 0.910546875 0.509375 0.9859375 0.509375 0.9859375 0.4375 0.910546875 0.4375
19 0.783984375 0.4453125 0.783984375 0.50625 0.8265625 0.50625 0.8265625 0.4453125 0.783984375 0.4453125
19 0.737109375 0.4453125 0.737109375 0.50625 0.7796875 0.50625 0.7796875 0.4453125 0.737109375 0.4453125
19 0.746875 0.4984375 0.746875 0.45703125 0.68515625 0.45703125 0.68515625 0.4984375 0.746875 0.4984375
19 0.553125 0.565625 0.553125 0.53359375 0.52890625 0.53359375 0.52890625 0.565625 0.553125 0.565625
19 0.598828125 0.5375 0.598828125 0.5625 0.63125 0.5625 0.63125 0.5375 0.598828125 0.5375
19 0.5921875 0.534765625 0.56875 0.534765625 0.56875 0.5671875 0.5921875 0.5671875 0.5921875 0.534765625
19 0.030859375 0.534375 0.030859375 0.575 0.0890625 0.575 0.0890625 0.534375 0.030859375 0.534375
19 0.153125 0.5359375 0.153125 0.5765625 0.2109375 0.5765625 0.2109375 0.5359375 0.153125 0.5359375
19 0.1421875 0.584375 0.1421875 0.526953125 0.1 0.526953125 0.1 0.584375 0.1421875 0.584375
19 0.281640625 0.5359375 0.281640625 0.5765625 0.3359375 0.5765625 0.3359375 0.5359375 0.281640625 0.5359375
19 0.226171875 0.528125 0.226171875 0.5859375 0.265625 0.5859375 0.265625 0.528125 0.226171875 0.528125
19 0.5609375 0.603125 0.5609375 0.56640625 0.52890625 0.56640625 0.52890625 0.603125 0.5609375 0.603125
19 0.564453125 0.571875 0.564453125 0.6015625 0.5984375 0.6015625 0.5984375 0.571875 0.564453125 0.571875
19 0.601953125 0.5734375 0.601953125 0.6 0.634375 0.6 0.634375 0.5734375 0.601953125 0.5734375
19 0.6375 0.565625 0.6375 0.6484375 0.70625 0.6484375 0.70625 0.565625 0.6375 0.565625
19 0.8609375 0.640625 0.8609375 0.575 0.776953125 0.575 0.776953125 0.640625 0.8609375 0.640625
19 0.7125 0.5671875 0.7125 0.646875 0.7796875 0.646875 0.7796875 0.5671875 0.7125 0.5671875
19 0.0875 0.5796875 0.0875 0.640625 0.1515625 0.640625 0.1515625 0.5796875 0.0875 0.5796875
19 0.9234375 0.569921875 0.8625 0.569921875 0.8625 0.6515625 0.9234375 0.6515625 0.9234375 0.569921875
19 0.2171875 0.6390625 0.2171875 0.580078125 0.158203125 0.580078125 0.158203125 0.6390625 0.2171875 0.6390625
19 0.084375 0.6421875 0.084375 0.578515625 0.0203125 0.578515625 0.0203125 0.6421875 0.084375 0.6421875
19 0.225390625 0.5828125 0.225390625 0.640625 0.275 0.640625 0.275 0.5828125 0.225390625 0.5828125
19 0.4015625 0.6421875 0.4015625 0.58359375 0.338671875 0.58359375 0.338671875 0.6421875 0.4015625 0.6421875
19 0.465625 0.58125 0.465625 0.6453125 0.521875 0.6453125 0.521875 0.58125 0.465625 0.58125
19 0.2796875 0.5828125 0.2796875 0.646875 0.3375 0.646875 0.3375 0.5828125 0.2796875 0.5828125
19 0.4078125 0.5828125 0.4078125 0.646875 0.4609375 0.646875 0.4609375 0.5828125 0.4078125 0.5828125
19 0.528125 0.64375 0.5625 0.64375 0.5625 0.6109375 0.528125 0.6109375 0.528125 0.64375
19 0.6015625 0.6453125 0.6015625 0.612109375 0.569140625 0.612109375 0.569140625 0.6453125 0.6015625 0.6453125
19 0.6359375 0.6453125 0.6359375 0.612109375 0.601171875 0.612109375 0.601171875 0.6453125 0.6359375 0.6453125