19 0.5293279625 0.2203125 0.5293279625 0.13851373281249998 0.4722345375 0.13851373281249998 0.4722345375 0.2203125 0.5293279625 0.2203125
19 0.4765625 0.209375 0.4765625 0.1562743296875 0.39561526874999997 0.1562743296875 0.39561526874999997 0.209375 0.4765625 0.209375
19 0.3375 0.2296875 0.3375 0.1328125 0.274591803125 0.1328125 0.274591803125 0.2296875 0.3375 0.2296875
19 0.4015625 0.225 0.4015625 0.143912196875 0.34921604687499996 0.143912196875 0.34921604687499996 0.225 0.4015625 0.225
19 0.259375 0.2328125 0.259375 0.1387083703125 0.196466803125 0.1387083703125 0.196466803125 0.2328125 0.259375 0.2328125
19 0.6453125 0.163551578125 0.5861213234375 0.163551578125 0.5861213234375 0.20766922499999999 0.6453125 0.20766922499999999 0.6453125 0.163551578125
19 0.5890625 0.2125 0.5890625 0.1657060984375 0.532836828125 0.1657060984375 0.532836828125 0.2125 0.5890625 0.2125
19 0.1859375 0.2390625 0.1859375 0.1438013625 0.1253243953125 0.1438013625 0.1253243953125 0.2390625 0.1859375 0.2390625
19 0.1296875 0.225 0.1296875 0.165689878125 0.0378189875 0.165689878125 0.0378189875 0.225 0.1296875 0.225
19 0 0.2217209125 0.0671875 0.2217209125 0.0671875 0.1767382140625 0 0.1767382140625 0 0.2217209125
19 1 0.25053525 0.90883975 0.25053525 0.90883975 0.3405006484375 1 0.3405006484375 1 0.25053525
19 0.9 0.3421875 0.9 0.24915116875 0.8084937296874999 0.24915116875 0.8084937296874999 0.3421875 0.9 0.3421875
19 0.70625 0.3453125 0.796875 0.3453125 0.796875 0.252854671875 0.70625 0.252854671875 0.70625 0.3453125
19 0.696875 0.346875 0.696875 0.254233346875 0.6054417187500001 0.254233346875 0.6054417187500001 0.346875 0.696875 0.346875
19 0.578125 0.3640625 0.578125 0.2758731625 0.515297903125 0.2758731625 0.515297903125 0.3640625 0.578125 0.3640625
19 0.1515625 0.3578125 0.1515625 0.287045846875 0.060561743749999994 0.287045846875 0.060561743749999994 0.3578125 0.1515625 0.3578125
19 0 0.3546875 0.075 0.3546875 0.075 0.2929282 0 0.2929282 0 0.3546875
19 0.4921875 0.2984375 0.4342506484375 0.2984375 0.4342506484375 0.3543685125 0.4921875 0.3543685125 0.4921875 0.2984375
19 0.3359375 0.375 0.3359375 0.2809823734375 0.2717884953125 0.2809823734375 0.2717884953125 0.375 0.3359375 0.375
19 0.4265625 0.3546875 0.4265625 0.29905925624999996 0.3671361375 0.29905925624999996 0.3671361375 0.3546875 0.4265625 0.3546875
19 0.2526627390625 0.3640625 0.2526627390625 0.3099075484375 0.2085450921875 0.3099075484375 0.2085450921875 0.3640625 0.2526627390625 0.3640625
19 0.2015625 0.3125 0.1460640140625 0.3125 0.1460640140625 0.3624513421875 0.2015625 0.3624513421875 0.2015625 0.3125