19 0.603125 0.6671875 0.6421006953124999 0.6671875 0.6421006953124999 0.639496528125 0.603125 0.639496528125 0.603125 0.6671875
19 0.515625 0.6703125 0.515625 0.634375 0.48619791562500003 0.634375 0.48619791562500003 0.6703125 0.515625 0.6703125
19 0.5486111109375 0.634375 0.5486111109375 0.6703125 0.5763888890625 0.6703125 0.5763888890625 0.634375 0.5486111109375 0.634375
19 0.6109375 0.6390625 0.575 0.6390625 0.575 0.6654513890625 0.6109375 0.6654513890625 0.6109375 0.6390625
19 0.6984375 0.671875 0.6984375 0.6348090296875 0.6717013890625 0.6348090296875 0.6717013890625 0.671875 0.6984375 0.671875
19 0.51875 0.63125 0.51875 0.6703125 0.5453125 0.6703125 0.5453125 0.63125 0.51875 0.63125
19 0.6734375 0.6640625 0.6734375 0.637847221875 0.6352430546875001 0.637847221875 0.6352430546875001 0.6640625 0.6734375 0.6640625
19 0.796875 0.665625 0.796875 0.64071180625 0.7593749984375 0.64071180625 0.7593749984375 0.665625 0.796875 0.665625
19 0.7359375 0.6625 0.7359375 0.6391493046875001 0.6972222234375 0.6391493046875001 0.6972222234375 0.6625 0.7359375 0.6625
19 0.7609375 0.671875 0.7609375 0.6329861125 0.7363715281250001 0.6329861125 0.7363715281250001 0.671875 0.7609375 0.671875
19 0.81875 0.671875 0.81875 0.6348090296875 0.797222221875 0.6348090296875 0.797222221875 0.671875 0.81875 0.671875
19 0.8501736109375001 0.671527778125 0.8701388890624999 0.671527778125 0.8701388890624999 0.647222221875 0.8501736109375001 0.647222221875 0.8501736109375001 0.671527778125
19 0.8453125 0.647222221875 0.8267361109375001 0.647222221875 0.8267361109375001 0.671527778125 0.8453125 0.671527778125 0.8453125 0.647222221875
19 0.87664930625 0.671527778125 0.8983506953125 0.671527778125 0.8983506953125 0.647222221875 0.87664930625 0.647222221875 0.87664930625 0.671527778125
19 0.9484375 0.6703125 0.9484375 0.65 0.9304687515625 0.65 0.9304687515625 0.6703125 0.9484375 0.6703125
19 0.90625 0.671875 0.928125 0.671875 0.928125 0.6506944453125 0.90625 0.6506944453125 0.90625 0.671875
19 0.7421875 0.694184028125 0.6985243046875 0.694184028125 0.6985243046875 0.7558159734375 0.7421875 0.7558159734375 0.7421875 0.694184028125
19 0.796875 0.698958334375 0.7378472234375 0.698958334375 0.7378472234375 0.7527777796875 0.796875 0.7527777796875 0.796875 0.698958334375
19 0.846875 0.75 0.846875 0.7038194437499999 0.7894097234374999 0.7038194437499999 0.7894097234374999 0.75 0.846875 0.75
19 0.6984375 0.7515625 0.6984375 0.7029513875 0.6409722234374999 0.7029513875 0.6409722234374999 0.7515625 0.6984375 0.7515625
19 0.94375 0.7484375 0.94375 0.7026909734375 0.8845486109375 0.7026909734375 0.8845486109375 0.7484375 0.94375 0.7484375
19 0.8953125 0.753125 0.8953125 0.7039930562500001 0.8377604171874999 0.7039930562500001 0.8377604171874999 0.753125 0.8953125 0.753125
19 0.64375 0.753125 0.64375 0.70477430625 0.59539930625 0.70477430625 0.59539930625 0.753125 0.64375 0.753125
19 0.59375 0.7515625 0.59375 0.7049479171875 0.5401041656250001 0.7049479171875 0.5401041656250001 0.7515625 0.59375 0.7515625
19 0.540625 0.7546875 0.540625 0.7033854171875 0.49288194531249996 0.7033854171875 0.49288194531249996 0.7546875 0.540625 0.7546875
19 0.6875 0.8328125 0.6875 0.783854165625 0.638802084375 0.783854165625 0.638802084375 0.8328125 0.6875 0.8328125
19 0.7375 0.834375 0.7375 0.781597221875 0.69131944375 0.781597221875 0.69131944375 0.834375 0.7375 0.834375
19 0.7859375 0.7868055546875 0.7359375 0.7868055546875 0.7359375 0.8328125 0.7859375 0.8328125 0.7859375 0.7868055546875
19 0.940625 0.8328125 0.940625 0.7861111109375 0.8946180546875 0.7861111109375 0.8946180546875 0.8328125 0.940625 0.8328125
19 0.5890625 0.834375 0.5890625 0.7870659734375 0.539409721875 0.7870659734375 0.539409721875 0.834375 0.5890625 0.834375
19 0.840625 0.7880208328125 0.7868055546875 0.7880208328125 0.7868055546875 0.834375 0.840625 0.834375 0.840625 0.7880208328125
19 0.89375 0.834375 0.89375 0.78828125 0.8471354156249999 0.78828125 0.8471354156249999 0.834375 0.89375 0.834375
19 0.5921875 0.8359375 0.6390625 0.8359375 0.6390625 0.790625 0.5921875 0.790625 0.5921875 0.8359375
19 0.5375 0.8359375 0.5375 0.8001736109375001 0.4920138875 0.8001736109375001 0.4920138875 0.8359375 0.5375 0.8359375
19 0.7296875 0.921875 0.7296875 0.8858506937499999 0.6933159703125 0.8858506953124999 0.6933159703125 0.921875 0.7296875 0.921875
19 0.6046875 0.9234375 0.6046875 0.8848958343750001 0.568142359375 0.8848958343750001 0.568142359375 0.9234375 0.6046875 0.9234375
19 0.65 0.9234375 0.6890625 0.9234375 0.6890625 0.8873263874999999 0.65 0.8873263874999999 0.65 0.9234375
19 0.5296875 0.9265625 0.5640625 0.9265625 0.5640625 0.8875 0.5296875 0.8875 0.5296875 0.9265625
19 0.6453125 0.925 0.6453125 0.88680555625 0.6074652781250001 0.88680555625 0.6074652781250001 0.925 0.6453125 0.925
19 0.7578125 0.896875 0.7260416671875001 0.896875 0.7260416671875001 0.9167534734375 0.7578125 0.9167534734375 0.7578125 0.896875
19 0.4859375 0.890625 0.4859375 0.925 0.525 0.925 0.525 0.890625 0.4859375 0.890625
19 0.784375 0.921875 0.784375 0.8953124984375 0.7519097234375 0.8953125 0.7519097234375 0.921875 0.784375 0.921875
19 0.840625 0.9234375 0.840625 0.8921875 0.8145833328125001 0.8921875 0.8145833328125001 0.9234375 0.840625 0.9234375
19 0.875 0.9203125 0.875 0.8967013890625 0.8430555546875 0.8967013890625 0.8430555546875 0.9203125 0.875 0.9203125
19 0.903125 0.928125 0.903125 0.8927951390625 0.8770833328125001 0.8927951390625 0.8770833328125001 0.928125 0.903125 0.928125
19 0.9328125 0.928125 0.9328125 0.8927951390625 0.9082465281250001 0.8927951390625 0.9082465281250001 0.928125 0.9328125 0.928125
19 0.815625 0.8967013875 0.785503471875 0.8967013875 0.785503471875 0.921875 0.815625 0.921875 0.815625 0.8967013875
19 0.5765625 0.5703125 0.5765625 0.50546875 0.5388888875 0.50546875 0.5388888875 0.5703125 0.5765625 0.5703125
19 0.5419270828125 0.5578125 0.5419270828125 0.5161458328124999 0.47508680468750003 0.5161458328124999 0.47508680468750003 0.5578125 0.5419270828125 0.5578125
19 0.628472221875 0.570052084375 0.668402778125 0.570052084375 0.668402778125 0.5049479171875 0.628472221875 0.5049479171875 0.628472221875 0.570052084375
19 0.5680555546875 0.51875 0.5680555546875 0.5578125 0.634375 0.5578125 0.634375 0.51875 0.5680555546875 0.51875
19 0.834375 0.6359375 0.834375 0.6220486109375 0.81631944375 0.6220486109375 0.81631944375 0.6359375 0.834375 0.6359375
19 0.840625 0.640625 0.8640625 0.640625 0.8640625 0.618315971875 0.840625 0.618315971875 0.840625 0.640625
19 0.8875 0.6390625 0.8875 0.62118055625 0.8665798625000001 0.62118055625 0.8665798625000001 0.6390625 0.8875 0.6390625
19 0.934375 0.640625 0.934375 0.621875 0.9144097234374999 0.621875 0.9144097234374999 0.640625 0.934375 0.640625
19 0.9125 0.640625 0.9125 0.621527778125 0.89288194375 0.621527778125 0.89288194375 0.640625 0.9125 0.640625