19 0.771875 0.6796875 0.771875 0.607552084375 0.6961805562500001 0.607552084375 0.6961805562500001 0.6796875 0.771875 0.6796875
19 0.846875 0.684375 0.846875 0.6110243046875 0.7711805546875 0.6110243046875 0.7711805546875 0.684375 0.846875 0.684375
19 0.9104166671874999 0.6875 0.9104166671874999 0.6282986109375 0.8505208328125 0.6282986109375 0.8505208328125 0.6875 0.9104166671874999 0.6875
19 0.715625 0.146875 0.715625 0.0416666671875 0.5960069453125 0.041666665625 0.5960069453125 0.146875 0.715625 0.146875
19 0.8484375 0.1359375 0.8484375 0.08116319375 0.759895834375 0.08116319375 0.759895834375 0.1359375 0.8484375 0.1359375
19 0.765625 0.15625 0.765625 0.064322915625 0.7151909734374999 0.064322915625 0.7151909734374999 0.15625 0.765625 0.15625
19 0.596875 0.1484375 0.596875 0.0970486109375 0.5398437515625 0.0970486109375 0.5398437515625 0.1484375 0.596875 0.1484375
19 0.5296875 0.1546875 0.5296875 0.0975694453125 0.48237847343749995 0.0975694453125 0.48237847343749995 0.1546875 0.5296875 0.1546875
19 0.7296875 0.2953125 0.7296875 0.196875 0.62118055625 0.196875 0.62118055625 0.2953125 0.7296875 0.2953125
19 0.8015625 0.2953125 0.8015625 0.2227430546875 0.7328125 0.2227430546875 0.7328125 0.2953125 0.8015625 0.2953125
19 0.8625 0.30625 0.8625 0.23611111093749998 0.8096354171875 0.23611111093749998 0.8096354171875 0.30625 0.8625 0.30625
19 0.1859375 0.4046875 0.1859375 0.34913194375 0.09921875 0.34913194375 0.09921875 0.4046875 0.1859375 0.4046875
19 0.06753472187500001 0.41710069531249994 0.107465278125 0.41710069531249994 0.107465278125 0.33289930624999997 0.06753472187500001 0.33289930624999997 0.06753472187500001 0.41710069531249994
19 0.24375 0.4015625 0.24375 0.3484375 0.1597222234375 0.3484375 0.1597222234375 0.4015625 0.24375 0.4015625
19 0.303125 0.4046875 0.303125 0.35538194375 0.217708334375 0.35538194375 0.217708334375 0.4046875 0.303125 0.4046875
19 0.2953125 0.421875 0.3453125 0.421875 0.3453125 0.337934028125 0.2953125 0.337934028125 0.2953125 0.421875
19 0.49375 0.4265625 0.5296875 0.4265625 0.5296875 0.359635415625 0.49375 0.359635415625 0.49375 0.4265625
19 0.43125 0.4125 0.503125 0.4125 0.503125 0.3711805546875 0.43125 0.3711805546875 0.43125 0.4125
19 0.75625 0.36631944375000003 0.7071180546875 0.36631944375000003 0.7071180546875 0.43055555625 0.75625 0.43055555625 0.75625 0.36631944375000003
19 0.7578125 0.421875 0.8167534734374999 0.421875 0.8167534734374999 0.378645834375 0.7578125 0.378645834375 0.7578125 0.421875
19 0.571875 0.428125 0.571875 0.384375 0.54053819375 0.384375 0.54053819375 0.428125 0.571875 0.428125
19 0.9015625 0.43125 0.9015625 0.3853298609375 0.8650173593750001 0.3853298609375 0.8650173593750001 0.43125 0.9015625 0.43125
19 0.8578125 0.4328125 0.8578125 0.3890625 0.8135416671875 0.3890625 0.8135416671875 0.4328125 0.8578125 0.4328125
19 0.9390625 0.4359375 0.9390625 0.4089409703125 0.9140625 0.4089409703125 0.9140625 0.4359375 0.9390625 0.4359375
19 0.978125 0.4375 0.978125 0.40625 0.953559028125 0.40625 0.953559028125 0.4375 0.978125 0.4375
19 0.34375 0.5421875 0.42317708437499996 0.5421875 0.42317708437499996 0.48020833281249997 0.34375 0.48020833281249997 0.34375 0.5421875
19 0.4921875 0.5421875 0.4921875 0.486371528125 0.4078993046875 0.486371528125 0.4078993046875 0.5421875 0.4921875 0.5421875
19 0.621875 0.5453125 0.621875 0.48428819375 0.5400173609375 0.48428819375 0.5400173609375 0.5453125 0.621875 0.5453125
19 0.55625 0.546875 0.55625 0.4856770828125 0.47491319374999996 0.4856770828125 0.47491319374999996 0.546875 0.55625 0.546875
19 0.6890625 0.55 0.6890625 0.4861111109375 0.608159721875 0.4861111109375 0.608159721875 0.55 0.6890625 0.55
19 0.740625 0.5484375 0.740625 0.5046875 0.677083334375 0.5046875 0.677083334375 0.5484375 0.740625 0.5484375
19 0.788802084375 0.5578125 0.788802084375 0.49522569531249994 0.7393229171875 0.49522569531249994 0.7393229171875 0.5578125 0.788802084375 0.5578125
19 0.8515625 0.553125 0.8515625 0.5072048609375 0.7915798609375 0.5072048609375 0.7915798609375 0.553125 0.8515625 0.553125
19 0.9375 0.5625 0.9375 0.517447915625 0.9004340281250001 0.517447915625 0.9004340281250001 0.5625 0.9375 0.5625
19 0.8890625 0.5172743046875 0.8560763890624999 0.5172743046875 0.8560763890624999 0.56241319375 0.8890625 0.56241319375 0.8890625 0.5172743046875
19 0.95 0.5203125 0.95 0.5671875 0.9890625 0.5671875 0.9890625 0.5203125 0.95 0.5203125