19 0.415625 0.2515625 0.5125 0.2515625 0.5125 0.144921875 0.415625 0.144921875 0.415625 0.2515625
19 0.551953125 0.1515625 0.551953125 0.246875 0.646875 0.246875 0.646875 0.1515625 0.551953125 0.1515625
19 0.7609375 0.14921875 0.666015625 0.14921875 0.666015625 0.2515625 0.7609375 0.2515625 0.7609375 0.14921875
19 0.875 0.148828125 0.77890625 0.148828125 0.77890625 0.253125 0.875 0.253125 0.875 0.148828125
19 0.8953125 0.1515625 0.8953125 0.25625 0.990625 0.25625 0.990625 0.1515625 0.8953125 0.1515625
19 0.877734375 0.3484375 0.877734375 0.4046875 0.9484375 0.4046875 0.9484375 0.3484375 0.877734375 0.3484375
19 0.5671875 0.6046875 0.5671875 0.7 0.646875 0.7 0.646875 0.6046875 0.5671875 0.6046875
19 0.559375 0.6921875 0.559375 0.612890625 0.464453125 0.612890625 0.464453125 0.6921875 0.559375 0.6921875
19 0.7140625 0.7015625 0.7140625 0.644140625 0.656640625 0.644140625 0.656640625 0.7015625 0.7140625 0.7015625
19 0.85625 0.646875 0.85625 0.7 0.9125 0.7 0.9125 0.646875 0.85625 0.646875
19 0.796875 0.7 0.8515625 0.7 0.8515625 0.644921875 0.796875 0.644921875 0.796875 0.7
19 0.7890625 0.645703125 0.725 0.645703125 0.725 0.7 0.7890625 0.7 0.7890625 0.645703125