19 0.83671875 0.103125 0.7609375 0.103125 0.7609375 0.1921875 0.83671875 0.1921875 0.83671875 0.103125
19 0.91875 0.1078125 0.840625 0.1078125 0.840625 0.1921875 0.91875 0.1921875 0.91875 0.1078125
19 0.4625 0.0953125 0.3953125 0.0953125 0.3953125 0.20625 0.4625 0.20625 0.4625 0.0953125
19 0.53671875 0.1 0.4671875 0.1 0.4671875 0.2046875 0.53671875 0.2046875 0.53671875 0.1
19 0.99375 0.125 0.925 0.125 0.925 0.1921875 0.99375 0.1921875 0.99375 0.125
19 0.38828125 0.1203125 0.3125 0.1203125 0.3125 0.20703125 0.38828125 0.20703125 0.38828125 0.1203125
19 0.6640625 0.1296875 0.603125 0.1296875 0.603125 0.2015625 0.6640625 0.2015625 0.6640625 0.1296875
19 0.30625 0.121875 0.2375 0.121875 0.2375 0.20703125 0.30625 0.20703125 0.30625 0.121875
19 0.6 0.13125 0.5359375 0.13125 0.5359375 0.2 0.6 0.2 0.6 0.13125
19 0.70625 0.140625 0.665625 0.140625 0.665625 0.1984375 0.70625 0.1984375 0.70625 0.140625
19 0.7546875 0.1421875 0.709375 0.1421875 0.709375 0.19765625 0.7546875 0.19765625 0.7546875 0.1421875
19 0.23125 0.1328125 0.1625 0.1328125 0.1625 0.2125 0.23125 0.2125 0.23125 0.1328125
19 0.15859375 0.1359375 0.0875 0.1359375 0.0875 0.21640625 0.15859375 0.21640625 0.15859375 0.1359375
19 0.50390625 0.28125 0.46875 0.28125 0.46875 0.3125 0.50390625 0.3125 0.50390625 0.28125
19 0.46171875 0.2828125 0.4265625 0.2828125 0.4265625 0.3125 0.46171875 0.3125 0.46171875 0.2828125
19 0.4234375 0.2828125 0.3875 0.2828125 0.3875 0.315625 0.4234375 0.315625 0.4234375 0.2828125
19 0.975 0.2578125 0.8984375 0.2578125 0.8984375 0.35 0.975 0.35 0.975 0.2578125
19 0.89375 0.259375 0.8171875 0.259375 0.8171875 0.3515625 0.89375 0.3515625 0.89375 0.259375
19 0.28125 0.26875 0.2234375 0.26875 0.2234375 0.3609375 0.28125 0.3609375 0.28125 0.26875
19 0.2203125 0.26875 0.159375 0.26875 0.159375 0.36484375 0.2203125 0.36484375 0.2203125 0.26875
19 0.1578125 0.2703125 0.0953125 0.2703125 0.0953125 0.3625 0.1578125 0.3625 0.1578125 0.2703125
19 0.33671875 0.2796875 0.2875 0.2796875 0.2875 0.359375 0.33671875 0.359375 0.33671875 0.2796875
19 0.384375 0.3 0.3390625 0.3 0.3390625 0.36015625 0.384375 0.36015625 0.384375 0.3
19 0.46484375 0.3203125 0.4265625 0.3203125 0.4265625 0.35546875 0.46484375 0.35546875 0.46484375 0.3203125
19 0.50390625 0.3203125 0.4703125 0.3203125 0.4703125 0.35546875 0.50390625 0.35546875 0.50390625 0.3203125
19 0.4265625 0.321875 0.390625 0.321875 0.390625 0.3578125 0.4265625 0.3578125 0.4265625 0.321875