19 0.31875 0.375 0.40921926875 0.375 0.40921926875 0.2738969046875 0.31875 0.2738969046875 0.31875 0.375
19 0.3078125 0.32528031562500004 0.24255865937499999 0.32528031562500004 0.24255865937499999 0.368469684375 0.3078125 0.368469684375 0.3078125 0.32528031562500004
19 0.6484375 0.4796875 0.6484375 0.43306166875 0.584938228125 0.43306166875 0.584938228125 0.4796875 0.6484375 0.4796875
19 0.53125 0.48125 0.53125 0.434375 0.46985569062500004 0.434375 0.46985569062500004 0.48125 0.53125 0.48125
19 0.5796875 0.4890625 0.5796875 0.4271542765625 0.5339649078125001 0.4271542765625 0.5339649078125001 0.4890625 0.5796875 0.4890625
19 0.2171875 0.4859375 0.2171875 0.4390625 0.18071532343750002 0.4390625 0.18071532343750002 0.4859375 0.2171875 0.4859375
19 0.1265625 0.48125 0.17749948124999998 0.48125 0.17749948124999998 0.44465323906250004 0.1265625 0.44465323906250004 0.1265625 0.48125
19 0.1234375 0.4565095515625 0.0875622921875 0.4565095515625 0.0875622921875 0.48724044843750003 0.1234375 0.48724044843750003 0.1234375 0.4565095515625
19 0.1984375 0.5563408437499999 0.17342971406250002 0.5563408437499999 0.17342971406250002 0.5795966578125 0.1984375 0.5795966578125 0.1984375 0.5563408437499999
19 0.16875 0.58125 0.16875 0.558375725 0.1366927953125 0.558375725 0.1366927953125 0.58125 0.16875 0.58125
19 0.1244237953125 0.5595151578124999 0.09120120468750001 0.5595151578124999 0.09120120468750001 0.5811098421875001 0.1244237953125 0.5811098421875001 0.1244237953125 0.5595151578124999
19 0.5859375 0.5984375 0.5859375 0.5512951625 0.5387795875 0.5512951625 0.5387795875 0.5984375 0.5859375 0.5984375
19 0.5296875 0.5984375 0.5296875 0.5552611093750001 0.48515106093749993 0.5552611093750001 0.48515106093749993 0.5984375 0.5296875 0.5984375
19 0.6421875 0.6 0.6421875 0.550882475 0.599818315625 0.550882475 0.599818315625 0.6 0.6421875 0.6
19 0.475 0.5984375 0.475 0.5523774921875 0.4304479875 0.5523774921875 0.4304479875 0.5984375 0.475 0.5984375
19 0.7015625 0.558092815625 0.65320805625 0.558092815625 0.65320805625 0.601282184375 0.7015625 0.601282184375 0.7015625 0.558092815625
19 0.33125 0.5984375 0.33125 0.5676183546875 0.29386160625 0.5676183546875 0.29386160625 0.5984375 0.33125 0.5984375
19 0.4234375 0.5984375 0.4234375 0.5676183546875 0.38300456875 0.5676183546875 0.38300456875 0.5984375 0.4234375 0.5984375
19 0.2828125 0.5984375 0.2828125 0.56859426875 0.2485491078125 0.56859426875 0.2485491078125 0.5984375 0.2828125 0.5984375
19 0.2375 0.6 0.2375 0.566429609375 0.2081291546875 0.566429609375 0.2081291546875 0.6 0.2375 0.6
19 0.3390625 0.5984375 0.3765625 0.5984375 0.3765625 0.5676183546875 0.3390625 0.5676183546875 0.3390625 0.5984375
19 0.240625 0.684375 0.28557153281250003 0.684375 0.28557153281250003 0.63663569375 0.240625 0.63663569375 0.240625 0.684375
19 0.228125 0.6828125 0.228125 0.6375 0.181382371875 0.6375 0.181382371875 0.6828125 0.228125 0.6828125
19 0.340625 0.6859375 0.340625 0.6415360265625 0.2946220921875 0.6415360265625 0.2946220921875 0.6859375 0.340625 0.6859375
19 0.475 0.6859375 0.53125 0.6859375 0.53125 0.6468386625 0.475 0.6468386625 0.475 0.6859375
19 0.5859375 0.696875 0.5859375 0.6379620015625 0.547121575 0.6379620015625 0.547121575 0.696875 0.5859375 0.696875
19 0.6823920265625001 0.6859375 0.6823920265625001 0.6500622921875 0.6176079734375 0.6500622921875 0.6176079734375 0.6859375 0.6823920265625001 0.6859375
19 0.1734375 0.684375 0.1734375 0.6513081406250001 0.1375622921875 0.6513081406250001 0.1375622921875 0.684375 0.1734375 0.684375
19 0.125 0.6875 0.125 0.6481000828125 0.0919227578125 0.6481000828125 0.0919227578125 0.6875 0.125 0.6875
19 0.703125 0.7015625 0.740625 0.7015625 0.740625 0.6387692078125 0.703125 0.6387692078125 0.703125 0.7015625
19 0.6328125 0.81875 0.6328125 0.734375 0.54128685625 0.734375 0.54128685625 0.81875 0.6328125 0.81875
19 0.521875 0.8234375 0.521875 0.729664140625 0.43852263281250004 0.729664140625 0.43852263281250004 0.8234375 0.521875 0.8234375
19 0.7328125 0.8171875 0.7328125 0.7394544234375 0.6421849046875 0.7394544234375 0.6421849046875 0.8171875 0.7328125 0.8171875
19 0.865625 0.815625 0.865625 0.7595748546875 0.8026655937499999 0.7595748546875 0.8026655937499999 0.815625 0.865625 0.815625
19 0.8765625 0.8171875 0.9328125 0.8171875 0.9328125 0.7552740859375 0.8765625 0.7552740859375 0.8765625 0.8171875
19 0.7453125 0.81875 0.796875 0.81875 0.796875 0.7579163203125 0.7453125 0.7579163203125 0.7453125 0.81875
19 0.4171875 0.8171875 0.4171875 0.75768531875 0.36371210625 0.75768531875 0.36371210625 0.8171875 0.4171875 0.8171875
19 0.3453125 0.81875 0.3453125 0.7562681671875 0.2886965328125 0.7562681671875 0.2886965328125 0.81875 0.3453125 0.81875
19 0.0515625 0.828125 0.1171875 0.828125 0.1171875 0.7560086171875 0.0515625 0.7560086171875 0.0515625 0.828125
19 0.196875 0.828125 0.196875 0.759232246875 0.1239773671875 0.759232246875 0.1239773671875 0.828125 0.196875 0.828125
19 0.20625 0.8296875 0.2734375 0.8296875 0.2734375 0.7660454734375 0.20625 0.7660454734375 0.20625 0.8296875