19 0.728125 0.596875 0.675 0.596875 0.675 0.690625 0.728125 0.690625 0.728125 0.596875
19 0.6625 0.596875 0.6140625 0.596875 0.6140625 0.6890625 0.6625 0.6890625 0.6625 0.596875
19 0.8703125 0.6078125 0.8328125 0.6078125 0.8328125 0.6875 0.8703125 0.6875 0.8703125 0.6078125
19 0.821875 0.60625 0.7859375 0.60625 0.7859375 0.68828125 0.821875 0.68828125 0.821875 0.60625
19 0.91328125 0.63125 0.8796875 0.63125 0.8796875 0.68671875 0.91328125 0.68671875 0.91328125 0.63125
19 0.9578125 0.63125 0.925 0.63125 0.925 0.6890625 0.9578125 0.6890625 0.9578125 0.63125
19 0.3296875 0.6375 0.2875 0.6375 0.2875 0.69765625 0.3296875 0.69765625 0.3296875 0.6375
19 0.28203125 0.640625 0.2375 0.640625 0.2375 0.6984375 0.28203125 0.6984375 0.28203125 0.640625
19 0.234375 0.6421875 0.1921875 0.6421875 0.1921875 0.69765625 0.234375 0.69765625 0.234375 0.6421875
19 0.18515625 0.6421875 0.140625 0.6421875 0.140625 0.6984375 0.18515625 0.6984375 0.18515625 0.6421875
19 0.13671875 0.64375 0.0921875 0.64375 0.0921875 0.7 0.13671875 0.7 0.13671875 0.64375
19 0.371875 0.2875 0.2984375 0.2875 0.2984375 0.396875 0.371875 0.396875 0.371875 0.2875
19 0.2953125 0.2875 0.228125 0.2875 0.228125 0.3953125 0.2953125 0.3953125 0.2953125 0.2875
19 0.14296875 0.2953125 0.0578125 0.2953125 0.0578125 0.39609375 0.14296875 0.39609375 0.14296875 0.2953125
19 0.2234375 0.3046875 0.14375 0.3046875 0.14375 0.39609375 0.2234375 0.39609375 0.2234375 0.3046875
19 0.87265625 0.309375 0.7921875 0.309375 0.7921875 0.3921875 0.87265625 0.3921875 0.87265625 0.309375
19 0.9515625 0.309375 0.875 0.309375 0.875 0.3921875 0.9515625 0.3921875 0.9515625 0.309375
19 0.784375 0.3296875 0.7390625 0.3296875 0.7390625 0.39375 0.784375 0.39375 0.784375 0.3296875
19 0.7359375 0.33125 0.6875 0.33125 0.6875 0.39375 0.7359375 0.39375 0.7359375 0.33125
19 0.68203125 0.3296875 0.6375 0.3296875 0.6375 0.39375 0.68203125 0.39375 0.68203125 0.3296875
19 0.75859375 0.4453125 0.7078125 0.4453125 0.7078125 0.54609375 0.75859375 0.54609375 0.75859375 0.4453125
19 0.56953125 0.446875 0.5203125 0.446875 0.5203125 0.54453125 0.56953125 0.54453125 0.56953125 0.446875
19 0.63203125 0.4484375 0.578125 0.4484375 0.578125 0.54609375 0.63203125 0.54609375 0.63203125 0.4484375
19 0.690625 0.4484375 0.64375 0.4484375 0.64375 0.5484375 0.690625 0.5484375 0.690625 0.4484375
19 0.309375 0.475 0.253125 0.475 0.253125 0.55078125 0.309375 0.55078125 0.309375 0.475
19 0.2484375 0.475 0.1921875 0.475 0.1921875 0.55078125 0.2484375 0.55078125 0.2484375 0.475
19 0.18828125 0.4765625 0.1328125 0.4765625 0.1328125 0.55078125 0.18828125 0.55078125 0.18828125 0.4765625
19 0.1265625 0.4765625 0.06875 0.4765625 0.06875 0.55234375 0.1265625 0.55234375 0.1265625 0.4765625
19 0.3296875 0.5828125 0.2875 0.5828125 0.2875 0.63671875 0.3296875 0.63671875 0.3296875 0.5828125
19 0.2828125 0.5859375 0.234375 0.5859375 0.234375 0.6375 0.2828125 0.6375 0.2828125 0.5859375
19 0.184375 0.5859375 0.1375 0.5859375 0.1375 0.63984375 0.184375 0.63984375 0.184375 0.5859375
19 0.1328125 0.5890625 0.090625 0.5890625 0.090625 0.6421875 0.1328125 0.6421875 0.1328125 0.5890625