19 0.121875 0.267578125 0.00625 0.267578125 0.00625 0.3796875 0.121875 0.3796875 0.121875 0.267578125
19 0.11875 0.2703125 0.11875 0.378125 0.221875 0.378125 0.221875 0.2703125 0.11875 0.2703125
19 0.790625 0.2828125 0.790625 0.371875 0.853125 0.371875 0.853125 0.2828125 0.790625 0.2828125
19 0.906640625 0.303125 0.906640625 0.371875 0.975 0.371875 0.975 0.303125 0.906640625 0.303125
19 0.2359375 0.303125 0.2359375 0.3765625 0.3296875 0.3765625 0.3296875 0.303125 0.2359375 0.303125
19 0.326171875 0.3140625 0.326171875 0.36875 0.39375 0.36875 0.39375 0.3140625 0.326171875 0.3140625
19 0.3921875 0.309375 0.3921875 0.3765625 0.4453125 0.3765625 0.4453125 0.309375 0.3921875 0.309375
19 0.8921875 0.335546875 0.85 0.335546875 0.85 0.3734375 0.8921875 0.3734375 0.8921875 0.335546875
19 0.225390625 0.4171875 0.225390625 0.50625 0.2796875 0.50625 0.2796875 0.4171875 0.225390625 0.4171875
19 0.2875 0.41875 0.2875 0.50625 0.3390625 0.50625 0.3390625 0.41875 0.2875 0.41875
19 0.334375 0.4953125 0.39375 0.4953125 0.39375 0.451171875 0.334375 0.451171875 0.334375 0.4953125
19 0.3890625 0.4453125 0.3890625 0.50625 0.43125 0.50625 0.43125 0.4453125 0.3890625 0.4453125
19 0.78125 0.5921875 0.78125 0.533984375 0.701171875 0.533984375 0.701171875 0.5921875 0.78125 0.5921875
19 0.653125 0.546875 0.653125 0.6 0.715625 0.6 0.715625 0.546875 0.653125 0.546875
19 0.6578125 0.546484375 0.6046875 0.546484375 0.6046875 0.6046875 0.6578125 0.6046875 0.6578125 0.546484375
19 0.6 0.6109375 0.6 0.552734375 0.550390625 0.552734375 0.550390625 0.6109375 0.6 0.6109375
19 0.490625 0.5546875 0.490625 0.615625 0.5484375 0.615625 0.5484375 0.5546875 0.490625 0.5546875
19 0.4328125 0.55625 0.4328125 0.61875 0.4875 0.61875 0.4875 0.55625 0.4328125 0.55625