19 0.14453125 0.384375 0.084375 0.384375 0.084375 0.48203125 0.14453125 0.48203125 0.14453125 0.384375
19 0.24453125 0.4 0.2 0.4 0.2 0.48515625 0.24453125 0.48515625 0.24453125 0.4
19 0.19453125 0.3984375 0.1515625 0.3984375 0.1515625 0.48125 0.19453125 0.48125 0.19453125 0.3984375
19 0.29140625 0.4 0.2515625 0.4 0.2515625 0.4828125 0.29140625 0.4828125 0.29140625 0.4
19 0.6328125 0.4046875 0.58125 0.4046875 0.58125 0.47890625 0.6328125 0.47890625 0.6328125 0.4046875
19 0.571875 0.40625 0.5203125 0.40625 0.5203125 0.48203125 0.571875 0.48203125 0.571875 0.40625
19 0.784375 0.415625 0.7203125 0.415625 0.7203125 0.4796875 0.784375 0.4796875 0.784375 0.415625
19 0.7125 0.4171875 0.6390625 0.4171875 0.6390625 0.48125 0.7125 0.48125 0.7125 0.4171875
19 0.17734375 0.5390625 0.14375 0.5390625 0.14375 0.56328125 0.17734375 0.56328125 0.17734375 0.5390625
19 0.22109375 0.540625 0.1859375 0.540625 0.1859375 0.5625 0.22109375 0.5625 0.22109375 0.540625
19 0.26171875 0.540625 0.228125 0.540625 0.228125 0.5625 0.26171875 0.5625 0.26171875 0.540625
19 0.30625 0.5421875 0.2703125 0.5421875 0.2703125 0.56015625 0.30625 0.56015625 0.30625 0.5421875
19 0.484375 0.55 0.4484375 0.55 0.4484375 0.6078125 0.484375 0.6078125 0.484375 0.55
19 0.525 0.55 0.4875 0.55 0.4875 0.60390625 0.525 0.60390625 0.525 0.55
19 0.75234375 0.5515625 0.7125 0.5515625 0.7125 0.603125 0.75234375 0.603125 0.75234375 0.5515625
19 0.803125 0.5515625 0.7625 0.5515625 0.7625 0.60546875 0.803125 0.60546875 0.803125 0.5515625
19 0.2953125 0.5765625 0.259375 0.5765625 0.259375 0.60390625 0.2953125 0.60390625 0.2953125 0.5765625
19 0.16875 0.5765625 0.1375 0.5765625 0.1375 0.60546875 0.16875 0.60546875 0.16875 0.5765625
19 0.21015625 0.5765625 0.175 0.5765625 0.175 0.60546875 0.21015625 0.60546875 0.21015625 0.5765625
19 0.253125 0.575 0.2203125 0.575 0.2203125 0.6078125 0.253125 0.6078125 0.253125 0.575
19 0.80546875 0.6625 0.725 0.6625 0.725 0.725 0.80546875 0.725 0.80546875 0.6625
19 0.49765625 0.7890625 0.446875 0.7890625 0.446875 0.853125 0.49765625 0.853125 0.49765625 0.7890625
19 0.5578125 0.79375 0.5015625 0.79375 0.5015625 0.85390625 0.5578125 0.85390625 0.5578125 0.79375
19 0.6296875 0.8 0.5671875 0.8 0.5671875 0.86015625 0.6296875 0.86015625 0.6296875 0.8