19 0.2578125 0.353125 0.2578125 0.2696691171875 0.171568628125 0.2696691171875 0.171568628125 0.353125 0.2578125 0.353125
19 0.6 0.35625 0.6 0.2829656859375 0.509752859375 0.2829656859375 0.509752859375 0.35625 0.6 0.35625
19 0.3 0.3484375 0.36718239375 0.3484375 0.36718239375 0.2959354578125 0.3 0.2959354578125 0.3 0.3484375
19 0.58125 0.353125 0.6482077203125 0.353125 0.6482077203125 0.31002859374999997 0.58125 0.31002859374999997 0.58125 0.353125
19 0.83125 0.3734375 0.83125 0.2942657265625 0.7619127859375 0.2942657265625 0.7619127859375 0.3734375 0.83125 0.3734375
19 0.3071997546875 0.3546875 0.3071997546875 0.316876021875 0.2647160953125 0.316876021875 0.2647160953125 0.3546875 0.3071997546875 0.3546875
19 0.690625 0.3703125 0.690625 0.3025428921875 0.6424172796875001 0.3025428921875 0.6424172796875001 0.3703125 0.690625 0.3703125
19 0.903125 0.375 0.903125 0.2976409296875 0.8388378265625 0.2976409296875 0.8388378265625 0.375 0.903125 0.375
19 0.2921875 0.50625 0.2921875 0.40230290156250004 0.223840890625 0.40230290156250004 0.223840890625 0.50625 0.2921875 0.50625
19 0.2790083734375 0.4203125 0.2790083734375 0.49026245937499996 0.3794985703125 0.49026245937499996 0.3794985703125 0.4203125 0.2790083734375 0.4203125
19 0.454279003125 0.484375 0.454279003125 0.424080884375 0.3521548203125 0.424080884375 0.3521548203125 0.484375 0.454279003125 0.484375
19 0.50625 0.40697508125 0.43788296562499995 0.40697508125 0.43788296562499995 0.509099265625 0.50625 0.509099265625 0.50625 0.40697508125
19 0.1546875 0.5015625 0.1546875 0.42005208281249995 0.0951439953125 0.42005208281249995 0.0951439953125 0.5015625 0.1546875 0.5015625
19 0.2201439953125 0.503125 0.2201439953125 0.42161458281249997 0.15641850468750002 0.42161458281249997 0.15641850468750002 0.503125 0.2201439953125 0.503125
19 0.7703125 0.4375 0.6711499187500001 0.4375 0.6711499187500001 0.488659109375 0.7703125 0.488659109375 0.7703125 0.4375
19 0.6625 0.490625 0.6625 0.4515625 0.579968340625 0.4515625 0.579968340625 0.490625 0.6625 0.490625
19 0.709375 0.4890625 0.709375 0.45164930468750003 0.623871528125 0.45164930468750003 0.623871528125 0.4890625 0.709375 0.4890625
19 0.546875 0.50625 0.546875 0.44919832499999995 0.5169526125 0.44919832499999995 0.5169526125 0.50625 0.546875 0.50625
19 0.5890625 0.50625 0.5890625 0.44990298281249996 0.555872140625 0.44990298281249996 0.555872140625 0.50625 0.5890625 0.50625