19 0.2859375 0.728125 0.2859375 0.669140625 0.233203125 0.669140625 0.233203125 0.728125 0.2859375 0.728125
19 0.2984375 0.725 0.353125 0.725 0.353125 0.671875 0.2984375 0.671875 0.2984375 0.725
19 0.5515625 0.728125 0.5515625 0.668359375 0.4921875 0.668359375 0.4921875 0.728125 0.5515625 0.728125
19 0.4296875 0.673828125 0.3609375 0.673828125 0.3609375 0.728125 0.4296875 0.728125 0.4296875 0.673828125
19 0.150390625 0.68125 0.150390625 0.7296875 0.21875 0.7296875 0.21875 0.68125 0.150390625 0.68125
19 0.484375 0.73125 0.484375 0.68046875 0.43203125 0.68046875 0.43203125 0.73125 0.484375 0.73125
19 0.470703125 0.8 0.470703125 0.825 0.509375 0.825 0.509375 0.8 0.470703125 0.8
19 0.55625 0.8015625 0.55625 0.8265625 0.5875 0.8265625 0.5875 0.8015625 0.55625 0.8015625
19 0.5453125 0.828125 0.5453125 0.798828125 0.521875 0.798828125 0.521875 0.828125 0.5453125 0.828125
19 0.5828125 0.8765625 0.5828125 0.83828125 0.558984375 0.83828125 0.558984375 0.8765625 0.5828125 0.8765625
19 0.517578125 0.84375 0.517578125 0.8734375 0.5453125 0.8734375 0.5453125 0.84375 0.517578125 0.84375
19 0.5078125 0.842578125 0.47421875 0.842578125 0.47421875 0.878125 0.5078125 0.878125 0.5078125 0.842578125
19 0.584375 0.925 0.64375 0.925 0.64375 0.8671875 0.584375 0.8671875 0.584375 0.925
19 0.7109375 0.9296875 0.7109375 0.869140625 0.653125 0.869140625 0.653125 0.9296875 0.7109375 0.9296875
19 0.7828125 0.870703125 0.7203125 0.870703125 0.7203125 0.928125 0.7828125 0.928125 0.7828125 0.870703125
19 0.4734375 0.89375 0.4734375 0.921875 0.5046875 0.921875 0.5046875 0.89375 0.4734375 0.89375
19 0.5421875 0.925 0.5421875 0.891796875 0.515234375 0.891796875 0.515234375 0.925 0.5421875 0.925
19 0.58125 0.9234375 0.58125 0.892578125 0.553125 0.892578125 0.553125 0.9234375 0.58125 0.9234375
19 0.0953125 0.4578125 0.0953125 0.376953125 0.058203125 0.376953125 0.058203125 0.4578125 0.0953125 0.4578125
19 0.2078125 0.3859375 0.2078125 0.4625 0.259375 0.4625 0.259375 0.3859375 0.2078125 0.3859375
19 0.265234375 0.3875 0.265234375 0.4640625 0.3203125 0.4640625 0.3203125 0.3875 0.265234375 0.3875
19 0.4515625 0.3875 0.4515625 0.4640625 0.5046875 0.4640625 0.5046875 0.3875 0.4515625 0.3875
19 0.5734375 0.39609375 0.497265625 0.39609375 0.497265625 0.4546875 0.5734375 0.4546875 0.5734375 0.39609375
19 0.328125 0.3875 0.328125 0.465625 0.3796875 0.465625 0.3796875 0.3875 0.328125 0.3875
19 0.569921875 0.3875 0.569921875 0.465625 0.6203125 0.465625 0.6203125 0.3875 0.569921875 0.3875
19 0.375 0.4 0.375 0.453125 0.453125 0.453125 0.453125 0.4 0.375 0.4
19 0.162890625 0.4046875 0.162890625 0.4609375 0.1953125 0.4609375 0.1953125 0.4046875 0.162890625 0.4046875
19 0.159375 0.416015625 0.09921875 0.416015625 0.09921875 0.453125 0.159375 0.453125 0.159375 0.416015625
19 0.355078125 0.509375 0.355078125 0.5984375 0.428125 0.5984375 0.428125 0.509375 0.355078125 0.509375
19 0.4421875 0.5171875 0.4421875 0.596875 0.5140625 0.596875 0.5140625 0.5171875 0.4421875 0.5171875
19 0.5171875 0.51875 0.5171875 0.5984375 0.5953125 0.5984375 0.5953125 0.51875 0.5171875 0.51875
19 0.171875 0.5828125 0.171875 0.533203125 0.102734375 0.533203125 0.102734375 0.5828125 0.171875 0.5828125
19 0.234375 0.53515625 0.162890625 0.53515625 0.162890625 0.5859375 0.234375 0.5859375 0.234375 0.53515625
19 0.05625 0.5265625 0.05625 0.5953125 0.1078125 0.5953125 0.1078125 0.5265625 0.05625 0.5265625
19 0.2296875 0.5421875 0.2296875 0.596875 0.2703125 0.596875 0.2703125 0.5421875 0.2296875 0.5421875