19 1 0.144196428125 0.8970411140625 0.144196428125 0.8970411140625 0.2125 1 0.2125 1 0.144196428125
19 0.7359375 0.2421875 0.7359375 0.124179815625 0.68218698125 0.124179815625 0.68218698125 0.2421875 0.7359375 0.2421875
19 0.8625 0.240625 0.8625 0.127551390625 0.8069196421875 0.127551390625 0.8069196421875 0.240625 0.8625 0.240625
19 0.115625 0.14457796875 0.06935735 0.14457796875 0.06935735 0.22597331875 0.115625 0.22597331875 0.115625 0.14457796875
19 0.1921875 0.2078125 0.1921875 0.1627076421875 0.106667878125 0.1627076421875 0.106667878125 0.2078125 0.1921875 0.2078125
19 0.7984375 0.2453125 0.7984375 0.129775746875 0.7429765374999999 0.129775746875 0.7429765374999999 0.2453125 0.7984375 0.2453125
19 0.921875 0.24375 0.921875 0.1328125 0.86988164375 0.1328125 0.86988164375 0.24375 0.921875 0.24375
19 0.2328125 0.2296875 0.2328125 0.149927325 0.1872664046875 0.149927325 0.1872664046875 0.2296875 0.2328125 0.2296875
19 0.5671875 0.3671875 0.4921875 0.3671875 0.4921875 0.4233752078125 0.5671875 0.4233752078125 0.5671875 0.3671875
19 0.390625 0.4171875 0.390625 0.3631878125 0.3150929203125 0.3631878125 0.3150929203125 0.4171875 0.390625 0.4171875
19 0.371875 0.4171875 0.4495950984375 0.4171875 0.4495950984375 0.3631981921875 0.371875 0.3631981921875 0.371875 0.4171875
19 0.49818573437499997 0.3531509546875 0.440876765625 0.3531509546875 0.440876765625 0.43122404531249997 0.49818573437499997 0.43122404531249997 0.49818573437499997 0.3531509546875
19 0.1703125 0.421875 0.2171875 0.421875 0.2171875 0.3755476546875 0.1703125 0.3755476546875 0.1703125 0.421875
19 0.323055959375 0.421875 0.323055959375 0.3777071234375 0.27571376718749996 0.3777071234375 0.27571376718749996 0.421875 0.323055959375 0.421875
19 0.2203125 0.4203125 0.2671875 0.4203125 0.2671875 0.37731000937500003 0.2203125 0.37731000937500003 0.2203125 0.4203125
19 0.71680076875 0.5796875 0.71680076875 0.49970930312500006 0.6071662171875001 0.49970930312500006 0.6071662171875001 0.5796875 0.71680076875 0.5796875
19 0.79375 0.485122509375 0.7038050234375001 0.485122509375 0.7038050234375001 0.596418190625 0.79375 0.596418190625 0.79375 0.485122509375
19 0.6109375 0.59375 0.6109375 0.488616071875 0.5275384140625 0.488616071875 0.5275384140625 0.59375 0.6109375 0.59375
19 0.884375 0.5953125 0.884375 0.49631436874999996 0.7921667359375 0.49631436874999996 0.7921667359375 0.5953125 0.884375 0.5953125
19 0.53125 0.5828125 0.53125 0.520574646875 0.4472409671875 0.520574646875 0.4472409671875 0.5828125 0.53125 0.5828125
19 0.4609375 0.584375 0.4609375 0.520444871875 0.37705824374999997 0.520444871875 0.37705824374999997 0.584375 0.4609375 0.584375
19 0.17777720156250001 0.59375 0.17777720156250001 0.512588246875 0.1129931484375 0.512588246875 0.1129931484375 0.59375 0.17777720156250001 0.59375
19 0.33125 0.5921875 0.33125 0.5152356734375 0.2639690609375 0.5152356734375 0.2639690609375 0.5921875 0.33125 0.5921875
19 0.2578125 0.5890625 0.2578125 0.5218957625 0.18415697656250002 0.5218957625 0.18415697656250002 0.5890625 0.2578125 0.5890625
19 0.3921875 0.5859375 0.3921875 0.5365033234375 0.331089078125 0.5365033218749999 0.331089078125 0.5859375 0.3921875 0.5859375