19 0.67767295625 0.6918238999999999 0.731132075 0.6918238999999999 0.731132075 0.5974842765624999 0.67767295625 0.5974842765624999 0.67767295625 0.6918238999999999
19 0.6163522015625 0.690251571875 0.6650943390624999 0.690251571875 0.6650943390624999 0.5974842765624999 0.6163522015625 0.5974842765624999 0.6163522015625 0.690251571875
19 0.8364779875 0.6886792453125 0.8742138359375 0.6886792453125 0.8742138359375 0.608490565625 0.8364779875 0.608490565625 0.8364779875 0.6886792453125
19 0.7893081765625001 0.689465409375 0.8254716984374999 0.689465409375 0.8254716984374999 0.6069182390625001 0.7893081765625001 0.6069182390625001 0.7893081765625001 0.689465409375
19 0.8836477984375 0.68789308125 0.9174528296875 0.68789308125 0.9174528296875 0.632075471875 0.8836477984375 0.632075471875 0.8836477984375 0.68789308125
19 0.9292452828125001 0.690251571875 0.9622641515625 0.690251571875 0.9622641515625 0.632075471875 0.9292452828125001 0.632075471875 0.9292452828125001 0.690251571875
19 0.2877358484375 0.6988993703124999 0.3301886796875 0.6988993703124999 0.3301886796875 0.6383647796874999 0.2877358484375 0.6383647796874999 0.2877358484375 0.6988993703124999
19 0.23742138437500002 0.699685534375 0.2822327046875 0.699685534375 0.2822327046875 0.641509434375 0.23742138437500002 0.641509434375 0.23742138437500002 0.699685534375
19 0.1918239 0.6988993703124999 0.2342767296875 0.6988993703124999 0.2342767296875 0.6430817609374999 0.1918239 0.6430817609374999 0.1918239 0.6988993703124999
19 0.13993710625 0.699685534375 0.184748428125 0.699685534375 0.184748428125 0.6430817609374999 0.13993710625 0.6430817609374999 0.13993710625 0.699685534375
19 0.09119496875000001 0.7012578609375 0.1360062890625 0.7012578609375 0.1360062890625 0.6446540875 0.09119496875000001 0.6446540875 0.09119496875000001 0.7012578609375
19 0.29874213906249997 0.396226415625 0.372641509375 0.396226415625 0.372641509375 0.286163521875 0.29874213906249997 0.286163521875 0.29874213906249997 0.396226415625
19 0.22798742187499998 0.39465408750000003 0.295597484375 0.39465408750000003 0.295597484375 0.286163521875 0.22798742187499998 0.286163521875 0.22798742187499998 0.39465408750000003
19 0.056603773437500005 0.3954402515625 0.14229559687499999 0.3954402515625 0.14229559687499999 0.2940251578125 0.056603773437500005 0.2940251578125 0.056603773437500005 0.3954402515625
19 0.1430817609375 0.3954402515625 0.22327044062499998 0.3954402515625 0.22327044062499998 0.30345911875 0.1430817609375 0.30345911875 0.1430817609375 0.3954402515625
19 0.795597484375 0.39150943437499997 0.8765723265625001 0.39150943437499997 0.8765723265625001 0.3081761 0.795597484375 0.3081761 0.795597484375 0.39150943437499997
19 0.8789308171875 0.39150943437499997 0.9559748421875 0.39150943437499997 0.9559748421875 0.3081761 0.8789308171875 0.3081761 0.8789308171875 0.39150943437499997
19 0.7421383640625 0.3930817609375 0.7877358484375 0.3930817609375 0.7877358484375 0.3286163515625 0.7421383640625 0.3286163515625 0.7421383640625 0.3930817609375
19 0.690251571875 0.3930817609375 0.7389937109375 0.3930817609375 0.7389937109375 0.3301886796875 0.690251571875 0.3301886796875 0.690251571875 0.3930817609375
19 0.63993710625 0.3930817609375 0.684748428125 0.3930817609375 0.684748428125 0.3286163515625 0.63993710625 0.3286163515625 0.63993710625 0.3930817609375
19 0.7106918234374999 0.5463836484375 0.761792453125 0.5463836484375 0.761792453125 0.444968553125 0.7106918234374999 0.444968553125 0.7106918234374999 0.5463836484375
19 0.522012578125 0.5448113203125 0.57154088125 0.5448113203125 0.57154088125 0.44654088124999997 0.522012578125 0.44654088124999997 0.522012578125 0.5448113203125
19 0.5801886796875 0.5463836484375 0.6344339625 0.5463836484375 0.6344339625 0.4481132078125 0.5801886796875 0.4481132078125 0.5801886796875 0.5463836484375
19 0.6462264156249999 0.5487421390625 0.6933962265625 0.5487421390625 0.6933962265625 0.4481132078125 0.6462264156249999 0.4481132078125 0.6462264156249999 0.5487421390625
19 0.25314465468749997 0.5511006296875001 0.309748428125 0.5511006296875001 0.309748428125 0.47484276718749996 0.25314465468749997 0.47484276718749996 0.25314465468749997 0.5511006296875001
19 0.1918239 0.5511006296875001 0.2484276734375 0.5511006296875001 0.2484276734375 0.47484276718749996 0.1918239 0.47484276718749996 0.1918239 0.5511006296875001
19 0.132075471875 0.5511006296875001 0.18789308124999998 0.5511006296875001 0.18789308124999998 0.47641509375 0.132075471875 0.47641509375 0.132075471875 0.5511006296875001
19 0.0676100625 0.55267295625 0.1257861640625 0.55267295625 0.1257861640625 0.47641509375 0.0676100625 0.47641509375 0.0676100625 0.55267295625
19 0.2877358484375 0.6375786156250001 0.3301886796875 0.6375786156250001 0.3301886796875 0.5833333328125 0.2877358484375 0.5833333328125 0.2877358484375 0.6375786156250001
19 0.2342767296875 0.6383647796874999 0.28301886718749997 0.6383647796874999 0.28301886718749997 0.5864779875 0.2342767296875 0.5864779875 0.2342767296875 0.6383647796874999
19 0.136792453125 0.6407232703125 0.1839622640625 0.6407232703125 0.1839622640625 0.5864779875 0.136792453125 0.5864779875 0.136792453125 0.6407232703125
19 0.0896226421875 0.6430817609374999 0.132075471875 0.6430817609374999 0.132075471875 0.5896226421875 0.0896226421875 0.5896226421875 0.0896226421875 0.6430817609374999