19 0.609375 0.6727430562500001 0.637152778125 0.6727430562500001 0.637152778125 0.6336805562500001 0.609375 0.6336805562500001 0.609375 0.6727430562500001
19 0.4861111109375 0.6710069437499999 0.515625 0.6710069437499999 0.515625 0.6336805562500001 0.4861111109375 0.6336805562500001 0.4861111109375 0.6710069437499999
19 0.5486111109375 0.6710069437499999 0.5763888890625 0.6710069437499999 0.5763888890625 0.6336805562500001 0.5486111109375 0.6336805562500001 0.5486111109375 0.6710069437499999
19 0.5798611109375 0.6710069437499999 0.6067708328125 0.6710069437499999 0.6067708328125 0.6336805562500001 0.5798611109375 0.6336805562500001 0.5798611109375 0.6710069437499999
19 0.671875 0.6727430562500001 0.699652778125 0.6727430562500001 0.699652778125 0.6354166671875 0.671875 0.6354166671875 0.671875 0.6727430562500001
19 0.519097221875 0.6710069437499999 0.5460069437499999 0.6710069437499999 0.5460069437499999 0.6319444437499999 0.519097221875 0.6319444437499999 0.519097221875 0.6710069437499999
19 0.640625 0.6710069437499999 0.667534721875 0.6710069437499999 0.667534721875 0.6319444437499999 0.640625 0.6319444437499999 0.640625 0.6710069437499999
19 0.765625 0.6727430562500001 0.7907986109375 0.6727430562500001 0.7907986109375 0.6336805562500001 0.765625 0.6336805562500001 0.765625 0.6727430562500001
19 0.7048611109375 0.6710069437499999 0.730034721875 0.6710069437499999 0.730034721875 0.6319444437499999 0.7048611109375 0.6319444437499999 0.7048611109375 0.6710069437499999
19 0.7361111109375 0.6727430562500001 0.761284721875 0.6727430562500001 0.761284721875 0.6336805562500001 0.7361111109375 0.6336805562500001 0.7361111109375 0.6727430562500001
19 0.796875 0.6727430562500001 0.8194444437499999 0.6727430562500001 0.8194444437499999 0.6354166671875 0.796875 0.6354166671875 0.796875 0.6727430562500001
19 0.8506944437499999 0.671875 0.870659721875 0.671875 0.870659721875 0.6475694437499999 0.8506944437499999 0.6475694437499999 0.8506944437499999 0.671875
19 0.8263888890625 0.671875 0.8463541671874999 0.671875 0.8463541671874999 0.6475694437499999 0.8263888890625 0.6475694437499999 0.8263888890625 0.671875
19 0.8767361109375 0.671875 0.8984375 0.671875 0.8984375 0.6475694437499999 0.8767361109375 0.6475694437499999 0.8767361109375 0.671875
19 0.9305555562500001 0.6710069437499999 0.9505208328125001 0.6710069437499999 0.9505208328125001 0.6493055562500001 0.9305555562500001 0.6493055562500001 0.9305555562500001 0.6710069437499999
19 0.90625 0.6736111109375 0.9288194437499999 0.6736111109375 0.9288194437499999 0.6510416671875 0.90625 0.6510416671875 0.90625 0.6736111109375
19 0.6979166671875 0.7560763890625 0.7430555562500001 0.7560763890625 0.7430555562500001 0.6944444437499999 0.6979166671875 0.6944444437499999 0.6979166671875 0.7560763890625
19 0.7413194437499999 0.7560763890625 0.7951388890625 0.7560763890625 0.7951388890625 0.6961805562500001 0.7413194437499999 0.6961805562500001 0.7413194437499999 0.7560763890625
19 0.7951388890625 0.7569444437499999 0.8428819437499999 0.7569444437499999 0.8428819437499999 0.6979166671875 0.7951388890625 0.6979166671875 0.7951388890625 0.7569444437499999
19 0.6458333328125 0.7569444437499999 0.6953125 0.7569444437499999 0.6953125 0.6979166671875 0.6458333328125 0.6979166671875 0.6458333328125 0.7569444437499999
19 0.890625 0.7560763890625 0.9375 0.7560763890625 0.9375 0.6961805562500001 0.890625 0.6961805562500001 0.890625 0.7560763890625
19 0.8420138890625 0.7586805562500001 0.8914930562500001 0.7586805562500001 0.8914930562500001 0.699652778125 0.8420138890625 0.699652778125 0.8420138890625 0.7586805562500001
19 0.5954861109375 0.754340278125 0.644965278125 0.754340278125 0.644965278125 0.7048611109375 0.5954861109375 0.7048611109375 0.5954861109375 0.754340278125
19 0.543402778125 0.7560763890625 0.5911458328125 0.7560763890625 0.5911458328125 0.7013888890625 0.543402778125 0.7013888890625 0.543402778125 0.7560763890625
19 0.49305555625 0.7552083328125 0.542534721875 0.7552083328125 0.542534721875 0.703125 0.49305555625 0.703125 0.49305555625 0.7552083328125
19 0.6388888890625 0.8333333328125001 0.6883680562500001 0.8333333328125001 0.6883680562500001 0.7829861109375 0.6388888890625 0.7829861109375 0.6388888890625 0.8333333328125001
19 0.690972221875 0.8350694437499999 0.737847221875 0.8350694437499999 0.737847221875 0.78125 0.690972221875 0.78125 0.690972221875 0.8350694437499999
19 0.737847221875 0.8350694437499999 0.784722221875 0.8350694437499999 0.784722221875 0.784722221875 0.737847221875 0.784722221875 0.737847221875 0.8350694437499999
19 0.894097221875 0.8333333328125001 0.940972221875 0.8333333328125001 0.940972221875 0.7864583328125 0.894097221875 0.7864583328125 0.894097221875 0.8333333328125001
19 0.5399305562500001 0.8368055562500001 0.589409721875 0.8368055562500001 0.589409721875 0.7864583328125 0.5399305562500001 0.7864583328125 0.5399305562500001 0.8368055562500001
19 0.7899305562500001 0.8385416671874999 0.8376736109375 0.8385416671874999 0.8376736109375 0.784722221875 0.7899305562500001 0.784722221875 0.7899305562500001 0.8385416671874999
19 0.847222221875 0.8359375 0.894097221875 0.8359375 0.894097221875 0.7881944437499999 0.847222221875 0.7881944437499999 0.847222221875 0.8359375
19 0.5920138890625 0.8368055562500001 0.6397569437499999 0.8368055562500001 0.6397569437499999 0.7899305562500001 0.5920138890625 0.7899305562500001 0.5920138890625 0.8368055562500001
19 0.49131944375 0.8368055562500001 0.5381944437499999 0.8368055562500001 0.5381944437499999 0.800347221875 0.49131944375 0.800347221875 0.49131944375 0.8368055562500001
19 0.6927083328125 0.9227430562500001 0.730034721875 0.9227430562500001 0.730034721875 0.8854166671874999 0.6927083328125 0.8854166671874999 0.6927083328125 0.9227430562500001
19 0.5677083328125 0.9244791671874999 0.605034721875 0.9244791671874999 0.605034721875 0.8854166671874999 0.5677083328125 0.8854166671874999 0.5677083328125 0.9244791671874999
19 0.6510416671875 0.925347221875 0.6883680562500001 0.925347221875 0.6883680562500001 0.8854166671874999 0.6510416671875 0.8854166671874999 0.6510416671875 0.925347221875
19 0.5295138890625 0.9270833328125001 0.5642361109375 0.9270833328125001 0.5642361109375 0.887152778125 0.5295138890625 0.887152778125 0.5295138890625 0.9270833328125001
19 0.6076388890625 0.926215278125 0.6467013890625 0.926215278125 0.6467013890625 0.887152778125 0.6076388890625 0.887152778125 0.6076388890625 0.926215278125
19 0.7326388890625 0.9236111109375 0.7526041671875 0.9236111109375 0.7526041671875 0.890625 0.7326388890625 0.890625 0.7326388890625 0.9236111109375
19 0.4861111109375 0.925347221875 0.5251736109375 0.925347221875 0.5251736109375 0.890625 0.4861111109375 0.890625 0.4861111109375 0.925347221875
19 0.7552083328125 0.925347221875 0.7821180562500001 0.925347221875 0.7821180562500001 0.8923611109375 0.7552083328125 0.8923611109375 0.7552083328125 0.925347221875
19 0.8142361109375 0.9244791671874999 0.8411458328125001 0.9244791671874999 0.8411458328125001 0.8923611109375 0.8142361109375 0.8923611109375 0.8142361109375 0.9244791671874999
19 0.847222221875 0.925347221875 0.8723958328125001 0.925347221875 0.8723958328125001 0.8923611109375 0.847222221875 0.8923611109375 0.847222221875 0.925347221875
19 0.8767361109375 0.9288194437499999 0.9036458328125001 0.9288194437499999 0.9036458328125001 0.8923611109375 0.8767361109375 0.8923611109375 0.8767361109375 0.9288194437499999
19 0.9079861109375 0.9288194437499999 0.933159721875 0.9288194437499999 0.933159721875 0.8923611109375 0.9079861109375 0.8923611109375 0.9079861109375 0.9288194437499999
19 0.7881944437499999 0.9244791671874999 0.8133680562500001 0.9244791671874999 0.8133680562500001 0.894097221875 0.7881944437499999 0.894097221875 0.7881944437499999 0.9244791671874999
19 0.5381944437499999 0.5703125 0.5772569437499999 0.5703125 0.5772569437499999 0.5052083328125 0.5381944437499999 0.5052083328125 0.5381944437499999 0.5703125
19 0.48784722187499996 0.5703125 0.5295138890625 0.5703125 0.5295138890625 0.503472221875 0.48784722187499996 0.503472221875 0.48784722187499996 0.5703125
19 0.628472221875 0.5703125 0.668402778125 0.5703125 0.668402778125 0.5052083328125 0.628472221875 0.5052083328125 0.628472221875 0.5703125
19 0.581597221875 0.5720486109375 0.620659721875 0.5720486109375 0.620659721875 0.5052083328125 0.581597221875 0.5052083328125 0.581597221875 0.5720486109375
19 0.8177083328125001 0.6388888890625 0.8333333328125001 0.6388888890625 0.8333333328125001 0.6197916671875 0.8177083328125001 0.6197916671875 0.8177083328125001 0.6388888890625
19 0.840277778125 0.6423611109375 0.8645833328125001 0.6423611109375 0.8645833328125001 0.6180555562500001 0.840277778125 0.6180555562500001 0.840277778125 0.6423611109375
19 0.8680555562500001 0.6423611109375 0.8880208328125001 0.6423611109375 0.8880208328125001 0.6197916671875 0.8680555562500001 0.6197916671875 0.8680555562500001 0.6423611109375
19 0.9149305562500001 0.6414930562500001 0.9348958328125001 0.6414930562500001 0.9348958328125001 0.621527778125 0.9149305562500001 0.621527778125 0.9149305562500001 0.6414930562500001
19 0.8923611109375 0.6414930562500001 0.9123263890625 0.6414930562500001 0.9123263890625 0.621527778125 0.8923611109375 0.621527778125 0.8923611109375 0.6414930562500001