19 0.7296875 0.890625 0.7296875 0.806640625 0.639453125 0.806640625 0.639453125 0.890625 0.7296875 0.890625
19 0.7375 0.803125 0.7375 0.8984375 0.8296875 0.8984375 0.8296875 0.803125 0.7375 0.803125
19 0.8421875 0.803125 0.8421875 0.8953125 0.934375 0.8953125 0.934375 0.803125 0.8421875 0.803125
19 0.6328125 0.80625 0.545703125 0.80625 0.545703125 0.890625 0.6328125 0.890625 0.6328125 0.80625
19 0.0734375 0.8203125 0.0734375 0.8875 0.146875 0.8875 0.146875 0.8203125 0.0734375 0.8203125
19 0.21875 0.8890625 0.21875 0.819921875 0.149609375 0.819921875 0.149609375 0.8890625 0.21875 0.8890625
19 0.224609375 0.815625 0.224609375 0.8953125 0.2953125 0.8953125 0.2953125 0.815625 0.224609375 0.815625
19 0.3015625 0.8265625 0.3015625 0.8890625 0.3703125 0.8890625 0.3703125 0.8265625 0.3015625 0.8265625
19 0.4515625 0.8921875 0.4515625 0.823046875 0.377734375 0.823046875 0.377734375 0.8921875 0.4515625 0.8921875
19 0.534375 0.822265625 0.463671875 0.822265625 0.463671875 0.891796875 0.534375 0.891796875 0.534375 0.822265625
19 0.3875 0.6515625 0.3875 0.6125 0.358203125 0.6125 0.358203125 0.6515625 0.3875 0.6515625
19 0.403515625 0.615625 0.403515625 0.6484375 0.440625 0.6484375 0.440625 0.615625 0.403515625 0.615625
19 0.9515625 0.5953125 0.867578125 0.5953125 0.867578125 0.6703125 0.9515625 0.6703125 0.9515625 0.5953125
19 0.4578125 0.6515625 0.4921875 0.6515625 0.4921875 0.614453125 0.4578125 0.614453125 0.4578125 0.6515625
19 0.3421875 0.6578125 0.3421875 0.61015625 0.31171875 0.61015625 0.31171875 0.6578125 0.3421875 0.6578125
19 0.803125 0.6828125 0.803125 0.61875 0.723828125 0.61875 0.723828125 0.6828125 0.803125 0.6828125
19 0.871484375 0.6828125 0.871484375 0.616796875 0.797265625 0.616796875 0.797265625 0.6828125 0.871484375 0.6828125
19 0.66875 0.63125 0.66875 0.6875 0.721875 0.6875 0.721875 0.63125 0.66875 0.63125
19 0.6609375 0.6828125 0.6609375 0.634765625 0.603125 0.634765625 0.603125 0.6828125 0.6609375 0.6828125
19 0.483203125 0.6359375 0.483203125 0.684375 0.54375 0.684375 0.54375 0.6359375 0.483203125 0.6359375
19 0.5953125 0.6875 0.5953125 0.630078125 0.551171875 0.630078125 0.551171875 0.6875 0.5953125 0.6875
19 0.325 0.690625 0.325 0.65078125 0.29609375 0.65078125 0.29609375 0.690625 0.325 0.690625
19 0.346875 0.6515625 0.346875 0.69375 0.3734375 0.69375 0.3734375 0.6515625 0.346875 0.6515625
19 0.3984375 0.65 0.3984375 0.696875 0.4234375 0.696875 0.4234375 0.65 0.3984375 0.65
19 0.4390625 0.6640625 0.4390625 0.6890625 0.48125 0.6890625 0.48125 0.6640625 0.4390625 0.6640625