19 0.2203125 0.7625 0.14375 0.7625 0.14375 0.803125 0.2203125 0.803125 0.2203125 0.7625
19 0.3765625 0.7625 0.3125 0.7625 0.3125 0.8046875 0.3765625 0.8046875 0.3765625 0.7625
19 0.528125 0.7640625 0.4640625 0.7640625 0.4640625 0.80234375 0.528125 0.80234375 0.528125 0.7640625
19 0.3 0.765625 0.2359375 0.765625 0.2359375 0.80625 0.3 0.80625 0.3 0.765625
19 0.47890625 0.459375 0.396875 0.459375 0.396875 0.528125 0.47890625 0.528125 0.47890625 0.459375
19 0.39140625 0.4609375 0.309375 0.4609375 0.309375 0.5296875 0.39140625 0.5296875 0.39140625 0.4609375
19 0.56484375 0.4609375 0.4796875 0.4609375 0.4796875 0.5296875 0.56484375 0.5296875 0.56484375 0.4609375
19 0.14453125 0.4875 0.1015625 0.4875 0.1015625 0.52734375 0.14453125 0.52734375 0.14453125 0.4875
19 0.2 0.4890625 0.1546875 0.4890625 0.1546875 0.52734375 0.2 0.52734375 0.2 0.4890625
19 0.30390625 0.490625 0.2609375 0.490625 0.2609375 0.5265625 0.30390625 0.5265625 0.30390625 0.490625
19 0.2546875 0.490625 0.20625 0.490625 0.20625 0.52890625 0.2546875 0.52890625 0.2546875 0.490625
19 0.3796875 0.55625 0.3 0.55625 0.3 0.61484375 0.3796875 0.61484375 0.3796875 0.55625
19 0.29453125 0.559375 0.2140625 0.559375 0.2140625 0.615625 0.29453125 0.615625 0.29453125 0.559375
19 0.4609375 0.559375 0.38125 0.559375 0.38125 0.61484375 0.4609375 0.61484375 0.4609375 0.559375
19 0.21015625 0.5625 0.125 0.5625 0.125 0.615625 0.21015625 0.615625 0.21015625 0.5625
19 0.546875 0.5609375 0.4671875 0.5609375 0.4671875 0.61640625 0.546875 0.61640625 0.546875 0.5609375
19 0.25546875 0.659375 0.190625 0.659375 0.190625 0.70234375 0.25546875 0.70234375 0.25546875 0.659375
19 0.33046875 0.659375 0.271875 0.659375 0.271875 0.70234375 0.33046875 0.70234375 0.33046875 0.659375
19 0.48125 0.6609375 0.41875 0.6609375 0.41875 0.7015625 0.48125 0.7015625 0.48125 0.6609375
19 0.63984375 0.6625 0.575 0.6625 0.575 0.70078125 0.63984375 0.70078125 0.63984375 0.6625
19 0.40625 0.659375 0.34375 0.659375 0.34375 0.70234375 0.40625 0.70234375 0.40625 0.659375
19 0.55703125 0.6609375 0.4921875 0.6609375 0.4921875 0.70078125 0.55703125 0.70078125 0.55703125 0.6609375
19 0.18125 0.659375 0.11875 0.659375 0.11875 0.7046875 0.18125 0.7046875 0.18125 0.659375
19 0.6015625 0.7515625 0.5375 0.7515625 0.5375 0.78984375 0.6015625 0.78984375 0.6015625 0.7515625
19 0.4515625 0.7609375 0.3890625 0.7609375 0.3890625 0.803125 0.4515625 0.803125 0.4515625 0.7609375