19 0.2 0.1265625 0.1796875 0.1265625 0.1796875 0.175 0.2 0.175 0.2 0.1265625
19 0.17578125 0.1296875 0.1578125 0.1296875 0.1578125 0.1765625 0.17578125 0.1765625 0.17578125 0.1296875
19 0.25078125 0.1296875 0.2328125 0.1296875 0.2328125 0.175 0.25078125 0.175 0.25078125 0.1296875
19 0.22421875 0.13125 0.20625 0.13125 0.20625 0.1765625 0.22421875 0.1765625 0.22421875 0.13125
19 0.27734375 0.1328125 0.2578125 0.1328125 0.2578125 0.178125 0.27734375 0.178125 0.27734375 0.1328125
19 0.7515625 0.1703125 0.71875 0.1703125 0.71875 0.21875 0.7515625 0.21875 0.7515625 0.1703125
19 0.56328125 0.1734375 0.5296875 0.1734375 0.5296875 0.22734375 0.56328125 0.22734375 0.56328125 0.1734375
19 0.60390625 0.1734375 0.5703125 0.1734375 0.5703125 0.2296875 0.60390625 0.2296875 0.60390625 0.1734375
19 0.6859375 0.175 0.653125 0.175 0.653125 0.22890625 0.6859375 0.22890625 0.6859375 0.175
19 0.71875 0.175 0.6890625 0.175 0.6890625 0.228125 0.71875 0.228125 0.71875 0.175
19 0.64375 0.175 0.6109375 0.175 0.6109375 0.22890625 0.64375 0.22890625 0.64375 0.175
19 0.16953125 0.1828125 0.1515625 0.1828125 0.1515625 0.22265625 0.16953125 0.22265625 0.16953125 0.1828125
19 0.23984375 0.1828125 0.221875 0.1828125 0.221875 0.22265625 0.23984375 0.22265625 0.23984375 0.1828125
19 0.19296875 0.184375 0.175 0.184375 0.175 0.225 0.19296875 0.225 0.19296875 0.184375
19 0.21640625 0.184375 0.1984375 0.184375 0.1984375 0.225 0.21640625 0.225 0.21640625 0.184375
19 0.271875 0.184375 0.2515625 0.184375 0.2515625 0.22421875 0.271875 0.22421875 0.271875 0.184375
19 0.42421875 0.275 0.4015625 0.275 0.4015625 0.3265625 0.42421875 0.3265625 0.42421875 0.275
19 0.53984375 0.271875 0.5125 0.271875 0.5125 0.32734375 0.53984375 0.32734375 0.53984375 0.271875
19 0.4546875 0.2765625 0.4296875 0.2765625 0.4296875 0.32578125 0.4546875 0.32578125 0.4546875 0.2765625
19 0.56875 0.271875 0.54375 0.271875 0.54375 0.3296875 0.56875 0.3296875 0.56875 0.271875
19 0.596875 0.2734375 0.5703125 0.2734375 0.5703125 0.33125 0.596875 0.33125 0.596875 0.2734375
19 0.625 0.271875 0.5984375 0.271875 0.5984375 0.33046875 0.625 0.33046875 0.625 0.271875
19 0.51015625 0.275 0.4859375 0.275 0.4859375 0.328125 0.51015625 0.328125 0.51015625 0.275
19 0.48203125 0.2765625 0.459375 0.2765625 0.459375 0.328125 0.48203125 0.328125 0.48203125 0.2765625
19 0.3578125 0.2875 0.3265625 0.2875 0.3265625 0.3328125 0.3578125 0.3328125 0.3578125 0.2875
19 0.3265625 0.2875 0.2953125 0.2875 0.2953125 0.3359375 0.3265625 0.3359375 0.3265625 0.2875
19 0.39609375 0.29375 0.3625 0.29375 0.3625 0.334375 0.39609375 0.334375 0.39609375 0.29375
19 0.42421875 0.33125 0.396875 0.33125 0.396875 0.3984375 0.42421875 0.3984375 0.42421875 0.33125
19 0.453125 0.33125 0.428125 0.33125 0.428125 0.39609375 0.453125 0.39609375 0.453125 0.33125
19 0.321875 0.3359375 0.290625 0.3359375 0.290625 0.39453125 0.321875 0.39453125 0.321875 0.3359375
19 0.35625 0.3359375 0.3234375 0.3359375 0.3234375 0.39375 0.35625 0.39375 0.35625 0.3359375
19 0.5375 0.3328125 0.5125 0.3328125 0.5125 0.4 0.5375 0.4 0.5375 0.3328125
19 0.48046875 0.334375 0.453125 0.334375 0.453125 0.39921875 0.48046875 0.39921875 0.48046875 0.334375
19 0.6265625 0.3328125 0.6 0.3328125 0.6 0.39921875 0.6265625 0.39921875 0.6265625 0.3328125
19 0.51015625 0.334375 0.4859375 0.334375 0.4859375 0.3984375 0.51015625 0.3984375 0.51015625 0.334375
19 0.56875 0.3328125 0.5421875 0.3328125 0.5421875 0.39765625 0.56875 0.39765625 0.56875 0.3328125
19 0.5953125 0.3328125 0.5703125 0.3328125 0.5703125 0.39921875 0.5953125 0.39921875 0.5953125 0.3328125
19 0.39140625 0.3390625 0.3625 0.3390625 0.3625 0.39453125 0.39140625 0.39453125 0.39140625 0.3390625
19 0.5375 0.48125 0.5 0.48125 0.5 0.55546875 0.5375 0.55546875 0.5375 0.48125
19 0.4984375 0.48125 0.4625 0.48125 0.4625 0.55546875 0.4984375 0.55546875 0.4984375 0.48125
19 0.459375 0.484375 0.4234375 0.484375 0.4234375 0.55625 0.459375 0.55625 0.459375 0.484375
19 0.57890625 0.50625 0.5609375 0.50625 0.5609375 0.55546875 0.57890625 0.55546875 0.57890625 0.50625
19 0.59921875 0.50625 0.58125 0.50625 0.58125 0.55703125 0.59921875 0.55703125 0.59921875 0.50625
19 0.559375 0.50625 0.5421875 0.50625 0.5421875 0.55546875 0.559375 0.55546875 0.559375 0.50625
19 0.62265625 0.5078125 0.6046875 0.5078125 0.6046875 0.55859375 0.62265625 0.55859375 0.62265625 0.5078125
19 0.559375 0.653125 0.5265625 0.653125 0.5265625 0.73984375 0.559375 0.73984375 0.559375 0.653125
19 0.5921875 0.6578125 0.559375 0.6578125 0.559375 0.7421875 0.5921875 0.7421875 0.5921875 0.6578125
19 0.6546875 0.6578125 0.625 0.6578125 0.625 0.740625 0.6546875 0.740625 0.6546875 0.6578125
19 0.6234375 0.6578125 0.59375 0.6578125 0.59375 0.7421875 0.6234375 0.7421875 0.6234375 0.6578125
19 0.265625 0.475 0.228125 0.475 0.228125 0.5546875 0.265625 0.5546875 0.265625 0.475
19 0.3015625 0.4765625 0.265625 0.4765625 0.265625 0.553125 0.3015625 0.553125 0.3015625 0.4765625
19 0.3421875 0.4796875 0.3015625 0.4796875 0.3015625 0.55625 0.3421875 0.55625 0.3421875 0.4796875
19 0.37890625 0.48125 0.34375 0.48125 0.34375 0.55703125 0.37890625 0.55703125 0.37890625 0.48125
19 0.415625 0.478125 0.3796875 0.478125 0.3796875 0.5546875 0.415625 0.5546875 0.415625 0.478125