19 0.409375 0.2734452859375 0.3200166125 0.2734452859375 0.3200166125 0.3747741890625 0.409375 0.3747741890625 0.409375 0.2734452859375
19 0.296875 0.3796875 0.296875 0.313919746875 0.2538517453125 0.313919746875 0.2538517453125 0.3796875 0.296875 0.3796875
19 0.6484375 0.4796875 0.6484375 0.4332173984375 0.5853275546875001 0.4332173984375 0.5853275546875001 0.4796875 0.6484375 0.4796875
19 0.53125 0.48125 0.53125 0.434375 0.46985569062500004 0.434375 0.46985569062500004 0.48125 0.53125 0.48125
19 0.5796875 0.42666632031249996 0.534141403125 0.42666632031249996 0.534141403125 0.4889586796875 0.5796875 0.4889586796875 0.5796875 0.42666632031249996
19 0.221875 0.44375 0.175 0.44375 0.175 0.48082952656250005 0.221875 0.48082952656250005 0.221875 0.44375
19 0.1703125 0.4875 0.1703125 0.437533740625 0.1344372921875 0.437533740625 0.1344372921875 0.4875 0.1703125 0.4875
19 0.1203125 0.45313538124999997 0.09023048125000001 0.45313538124999997 0.09023048125000001 0.49051079687500004 0.1203125 0.49051079687500004 0.1203125 0.45313538124999997
19 0.1984375 0.5563408437499999 0.17342971406250002 0.5563408437499999 0.17342971406250002 0.5795966578125 0.1984375 0.5795966578125 0.1984375 0.5563408437499999
19 0.16875 0.5579033421874999 0.1359375 0.5579033421874999 0.1359375 0.5811591578125 0.16875 0.5811591578125 0.16875 0.5579033421874999
19 0.1247456390625 0.58125 0.1247456390625 0.5600861703125 0.0915230484375 0.5600861703125 0.0915230484375 0.58125 0.1247456390625 0.58125
19 0.5859375 0.5984375 0.5859375 0.5512951625 0.5387795875 0.5512951625 0.5387795875 0.5984375 0.5859375 0.5984375
19 0.5296875 0.5984375 0.5296875 0.5543734421875001 0.48494860937500006 0.5543734421875001 0.48494860937500006 0.5984375 0.5296875 0.5984375
19 0.6453125 0.596875 0.6453125 0.554967815625 0.5969580578125 0.554967815625 0.5969580578125 0.596875 0.6453125 0.596875
19 0.475 0.5984375 0.475 0.5523774921875 0.4304479875 0.5523774921875 0.4304479875 0.5984375 0.475 0.5984375
19 0.7015625 0.5581862531249999 0.652439784375 0.5581862531249999 0.652439784375 0.601375621875 0.7015625 0.601375621875 0.7015625 0.5581862531249999
19 0.296875 0.603125 0.328125 0.603125 0.328125 0.5649423796875 0.296875 0.564942378125 0.296875 0.603125
19 0.41875 0.603125 0.41875 0.5636524078125 0.38794642968750004 0.563652409375 0.38794642968750004 0.603125 0.41875 0.603125
19 0.2828125 0.5984375 0.2828125 0.5676183546875 0.248128634375 0.5676183546875 0.248128634375 0.5984375 0.2828125 0.5984375
19 0.2375 0.6 0.2375 0.566429609375 0.2081291546875 0.566429609375 0.2081291546875 0.6 0.2375 0.6
19 0.3734375 0.6015625 0.3734375 0.5649449734374999 0.3426806484375 0.5649449734374999 0.3426806484375 0.6015625 0.3734375 0.6015625
19 0.23919487031250003 0.6375 0.23919487031250003 0.6828125 0.287367628125 0.6828125 0.287367628125 0.6375 0.23919487031250003 0.6375
19 0.2265625 0.684375 0.2265625 0.636308659375 0.181750934375 0.636308659375 0.181750934375 0.684375 0.2265625 0.684375
19 0.340625 0.6408560015625 0.29507890312499996 0.6408560015625 0.29507890312499996 0.6857064984375 0.340625 0.6857064984375 0.340625 0.6408560015625
19 0.5234375 0.69375 0.5234375 0.6384862953125 0.48363268281250005 0.6384862953125 0.48363268281250005 0.69375 0.5234375 0.69375
19 0.546875 0.696875 0.5859375 0.696875 0.5859375 0.6386160703125 0.546875 0.6386160703125 0.546875 0.696875
19 0.63125 0.7 0.668459303125 0.7 0.668459303125 0.635465115625 0.63125 0.635465115625 0.63125 0.7
19 0.171875 0.6859375 0.171875 0.6493978406250001 0.1384343859375 0.6493978406250001 0.1384343859375 0.6859375 0.171875 0.6859375
19 0.125 0.6875 0.125 0.6481000828125 0.0919227578125 0.6481000828125 0.0919227578125 0.6875 0.125 0.6875
19 0.753125 0.6875 0.753125 0.6512095109375 0.69067950625 0.6512095109375 0.69067950625 0.6875 0.753125 0.6875
19 0.6328125 0.81875 0.6328125 0.734375 0.541769621875 0.734375 0.541769621875 0.81875 0.6328125 0.81875
19 0.528125 0.81875 0.528125 0.734375 0.4339830765625 0.734375 0.4339830765625 0.81875 0.528125 0.81875
19 0.7328125 0.8171875 0.7328125 0.7389508921875 0.6418682515625 0.7389508921875 0.6418682515625 0.8171875 0.7328125 0.8171875
19 0.8625 0.81875 0.8625 0.7558892234375 0.806501765625 0.7558892234375 0.806501765625 0.81875 0.8625 0.81875
19 0.8765625 0.8171875 0.9328125 0.8171875 0.9328125 0.7552740859375 0.8765625 0.7552740859375 0.8765625 0.8171875
19 0.8015625 0.8140625 0.8015625 0.7625 0.739591984375 0.7625 0.739591984375 0.8140625 0.8015625 0.8140625
19 0.4171875 0.8171875 0.4171875 0.75768531875 0.36371210625 0.75768531875 0.36371210625 0.8171875 0.4171875 0.8171875
19 0.3453125 0.81875 0.3453125 0.7562681671875 0.2886965328125 0.7562681671875 0.2886965328125 0.81875 0.3453125 0.81875
19 0.0515625 0.828125 0.1171875 0.828125 0.1171875 0.7560086171875 0.0515625 0.7560086171875 0.0515625 0.828125
19 0.196875 0.828125 0.196875 0.759232246875 0.1239773671875 0.759232246875 0.1239773671875 0.828125 0.196875 0.828125
19 0.20625 0.8296875 0.2734375 0.8296875 0.2734375 0.7655159890625 0.20625 0.7655159890625 0.20625 0.8296875