19 0.625 0.36850649375 0.6785714281249999 0.36850649375 0.6785714281249999 0.32954545468749996 0.625 0.32954545468749996 0.625 0.36850649375
19 0.6801948046875 0.36931818125000004 0.7329545453125 0.36931818125000004 0.7329545453125 0.32792207812499996 0.6801948046875 0.32792207812499996 0.6801948046875 0.36931818125000004
19 0.7353896109375 0.36850649375 0.7857142859375 0.36850649375 0.7857142859375 0.32954545468749996 0.7353896109375 0.32954545468749996 0.7353896109375 0.36850649375
19 0.9042207796874999 0.36769480468750004 0.9488636359375 0.36769480468750004 0.9488636359375 0.33116883124999996 0.9042207796874999 0.33116883124999996 0.9042207796874999 0.36769480468750004
19 0.8490259734375 0.3701298703125 0.89366883125 0.3701298703125 0.89366883125 0.33116883124999996 0.8490259734375 0.33116883124999996 0.8490259734375 0.3701298703125
19 0.7970779218749999 0.36931818125000004 0.8409090906250001 0.36931818125000004 0.8409090906250001 0.33279220781249996 0.7970779218749999 0.33279220781249996 0.7970779218749999 0.36931818125000004
19 1 0.33279220781249996 0.9594155843750001 0.33279220781249996 0.9594155843750001 0.371753246875 1 0.371753246875 1 0.33279220781249996
19 0.2451298703125 0.409090909375 0.322240259375 0.409090909375 0.322240259375 0.33766233749999996 0.2451298703125 0.33766233749999996 0.2451298703125 0.409090909375
19 0.32467532499999996 0.409090909375 0.40746753281250003 0.409090909375 0.40746753281250003 0.33766233749999996 0.32467532499999996 0.33766233749999996 0.32467532499999996 0.409090909375
19 0.1574675328125 0.41071428593750003 0.2459415578125 0.41071428593750003 0.2459415578125 0.33928571406249997 0.1574675328125 0.33928571406249997 0.1574675328125 0.41071428593750003
19 0 0.41152597343749997 0.0730519484375 0.41152597343749997 0.0730519484375 0.33766233749999996 0 0.33766233749999996 0 0.41152597343749997
19 0.074675325 0.41071428593750003 0.15584415625 0.41071428593750003 0.15584415625 0.33928571406249997 0.074675325 0.33928571406249997 0.074675325 0.41071428593750003
19 0.41071428593750003 0.41071428593750003 0.48295454531250004 0.41071428593750003 0.48295454531250004 0.35551948125 0.41071428593750003 0.35551948125 0.41071428593750003 0.41071428593750003
19 0.5568181812499999 0.41071428593750003 0.6233766234375 0.41071428593750003 0.6233766234375 0.35551948125 0.5568181812499999 0.35551948125 0.5568181812499999 0.41071428593750003
19 0.483766234375 0.41152597343749997 0.5503246749999999 0.41152597343749997 0.5503246749999999 0.353896103125 0.483766234375 0.353896103125 0.483766234375 0.41152597343749997
19 0.625 0.409902596875 0.6785714281249999 0.409902596875 0.6785714281249999 0.36850649375 0.625 0.36850649375 0.625 0.409902596875
19 0.6834415578125 0.41071428593750003 0.7394480515625 0.41071428593750003 0.7394480515625 0.371753246875 0.6834415578125 0.371753246875 0.6834415578125 0.41071428593750003
19 0.8019480515625 0.409902596875 0.85064935 0.409902596875 0.85064935 0.3733766234375 0.8019480515625 0.3733766234375 0.8019480515625 0.409902596875
19 0.8587662343750001 0.41152597343749997 0.9034090906250001 0.41152597343749997 0.9034090906250001 0.371753246875 0.8587662343750001 0.371753246875 0.8587662343750001 0.41152597343749997
19 0.7370129875 0.409902596875 0.79301948125 0.409902596875 0.79301948125 0.3733766234375 0.7370129875 0.3733766234375 0.7370129875 0.409902596875
19 0.9172077921874999 0.41071428593750003 0.9659090906250001 0.41071428593750003 0.9659090906250001 0.371753246875 0.9172077921874999 0.371753246875 0.9172077921874999 0.41071428593750003
19 1 0.3733766234375 0.9724025968750001 0.3733766234375 0.9724025968750001 0.409902596875 1 0.409902596875 1 0.3733766234375
19 0.16720779218749998 0.5202922078125 0.2483766234375 0.5202922078125 0.2483766234375 0.4626623375 0.16720779218749998 0.4626623375 0.16720779218749998 0.5202922078125
19 0 0.5202922078125 0.06899350625 0.5202922078125 0.06899350625 0.4626623375 0 0.4626623375 0 0.5202922078125
19 0.07954545468749999 0.5202922078125 0.15909090937499998 0.5202922078125 0.15909090937499998 0.4626623375 0.07954545468749999 0.4626623375 0.07954545468749999 0.5202922078125
19 0.253246753125 0.5211038968749999 0.33847402656250003 0.5211038968749999 0.33847402656250003 0.4626623375 0.253246753125 0.4626623375 0.253246753125 0.5211038968749999
19 0.34902597343749997 0.5235389609375 0.434253246875 0.5235389609375 0.434253246875 0.4626623375 0.34902597343749997 0.4626623375 0.34902597343749997 0.5235389609375
19 0.5178571421875 0.5227272734375 0.6006493500000001 0.5227272734375 0.6006493500000001 0.47402597343749997 0.5178571421875 0.47402597343749997 0.5178571421875 0.5227272734375
19 0.43181818125 0.5251623375000001 0.5146103890625 0.5251623375000001 0.5146103890625 0.47402597343749997 0.43181818125 0.47402597343749997 0.43181818125 0.5251623375000001
19 0.7678571421875 0.5251623375000001 0.8344155843750001 0.5251623375000001 0.8344155843750001 0.48051948125 0.7678571421875 0.48051948125 0.7678571421875 0.5251623375000001
19 0.8425324671875 0.5251623375000001 0.9034090906250001 0.5251623375000001 0.9034090906250001 0.48051948125 0.8425324671875 0.48051948125 0.8425324671875 0.5251623375000001
19 0.6103896109375 0.5243506499999999 0.6769480515625 0.5243506499999999 0.6769480515625 0.48214285781250005 0.6103896109375 0.48214285781250005 0.6103896109375 0.5243506499999999
19 0.6899350656250001 0.5251623375000001 0.759740259375 0.5251623375000001 0.759740259375 0.483766234375 0.6899350656250001 0.483766234375 0.6899350656250001 0.5251623375000001
19 0.8571428578125 0.73051948125 0.9366883109374999 0.73051948125 0.9366883109374999 0.6753246749999999 0.8571428578125 0.6753246749999999 0.8571428578125 0.73051948125
19 0.7743506499999999 0.733766234375 0.8482142859374999 0.733766234375 0.8482142859374999 0.6801948046875 0.7743506499999999 0.6801948046875 0.7743506499999999 0.733766234375
19 0.6038961031250001 0.7345779218749999 0.68100649375 0.7345779218749999 0.68100649375 0.6785714281249999 0.6038961031250001 0.6785714281249999 0.6038961031250001 0.7345779218749999
19 0.6883116890625 0.7345779218749999 0.7678571421875 0.7345779218749999 0.7678571421875 0.6818181812499999 0.6883116890625 0.6818181812499999 0.6883116890625 0.7345779218749999
19 0.34740259687499997 0.7378246749999999 0.4245129875 0.7378246749999999 0.4245129875 0.6801948046875 0.34740259687499997 0.6801948046875 0.34740259687499997 0.7378246749999999
19 0.1769480515625 0.7386363640625 0.2540584421875 0.7386363640625 0.2540584421875 0.6801948046875 0.1769480515625 0.6801948046875 0.1769480515625 0.7386363640625
19 0.014610389062500001 0.740259740625 0.08685065 0.740259740625 0.08685065 0.6801948046875 0.014610389062500001 0.6801948046875 0.014610389062500001 0.740259740625
19 0.2646103890625 0.7386363640625 0.34090909062499997 0.7386363640625 0.34090909062499997 0.6801948046875 0.2646103890625 0.6801948046875 0.2646103890625 0.7386363640625
19 0.5146103890625 0.7386363640625 0.5974025968750001 0.7386363640625 0.5974025968750001 0.6834415578125 0.5146103890625 0.6834415578125 0.5146103890625 0.7386363640625
19 0.42694805156250004 0.7394480515625 0.5121753250000001 0.7394480515625 0.5121753250000001 0.6818181812499999 0.42694805156250004 0.6818181812499999 0.42694805156250004 0.7394480515625
19 0.0957792203125 0.7426948046875 0.17207792187499998 0.7426948046875 0.17207792187499998 0.6818181812499999 0.0957792203125 0.6818181812499999 0.0957792203125 0.7426948046875
19 0.8474025968750001 0.8019480515625 0.9245129875 0.8019480515625 0.9245129875 0.753246753125 0.8474025968750001 0.753246753125 0.8474025968750001 0.8019480515625
19 1 0.7483766234375 0.9529220781250001 0.7483766234375 0.9529220781250001 0.80600649375 1 0.80600649375 1 0.7483766234375
19 0.7613636359375 0.8035714281249999 0.8376623375 0.8035714281249999 0.8376623375 0.753246753125 0.7613636359375 0.753246753125 0.7613636359375 0.8035714281249999
19 0.6818181812499999 0.8043831171875 0.7589285718750001 0.8043831171875 0.7589285718750001 0.753246753125 0.6818181812499999 0.753246753125 0.6818181812499999 0.8043831171875
19 0.6022727265625 0.8035714281249999 0.6761363640625 0.8035714281249999 0.6761363640625 0.7548701296875 0.6022727265625 0.7548701296875 0.6022727265625 0.8035714281249999
19 0.43668831093750005 0.8084415578125 0.51948051875 0.8084415578125 0.51948051875 0.753246753125 0.43668831093750005 0.753246753125 0.43668831093750005 0.8084415578125
19 0.5211038968749999 0.8076298703125 0.5949675328125 0.8076298703125 0.5949675328125 0.7548701296875 0.5211038968749999 0.7548701296875 0.5211038968749999 0.8076298703125
19 0.358766234375 0.8084415578125 0.435064934375 0.8084415578125 0.435064934375 0.7548701296875 0.358766234375 0.7548701296875 0.358766234375 0.8084415578125
19 0.27759740312500003 0.8076298703125 0.35146103906250004 0.8076298703125 0.35146103906250004 0.7548701296875 0.27759740312500003 0.7548701296875 0.27759740312500003 0.8076298703125
19 0.196428571875 0.8100649343749999 0.27029220781249996 0.8100649343749999 0.27029220781249996 0.7548701296875 0.196428571875 0.7548701296875 0.196428571875 0.8100649343749999
19 0.1136363640625 0.8092532468750001 0.190746753125 0.8092532468750001 0.190746753125 0.75649350625 0.1136363640625 0.75649350625 0.1136363640625 0.8092532468750001
19 0.034090909375 0.8133116890625001 0.10633116875 0.8133116890625001 0.10633116875 0.759740259375 0.034090909375 0.759740259375 0.034090909375 0.8133116890625001