19 0.51875 0.278125 0.51875 0.2654964390625 0.4922072796875 0.2654964390625 0.4922072796875 0.278125 0.51875 0.278125
19 0.49375 0.284375 0.49375 0.2578125 0.481160996875 0.2578125 0.481160996875 0.284375 0.49375 0.284375
19 0.4625 0.2796875 0.4625 0.26407238906249997 0.4377768984375 0.26407238906249997 0.4377768984375 0.2796875 0.4625 0.2796875
19 0.475 0.2859375 0.475 0.2597804578125 0.4600474671875 0.2597804578125 0.4600474671875 0.2859375 0.475 0.2859375
19 0.41875 0.290625 0.4359375 0.290625 0.4359375 0.2640625 0.41875 0.2640625 0.41875 0.290625
19 0.4046875 0.284375 0.4046875 0.270371834375 0.3770174046875 0.270371834375 0.3770174046875 0.284375 0.4046875 0.284375
19 0.3796875 0.290625 0.3796875 0.2642800625 0.3655261078125 0.2642800625 0.3655261078125 0.290625 0.3796875 0.290625
19 0.421875 0.284375 0.421875 0.2705399515625 0.39513449375 0.2705399515625 0.39513449375 0.284375 0.421875 0.284375
19 0.359375 0.2921875 0.359375 0.26580300625 0.3446598109375 0.26580300625 0.3446598109375 0.2921875 0.359375 0.2921875
19 0.324426425 0.2921875 0.324426425 0.2661886859375 0.31018591875 0.2661886859375 0.31018591875 0.2921875 0.324426425 0.2921875
19 0.309375 0.2859375 0.309375 0.2711827515625 0.2820213609375 0.2711827515625 0.2820213609375 0.2859375 0.309375 0.2859375
19 0.340625 0.2921875 0.340625 0.2658425625 0.328035996875 0.2658425625 0.328035996875 0.2921875 0.340625 0.2921875
19 0.5484375 0.25631922500000004 0.534375 0.25631922500000004 0.534375 0.307743275 0.5484375 0.307743275 0.5484375 0.25631922500000004
19 0.53125 0.30625 0.53125 0.25990901875 0.5161194609375 0.25990901875 0.5161194609375 0.30625 0.53125 0.30625
19 0.184375 0.2735858390625 0.1546875 0.2735858390625 0.1546875 0.3123516625 0.184375 0.3123516625 0.184375 0.2735858390625
19 0.159375 0.2796875 0.1164556953125 0.2796875 0.1164556953125 0.3071993671875 0.159375 0.3071993671875 0.159375 0.2796875
19 0.121875 0.3078125 0.121875 0.2795589390625 0.08125988906250001 0.2795589390625 0.08125988906250001 0.3078125 0.121875 0.3078125
19 0.2234375 0.309375 0.2234375 0.280666534375 0.18336629843750002 0.280666534375 0.18336629843750002 0.309375 0.2234375 0.309375
19 0.80625 0.4453125 0.80625 0.41254944687500006 0.7609770578124999 0.41254944687500006 0.7609770578124999 0.4453125 0.80625 0.4453125
19 0.759375 0.4515625 0.759375 0.4067444625 0.7310621046875 0.4067444625 0.7310621046875 0.4515625 0.759375 0.4515625
19 0.670154271875 0.4453125 0.670154271875 0.42078718437499996 0.6266416125000001 0.42078718437499996 0.6266416125000001 0.4453125 0.670154271875 0.4453125
19 0.3390625 0.403144778125 0.31743473125 0.403144778125 0.31743473125 0.46248022187500004 0.3390625 0.46248022187500004 0.3390625 0.403144778125
19 0.2875 0.4640625 0.2875 0.40382713593749997 0.26615901875 0.40382713593749997 0.26615901875 0.4640625 0.2875 0.4640625
19 0.203125 0.4453125 0.203125 0.4222409015625 0.14513449218750002 0.4222409015625 0.14513449218750002 0.4453125 0.203125 0.4453125
19 0.28125 0.4453125 0.28125 0.42209256406250006 0.2211728640625 0.42209256406250006 0.2211728640625 0.4453125 0.28125 0.4453125
19 0.728125 0.4546875 0.728125 0.4117286390625 0.6989220734375 0.4117286390625 0.6989220734375 0.4546875 0.728125 0.4546875
19 0.3125 0.4640625 0.3125 0.40541930312499996 0.2882318046875 0.40541930312499996 0.2882318046875 0.4640625 0.3125 0.4640625
19 0.2296875 0.446875 0.2296875 0.4226463609375 0.172893590625 0.4226463609375 0.172893590625 0.446875 0.2296875 0.446875
19 0.1357001578125 0.40470727812499996 0.1111748421875 0.40470727812499996 0.1111748421875 0.464042721875 0.1357001578125 0.464042721875 0.1357001578125 0.40470727812499996
19 0.234375 0.4625 0.234375 0.40510284687500003 0.2139240515625 0.40510284687500003 0.2139240515625 0.4625 0.234375 0.4625
19 0.1390625 0.4640625 0.159375 0.4640625 0.159375 0.4066653484375 0.1390625 0.4066653484375 0.1390625 0.4640625
19 0.6984375 0.453125 0.6984375 0.4231606015625 0.6605913765625 0.4231606015625 0.6605913765625 0.453125 0.6984375 0.453125
19 0.634375 0.4515625 0.634375 0.42062895625 0.5925435140624999 0.42062895625 0.5925435140624999 0.4515625 0.634375 0.4515625
19 0.4546875 0.4484375 0.4546875 0.4292424828125 0.411006725 0.4292424828125 0.411006725 0.4484375 0.4546875 0.4484375
19 0.38125 0.4161689078125 0.36189675625 0.4161689078125 0.36189675625 0.4636372625 0.38125 0.4636372625 0.38125 0.4161689078125
19 0.360670490625 0.4176819625 0.34089200937499997 0.4176819625 0.34089200937499997 0.4635680390625 0.360670490625 0.4635680390625 0.360670490625 0.4176819625
19 0.3984375 0.41767207187500005 0.3823081484375 0.41767207187500005 0.3823081484375 0.4651404265625 0.3984375 0.4651404265625 0.3984375 0.41767207187500005
19 0.4359375 0.45 0.4359375 0.4318631328125 0.3920589390625 0.4318631328125 0.3920589390625 0.45 0.4359375 0.45
19 0.4078125 0.7671875 0.4078125 0.697181565625 0.3732100484375 0.697181565625 0.3732100484375 0.7671875 0.4078125 0.7671875
19 0.2404568828125 0.76875 0.2404568828125 0.6952333859375 0.2048556171875 0.6952333859375 0.2048556171875 0.76875 0.2404568828125 0.76875
19 0.2390625 0.765625 0.271875 0.765625 0.271875 0.6987638453125 0.2390625 0.6987638453125 0.2390625 0.765625
19 0.271875 0.76875 0.30625 0.76875 0.30625 0.6971914546875 0.271875 0.6971914546875 0.271875 0.76875
19 0.3859375 0.7484375 0.3859375 0.7161095734375 0.3206190671875 0.7161095734375 0.3206190671875 0.7484375 0.3859375 0.7484375
19 0.3353441453125 0.76875 0.3353441453125 0.7026997625 0.3052808546875 0.7026997625 0.3052808546875 0.76875 0.3353441453125 0.76875
19 0.4046875 0.96875 0.4328125 0.96875 0.4328125 0.9022646359375001 0.4046875 0.9022646359375001 0.4046875 0.96875
19 0.3705201734375 0.903125 0.3705201734375 0.96875 0.39979232656249997 0.96875 0.39979232656249997 0.903125 0.3705201734375 0.903125
19 0.2625 0.971875 0.2625 0.9054687484375 0.23257515781250002 0.9054687484375 0.23257515781250002 0.971875 0.2625 0.971875
19 0.3296875 0.9066257921875 0.3033425625 0.9066257921875 0.3033425625 0.971499209375 0.3296875 0.971499209375 0.3296875 0.9066257921875
19 0.296875 0.9082674046875001 0.26875 0.9082674046875001 0.26875 0.973140821875 0.296875 0.973140821875 0.296875 0.9082674046875001
19 0.33632317968750003 0.973140821875 0.3655953328125 0.973140821875 0.3655953328125 0.9082674046875001 0.33632317968750003 0.9082674046875001 0.33632317968750003 0.973140821875
19 0.228125 0.9066060125 0.196667325 0.9066060125 0.196667325 0.9746439859375 0.228125 0.9746439859375 0.228125 0.9066060125
19 0.1796875 0.9578125 0.1796875 0.925 0.1131823578125 0.925 0.1131823578125 0.9578125 0.1796875 0.9578125
19 0.19375 0.975 0.19375 0.9078125 0.165832675 0.9078125 0.165832675 0.975 0.19375 0.975
19 0.140625 0.9640625 0.140625 0.93125 0.0781942234375 0.93125 0.0781942234375 0.9640625 0.140625 0.9640625