19 0.067656765625 0.7879537953125 0.129537953125 0.7879537953125 0.129537953125 0.7095709578125 0.067656765625 0.7095709578125 0.067656765625 0.7879537953125
19 0.133663365625 0.7879537953125 0.1872937296875 0.7879537953125 0.1872937296875 0.7095709578125 0.133663365625 0.7095709578125 0.133663365625 0.7879537953125
19 0.19801980156250001 0.791254125 0.2549504953125 0.791254125 0.2549504953125 0.711221121875 0.19801980156250001 0.711221121875 0.19801980156250001 0.791254125
19 0.3844884484375 0.791254125 0.43151815156250006 0.791254125 0.43151815156250006 0.711221121875 0.3844884484375 0.711221121875 0.3844884484375 0.791254125
19 0.44224422499999994 0.7953795375 0.489273928125 0.7953795375 0.489273928125 0.711221121875 0.44224422499999994 0.711221121875 0.44224422499999994 0.7953795375
19 0.260726071875 0.791254125 0.3143564359375 0.791254125 0.3143564359375 0.7508250828125 0.260726071875 0.7508250828125 0.260726071875 0.791254125
19 0.321782178125 0.791254125 0.3778877890625 0.791254125 0.3778877890625 0.7508250828125 0.321782178125 0.7508250828125 0.321782178125 0.791254125
19 0.051155115625000004 0.93894389375 0.1361386140625 0.93894389375 0.1361386140625 0.85643564375 0.051155115625000004 0.85643564375 0.051155115625000004 0.93894389375
19 0.145214521875 0.936468646875 0.22524752499999998 0.936468646875 0.22524752499999998 0.85643564375 0.145214521875 0.85643564375 0.145214521875 0.936468646875
19 0.2376237625 0.9480198015625 0.32260726093750003 0.9480198015625 0.32260726093750003 0.85643564375 0.2376237625 0.85643564375 0.2376237625 0.9480198015625
19 0.054455445312499996 0.317656765625 0.17161716093749999 0.317656765625 0.17161716093749999 0.178217821875 0.054455445312499996 0.178217821875 0.054455445312499996 0.317656765625
19 0.17656765624999998 0.3209570953125 0.29207920781249996 0.3209570953125 0.29207920781249996 0.186468646875 0.17656765624999998 0.186468646875 0.17656765624999998 0.3209570953125
19 0.3036303625 0.3283828390625 0.3820132015625 0.3283828390625 0.3820132015625 0.21122112187500003 0.3036303625 0.21122112187500003 0.3036303625 0.3283828390625
19 0.387788778125 0.33168316875000003 0.4678217828125 0.33168316875000003 0.4678217828125 0.21452145156250002 0.387788778125 0.21452145156250002 0.387788778125 0.33168316875000003
19 0.475247525 0.3325082515625 0.5536303625000001 0.3325082515625 0.5536303625000001 0.219471946875 0.475247525 0.219471946875 0.475247525 0.3325082515625
19 0.0808580859375 0.47442244218749996 0.1938943890625 0.47442244218749996 0.1938943890625 0.363036303125 0.0808580859375 0.363036303125 0.0808580859375 0.47442244218749996
19 0.20132013125 0.481848184375 0.3127062703125 0.481848184375 0.3127062703125 0.36633663437499997 0.20132013125 0.36633663437499997 0.20132013125 0.481848184375
19 0.244224421875 0.6485148515625 0.31518151875 0.6485148515625 0.31518151875 0.534653465625 0.244224421875 0.534653465625 0.244224421875 0.6485148515625
19 0.067656765625 0.6452145218750001 0.145214521875 0.6452145218750001 0.145214521875 0.5396039609375001 0.067656765625 0.5396039609375001 0.067656765625 0.6452145218750001
19 0.1551155109375 0.6460396046875 0.23349835 0.6460396046875 0.23349835 0.5445544546875001 0.1551155109375 0.5445544546875001 0.1551155109375 0.6460396046875
19 0.32343234375 0.65181518125 0.39933993437500004 0.65181518125 0.39933993437500004 0.542904290625 0.32343234375 0.542904290625 0.32343234375 0.65181518125
19 0.40594059375 0.653465346875 0.4793729375 0.653465346875 0.4793729375 0.542904290625 0.40594059375 0.542904290625 0.40594059375 0.653465346875