24 0.7796875 1 0.7796875 0.53068936875 0.6956914453125 0.53068936875 0.6956914453125 1 0.7796875 1
24 0.7796875 0.45396075625 0.690858596875 0.45396075625 0.690858596875 0.962266403125 0.7796875 0.962266403125 0.7796875 0.45396075625
24 0.8015625 0.3485491078125 0.68125 0.3485491078125 0.68125 0.8651604015625001 0.8015625 0.8651604015625001 0.8015625 0.3485491078125
24 0.8046122312499999 0.7125 0.8046122312499999 0.3191912375 0.728200271875 0.3191912375 0.728200271875 0.7125 0.8046122312499999 0.7125
24 0.1828125 0.9984375 0.26975186875 0.9984375 0.26975186875 0.5459146593749999 0.1828125 0.5459146593749999 0.1828125 0.9984375
24 0 0.740625 0.4484375 0.740625 0.4484375 0.6214000203125 0 0.6214000203125 0 0.740625
24 0.74375 0.521875 0.74375 0.1035973828125 0.6829812093750001 0.1035973828125 0.6829812093750001 0.521875 0.74375 0.521875
24 0.921875 0.2890625 0.921875 0.22904640625 0.5039607562499999 0.22904640625 0.5039607562499999 0.2890625 0.921875 0.2890625
24 0.9125 0.24375 0.9125 0.1875 0.4969969890625 0.1875 0.4969969890625 0.24375 0.9125 0.24375
24 0.903003009375 0.144417046875 0.4860594890625 0.144417046875 0.4860594890625 0.200895453125 0.903003009375 0.200895453125 0.903003009375 0.144417046875
24 0.5046875 0.284375 0.5046875 0.22149345937499998 0.0974745640625 0.22149345937499998 0.0974745640625 0.284375 0.5046875 0.284375
24 0.34375 0.3625 0.34375 0.00963974375 0.2901240640625 0.00963974375 0.2901240640625 0.3625 0.34375 0.3625