24 0.9916943515625001 0.7425249171875 0.48338870468749995 0.7425249171875 0.48338870468749995 0.827242525 0.9916943515625001 0.827242525 0.9916943515625001 0.7425249171875
24 0.990033221875 0.6627906984374999 0.481727575 0.6627906984374999 0.481727575 0.753322259375 0.990033221875 0.753322259375 0.990033221875 0.6627906984374999
24 1 0.546511628125 0.48338870468749995 0.546511628125 0.48338870468749995 0.6677740859375 1 0.6677740859375 1 0.546511628125
24 0.96345515 0.478405315625 0.5697674421875 0.478405315625 0.5697674421875 0.554817275 0.96345515 0.554817275 0.96345515 0.478405315625
24 0 0.8164451828124999 0.45348837187499996 0.8164451828124999 0.45348837187499996 0.7292358796875 0 0.7292358796875 0 0.8164451828124999
24 0 0.7425249171875 0.44850498281249995 0.7425249171875 0.44850498281249995 0.6212624578125 0 0.6212624578125 0 0.7425249171875
24 0.9235880406250001 0.2823920265625 0.5041528234375 0.2823920265625 0.5041528234375 0.3438538203125 0.9235880406250001 0.3438538203125 0.9235880406250001 0.2823920265625
24 0.9235880406250001 0.22923587968749998 0.5041528234375 0.22923587968749998 0.5041528234375 0.290697675 0.9235880406250001 0.290697675 0.9235880406250001 0.22923587968749998
24 0.9136212625000001 0.187707640625 0.49667774062500003 0.187707640625 0.49667774062500003 0.24418604687499998 0.9136212625000001 0.24418604687499998 0.9136212625000001 0.187707640625
24 0.9036544843750001 0.144518271875 0.48671096406250003 0.144518271875 0.48671096406250003 0.20099667812500002 0.9036544843750001 0.20099667812500002 0.9036544843750001 0.144518271875
24 0.5049833890625 0.22093023281250002 0.0971760796875 0.22093023281250002 0.0971760796875 0.2848837203125 0.5049833890625 0.2848837203125 0.5049833890625 0.22093023281250002
24 0.49335548124999995 0.1594684390625 0.1403654484375 0.1594684390625 0.1403654484375 0.21345515 0.49335548124999995 0.21345515 0.49335548124999995 0.1594684390625