24 0.48334717656250004 0.7421875 0.48334717656250004 0.8265625 0.9916528234375 0.8265625 0.9916528234375 0.7421875 0.48334717656250004 0.7421875
24 0.7796875 0.453846553125 0.6903706390625 0.453846553125 0.6903706390625 0.9621522 0.7796875 0.9621522 0.7796875 0.453846553125
24 1 0.546875 0.48367680625 0.546875 0.48367680625 0.6671875 1 0.6671875 1 0.546875
24 0.8046122312499999 0.7125 0.8046122312499999 0.3191912375 0.728200271875 0.3191912375 0.728200271875 0.7125 0.8046122312499999 0.7125
24 0.2703125 0.9984375 0.2703125 0.54627803125 0.183736503125 0.54627803125 0.183736503125 0.9984375 0.2703125 0.9984375
24 0.1640625 0.9046875 0.284375 0.9046875 0.284375 0.45760745468749997 0.1640625 0.45760745468749997 0.1640625 0.9046875
24 0.74375 0.521875 0.74375 0.103213246875 0.6832978625 0.103213246875 0.6832978625 0.521875 0.74375 0.521875
24 0.74375 0.46875 0.74375 0.0500571 0.6833290078124999 0.0500571 0.6833290078124999 0.46875 0.74375 0.46875
24 0.7328125 0.4234375 0.7328125 0.00779433125 0.6772321421874999 0.00779433125 0.6772321421874999 0.4234375 0.7328125 0.4234375
24 0.6670447453125 0 0.6670447453125 0.3805777609375 0.7234375 0.3805777609375 0.7234375 0 0.6670447453125 0
24 0.5046875 0.284375 0.5046875 0.22149345937499998 0.0974745640625 0.22149345937499998 0.0974745640625 0.284375 0.5046875 0.284375
24 0.4921875 0.2125 0.4921875 0.15972539531250002 0.14069248437499998 0.15972539375 0.14069248437499998 0.2125 0.4921875 0.2125