24 0.43114754062499994 0.7819672125 0.2934426234375 0.7819672125 0.2934426234375 0.8377049187500001 0.43114754062499994 0.8377049187500001 0.43114754062499994 0.7819672125
24 0.45737704843750004 0.8262295078124999 0.31147540937499996 0.8262295078124999 0.31147540937499996 0.8868852453124999 0.45737704843750004 0.8868852453124999 0.45737704843750004 0.8262295078124999
24 0.4836065578125 0.8655737703125 0.30491803281249996 0.8655737703125 0.30491803281249996 0.949180328125 0.4836065578125 0.949180328125 0.4836065578125 0.8655737703125
24 0.7032786890625 0.9065573765625 0.50901639375 0.9065573765625 0.50901639375 0.9885245906250001 0.7032786890625 0.9885245906250001 0.7032786890625 0.9065573765625
24 0.850819671875 0.908196721875 0.6827868859375 0.908196721875 0.6827868859375 0.9950819671875 0.850819671875 0.9950819671875 0.850819671875 0.908196721875
24 0.8737704921875 0.8540983609374999 0.7172131140625 0.8540983609374999 0.7172131140625 0.9270491796875 0.8737704921875 0.9270491796875 0.8737704921875 0.8540983609374999
24 0.647540984375 0.8622950812499999 0.528688525 0.8622950812499999 0.528688525 0.9180327875 0.647540984375 0.9180327875 0.647540984375 0.8622950812499999
24 0.6459016390625 0.8245901640625 0.55 0.8245901640625 0.55 0.8737704921875 0.6459016390625 0.8737704921875 0.6459016390625 0.8245901640625
24 0.8229508203125 1 0.8229508203125 0.9836065578125 0.7663934421875 0.9836065578125 0.7663934421875 1 0.8229508203125 1
24 0.1442622953125 0.7426229515625 0.05 0.7426229515625 0.05 0.78770491875 0.1442622953125 0.78770491875 0.1442622953125 0.7426229515625
24 0 0.7959016390625 0.027868853125 0.7959016390625 0.027868853125 0.750819671875 0 0.750819671875 0 0.7959016390625
24 0 0.75901639375 0.0245901640625 0.75901639375 0.0245901640625 0.727868853125 0 0.727868853125 0 0.75901639375
24 0.46229508125 0.650819671875 0.25901639374999996 0.650819671875 0.25901639374999996 0.7188524593750001 0.46229508125 0.7188524593750001 0.46229508125 0.650819671875
24 0.47540983593749997 0.6180327875 0.2762295078125 0.6180327875 0.2762295078125 0.6811475406249999 0.47540983593749997 0.6811475406249999 0.47540983593749997 0.6180327875
24 0.48524590156249997 0.5852459015625 0.288524590625 0.5852459015625 0.288524590625 0.6483606562500001 0.48524590156249997 0.6483606562500001 0.48524590156249997 0.5852459015625
24 0.30491803281249996 0.5868852453125 0.171311475 0.5868852453125 0.171311475 0.6434426234374999 0.30491803281249996 0.6434426234374999 0.30491803281249996 0.5868852453125
24 0.321311475 0.5573770484375 0.190163934375 0.5573770484375 0.190163934375 0.6131147546875 0.321311475 0.6131147546875 0.321311475 0.5573770484375
24 0.9065573765625 0.552459015625 0.63032786875 0.552459015625 0.63032786875 0.650819671875 0.9065573765625 0.650819671875 0.9065573765625 0.552459015625