24 0.4296875 0.8375 0.4296875 0.782428278125 0.29323770625 0.782428278125 0.29323770625 0.8375 0.4296875 0.8375
24 0.4140625 0.7836577859375 0.354572234375 0.7836577859375 0.354572234375 0.9295594250000001 0.4140625 0.9295594250000001 0.4140625 0.7836577859375
24 0.4828125 0.9484375 0.4828125 0.865625 0.3051869875 0.865625 0.3051869875 0.9484375 0.4828125 0.9484375
24 0.646875 1 0.646875 0.8505122953124999 0.5650486671875 0.8505122953124999 0.5650486671875 1 0.646875 1
24 0.809375 1 0.809375 0.8672387296874999 0.7232838125 0.8672387296874999 0.7232838125 1 0.809375 1
24 0.8734375 0.925 0.8734375 0.85404713125 0.7173924171875 0.85404713125 0.7173924171875 0.925 0.8734375 0.925
24 0.528125 0.9171875 0.646875 0.9171875 0.646875 0.862756146875 0.528125 0.862756146875 0.528125 0.9171875
24 0.55 0.871875 0.6453125 0.871875 0.6453125 0.8246285859375 0.55 0.8246285859375 0.55 0.871875
24 0.8015625 1 0.8015625 0.963665471875 0.78685963125 0.963665471875 0.78685963125 1 0.8015625 1
24 0.14375 0.7423027656250001 0.05 0.7423027656250001 0.05 0.7873847328125 0.14375 0.7873847328125 0.14375 0.7423027656250001
24 0 0.7859375 0.034375 0.7859375 0.034375 0.7592981546875001 0 0.7592981546875001 0 0.7859375
24 0 0.7578125 0.0234375 0.7578125 0.0234375 0.7275614765625 0 0.7275614765625 0 0.7578125
24 0.4609375 0.7171875 0.4609375 0.6504994875000001 0.25873463124999996 0.6504994875000001 0.25873463124999996 0.7171875 0.4609375 0.7171875
24 0.40625 0.7484375 0.40625 0.55 0.343852459375 0.55 0.343852459375 0.7484375 0.40625 0.7484375
24 0.484375 0.646875 0.484375 0.5848616796874999 0.2879098375 0.5848616796874999 0.2879098375 0.646875 0.484375 0.646875
24 0.265625 0.68125 0.265625 0.5484375 0.21029713125 0.5484375 0.21029713125 0.68125 0.265625 0.68125
24 0.3203125 0.6125 0.3203125 0.5578125 0.1906762296875 0.5578125 0.1906762296875 0.6125 0.3203125 0.6125
24 0.90625 0.65 0.90625 0.551754609375 0.6308017421875001 0.551754609375 0.6308017421875001 0.65 0.90625 0.65