24 0.4296875 0.781506146875 0.2936475421875 0.781506146875 0.2936475421875 0.8372438531249999 0.4296875 0.8372438531249999 0.4296875 0.781506146875
24 0.4140625 0.7835553281250001 0.3536244859375 0.7835553281250001 0.3536244859375 0.9294569671874999 0.4140625 0.9294569671874999 0.4140625 0.7835553281250001
24 0.4828125 0.9484375 0.4828125 0.8659195687500001 0.30464907812500003 0.8659195687500001 0.30464907812500003 0.9484375 0.4828125 0.9484375
24 0.646875 1 0.646875 0.8505122953124999 0.5650486671875 0.8505122953124999 0.5650486671875 1 0.646875 1
24 0.85 0.9081198765625 0.6831711078125 0.9081198765625 0.6831711078125 0.995005121875 0.85 0.995005121875 0.85 0.9081198765625
24 0.759375 0.9671875 0.83125 0.9671875 0.83125 0.812474384375 0.759375 0.812474384375 0.759375 0.9671875
24 0.646875 0.9171875 0.646875 0.861834015625 0.5293032796875 0.861834015625 0.5293032796875 0.9171875 0.646875 0.9171875
24 0.6453125 0.871875 0.6453125 0.8245517421875 0.5502945687499999 0.8245517421875 0.5502945687499999 0.871875 0.6453125 0.871875
24 0.8015625 1 0.8015625 0.963383709375 0.7860911890625 0.963383709375 0.7860911890625 1 0.8015625 1
24 0.11875 0.8109375 0.11875 0.7177766390625 0.0749103484375 0.7177766390625 0.0749103484375 0.8109375 0.11875 0.8109375
24 0 0.7859375 0.034375 0.7859375 0.034375 0.7592981546875001 0 0.7592981546875001 0 0.7859375
24 0 0.7546875 0.0265625 0.7546875 0.0265625 0.7309426234374999 0 0.7309426234374999 0 0.7546875
24 0.39375 0.7859375 0.39375 0.582914959375 0.326959528125 0.582914959375 0.326959528125 0.7859375 0.39375 0.7859375
24 0.40625 0.7484375 0.40625 0.55 0.343852459375 0.55 0.343852459375 0.7484375 0.40625 0.7484375
24 0.484375 0.646875 0.484375 0.585630121875 0.2891393453125 0.585630121875 0.2891393453125 0.646875 0.484375 0.646875
24 0.265625 0.68125 0.265625 0.5484375 0.21029713125 0.5484375 0.21029713125 0.68125 0.265625 0.68125
24 0.3203125 0.6125 0.3203125 0.5578125 0.1896516390625 0.5578125 0.1896516390625 0.6125 0.3203125 0.6125
24 0.90625 0.65 0.90625 0.551754609375 0.6308017421875001 0.551754609375 0.6308017421875001 0.65 0.90625 0.65