24 0.4484375 0.8765625 0.8125 0.8765625 0.8125 0.7736159171875 0.4484375 0.7736159171875 0.4484375 0.8765625
24 0.8171875 0.815625 0.8171875 0.7252460000000001 0.4706558171875 0.7252460000000001 0.4706558171875 0.815625 0.8171875 0.815625
24 0.734375 0.5265625 0.6292874140625 0.5265625 0.6292874140625 0.901530059375 0.734375 0.901530059375 0.734375 0.5265625
24 0.584375 0.6953125 0.8453125 0.6953125 0.8453125 0.6127324828125 0.584375 0.6127324828125 0.584375 0.6953125
24 0.3200719078125 0.9546875 0.3200719078125 0.5917630828125 0.21886083437499998 0.5917630828125 0.21886083437499998 0.9546875 0.3200719078125 0.9546875
24 0.3375 0.9046875 0.3375 0.5234375 0.2313635390625 0.5234375 0.2313635390625 0.9046875 0.3375 0.9046875
24 0.21261624218750003 0 0.21261624218750003 0.190625 0.303125 0.190625 0.303125 0 0.21261624218750003 0
24 0.209375 0 0.209375 0.2296875 0.290625 0.2296875 0.290625 0 0.209375 0
24 0.515625 0.22111537656250002 0.4296875 0.22111537656250002 0.4296875 0.5403195281250001 0.515625 0.5403195281250001 0.515625 0.22111537656250002
24 0.334375 0.3828125 0.6421875 0.3828125 0.6421875 0.3078854890625 0.334375 0.3078854890625 0.334375 0.3828125
24 0.540625 0.4578125 0.540625 0.159531790625 0.46735780625 0.159531790625 0.46735780625 0.4578125 0.540625 0.4578125
24 0.6421875 0.3828125 0.9484375 0.3828125 0.9484375 0.3046875 0.6421875 0.3046875 0.6421875 0.3828125
24 0.9359375 0.34579638749999997 0.6300470375 0.34579638749999997 0.6300470375 0.4245161125 0.9359375 0.4245161125 0.9359375 0.34579638749999997
24 0.8109375 0.58125 0.8109375 0.27250756875 0.730111915625 0.27250756875 0.730111915625 0.58125 0.8109375 0.58125
24 0.90625 0.5140625 0.90625 0.43125 0.5921280265625 0.43125 0.5921280265625 0.5140625 0.90625 0.5140625
24 0.7125 0.684375 0.7890625 0.684375 0.7890625 0.34801578593750004 0.7125 0.34801578593750004 0.7125 0.684375
24 0.2296875 0.4828125 0.2296875 0.1599291734375 0.13156358125 0.1599291734375 0.13156358125 0.4828125 0.2296875 0.4828125