24 0.903125 0.896875 0.903125 0.8020903718750001 0.5222972968749999 0.8020903718750001 0.5222972968749999 0.896875 0.903125 0.896875
24 0.5390625 0.83125 0.903125 0.83125 0.903125 0.7483952703125001 0.5390625 0.7483952703125001 0.5390625 0.83125
24 0.8015625 0.5328125 0.7034417234375 0.5328125 0.7034417234375 0.926351353125 0.8015625 0.926351353125 0.8015625 0.5328125
24 0.915625 0.7046875 0.915625 0.62527449375 0.6438766890625 0.62527449375 0.6438766890625 0.7046875 0.915625 0.7046875
24 0.36875 0.61875 0.277259290625 0.61875 0.277259290625 0.9995354750000001 0.36875 0.9995354750000001 0.36875 0.61875
24 0.3828125 0.946875 0.3828125 0.5468961140624999 0.2840371609375 0.5468961140624999 0.2840371609375 0.946875 0.3828125 0.946875
24 0.185008446875 0 0.185008446875 0.1828125 0.26862331093749997 0.1828125 0.26862331250000004 0 0.185008446875 0
24 0.346875 0.140625 0.346875 0.06446368125 0.0825168921875 0.06446368125 0.0825168921875 0.140625 0.346875 0.140625
24 0.65625 0.4265625 0.65625 0.34736064375 0.32126266718749996 0.34736064375 0.32126266718749996 0.4265625 0.65625 0.4265625
24 0.534375 0.5109375 0.534375 0.185747465625 0.466596284375 0.185747465625 0.466596284375 0.5109375 0.534375 0.5109375
24 0.5467483109375 0.46875 0.5467483125 0.1526393578125 0.47918074375 0.1526393578125 0.4791807421875 0.46875 0.5467483109375 0.46875
24 0.9859375 0.3703125 0.9859375 0.2994932421875 0.66366131875 0.2994932421875 0.66366131875 0.3703125 0.9859375 0.3703125
24 0.978125 0.4140625 0.978125 0.34358107968749996 0.6561444234375 0.34358107968749996 0.6561444234375 0.4140625 0.978125 0.4140625
24 0.846875 0.26121199375000004 0.7729729734374999 0.26121199375000004 0.7729729734374999 0.5872255078124999 0.846875 0.5872255078124999 0.846875 0.26121199375000004
24 0.8296875 0.6375 0.8296875 0.30705236406249997 0.75390625 0.30705236406249997 0.75390625 0.6375 0.8296875 0.6375
24 0.9765625 0.55 0.9765625 0.481841215625 0.6232052375 0.481841215625 0.6232052375 0.55 0.9765625 0.55
24 0.221875 0.5 0.221875 0.1723395265625 0.129011825 0.1723395265625 0.129011825 0.5 0.221875 0.5