24 0.521959459375 0.8986486484375 0.903716215625 0.8986486484375 0.903716215625 0.802364865625 0.521959459375 0.802364865625 0.521959459375 0.8986486484375
24 0.5388513515625 0.8327702703125001 0.903716215625 0.8327702703125001 0.903716215625 0.7483108109375001 0.5388513515625 0.7483108109375001 0.5388513515625 0.8327702703125001
24 0.5557432437500001 0.7795608109375001 0.9493243250000001 0.7795608109375001 0.9493243250000001 0.6807432437500001 0.5557432437500001 0.6807432437500001 0.5557432437500001 0.7795608109375001
24 0.64358108125 0.7052364859375 0.916385134375 0.7052364859375 0.916385134375 0.625 0.64358108125 0.625 0.64358108125 0.7052364859375
24 0.1334459453125 0.8555743250000001 0.5143581078125 0.8555743250000001 0.5143581078125 0.7635135140625 0.1334459453125 0.7635135140625 0.1334459453125 0.8555743250000001
24 0.1334459453125 0.796452703125 0.533783784375 0.796452703125 0.533783784375 0.697635134375 0.1334459453125 0.697635134375 0.1334459453125 0.796452703125
24 0.0861486484375 0 0.0861486484375 0.083614865625 0.36824324375 0.083614865625 0.36824324375 0 0.0861486484375 0
24 0.0827702703125 0.141047296875 0.3479729734375 0.141047296875 0.3479729734375 0.0641891890625 0.0827702703125 0.0641891890625 0.0827702703125 0.141047296875
24 0.3209459453125 0.427364865625 0.65625 0.427364865625 0.65625 0.3479729734375 0.3209459453125 0.3479729734375 0.3209459453125 0.427364865625
24 0.3378378375 0.3834459453125 0.6638513515625 0.3834459453125 0.6638513515625 0.31418918906250004 0.3378378375 0.31418918906250004 0.3378378375 0.3834459453125
24 0.3547297296875 0.3445945953125 0.671452703125 0.3445945953125 0.671452703125 0.2770270265625 0.3547297296875 0.2770270265625 0.3547297296875 0.3445945953125
24 0.6638513515625 0.3707770265625 0.98733108125 0.3707770265625 0.98733108125 0.2989864859375 0.6638513515625 0.2989864859375 0.6638513515625 0.3707770265625
24 0.6554054046875 0.4146959453125 0.978885134375 0.4146959453125 0.978885134375 0.3429054046875 0.6554054046875 0.3429054046875 0.6554054046875 0.4146959453125
24 0.646959459375 0.46199324375 0.9729729734375001 0.46199324375 0.9729729734375001 0.38682432499999997 0.646959459375 0.38682432499999997 0.646959459375 0.46199324375
24 0.6266891890624999 0.5109797296874999 0.9577702703125001 0.5109797296874999 0.9577702703125001 0.434121621875 0.6266891890624999 0.434121621875 0.6266891890624999 0.5109797296874999
24 0.6233108109375001 0.550675675 0.9780405406250001 0.550675675 0.9780405406250001 0.48141891875000004 0.6233108109375001 0.48141891875000004 0.6233108109375001 0.550675675
24 0.011824325 0.3834459453125 0.34037162187500003 0.3834459453125 0.34037162187500003 0.2888513515625 0.011824325 0.2888513515625 0.011824325 0.3834459453125