24 0.4480968859375 0.8771626296875 0.8131487890625 0.8771626296875 0.8131487890625 0.7733564015625001 0.4480968859375 0.7733564015625001 0.4480968859375 0.8771626296875
24 0.4705882359375 0.8166089968750001 0.8183391 0.8166089968750001 0.8183391 0.7249134953125 0.4705882359375 0.7249134953125 0.4705882359375 0.8166089968750001
24 0.4948096890625 0.7673010375 0.8702422140625 0.7673010375 0.8702422140625 0.6608996546875 0.4948096890625 0.6608996546875 0.4948096890625 0.7673010375
24 0.5847750859375 0.69636678125 0.8460207609375001 0.69636678125 0.8460207609375001 0.612456746875 0.5847750859375 0.612456746875 0.5847750859375 0.69636678125
24 0.08823529375 0.8243944640624999 0.45155709374999997 0.8243944640624999 0.45155709374999997 0.723183390625 0.08823529375 0.723183390625 0.08823529375 0.8243944640624999
24 0.09342560625 0.7673010375 0.475778546875 0.7673010375 0.475778546875 0.6608996546875 0.09342560625 0.6608996546875 0.09342560625 0.7673010375
24 0.112456746875 0 0.112456746875 0.0916955015625 0.4039792390625 0.0916955015625 0.4039792390625 0 0.112456746875 0
24 0.1228373703125 0.1453287203125 0.37716262968750003 0.1453287203125 0.37716262968750003 0.064013840625 0.1228373703125 0.064013840625 0.1228373703125 0.1453287203125
24 0.3131487890625 0.4238754328125 0.6323529406249999 0.4238754328125 0.6323529406249999 0.3373702421875 0.3131487890625 0.3373702421875 0.3131487890625 0.4238754328125
24 0.333910034375 0.38408304531250004 0.6427335640625 0.38408304531250004 0.6427335640625 0.307958478125 0.333910034375 0.307958478125 0.333910034375 0.38408304531250004
24 0.3546712796875 0.3460207609375 0.6539792390625 0.3460207609375 0.6539792390625 0.271626296875 0.3546712796875 0.271626296875 0.3546712796875 0.3460207609375
24 0.6418685125 0.38321799375 0.9489619375 0.38321799375 0.9489619375 0.3044982703125 0.6418685125 0.3044982703125 0.6418685125 0.38321799375
24 0.6297577859375 0.424740484375 0.9368512109375 0.424740484375 0.9368512109375 0.3460207609375 0.6297577859375 0.3460207609375 0.6297577859375 0.424740484375
24 0.6159169546875 0.46799307968750004 0.9256055359375001 0.46799307968750004 0.9256055359375001 0.3858131484375 0.6159169546875 0.3858131484375 0.6159169546875 0.46799307968750004
24 0.5916955015625 0.5147058828125 0.907439446875 0.5147058828125 0.907439446875 0.43079584843749996 0.5916955015625 0.43079584843749996 0.5916955015625 0.5147058828125
24 0.5830449828125001 0.5544982703125 0.9195501734375 0.5544982703125 0.9195501734375 0.47750865 0.5830449828125001 0.47750865 0.5830449828125001 0.5544982703125
24 0.0190311421875 0.3711072671875 0.342560553125 0.3711072671875 0.342560553125 0.271626296875 0.0190311421875 0.271626296875 0.0190311421875 0.3711072671875