24 0.759375 1 0.759375 0.659966215625 0.6649704390625 0.659966215625 0.6649704390625 1 0.759375 1
24 0.7625 0.971875 0.7625 0.607918075 0.6789695953125 0.607918075 0.6789695953125 0.971875 0.7625 0.971875
24 0.8015625 0.5328125 0.7034417234375 0.5328125 0.7034417234375 0.926351353125 0.8015625 0.926351353125 0.8015625 0.5328125
24 0.81875 0.8 0.81875 0.5284206078125 0.7401393578125 0.5284206078125 0.7401393578125 0.8 0.81875 0.8
24 0.51389358125 0.8546875 0.51389358125 0.7641258453125 0.13298141875 0.7641258453125 0.13298141875 0.8546875 0.51389358125 0.8546875
24 0.5338048984375 0.6978040531249999 0.133467059375 0.6978040531249999 0.133467059375 0.796621621875 0.5338048984375 0.796621621875 0.5338048984375 0.6978040531249999
24 0.185008446875 0 0.185008446875 0.1828125 0.26862331093749997 0.1828125 0.26862331250000004 0 0.185008446875 0
24 0.17666807499999998 0 0.17666807499999998 0.234375 0.253125 0.234375 0.253125 0 0.17666807499999998 0
24 0.65625 0.4265625 0.65625 0.34736064375 0.32126266718749996 0.34736064375 0.32126266718749996 0.4265625 0.65625 0.4265625
24 0.534375 0.5109375 0.534375 0.185747465625 0.466596284375 0.185747465625 0.466596284375 0.5109375 0.534375 0.5109375
24 0.6703125 0.34375 0.6703125 0.277153715625 0.3549197625 0.277153715625 0.3549197625 0.34375 0.6703125 0.34375
24 0.8609375 0.4953125 0.8609375 0.173331925 0.7902027031250001 0.173331925 0.7902027031250001 0.4953125 0.8609375 0.4953125
24 0.978125 0.3422297296875 0.6546875 0.3422297296875 0.6546875 0.41402027031250005 0.978125 0.41402027031250005 0.978125 0.3422297296875
24 0.971875 0.4609375 0.971875 0.387415540625 0.64714949375 0.387415540625 0.64714949375 0.4609375 0.971875 0.4609375
24 0.8296875 0.6375 0.8296875 0.3069679046875 0.7536951015625 0.3069679046875 0.7536951015625 0.6375 0.8296875 0.6375
24 0.9765625 0.55 0.9765625 0.48125 0.623416384375 0.48125 0.623416384375 0.55 0.9765625 0.55
24 0.221875 0.171875 0.128589528125 0.171875 0.128589528125 0.49995777031250005 0.221875 0.49995777031250005 0.221875 0.171875