24 0.68125 1 0.68125 0.6425794765624999 0.5789792390625 0.6425794765624999 0.5789792390625 1 0.68125 1
24 0.8171875 0.815625 0.8171875 0.7252460000000001 0.4706558171875 0.7252460000000001 0.4706558171875 0.815625 0.8171875 0.815625
24 0.49452314062499997 0.6609375 0.49452314062499997 0.7671875 0.86875 0.7671875 0.86875 0.6609375 0.49452314062499997 0.6609375
24 0.584375 0.6953125 0.8453125 0.6953125 0.8453125 0.6127324828125 0.584375 0.6127324828125 0.584375 0.6953125
24 0.45119214999999996 0.8234375 0.45119214999999996 0.7236132140625 0.08787035 0.7236132140625 0.08787035 0.8234375 0.45119214999999996 0.8234375
24 0.09375 0.7671875 0.475 0.7671875 0.475 0.6609375 0.09375 0.6609375 0.09375 0.7671875
24 0.21212424375 0 0.21212424375 0.190625 0.303125 0.190625 0.303125 0 0.21212424375 0
24 0.209375 0 0.209375 0.2296875 0.290625 0.2296875 0.290625 0 0.209375 0
24 0.31305417343749997 0.3375 0.31305417343749997 0.4234375 0.6322583265625 0.4234375 0.6322583265625 0.3375 0.31305417343749997 0.3375
24 0.334375 0.3828125 0.6421875 0.3828125 0.6421875 0.3078854890625 0.334375 0.3078854890625 0.334375 0.3828125
24 0.653125 0.3453125 0.653125 0.271875 0.3550335203125 0.271875 0.3550335203125 0.3453125 0.653125 0.3453125
24 0.75625 0.496875 0.834375 0.496875 0.834375 0.190625 0.75625 0.190625 0.75625 0.496875
24 0.821875 0.5390625 0.821875 0.2321231609375 0.744169009375 0.2321231609375 0.744169009375 0.5390625 0.821875 0.5390625
24 0.8109375 0.58125 0.8109375 0.27250756875 0.730111915625 0.27250756875 0.730111915625 0.58125 0.8109375 0.58125
24 0.7078125 0.6296875 0.790625 0.6296875 0.790625 0.3144463671875 0.7078125 0.3144463671875 0.7078125 0.6296875
24 0.7125 0.684375 0.7890625 0.684375 0.7890625 0.34801578593750004 0.7125 0.34801578593750004 0.7125 0.684375
24 0.01875 0.3703125 0.3421875 0.3703125 0.3421875 0.2721345140625 0.01875 0.2721345140625 0.01875 0.3703125