24 0.5890625 0.3046875 0.6729327765625001 0.3046875 0.6729327765625001 0.07712628906249999 0.5890625 0.07712628906249999 0.5890625 0.3046875
24 0.7546875 0.271875 0.7546875 0.19977716875 0.5328474015625 0.19977716875 0.5328474015625 0.271875 0.7546875 0.271875
24 0.4953125 0.35625 0.4953125 0.174036190625 0.432047359375 0.174036190625 0.432047359375 0.35625 0.4953125 0.35625
24 0.26875 0.309375 0.26875 0.2616650546875 0.1411028765625 0.2616650546875 0.1411028765625 0.309375 0.26875 0.309375
24 0.3828125 0.2875 0.3828125 0.2349226796875 0.2525558421875 0.2349226796875 0.2525558421875 0.2875 0.3828125 0.2875
24 0.3953125 0.3203125 0.3953125 0.267402278125 0.256263421875 0.267402278125 0.256263421875 0.3203125 0.3953125 0.3203125
24 0.2375 0.3765625 0.2375 0.252588059375 0.1923432140625 0.252588059375 0.1923432140625 0.3765625 0.2375 0.3765625
24 0.471875 0.403125 0.471875 0.35 0.3110019328125 0.35 0.3110019328125 0.403125 0.471875 0.403125
24 0.4171875 0.4828125 0.4171875 0.3390625 0.3649753 0.3390625 0.3649753 0.4828125 0.4171875 0.4828125
24 0.3265625 0.4125 0.3265625 0.36652169218749997 0.194311103125 0.36652169218749997 0.194311103125 0.4125 0.3265625 0.4125
24 0.3375 0.440625 0.3375 0.3966199546875 0.2098099234375 0.3966199546875 0.2098099234375 0.440625 0.3375 0.440625
24 0.3546875 0.4296875 0.3546875 0.273845575 0.303584084375 0.273845575 0.303584084375 0.4296875 0.3546875 0.4296875
24 0.6109375 0.33337628750000003 0.44703876718749996 0.33337628750000003 0.44703876718749996 0.39179553125 0.6109375 0.39179553125 0.6109375 0.33337628750000003
24 0.565625 0.4859375 0.565625 0.30885953593750004 0.5026873937499999 0.30885953593750004 0.5026873921874999 0.4859375 0.565625 0.4859375
24 0.796875 0.38125 0.796875 0.3109375 0.5844474875000001 0.3109375 0.5844474875000001 0.38125 0.796875 0.38125
24 0.74375 0.4921875 0.74375 0.2796875 0.6724817437499999 0.2796875 0.6724817437499999 0.4921875 0.74375 0.4921875
24 0.721875 0.3859375 0.721875 0.2152276640625 0.665791453125 0.2152276640625 0.6657914515625001 0.3859375 0.721875 0.3859375
24 0.7645887015625 0.259375 0.7645887015625 0.30625 0.882286296875 0.30625 0.882286296875 0.259375 0.7645887015625 0.259375
24 0.66875 0.49375 0.66875 0.42450332812499997 0.4742885515625 0.42450332812499997 0.4742885515625 0.49375 0.66875 0.49375
24 0.4625 0.5296875 0.4625 0.403125 0.406698346875 0.403125 0.406698346875 0.5296875 0.4625 0.5296875
24 0.334375 0.5421875 0.334375 0.3984375 0.28216817031249997 0.3984375 0.28216817031249997 0.5421875 0.334375 0.5421875
24 0.3765625 0.528125 0.3765625 0.4753973359375 0.24260094375 0.4753973359375 0.24260094375 0.528125 0.3765625 0.528125
24 0.4046875 0.5640625 0.457785653125 0.5640625 0.457785653125 0.43043385 0.4046875 0.43043385 0.4046875 0.5640625
24 0.7781840640625 0.56875 0.7781840640625 0.6296875 0.9061909359375001 0.6296875 0.9061909359375001 0.56875 0.7781840640625 0.56875
24 0.784375 0.6515625 0.784375 0.524951675 0.723590528125 0.524951675 0.723590528125 0.6515625 0.784375 0.6515625
24 0.9640625 0.6390625 0.9640625 0.5128678046874999 0.905092890625 0.5128678046874999 0.905092890625 0.6390625 0.9640625 0.6390625
24 0.7421875 0.6125 0.7421875 0.5308660859375001 0.604913015625 0.5308660859375001 0.604913015625 0.6125 0.7421875 0.6125
24 0.65 0.5941178046875 0.5569480234374999 0.5941178046875 0.5569480234374999 0.73587038125 0.65 0.73587038125 0.65 0.5941178046875
24 0.71875 0.7625 0.8015625 0.7625 0.8015625 0.6214105453125 0.71875 0.6214105453125 0.71875 0.7625
24 0.7716494828125 0.721875 0.7716494828125 0.6395484312499999 0.6290378 0.6395484312499999 0.6290378 0.721875 0.7716494828125 0.721875
24 0.96708548125 0.7546875 0.96708548125 0.6703259234375001 0.81416451875 0.6703259234375001 0.81416451875 0.7546875 0.96708548125 0.7546875
24 0.49375 0.715625 0.49375 0.5890625 0.412653028125 0.5890625 0.412653028125 0.715625 0.49375 0.715625
24 0.66875 0.934375 0.66875 0.79525880625 0.58512671875 0.79525880625 0.58512671875 0.934375 0.66875 0.934375
24 0.78125 0.9671875 0.78125 0.8200896671875 0.681851375 0.8200896671875 0.681851375 0.9671875 0.78125 0.9671875
24 0.984375 0.9875 0.984375 0.887827534375 0.8383591046875001 0.887827534375 0.8383591046875001 0.9875 0.984375 0.9875
24 0.4453125 0.853125 0.4453125 0.7786055625 0.3715743125 0.7786055625 0.3715743125 0.853125 0.4453125 0.853125
24 0.4859375 0.853125 0.4859375 0.7783666234375 0.41090796718749995 0.7783666234375 0.41090796718749995 0.853125 0.4859375 0.853125
24 0.59375 0.578125 0.59375 0.41688144375 0.5302647125 0.41688144375 0.5302647125 0.578125 0.59375 0.578125
24 0.846875 0.49375 0.846875 0.41566526875000004 0.616414303125 0.41566526875000004 0.616414303125 0.49375 0.846875 0.49375
24 0.7765625 0.383236684375 0.70380423125 0.383236684375 0.70380423125 0.610899915625 0.7765625 0.610899915625 0.7765625 0.383236684375