24 0.7111111109375 0.7706349203125 0.915873015625 0.7706349203125 0.915873015625 0.6952380953125 0.7111111109375 0.6952380953125 0.7111111109375 0.7706349203125
24 0.690476190625 0.727777778125 0.890476190625 0.727777778125 0.890476190625 0.6619047625000001 0.690476190625 0.6619047625000001 0.690476190625 0.727777778125
24 0.5428571421874999 0.7396825390624999 0.70634920625 0.7396825390624999 0.70634920625 0.6825396828125 0.5428571421874999 0.6825396828125 0.5428571421874999 0.7396825390624999
24 0.347619046875 0.78174603125 0.4626984125 0.78174603125 0.4626984125 0.7380952375 0.347619046875 0.7380952375 0.347619046875 0.78174603125
24 0.4539682546875 0.7761904765625001 0.5722222218749999 0.7761904765625001 0.5722222218749999 0.728571428125 0.4539682546875 0.728571428125 0.4539682546875 0.7761904765625001
24 0.43174603125 0.7460317453124999 0.55634920625 0.7460317453124999 0.55634920625 0.6984126984375 0.43174603125 0.6984126984375 0.43174603125 0.7460317453124999
24 0.3365079359375 0.7539682546875001 0.447619046875 0.7539682546875001 0.447619046875 0.7126984125 0.3365079359375 0.7126984125 0.3365079359375 0.7539682546875001
24 0.41111111093749997 0.6666666671875 0.55634920625 0.6666666671875 0.55634920625 0.61904761875 0.41111111093749997 0.61904761875 0.41111111093749997 0.6666666671875
24 0.3952380953125 0.6396825390624999 0.524603175 0.6396825390624999 0.524603175 0.5920634921875 0.3952380953125 0.5920634921875 0.3952380953125 0.6396825390624999
24 0.31269841249999997 0.6857142859375001 0.43015872968749996 0.6857142859375001 0.43015872968749996 0.6428571421875 0.31269841249999997 0.6428571421875 0.31269841249999997 0.6857142859375001
24 0.3015873015625 0.6579365078125 0.4166666671875 0.6579365078125 0.4166666671875 0.6174603171874999 0.3015873015625 0.6174603171874999 0.3015873015625 0.6579365078125
24 0.38412698437500004 0.7 0.524603175 0.7 0.524603175 0.6539682546875001 0.38412698437500004 0.6539682546875001 0.38412698437500004 0.7
24 0.53174603125 0.6492063484374999 0.6793650796875 0.6492063484374999 0.6793650796875 0.596825396875 0.53174603125 0.596825396875 0.53174603125 0.6492063484374999
24 0.5015873015625 0.6206349203125 0.6619047625000001 0.6206349203125 0.6619047625000001 0.5634920640625001 0.5015873015625 0.5634920640625001 0.5015873015625 0.6206349203125
24 0.6492063484374999 0.6269841265625 0.8396825390625 0.6269841265625 0.8396825390625 0.565079365625 0.6492063484374999 0.565079365625 0.6492063484374999 0.6269841265625
24 0.63174603125 0.59365079375 0.8222222218749999 0.59365079375 0.8222222218749999 0.528571428125 0.63174603125 0.528571428125 0.63174603125 0.59365079375
24 0.703174603125 0.6579365078125 0.8571428578125 0.6579365078125 0.8571428578125 0.60634920625 0.703174603125 0.60634920625 0.703174603125 0.6579365078125
24 0.8428571421875001 0.634920634375 0.947619046875 0.634920634375 0.947619046875 0.5920634921875 0.8428571421875001 0.5920634921875 0.8428571421875001 0.634920634375
24 0.477777778125 0.5666666671875 0.6539682546875001 0.5666666671875 0.6539682546875001 0.5015873015625 0.477777778125 0.5015873015625 0.477777778125 0.5666666671875
24 0.3952380953125 0.5880952374999999 0.508730159375 0.5880952374999999 0.508730159375 0.5365079359375 0.3952380953125 0.5365079359375 0.3952380953125 0.5880952374999999
24 0.28571428593750003 0.6142857140625 0.4142857140625 0.6142857140625 0.4142857140625 0.565079365625 0.28571428593750003 0.565079365625 0.28571428593750003 0.6142857140625
24 0.2666666671875 0.5873015875 0.3873015875 0.5873015875 0.3873015875 0.5396825390625 0.2666666671875 0.5396825390625 0.2666666671875 0.5873015875
24 0.365079365625 0.5619047625 0.4857142859375 0.5619047625 0.4857142859375 0.5142857140625 0.365079365625 0.5142857140625 0.365079365625 0.5619047625
24 0.6174603171874999 0.3888888890625 0.7309523812500001 0.3888888890625 0.7309523812500001 0.334920634375 0.6174603171874999 0.334920634375 0.6174603171874999 0.3888888890625
24 0.5571428578125001 0.415873015625 0.6706349203124999 0.415873015625 0.6706349203124999 0.3619047625 0.5571428578125001 0.3619047625 0.5571428578125001 0.415873015625
24 0.7079365078125 0.38412698437500004 0.8214285718750001 0.38412698437500004 0.8214285718750001 0.33015872968750004 0.7079365078125 0.33015872968750004 0.7079365078125 0.38412698437500004
24 0.5 0.46031746093750003 0.6230158734375 0.46031746093750003 0.6230158734375 0.3857142859375 0.5 0.3857142859375 0.5 0.46031746093750003
24 0.3730158734375 0.4079365078125 0.5 0.4079365078125 0.5 0.32380952343749997 0.3730158734375 0.32380952343749997 0.3730158734375 0.4079365078125
24 0.4761904765625 0.34444444375 0.6047619046875 0.34444444375 0.6047619046875 0.2698412703125 0.4761904765625 0.2698412703125 0.4761904765625 0.34444444375
24 0.43809523749999996 0.36825396875 0.5666666671875 0.36825396875 0.5666666671875 0.29365079375 0.43809523749999996 0.29365079375 0.43809523749999996 0.36825396875
24 0.558730159375 0.297619046875 0.696825396875 0.297619046875 0.696825396875 0.22063492031249998 0.558730159375 0.22063492031249998 0.558730159375 0.297619046875
24 0.2698412703125 0.447619046875 0.38333333281250004 0.447619046875 0.38333333281250004 0.374603175 0.2698412703125 0.374603175 0.2698412703125 0.447619046875
24 0.24444444375000002 0.240476190625 0.36984127031249997 0.240476190625 0.36984127031249997 0.165079365625 0.24444444375000002 0.165079365625 0.24444444375000002 0.240476190625
24 0.3 0.1984126984375 0.43174603125 0.1984126984375 0.43174603125 0.1079365078125 0.3 0.1079365078125 0.3 0.1984126984375
24 0.409523809375 0.12222222187500001 0.5412698406249999 0.12222222187500001 0.5412698406249999 0.03174603125 0.409523809375 0.03174603125 0.409523809375 0.12222222187500001
24 0.1365079359375 0.324603175 0.2039682546875 0.324603175 0.2039682546875 0.2571428578125 0.1365079359375 0.2571428578125 0.1365079359375 0.324603175
24 0.16825396875 0.31825396875 0.23571428593750002 0.31825396875 0.23571428593750002 0.2507936515625 0.16825396875 0.2507936515625 0.16825396875 0.31825396875
24 0.4571428578125 0.5365079359375 0.6023809531250001 0.5365079359375 0.6023809531250001 0.477777778125 0.4571428578125 0.477777778125 0.4571428578125 0.5365079359375
24 0.5920634921875 0.5341269843750001 0.7984126984375 0.5341269843750001 0.7984126984375 0.46349206406250004 0.5920634921875 0.46349206406250004 0.5920634921875 0.5341269843750001
24 0.56825396875 0.49920634843749995 0.772222221875 0.49920634843749995 0.772222221875 0.43174603125 0.56825396875 0.43174603125 0.56825396875 0.49920634843749995