24 0.6734375 0.3046875 0.6734375 0.0775128875 0.5899538234375 0.0775128875 0.5899538234375 0.3046875 0.6734375 0.3046875
24 0.7546875 0.271875 0.7546875 0.198848259375 0.5324446953125 0.198848259375 0.5324446953125 0.271875 0.7546875 0.271875
24 0.5546875 0.296875 0.5546875 0.23418975625 0.3729193515625 0.23418975625 0.3729193515625 0.296875 0.5546875 0.296875
24 0.1406840640625 0.2609375 0.1406840640625 0.309375 0.2686909359375 0.309375 0.2686909359375 0.2609375 0.1406840640625 0.2609375
24 0.34375 0.3265625 0.34375 0.195897765625 0.2916237109375 0.195897765625 0.2916237109375 0.3265625 0.34375 0.3265625
24 0.3515625 0.3640625 0.3515625 0.225 0.2987596640625 0.225 0.2987596640625 0.3640625 0.3515625 0.3640625
24 0.2765625 0.3375 0.2765625 0.292429125 0.1533397765625 0.292429125 0.1533397765625 0.3375 0.2765625 0.3375
24 0.4171875 0.4578125 0.4171875 0.29596756874999997 0.36613509375 0.29596756874999997 0.36613509375 0.4578125 0.4171875 0.4578125
24 0.4171875 0.4828125 0.4171875 0.3390625 0.36612435468750004 0.3390625 0.36612435468750004 0.4828125 0.4171875 0.4828125
24 0.2828125 0.4546875 0.2828125 0.32330057968750003 0.23722615937499997 0.32330057968750003 0.23722615937499997 0.4546875 0.2828125 0.4546875
24 0.2953125 0.4828125 0.2953125 0.355052621875 0.251001396875 0.355052621875 0.251001396875 0.4828125 0.2953125 0.4828125
24 0.3546875 0.4296875 0.3546875 0.2734375 0.30380423125 0.2734375 0.30380423125 0.4296875 0.3546875 0.4296875
24 0.5578125 0.44375 0.5578125 0.27976535625 0.5000429546875 0.27976535625 0.5000429546875 0.44375 0.5578125 0.44375
24 0.621875 0.4296875 0.621875 0.365625 0.44502792187500007 0.365625 0.44502792187500007 0.4296875 0.621875 0.4296875
24 0.725 0.2390625 0.6558016546875 0.2390625 0.6558016546875 0.452923646875 0.725 0.452923646875 0.725 0.2390625
24 0.6015625 0.421875 0.8140625 0.421875 0.8140625 0.3507463484375 0.6015625 0.3507463484375 0.6015625 0.421875
24 0.779660653125 0.328125 0.779660653125 0.273211984375 0.607839346875 0.273211984375 0.607839346875 0.328125 0.779660653125 0.328125
24 0.8823185140625001 0.30625 0.8823185140625001 0.2597132734375 0.76462091875 0.2597132734375 0.76462091875 0.30625 0.8823185140625001 0.30625
24 0.60625 0.55625 0.60625 0.3616221 0.5370462859375 0.3616221 0.5370462859375 0.55625 0.60625 0.55625
24 0.496875 0.43805573437499995 0.3711528140625 0.43805573437499995 0.3711528140625 0.49475676562500004 0.496875 0.49475676562500004 0.496875 0.43805573437499995
24 0.334375 0.5421875 0.334375 0.3984375 0.28226481875 0.3984375 0.28226481875 0.5421875 0.334375 0.5421875
24 0.3359375 0.56875 0.3359375 0.435470359375 0.28362328125 0.4354703609375 0.28362328125 0.56875 0.3359375 0.56875
24 0.4984375 0.5234375 0.4984375 0.471338059375 0.3647122 0.471338059375 0.3647122 0.5234375 0.4984375 0.5234375
24 0.7781840640625 0.56875 0.7781840640625 0.6296875 0.9061909359375001 0.6296875 0.9061909359375001 0.56875 0.7781840640625 0.56875
24 0.6906840640625 0.5578125 0.6906840640625 0.61875 0.8186909359375001 0.61875 0.8186909359375001 0.5578125 0.6906840640625 0.5578125
24 0.996875 0.60625 0.996875 0.5468454687500001 0.8711528140624999 0.5468454687500001 0.8711528140624999 0.60625 0.996875 0.60625
24 0.7140625 0.640625 0.7140625 0.5037639609375 0.631811103125 0.5037639609375 0.631811103125 0.640625 0.7140625 0.640625
24 0.6734375 0.7109375 0.6734375 0.6183097078124999 0.532262134375 0.6183097078124999 0.532262134375 0.7109375 0.6734375 0.7109375
24 0.71875 0.7625 0.8015625 0.7625 0.8015625 0.6214105453125 0.71875 0.6214105453125 0.71875 0.7625
24 0.6286941578125 0.6390625 0.6286941578125 0.721875 0.7713058421875 0.721875 0.7713058421875 0.6390625 0.6286941578125 0.6390625
24 0.96708548125 0.7546875 0.96708548125 0.6703259234375001 0.81416451875 0.6703259234375001 0.81416451875 0.7546875 0.96708548125 0.7546875
24 0.515625 0.6118315062499999 0.3897363625 0.6118315062499999 0.3897363625 0.6934466265625 0.515625 0.6934466265625 0.515625 0.6118315062499999
24 0.6965796828124999 0.90625 0.6965796828124999 0.8235287796874999 0.55654531875 0.8235287796874999 0.55654531875 0.90625 0.6965796828124999 0.90625
24 0.8046875 0.94375 0.8046875 0.8437929531249999 0.6580031140625 0.8437929531249999 0.6580031140625 0.94375 0.8046875 0.94375
24 0.984375 0.9875 0.984375 0.887827534375 0.8383591046875001 0.887827534375 0.8383591046875001 0.9875 0.984375 0.9875
24 0.4453125 0.853125 0.4453125 0.7786055625 0.3715743125 0.7786055625 0.3715743125 0.853125 0.4453125 0.853125
24 0.4859375 0.853125 0.4859375 0.7783344078125001 0.41039787343749995 0.7783344078125001 0.41039787343749995 0.853125 0.4859375 0.853125
24 0.6421875 0.5296875 0.6421875 0.465625 0.4813144328125 0.465625 0.4813144328125 0.5296875 0.6421875 0.5296875
24 0.846875 0.49375 0.846875 0.41566526875000004 0.616414303125 0.41566526875000004 0.616414303125 0.49375 0.846875 0.49375
24 0.7765625 0.6109375 0.7765625 0.383945446875 0.7042713703125 0.383945446875 0.7042713703125 0.6109375 0.7765625 0.6109375