24 0.903125 0.6859375 0.7015625 0.6859375 0.7015625 0.76015625 0.903125 0.76015625 0.903125 0.6859375
24 0.878125 0.653125 0.68125 0.653125 0.68125 0.71796875 0.878125 0.71796875 0.878125 0.653125
24 0.696875 0.6734375 0.5359375 0.6734375 0.5359375 0.7296875 0.696875 0.7296875 0.696875 0.6734375
24 0.45703125 0.728125 0.34375 0.728125 0.34375 0.77109375 0.45703125 0.77109375 0.45703125 0.728125
24 0.56484375 0.71875 0.4484375 0.71875 0.4484375 0.765625 0.56484375 0.765625 0.56484375 0.71875
24 0.54921875 0.6890625 0.4265625 0.6890625 0.4265625 0.7359375 0.54921875 0.7359375 0.54921875 0.6890625
24 0.4421875 0.703125 0.3328125 0.703125 0.3328125 0.74375 0.4421875 0.74375 0.4421875 0.703125
24 0.54921875 0.6109375 0.40625 0.6109375 0.40625 0.6578125 0.54921875 0.6578125 0.54921875 0.6109375
24 0.51796875 0.584375 0.390625 0.584375 0.390625 0.63125 0.51796875 0.63125 0.51796875 0.584375
24 0.425 0.634375 0.309375 0.634375 0.309375 0.6765625 0.425 0.6765625 0.425 0.634375
24 0.41171875 0.609375 0.2984375 0.609375 0.2984375 0.64921875 0.41171875 0.64921875 0.41171875 0.609375
24 0.51796875 0.6453125 0.3796875 0.6453125 0.3796875 0.690625 0.51796875 0.690625 0.51796875 0.6453125
24 0.6703125 0.5890625 0.525 0.5890625 0.525 0.640625 0.6703125 0.640625 0.6703125 0.5890625
24 0.653125 0.55625 0.4953125 0.55625 0.4953125 0.6125 0.653125 0.6125 0.653125 0.55625
24 0.828125 0.5578125 0.640625 0.5578125 0.640625 0.61875 0.828125 0.61875 0.828125 0.5578125
24 0.8109375 0.521875 0.6234375 0.521875 0.6234375 0.5859375 0.8109375 0.5859375 0.8109375 0.521875
24 0.8453125 0.5984375 0.69375 0.5984375 0.69375 0.64921875 0.8453125 0.64921875 0.8453125 0.5984375
24 0.934375 0.584375 0.83125 0.584375 0.83125 0.6265625 0.934375 0.6265625 0.934375 0.584375
24 0.6453125 0.4953125 0.471875 0.4953125 0.471875 0.559375 0.6453125 0.559375 0.6453125 0.4953125
24 0.50234375 0.5296875 0.390625 0.5296875 0.390625 0.58046875 0.50234375 0.58046875 0.50234375 0.5296875
24 0.409375 0.5578125 0.2828125 0.5578125 0.2828125 0.60625 0.409375 0.60625 0.409375 0.5578125
24 0.3828125 0.5328125 0.2640625 0.5328125 0.2640625 0.5796875 0.3828125 0.5796875 0.3828125 0.5328125
24 0.4796875 0.5078125 0.3609375 0.5078125 0.3609375 0.5546875 0.4796875 0.5546875 0.4796875 0.5078125
24 0.72109375 0.33125 0.609375 0.33125 0.609375 0.384375 0.72109375 0.384375 0.72109375 0.33125
24 0.66171875 0.3578125 0.55 0.3578125 0.55 0.4109375 0.66171875 0.4109375 0.66171875 0.3578125
24 0.81015625 0.3265625 0.6984375 0.3265625 0.6984375 0.3796875 0.81015625 0.3796875 0.81015625 0.3265625
24 0.61484375 0.38125 0.49375 0.38125 0.49375 0.4546875 0.61484375 0.4546875 0.61484375 0.38125
24 0.49375 0.3203125 0.36875 0.3203125 0.36875 0.403125 0.49375 0.403125 0.49375 0.3203125
24 0.596875 0.2671875 0.4703125 0.2671875 0.4703125 0.340625 0.596875 0.340625 0.596875 0.2671875
24 0.559375 0.290625 0.4328125 0.290625 0.4328125 0.3640625 0.559375 0.3640625 0.559375 0.290625
24 0.6875 0.21875 0.5515625 0.21875 0.5515625 0.29453125 0.6875 0.29453125 0.6875 0.21875
24 0.37890625 0.3703125 0.2671875 0.3703125 0.2671875 0.4421875 0.37890625 0.4421875 0.37890625 0.3703125
24 0.365625 0.1640625 0.2421875 0.1640625 0.2421875 0.23828125 0.365625 0.23828125 0.365625 0.1640625
24 0.4265625 0.1078125 0.296875 0.1078125 0.296875 0.196875 0.4265625 0.196875 0.4265625 0.1078125
24 0.534375 0.0328125 0.4046875 0.0328125 0.4046875 0.121875 0.534375 0.121875 0.534375 0.0328125
24 0.20234375 0.2546875 0.1359375 0.2546875 0.1359375 0.32109375 0.20234375 0.32109375 0.20234375 0.2546875
24 0.23359375 0.2484375 0.1671875 0.2484375 0.1671875 0.31484375 0.23359375 0.31484375 0.23359375 0.2484375
24 0.59453125 0.471875 0.4515625 0.471875 0.4515625 0.5296875 0.59453125 0.5296875 0.59453125 0.471875
24 0.7875 0.4578125 0.584375 0.4578125 0.584375 0.52734375 0.7875 0.52734375 0.7875 0.4578125
24 0.76171875 0.4265625 0.5609375 0.4265625 0.5609375 0.49296875 0.76171875 0.49296875 0.76171875 0.4265625