24 0.85 0.834375 0.85 0.6303447421875 0.775917659375 0.6303447421875 0.775917659375 0.834375 0.85 0.834375
24 0.8890625 0.7265625 0.8890625 0.6623759921875 0.690625 0.6623759921875 0.690625 0.7265625 0.8890625 0.7265625
24 0.6515625 0.7921875 0.6515625 0.6289806546875 0.59620535625 0.6289806546875 0.59620535625 0.7921875 0.6515625 0.7921875
24 0.3471478171875 0.781200396875 0.4622271828125 0.781200396875 0.4622271828125 0.737549603125 0.3471478171875 0.737549603125 0.3471478171875 0.781200396875
24 0.5359375 0.8109375 0.5359375 0.69375 0.48932291718750004 0.69375 0.48932291718750004 0.8109375 0.5359375 0.8109375
24 0.5171875 0.659623015625 0.47058531718749996 0.659623015625 0.47058531718749996 0.784226190625 0.5171875 0.784226190625 0.5171875 0.659623015625
24 0.4125 0.7875 0.4125 0.67843501875 0.3716889859375 0.6784350203125 0.3716889859375 0.7875 0.4125 0.7875
24 0.507428075 0.7140625 0.507428075 0.5701016859375 0.4598090265625 0.5701016859375 0.4598090265625 0.7140625 0.507428075 0.7140625
24 0.4359375 0.6796875 0.4828125 0.6796875 0.4828125 0.5509548609375 0.4359375 0.5509548609375 0.4359375 0.6796875
24 0.3921875 0.721875 0.3921875 0.605220734375 0.3502232125 0.605220734375 0.3502232125 0.721875 0.3921875 0.721875
24 0.415625 0.6578125 0.415625 0.6176587296875 0.30133928593750003 0.6176587296875 0.30133928593750003 0.6578125 0.415625 0.6578125
24 0.5234375 0.6984375 0.5234375 0.6543278765625 0.3844494046875 0.6543278765625 0.3844494046875 0.6984375 0.5234375 0.6984375
24 0.5796875 0.696875 0.63125 0.696875 0.63125 0.549293153125 0.5796875 0.549293153125 0.5796875 0.696875
24 0.553125 0.671875 0.609375 0.671875 0.609375 0.5121899796875 0.553125 0.5121899796875 0.553125 0.671875
24 0.8389880953125 0.625 0.8389880953125 0.56514136875 0.6485119046875 0.56514136875 0.6485119046875 0.625 0.8389880953125 0.625
24 0.821875 0.59375 0.821875 0.5287450390624999 0.6321676578125001 0.5287450390624999 0.6321676578125001 0.59375 0.821875 0.59375
24 0.85625 0.6578125 0.85625 0.60625 0.7034846234375001 0.60625 0.7034846234375001 0.6578125 0.85625 0.6578125
24 0.8421875 0.634375 0.946875 0.634375 0.946875 0.5921875 0.8421875 0.5921875 0.8421875 0.634375
24 0.598164684375 0.621875 0.598164684375 0.4465649796875 0.53308531875 0.4465649796875 0.53308531875 0.621875 0.598164684375 0.621875
24 0.4765625 0.5051959312500001 0.425607640625 0.5051959312500001 0.425607640625 0.6186879953125 0.4765625 0.6186879953125 0.4765625 0.5051959312500001
24 0.3734375 0.653125 0.3734375 0.525396825 0.325235615625 0.525396825 0.325235615625 0.653125 0.3734375 0.653125
24 0.3859375 0.5394717265625 0.26702628906250003 0.5394717265625 0.26702628906250003 0.587090775 0.3859375 0.587090775 0.3859375 0.5394717265625
24 0.4484375 0.596875 0.4484375 0.477393353125 0.40177331250000003 0.4773933546875 0.40177331250000003 0.596875 0.4484375 0.596875
24 0.7296875 0.3347346234375 0.6174727171875001 0.3347346234375 0.6174727171875001 0.38870287812500004 0.7296875 0.38870287812500004 0.7296875 0.3347346234375
24 0.66875 0.4140625 0.66875 0.3617311515625 0.5569692468749999 0.3617311515625 0.5569692468749999 0.4140625 0.66875 0.4140625
24 0.8203125 0.3302703375 0.707775296875 0.3302703375 0.707775296875 0.3842385921875 0.8203125 0.3842385921875 0.8203125 0.3302703375
24 0.621875 0.459375 0.621875 0.385292659375 0.4997891859375 0.385292659375 0.4997891859375 0.459375 0.621875 0.459375
24 0.478125 0.428125 0.478125 0.3021701390625 0.394196428125 0.3021701390625 0.394196428125 0.428125 0.478125 0.428125
24 0.5765625 0.3703125 0.5765625 0.2430059515625 0.5032862109375 0.2430059515625 0.5032862109375 0.3703125 0.5765625 0.3703125
24 0.5390625 0.2666294640625 0.46478174531249994 0.2666294640625 0.46478174531249994 0.39520089375 0.5390625 0.39520089375 0.5390625 0.2666294640625
24 0.665625 0.3265625 0.665625 0.19042658750000002 0.5898189484375 0.19042658750000002 0.5898189484375 0.3265625 0.665625 0.3265625
24 0.2703125 0.446875 0.3828125 0.446875 0.3828125 0.375 0.2703125 0.375 0.2703125 0.446875
24 0.34375 0.13996775781249998 0.26909722343750003 0.13996775781249998 0.26909722187499996 0.265364584375 0.34375 0.265364584375 0.34375 0.13996775781249998
24 0.43125 0.1078869046875 0.3 0.1078869046875 0.3 0.19836309531250002 0.43125 0.19836309531250002 0.43125 0.1078869046875
24 0.5203125 0.1421875 0.5203125 0.0109375 0.43058035625 0.0109375 0.43058035625 0.1421875 0.5203125 0.1421875
24 0.203125 0.25721726093749997 0.13597470312499998 0.25721726093749997 0.13597470312499998 0.32467758125 0.203125 0.32467758125 0.203125 0.25721726093749997
24 0.234375 0.3171875 0.234375 0.2501612109375 0.167894346875 0.2501612109375 0.167894346875 0.3171875 0.234375 0.3171875
24 0.6015625 0.5359375 0.6015625 0.478125 0.4564360140625 0.478125 0.4564360140625 0.5359375 0.6015625 0.5359375
24 0.7296875 0.6015625 0.7296875 0.395709325 0.6595114093750001 0.395709325 0.6595114093750001 0.6015625 0.7296875 0.6015625
24 0.6359375 0.565625 0.703125 0.565625 0.703125 0.3634176578125 0.6359375 0.3634176578125 0.6359375 0.565625