24 0.903125 0.686328125 0.7015625 0.686328125 0.7015625 0.759375 0.903125 0.759375 0.903125 0.686328125
24 0.878125 0.652734375 0.68125 0.652734375 0.68125 0.7171875 0.878125 0.7171875 0.878125 0.652734375
24 0.64375 0.78125 0.64375 0.62109375 0.58828125 0.62109375 0.58828125 0.78125 0.64375 0.78125
24 0.34375 0.7703125 0.45625 0.7703125 0.45625 0.728515625 0.34375 0.728515625 0.34375 0.7703125
24 0.448828125 0.71875 0.448828125 0.765625 0.5640625 0.765625 0.5640625 0.71875 0.448828125 0.71875
24 0.426171875 0.6890625 0.426171875 0.7359375 0.5484375 0.7359375 0.5484375 0.6890625 0.426171875 0.6890625
24 0.3328125 0.703125 0.3328125 0.74375 0.4421875 0.74375 0.4421875 0.703125 0.3328125 0.703125
24 0.405859375 0.6109375 0.405859375 0.6578125 0.5484375 0.6578125 0.5484375 0.6109375 0.405859375 0.6109375
24 0.391015625 0.584375 0.391015625 0.63125 0.5171875 0.63125 0.5171875 0.584375 0.391015625 0.584375
24 0.3875 0.7125 0.3875 0.59765625 0.34609375 0.59765625 0.34609375 0.7125 0.3875 0.7125
24 0.374609375 0.6859375 0.374609375 0.573046875 0.334765625 0.573046875 0.334765625 0.6859375 0.374609375 0.6859375
24 0.4703125 0.59921875 0.426171875 0.59921875 0.426171875 0.7375 0.4703125 0.7375 0.4703125 0.59921875
24 0.571875 0.5421875 0.571875 0.6875 0.6234375 0.6875 0.6234375 0.5421875 0.571875 0.5421875
24 0.6015625 0.6625 0.6015625 0.50546875 0.54609375 0.50546875 0.54609375 0.6625 0.6015625 0.6625
24 0.7640625 0.68125 0.7640625 0.49453125 0.70390625 0.49453125 0.70390625 0.68125 0.7640625 0.68125
24 0.6234375 0.521875 0.6234375 0.5859375 0.8109375 0.5859375 0.8109375 0.521875 0.6234375 0.521875
24 0.7953125 0.548046875 0.74453125 0.548046875 0.74453125 0.6984375 0.7953125 0.6984375 0.7953125 0.548046875
24 0.83125 0.584375 0.83125 0.6265625 0.934375 0.6265625 0.934375 0.584375 0.83125 0.584375
24 0.5265625 0.440625 0.5265625 0.6140625 0.590625 0.6140625 0.590625 0.440625 0.5265625 0.440625
24 0.5015625 0.5796875 0.5015625 0.529296875 0.390234375 0.529296875 0.390234375 0.5796875 0.5015625 0.5796875
24 0.321875 0.51875 0.321875 0.6453125 0.3703125 0.6453125 0.3703125 0.51875 0.321875 0.51875
24 0.2640625 0.5328125 0.2640625 0.5796875 0.3828125 0.5796875 0.3828125 0.5328125 0.2640625 0.5328125
24 0.3609375 0.5078125 0.3609375 0.5546875 0.4796875 0.5546875 0.4796875 0.5078125 0.3609375 0.5078125
24 0.638671875 0.3015625 0.638671875 0.41328125 0.690625 0.41328125 0.690625 0.3015625 0.638671875 0.3015625
24 0.579296875 0.328125 0.579296875 0.43984375 0.63125 0.43984375 0.63125 0.328125 0.579296875 0.328125
24 0.7796875 0.4078125 0.7796875 0.29765625 0.727734375 0.29765625 0.727734375 0.4078125 0.7796875 0.4078125
24 0.494140625 0.38125 0.494140625 0.4546875 0.6140625 0.4546875 0.6140625 0.38125 0.494140625 0.38125
24 0.36875 0.3203125 0.36875 0.403125 0.49375 0.403125 0.49375 0.3203125 0.36875 0.3203125
24 0.4703125 0.2671875 0.4703125 0.340625 0.596875 0.340625 0.596875 0.2671875 0.4703125 0.2671875
24 0.459375 0.2640625 0.459375 0.390625 0.5328125 0.390625 0.5328125 0.2640625 0.459375 0.2640625
24 0.65625 0.3234375 0.65625 0.188671875 0.58203125 0.188671875 0.58203125 0.3234375 0.65625 0.3234375
24 0.3578125 0.4609375 0.3578125 0.35078125 0.287109375 0.35078125 0.287109375 0.4609375 0.3578125 0.4609375
24 0.2421875 0.1640625 0.2421875 0.2375 0.365625 0.2375 0.365625 0.1640625 0.2421875 0.1640625
24 0.296875 0.1078125 0.296875 0.196875 0.4265625 0.196875 0.4265625 0.1078125 0.296875 0.1078125
24 0.4046875 0.0328125 0.4046875 0.121875 0.534375 0.121875 0.534375 0.0328125 0.4046875 0.0328125
24 0.2015625 0.3203125 0.2015625 0.255078125 0.136328125 0.255078125 0.136328125 0.3203125 0.2015625 0.3203125
24 0.2328125 0.3140625 0.2328125 0.248828125 0.166796875 0.248828125 0.166796875 0.3140625 0.2328125 0.3140625
24 0.494140625 0.4296875 0.494140625 0.571875 0.5515625 0.571875 0.5515625 0.4296875 0.494140625 0.4296875
24 0.7203125 0.59375 0.7203125 0.391015625 0.6515625 0.391015625 0.6515625 0.59375 0.7203125 0.59375
24 0.7609375 0.4921875 0.7609375 0.426953125 0.561328125 0.426953125 0.561328125 0.4921875 0.7609375 0.4921875