24 0.85 0.834375 0.85 0.63076636875 0.7756696437499999 0.63076636875 0.7756696437499999 0.834375 0.85 0.834375
24 0.821875 0.79375 0.821875 0.5946924609375001 0.7580109125 0.5946924609375001 0.7580109125 0.79375 0.821875 0.79375
24 0.6515625 0.7921875 0.6515625 0.629749503125 0.595858134375 0.629749503125 0.595858134375 0.7921875 0.6515625 0.7921875
24 0.3471478171875 0.781200396875 0.4622271828125 0.781200396875 0.4622271828125 0.737549603125 0.3471478171875 0.737549603125 0.3471478171875 0.781200396875
24 0.5359375 0.8109375 0.5359375 0.69375 0.4892485125 0.69375 0.4892485125 0.8109375 0.5359375 0.8109375
24 0.55625 0.7453125 0.55625 0.6987599203125 0.43204364999999995 0.6987599203125 0.43204364999999995 0.7453125 0.55625 0.7453125
24 0.446875 0.753125 0.446875 0.7124379953125 0.337165178125 0.7124379953125 0.337165178125 0.753125 0.446875 0.753125
24 0.5076512890625 0.7140625 0.5076512890625 0.570374503125 0.46003224062500003 0.570374503125 0.46003224062500003 0.7140625 0.5076512890625 0.7140625
24 0.5234375 0.6390625 0.5234375 0.5921875 0.3954737109375 0.5921875 0.3954737109375 0.6390625 0.5234375 0.6390625
24 0.4296875 0.64308035625 0.3130332328125 0.64308035625 0.3130332328125 0.6859375 0.4296875 0.6859375 0.4296875 0.64308035625
24 0.378125 0.6953125 0.378125 0.5804067453124999 0.3390873015625 0.5804067453124999 0.3390873015625 0.6953125 0.378125 0.6953125
24 0.5234375 0.6984375 0.5234375 0.6543278765625 0.3844494046875 0.6543278765625 0.3844494046875 0.6984375 0.5234375 0.6984375
24 0.5796875 0.696875 0.63125 0.696875 0.63125 0.549293153125 0.5796875 0.549293153125 0.5796875 0.696875
24 0.6609375 0.61875 0.6609375 0.5633680562500001 0.501302084375 0.5633680562500001 0.501302084375 0.61875 0.6609375 0.61875
24 0.8390625 0.625 0.8390625 0.5650173609375 0.6499007921875 0.5650173609375 0.6499007921875 0.625 0.8390625 0.625
24 0.759375 0.465625 0.6946180546875 0.465625 0.6946180546875 0.6559275796875 0.759375 0.6559275796875 0.759375 0.465625
24 0.8046875 0.5548487109375 0.754253471875 0.5548487109375 0.754253471875 0.7088169640624999 0.8046875 0.7088169640624999 0.8046875 0.5548487109375
24 0.915625 0.665625 0.915625 0.56181795625 0.8735987109375 0.56181795625 0.8735987109375 0.665625 0.915625 0.665625
24 0.5984375 0.44549851250000005 0.5335813500000001 0.44549851250000005 0.5335813500000001 0.6216889890624999 0.5984375 0.6216889890624999 0.5984375 0.44549851250000005
24 0.4765625 0.5051959312500001 0.425607640625 0.5051959312500001 0.425607640625 0.6186879953125 0.4765625 0.6186879953125 0.4765625 0.5051959312500001
24 0.2859375 0.6125 0.4140625 0.6125 0.4140625 0.565240575 0.2859375 0.565240575 0.2859375 0.6125
24 0.35 0.6234375 0.35 0.5035342265625 0.303385415625 0.5035342265625 0.303385415625 0.6234375 0.35 0.6234375
24 0.4484375 0.596875 0.4484375 0.478162203125 0.40140128906249994 0.478162203125 0.40140128906249994 0.596875 0.4484375 0.596875
24 0.7 0.3051463296875 0.6470362093750001 0.3051463296875 0.6470362093750001 0.41863839374999995 0.7 0.41863839374999995 0.7 0.3051463296875
24 0.66875 0.4140625 0.66875 0.3617311515625 0.5569692468749999 0.3617311515625 0.5569692468749999 0.4140625 0.66875 0.4140625
24 0.790625 0.3005580359375 0.7378100203125 0.3005580359375 0.7378100187500001 0.41405010000000003 0.790625 0.41405010000000003 0.790625 0.3005580359375
24 0.621875 0.459375 0.621875 0.3861359125 0.5002108125 0.3861359125 0.5002108125 0.459375 0.621875 0.459375
24 0.4984375 0.4078125 0.4984375 0.3240575390625 0.37280505937499997 0.3240575390625 0.37280505937499997 0.4078125 0.4984375 0.4078125
24 0.5765625 0.3703125 0.5765625 0.2430059515625 0.5032862109375 0.2430059515625 0.5032862109375 0.3703125 0.5765625 0.3703125
24 0.5666294640625 0.3671875 0.5666294640625 0.2939484125 0.438058034375 0.2939484125 0.438058034375 0.3671875 0.5666294640625 0.3671875
24 0.6953125 0.296875 0.6953125 0.2203125 0.5590773812500001 0.2203125 0.5590773812500001 0.296875 0.6953125 0.296875
24 0.2703125 0.446875 0.3828125 0.446875 0.3828125 0.375 0.2703125 0.375 0.2703125 0.446875
24 0.3697296625 0.2390625 0.3697296625 0.1654265875 0.2443328375 0.1654265875 0.2443328375 0.2390625 0.3697296625 0.2390625
24 0.4109375 0.21875 0.4109375 0.0875 0.3206845234375 0.0875 0.3206845234375 0.21875 0.4109375 0.21875
24 0.5203125 0.1421875 0.5203125 0.0109375 0.43058035625 0.0109375 0.43058035625 0.1421875 0.5203125 0.1421875
24 0.203125 0.3234375 0.203125 0.2566096234375 0.13643353125 0.2566096234375 0.13643353125 0.3234375 0.203125 0.3234375
24 0.234375 0.3171875 0.234375 0.25043402812500004 0.168886409375 0.2504340296875 0.168886409375 0.3171875 0.234375 0.3171875
24 0.5578125 0.434375 0.5002852203125 0.434375 0.5002852203125 0.5790550609375 0.5578125 0.5790550609375 0.5578125 0.434375
24 0.7296875 0.6015625 0.7296875 0.395560515625 0.6603298609375 0.395560515625 0.6603298609375 0.6015625 0.7296875 0.6015625
24 0.7703125 0.4984375 0.7703125 0.43125 0.5683283734375 0.43125 0.5683283734375 0.4984375 0.7703125 0.4984375