24 0.8390625 0.8234375 0.8390625 0.622265625 0.765625 0.622265625 0.765625 0.8234375 0.8390625 0.8234375
24 0.878125 0.653515625 0.68125 0.653515625 0.68125 0.7171875 0.878125 0.7171875 0.878125 0.653515625
24 0.64375 0.78125 0.64375 0.62109375 0.58828125 0.62109375 0.58828125 0.78125 0.64375 0.78125
24 0.34375 0.7703125 0.45625 0.7703125 0.45625 0.728515625 0.34375 0.728515625 0.34375 0.7703125
24 0.5296875 0.68359375 0.483203125 0.68359375 0.483203125 0.8 0.5296875 0.8 0.5296875 0.68359375
24 0.5109375 0.7734375 0.5109375 0.6515625 0.464453125 0.6515625 0.464453125 0.7734375 0.5109375 0.7734375
24 0.3671875 0.66875 0.3671875 0.778125 0.4078125 0.778125 0.4078125 0.66875 0.3671875 0.66875
24 0.405859375 0.6109375 0.405859375 0.6578125 0.5484375 0.6578125 0.5484375 0.6109375 0.405859375 0.6109375
24 0.390234375 0.584375 0.390234375 0.63125 0.5171875 0.63125 0.5171875 0.584375 0.390234375 0.584375
24 0.3875 0.7125 0.3875 0.59765625 0.34609375 0.59765625 0.34609375 0.7125 0.3875 0.7125
24 0.4109375 0.6484375 0.4109375 0.608984375 0.298046875 0.608984375 0.298046875 0.6484375 0.4109375 0.6484375
24 0.4703125 0.59921875 0.426171875 0.59921875 0.426171875 0.7375 0.4703125 0.7375 0.4703125 0.59921875
24 0.525 0.5890625 0.525 0.640625 0.6703125 0.640625 0.6703125 0.5890625 0.525 0.5890625
24 0.4953125 0.55625 0.4953125 0.6125 0.653125 0.6125 0.653125 0.55625 0.4953125 0.55625
24 0.7640625 0.68125 0.7640625 0.49453125 0.70390625 0.49453125 0.70390625 0.68125 0.7640625 0.68125
24 0.7484375 0.646875 0.7484375 0.46015625 0.68515625 0.46015625 0.68515625 0.646875 0.7484375 0.646875
24 0.8453125 0.598828125 0.69375 0.598828125 0.69375 0.6484375 0.8453125 0.6484375 0.8453125 0.598828125
24 0.903125 0.65625 0.903125 0.55390625 0.86171875 0.55390625 0.86171875 0.65625 0.903125 0.65625
24 0.5265625 0.440625 0.5265625 0.6140625 0.590625 0.6140625 0.590625 0.440625 0.5265625 0.440625
24 0.471484375 0.6109375 0.471484375 0.499609375 0.420703125 0.499609375 0.420703125 0.6109375 0.471484375 0.6109375
24 0.321875 0.51875 0.321875 0.6453125 0.3703125 0.6453125 0.3703125 0.51875 0.321875 0.51875
24 0.2640625 0.5328125 0.2640625 0.5796875 0.3828125 0.5796875 0.3828125 0.5328125 0.2640625 0.5328125
24 0.396875 0.471875 0.396875 0.590625 0.44375 0.590625 0.44375 0.471875 0.396875 0.471875
24 0.690625 0.30234375 0.638671875 0.30234375 0.638671875 0.4140625 0.690625 0.4140625 0.690625 0.30234375
24 0.579296875 0.328125 0.579296875 0.43984375 0.63125 0.43984375 0.63125 0.328125 0.579296875 0.328125
24 0.698828125 0.3265625 0.698828125 0.3796875 0.809375 0.3796875 0.809375 0.3265625 0.698828125 0.3265625
24 0.493359375 0.38125 0.493359375 0.4546875 0.6140625 0.4546875 0.6140625 0.38125 0.493359375 0.38125
24 0.36875 0.3203125 0.36875 0.403125 0.49375 0.403125 0.49375 0.3203125 0.36875 0.3203125
24 0.4703125 0.2671875 0.4703125 0.340625 0.596875 0.340625 0.596875 0.2671875 0.4703125 0.2671875
24 0.459375 0.2640625 0.459375 0.390625 0.5328125 0.390625 0.5328125 0.2640625 0.459375 0.2640625
24 0.65625 0.3234375 0.65625 0.188671875 0.58125 0.188671875 0.58125 0.3234375 0.65625 0.3234375
24 0.267578125 0.3703125 0.267578125 0.4421875 0.378125 0.4421875 0.378125 0.3703125 0.267578125 0.3703125
24 0.365625 0.164453125 0.2421875 0.164453125 0.2421875 0.2375 0.365625 0.2375 0.365625 0.164453125
24 0.3171875 0.0875 0.3171875 0.2171875 0.40625 0.2171875 0.40625 0.0875 0.3171875 0.0875
24 0.425 0.0125 0.425 0.1421875 0.5140625 0.1421875 0.5140625 0.0125 0.425 0.0125
24 0.2015625 0.3203125 0.2015625 0.255078125 0.135546875 0.255078125 0.135546875 0.3203125 0.2015625 0.3203125
24 0.2328125 0.3140625 0.2328125 0.248046875 0.166796875 0.248046875 0.166796875 0.3140625 0.2328125 0.3140625
24 0.5515625 0.4296875 0.494140625 0.4296875 0.494140625 0.571875 0.5515625 0.571875 0.5515625 0.4296875
24 0.7203125 0.391015625 0.65078125 0.391015625 0.65078125 0.59375 0.7203125 0.59375 0.7203125 0.391015625
24 0.69375 0.559375 0.69375 0.359765625 0.627734375 0.359765625 0.627734375 0.559375 0.69375 0.559375