24 0 0.9293189859375 0.65 0.9293189859375 0.65 0.594413325 0 0.594413325 0 0.9293189859375
24 0 0.684375 0.6625 0.684375 0.6625 0.4610161171875 0 0.461016115625 0 0.684375
24 0.4875 0.7875 0.4875 0.083426690625 0.23269457500000001 0.083426690625 0.23269457500000001 0.7875 0.4875 0.7875
24 0.31875 0 0.31875 0.6109375 0.5341588046875 0.6109375 0.5341588046875 0 0.31875 0
24 0.9203125 0.653125 0.9203125 0.3157625796875 0.7406593953125 0.3157625796875 0.7406593953125 0.653125 0.9203125 0.653125
24 0.9984375 0.44375 0.9984375 0.289259040625 0.6979510624999999 0.289259040625 0.6979510624999999 0.44375 0.9984375 0.44375
24 0.7609375 0.2890625 0.7609375 0.1338836484375 0.267595321875 0.133883646875 0.267595321875 0.2890625 0.7609375 0.2890625
24 0.2359375 0.2609375 0.2359375 0.059011398437499994 0.12364878125 0.059011398437499994 0.12364877968750002 0.2609375 0.2359375 0.2609375
24 0.55625 0.9984375 0.9375 0.9984375 0.9375 0.729623625 0.55625 0.729623625 0.55625 0.9984375
24 0.884375 0.40687401718749994 0.7293828625 0.40687401718749994 0.7293828625 0.785804834375 0.884375 0.785804834375 0.884375 0.40687401718749994
24 0.9636301109375 0.78125 0.9636301109375 0.6374361234375 0.6019948890625 0.6374361234375 0.6019948890625 0.78125 0.9636301109375 0.78125
24 0.15625 0.309375 0.15625 0.2180277109375 0.0099154859375 0.2180277109375 0.0099154859375 0.309375 0.15625 0.309375