24 0.4921875 1 0.4921875 0.4360112015625 0.157945165625 0.4360112015625 0.157945165625 1 0.4921875 1
24 0.6625 0.684375 0.6625 0.4603675296875 0.00011792343749999999 0.4603675296875 0.00011792343749999999 0.684375 0.6625 0.684375
24 0.0078125 0.5640625 0.7125 0.5640625 0.7125 0.3078125 0.0078125 0.3078125 0.0078125 0.5640625
24 0.534375 0.6109375 0.534375 0.00032429375 0.3196147796875 0.00032429375 0.3196147796875 0.6109375 0.534375 0.6109375
24 0.9984375 0.5734375 0.9984375 0.3947474453125 0.66222484375 0.3947474453125 0.66222484375 0.5734375 0.9984375 0.5734375
24 0.9984375 0.44375 0.9984375 0.2893573109375 0.6982753546875 0.2893573109375 0.6982753546875 0.44375 0.9984375 0.44375
24 0.4359375 0 0.4359375 0.459375 0.5921875 0.459375 0.5921875 0 0.4359375 0
24 0.07827240468749999 0.21715310468750001 0.28110259531250004 0.21715310625 0.28110259531250004 0.10315939375000001 0.07827240468749999 0.10315939375000001 0.07827240468749999 0.21715310468750001
24 0.88125 1 0.88125 0.67376179375 0.6119644265625 0.67376179375 0.6119644265625 1 0.88125 1
24 0.996875 0.6734375 0.996875 0.5186910375 0.618283215625 0.5186910375 0.618283215625 0.6734375 0.996875 0.6734375
24 0.9640428468750001 0.78125 0.9640428468750001 0.6361487828125 0.6024076265625 0.6361487828125 0.6024076265625 0.78125 0.9640428468750001 0.78125
24 0.15625 0.309375 0.15625 0.2180277109375 0.0099154859375 0.2180277109375 0.0099154859375 0.309375 0.15625 0.309375