24 0 0.9292452828125001 0.650943396875 0.9292452828125001 0.650943396875 0.594339621875 0 0.594339621875 0 0.9292452828125001
24 0 0.685534590625 0.6627358484375 0.685534590625 0.6627358484375 0.4606918234375 0 0.4606918234375 0 0.685534590625
24 0.0078616359375 0.564465409375 0.7130503140625 0.564465409375 0.7130503140625 0.3081761 0.0078616359375 0.3081761 0.0078616359375 0.564465409375
24 0.12106918281250001 0.4135220125 0.732704403125 0.4135220125 0.732704403125 0.1981132078125 0.12106918281250001 0.1981132078125 0.12106918281250001 0.4135220125
24 1 0.39465408750000003 0.6619496859375 0.39465408750000003 0.6619496859375 0.5754716984375 1 0.5754716984375 1 0.39465408750000003
24 1 0.28930817656249996 0.6981132078125001 0.28930817656249996 0.6981132078125001 0.444968553125 1 0.444968553125 1 0.28930817656249996
24 0.26729559687500004 0.290880503125 0.761792453125 0.290880503125 0.761792453125 0.13364779843750002 0.26729559687500004 0.13364779843750002 0.26729559687500004 0.290880503125
24 0.07861635156249999 0.2177672953125 0.281446540625 0.2177672953125 0.281446540625 0.10377358437499999 0.07861635156249999 0.10377358437499999 0.07861635156249999 0.2177672953125
24 0.93789308125 1 0.93789308125 0.7295597484375 0.5566037734375 0.7295597484375 0.5566037734375 1 0.93789308125 1
24 0.617924528125 0.6745283015625 0.9968553453125001 0.6745283015625 0.9968553453125001 0.518867925 0.617924528125 0.518867925 0.617924528125 0.6745283015625
24 0.6022012578125 0.7822327046875001 0.9638364781250001 0.7822327046875001 0.9638364781250001 0.636792453125 0.6022012578125 0.636792453125 0.6022012578125 0.7822327046875001
24 0.037735848437500004 0.3380503140625 0.12971698125 0.3380503140625 0.12971698125 0.190251571875 0.037735848437500004 0.190251571875 0.037735848437500004 0.3380503140625