24 0.8024475531249999 1 0.8024475531249999 0.9667832171875 0.5034965031249999 0.9667832171875 0.5034965031249999 1 0.8024475531249999 1
24 0.3706293703125 1 0.3706293703125 0.9353146859375 0.096153846875 0.9353146859375 0.096153846875 1 0.3706293703125 1
24 0.428321678125 1 0.428321678125 0.9877622374999999 0.0384615390625 0.9877622374999999 0.0384615390625 1 0.428321678125 1
24 0 0.7989510484375 0.20804195781249998 0.7989510484375 0.20804195781249998 0.7360139859375 0 0.7360139859375 0 0.7989510484375
24 0 0.7482517484375 0.1870629375 0.7482517484375 0.1870629375 0.6853146859375 0 0.6853146859375 0 0.7482517484375
24 0 0.690559440625 0.0979020984375 0.690559440625 0.0979020984375 0.6206293703125 0 0.6206293703125 0 0.690559440625
24 0 0.633741259375 0.10664335625000002 0.633741259375 0.10664335625000002 0.571678321875 0 0.571678321875 0 0.633741259375
24 1 0.2395104890625 0.747377621875 0.2395104890625 0.747377621875 0.31905594375 1 0.31905594375 1 0.2395104890625
24 1 0.2884615390625 0.7377622374999999 0.2884615390625 0.7377622374999999 0.38024475468749996 1 0.38024475468749996 1 0.2884615390625
24 1 0.365384615625 0.7465034968750001 0.365384615625 0.7465034968750001 0.44930070000000005 1 0.44930070000000005 1 0.365384615625
24 1 0.4388111890625 0.758741259375 0.4388111890625 0.758741259375 0.49912587343750003 1 0.49912587343750003 1 0.4388111890625
24 1 0.47902097968749996 0.7456293703125 0.47902097968749996 0.7456293703125 0.5358391609375001 1 0.5358391609375001 1 0.47902097968749996
24 0.7447552453124999 0.46853146875 0.48076923125000004 0.46853146875 0.48076923125000004 0.528846153125 0.7447552453124999 0.528846153125 0.7447552453124999 0.46853146875
24 0.734265734375 0.25699300625 0.4353146859375 0.25699300625 0.4353146859375 0.3513986015625 0.734265734375 0.3513986015625 0.734265734375 0.25699300625
24 0.7465034968750001 0.33741258749999997 0.45979020937500004 0.33741258749999997 0.45979020937500004 0.4143356640625 0.7465034968750001 0.4143356640625 0.7465034968750001 0.33741258749999997
24 0.7517482515625 0.40034965 0.47989510468749996 0.40034965 0.47989510468749996 0.45541957968749996 0.7517482515625 0.45541957968749996 0.7517482515625 0.40034965
24 0.7534965031249999 0.43356643281249996 0.491258740625 0.43356643281249996 0.491258740625 0.48863636406250005 0.7534965031249999 0.48863636406250005 0.7534965031249999 0.43356643281249996
24 0.44755244687499995 0.4510489515625 0.1730769234375 0.4510489515625 0.1730769234375 0.5113636359375 0.44755244687499995 0.5113636359375 0.44755244687499995 0.4510489515625
24 0.45454545468749996 0.4143356640625 0.18444055937499998 0.4143356640625 0.18444055937499998 0.46853146875 0.45454545468749996 0.46853146875 0.45454545468749996 0.4143356640625
24 0.4580419578125 0.377622378125 0.1853146859375 0.377622378125 0.1853146859375 0.4396853140625 0.4580419578125 0.4396853140625 0.4580419578125 0.377622378125
24 0.44405594375 0.3111888109375 0.15646853125 0.3111888109375 0.15646853125 0.396853146875 0.44405594375 0.396853146875 0.44405594375 0.3111888109375
24 0.44930070000000005 0.265734265625 0.1643356640625 0.265734265625 0.1643356640625 0.3356643359375 0.44930070000000005 0.3356643359375 0.44930070000000005 0.265734265625
24 0 0.3583916078125 0.1835664328125 0.3583916078125 0.1835664328125 0.2762237765625 0 0.2762237765625 0 0.3583916078125
24 0.222027971875 0.134615384375 0.0629370625 0.134615384375 0.0629370625 0.24737762187499998 0.222027971875 0.24737762187499998 0.222027971875 0.134615384375
24 0 0.2456293703125 0.1118881125 0.2456293703125 0.1118881125 0.1363636359375 0 0.1363636359375 0 0.2456293703125