24 0.8015625 0.9984375 0.8015625 0.966581075 0.50334353125 0.966581075 0.50334353125 0.9984375 0.8015625 0.9984375
24 0.2640625 1 0.2640625 0.8306217234375 0.2007375453125 0.8306217234375 0.2007375453125 1 0.2640625 1
24 0.4265625 0.9876311187500001 0.0386636796875 0.9876311187500001 0.0386636796875 0.99986888125 0.4265625 0.99986888125 0.4265625 0.9876311187500001
24 0.134375 0.8703125 0.134375 0.6635762671875 0.07225743125 0.6635762671875 0.07225743125 0.8703125 0.134375 0.8703125
24 0.1859375 0.746875 0.1859375 0.68571896875 0.00021853125000000003 0.68571896875 0.00021853125000000003 0.746875 0.1859375 0.746875
24 0.0828125 0.7046875 0.0828125 0.60691105625 0.01411166875 0.60691105625 0.01411166875 0.7046875 0.0828125 0.7046875
24 0.0839379375 0.6546875 0.0839379375 0.5491914343750001 0.021875 0.5491914343750001 0.021875 0.6546875 0.0839379375 0.6546875
24 0.9125 0.4046875 0.9125 0.15322333906250002 0.8335391171875 0.15322333906250002 0.8335391171875 0.4046875 0.9125 0.4046875
24 1 0.28843968593749997 0.7378933562500001 0.28843968593749997 0.7378933562500001 0.378125 1 0.378125 1 0.28843968593749997
24 0.9984375 0.4484375 0.9984375 0.3649147734375 0.7463177453125 0.3649147734375 0.7463177453125 0.4484375 0.9984375 0.4484375
24 0.9984375 0.4984375 0.9984375 0.4390625 0.7590581296875001 0.4390625 0.7590581296875001 0.4984375 0.9984375 0.4984375
24 0.9 0.634375 0.9 0.3800863203125 0.8440231640625001 0.3800863203125 0.8440231640625001 0.634375 0.9 0.634375
24 0.6421875 0.6296875 0.6421875 0.367214815625 0.5828562078124999 0.367214815625 0.5828562078124999 0.6296875 0.6421875 0.6296875
24 0.7328125 0.256703453125 0.4356807265625 0.256703453125 0.4356807265625 0.351109046875 0.7328125 0.351109046875 0.7328125 0.256703453125
24 0.640625 0.51875 0.640625 0.232495628125 0.564778190625 0.232495628125 0.564778190625 0.51875 0.640625 0.51875
24 0.47969842656250006 0.4 0.47969842656250006 0.4546875 0.7515515734375 0.4546875 0.7515515734375 0.4 0.47969842656250006 0.4
24 0.753125 0.43373033124999993 0.4917613625 0.43373033124999993 0.4917613625 0.4888002625 0.753125 0.4888002625 0.753125 0.43373033124999993
24 0.3390625 0.6171875 0.3390625 0.3441269671875 0.28020105 0.3441269671875 0.28020105 0.6171875 0.3390625 0.6171875
24 0.453125 0.41430834843750003 0.184478803125 0.41430834843750003 0.184478803125 0.46850415312499993 0.453125 0.46850415312499993 0.453125 0.41430834843750003
24 0.3515625 0.54375 0.3515625 0.2724868875 0.29070695 0.2724868875 0.29070695 0.54375 0.3515625 0.54375
24 0.44375 0.31107408125 0.15625 0.31107408125 0.15625 0.3967384171875 0.44375 0.39673841875 0.44375 0.31107408125
24 0.340625 0.4421875 0.340625 0.1580037140625 0.271935096875 0.1580037140625 0.271935096875 0.4421875 0.340625 0.4421875
24 0.13125 0.4078125 0.13125 0.2259014421875 0.0505791078125 0.2259014421875 0.0505791078125 0.4078125 0.13125 0.4078125
24 0.1984375 0.11115603125 0.08647290156250001 0.11115603125 0.08647290156250001 0.270246940625 0.1984375 0.270246940625 0.1984375 0.11115603125
24 0 0.2453125 0.1109375 0.2453125 0.1109375 0.1367351390625 0 0.1367351390625 0 0.2453125