24 0.8015625 0.9984375 0.8015625 0.966581075 0.50334353125 0.966581075 0.50334353125 0.9984375 0.8015625 0.9984375
24 0.2640625 1 0.2640625 0.8306217234375 0.2007375453125 0.8306217234375 0.2007375453125 1 0.2640625 1
24 0.4265625 1 0.4265625 0.9878933562500001 0.038259398437499995 0.9878933562500001 0.038259398437499995 1 0.4265625 1
24 0.2078125 0.7984375 0.2078125 0.7363090031249999 0.000114728125 0.7363090031249999 0.000114728125 0.7984375 0.2078125 0.7984375
24 0.1859375 0.746875 0.1859375 0.68571896875 0.00021853125000000003 0.68571896875 0.00021853125000000003 0.746875 0.1859375 0.746875
24 0.096875 0.6205037140624999 0.0002677015625 0.6205037140624999 0.0002677 0.6904337843749999 0.096875 0.6904337843749999 0.096875 0.6205037140624999
24 0 0.6328125 0.10625 0.6328125 0.10625 0.57209353125 0 0.57209353125 0 0.6328125
24 0.9997486890625 0.2391335234375 0.7471263109375 0.2391335234375 0.7471263109375 0.3186789765625 0.9997486890625 0.318678978125 0.9997486890625 0.2391335234375
24 0.99986888125 0.378125 0.99986888125 0.28848339218749997 0.73763111875 0.28848339218749997 0.73763111875 0.378125 0.99986888125 0.378125
24 0.9984375 0.4484375 0.9984375 0.3658544578125 0.7466892484375001 0.3658544578125 0.7466892484375001 0.4484375 0.9984375 0.4484375
24 0.9078125 0.5890625 0.9078125 0.34865603125 0.84943181875 0.34865603125 0.84943181875 0.5890625 0.9078125 0.5890625
24 1 0.47863855 0.7457878046874999 0.47863855 0.7457878046874999 0.534375 1 0.534375 1 0.47863855
24 0.5828125 0.6296875 0.6421875 0.6296875 0.6421875 0.3661767921875 0.5828125 0.3661767921875 0.5828125 0.6296875
24 0.63125 0.453125 0.63125 0.1550863203125 0.5378769671875 0.1550863203125 0.5378769671875 0.453125 0.63125 0.453125
24 0.640625 0.51875 0.640625 0.2325393359375 0.5645924390625 0.2325393359375 0.5645924390625 0.51875 0.640625 0.51875
24 0.47969842656250006 0.4 0.47969842656250006 0.4546875 0.7515515734375 0.4546875 0.7515515734375 0.4 0.47969842656250006 0.4
24 0.753125 0.43373033124999993 0.4917613625 0.43373033124999993 0.4917613625 0.4888002625 0.753125 0.4888002625 0.753125 0.43373033124999993
24 0.3390625 0.6171875 0.3390625 0.343810096875 0.2801136375 0.343810096875 0.2801136375 0.6171875 0.3390625 0.6171875
24 0.453125 0.41436298125000004 0.184402315625 0.41436298125000004 0.184402315625 0.46855878593750006 0.453125 0.46855878593750006 0.453125 0.41436298125000004
24 0.3515625 0.54375 0.3515625 0.2724868875 0.29070695 0.2724868875 0.29070695 0.54375 0.3515625 0.54375
24 0.44375 0.396875 0.44375 0.311303540625 0.15673076875 0.311303540625 0.15673076875 0.396875 0.44375 0.396875
24 0.340625 0.4421875 0.340625 0.15842985 0.27177119843750003 0.15842985 0.27177119843750003 0.4421875 0.340625 0.4421875
24 0.13125 0.4078125 0.13125 0.225147509375 0.05081949375 0.225147509375 0.05081949375 0.4078125 0.13125 0.4078125
24 0.1984375 0.11115603125 0.08647290156250001 0.11115603125 0.08647290156250001 0.270246940625 0.1984375 0.270246940625 0.1984375 0.11115603125
24 0.109375 0.134746503125 0.0009396859375 0.134746503125 0.0009396859375 0.24663461562500003 0.109375 0.24663461562500003 0.109375 0.134746503125