24 0.30625 0.13125 0.30625 0.000248015625 0.0100694453125 0.000248015625 0.0100694453125 0.13125 0.30625 0.13125
24 0.303125 0.25 0.303125 0.0808159734375 0.0052455359375 0.0808159734375 0.0052455359375 0.25 0.303125 0.25
24 0.5280009921875 0.144146825 0.2938740078125 0.144146825 0.2938740078125 0.293353175 0.5280009921875 0.293353175 0.5280009921875 0.144146825
24 0.528125 0.175 0.528125 0.012996031250000002 0.30182291562499997 0.012996031250000002 0.30182291562499997 0.175 0.528125 0.175
24 0.71875 0.18444940468749998 0.51875 0.18444940468749998 0.51875 0.3234375 0.71875 0.3234375 0.71875 0.18444940468749998
24 0.853125 0.11457093125 0.7310887890625 0.11457093125 0.7310887890625 0.26853918593750004 0.853125 0.26853918593750004 0.853125 0.11457093125
24 0.85625 0.371875 0.85625 0.2155629953125 0.7324404765625 0.2155629953125 0.7324404765625 0.371875 0.85625 0.371875
24 0.9984375 0.2890625 0.9984375 0.17273065625 0.86640625 0.17273065625 0.86640625 0.2890625 0.9984375 0.2890625
24 0.9828125 0.3859375 0.9828125 0.25265377031249997 0.8804811515625 0.25265377031249997 0.8804811515625 0.3859375 0.9828125 0.3859375
24 0.8515625 0.5921875 0.8515625 0.484375 0.678831846875 0.484375 0.678831846875 0.5921875 0.8515625 0.5921875
24 0.971875 0.47269345312500005 0.8681671625 0.47269345312500005 0.8681671625 0.615550596875 0.971875 0.615550596875 0.971875 0.47269345312500005
24 0.9854910718750001 0.6828125 0.9854910718750001 0.5796502984374999 0.8426339281249999 0.5796502984374999 0.8426339281249999 0.6828125 0.9854910718750001 0.6828125
24 0.8203125 0.5515625 0.704055059375 0.5515625 0.704055059375 0.707738096875 0.8203125 0.707738096875 0.8203125 0.5515625
24 0.9046875 0.5296875 0.9046875 0.37383432499999997 0.7987847218749999 0.37383432499999997 0.7987847218749999 0.5296875 0.9046875 0.5296875
24 0.678125 0.584375 0.678125 0.465463790625 0.5029141874999999 0.465463790625 0.5029141874999999 0.584375 0.678125 0.584375
24 0.665625 0.5361359125 0.5290178578125 0.5361359125 0.5290178578125 0.720262896875 0.665625 0.720262896875 0.665625 0.5361359125
24 0.509375 0.5984375 0.509375 0.437177578125 0.27929067500000004 0.437177578125 0.27929067500000004 0.5984375 0.509375 0.5984375
24 0.4671875 0.74375 0.4671875 0.5145709328125 0.3189732125 0.5145709328125 0.3189732125 0.74375 0.4671875 0.74375
24 0.23125 0.6390625 0.23125 0.3548735125 0.0531374015625 0.3548735125 0.0531374 0.6390625 0.23125 0.6390625
24 0 0.7234375 0.2734375 0.7234375 0.2734375 0.5401785703125 0 0.5401785703125 0 0.7234375
24 0.26875 0.428125 0.26875 0.30022321406249997 0.06576140781249999 0.30022321406249997 0.06576140781249999 0.428125 0.26875 0.428125
24 0.4109375 0.475 0.4109375 0.30401785625 0.2938120046875 0.30401785625 0.2938120046875 0.475 0.4109375 0.475
24 0.5609375 0.478125 0.5609375 0.328373015625 0.463033234375 0.328373015625 0.463033234375 0.478125 0.5609375 0.478125
24 0.3 0.9484375 0.4840029765625 0.9484375 0.4840029765625 0.718129959375 0.3 0.718129959375 0.3 0.9484375
24 0.2390625 0.9921875 0.2390625 0.7145089296875 0.038033234375 0.7145089296875 0.038033234375 0.9921875 0.2390625 0.9921875
24 0.4484375 1 0.4484375 0.8350818453125 0.330009921875 0.8350818453125 0.330009921875 1 0.4484375 1
24 0.6796875 1 0.6796875 0.8214533734374999 0.516555059375 0.8214533734374999 0.516555059375 1 0.6796875 1
24 0.681101190625 0.8734375 0.681101190625 0.728980653125 0.48824404687499995 0.728980653125 0.48824404687499995 0.8734375 0.681101190625 0.8734375
24 0.659375 0.8484375 0.8203125 0.8484375 0.8203125 0.721875 0.659375 0.721875 0.659375 0.8484375
24 0.81875 0.965625 0.81875 0.8046875 0.6930183515625 0.8046875 0.6930183515625 0.965625 0.81875 0.965625
24 0.975 0.8484375 0.975 0.72278025625 0.8146205375 0.72278025625 0.8146205375 0.8484375 0.975 0.8484375
24 0.9765625 0.8205233140624999 0.828125 0.8205233140624999 0.828125 0.9435391859375001 0.9765625 0.9435391859375001 0.9765625 0.8205233140624999