24 0.093501984375 0 0.093501984375 0.2140625 0.2234375 0.2140625 0.2234375 0 0.093501984375 0
24 0.303125 0.25 0.303125 0.0808159734375 0.0052455359375 0.0808159734375 0.0052455359375 0.25 0.303125 0.25
24 0.48581349218750003 0.3359375 0.48581349218750003 0.10255456249999999 0.3366071421875 0.10255456249999999 0.3366071421875 0.3359375 0.48581349218750003 0.3359375
24 0.528125 0.175 0.528125 0.012996031250000002 0.30182291562499997 0.012996031250000002 0.30182291562499997 0.175 0.528125 0.175
24 0.71875 0.3234375 0.71875 0.1838045640625 0.5193452375 0.1838045640625 0.5193452375 0.3234375 0.71875 0.3234375
24 0.86875 0.1298983125 0.7159846234375 0.1298983125 0.7159846234375 0.25291418593750004 0.86875 0.2529141875 0.86875 0.1298983125
24 0.85625 0.371875 0.85625 0.2155629953125 0.7324404765625 0.2155629953125 0.7324404765625 0.371875 0.85625 0.371875
24 0.9984375 0.2890625 0.9984375 0.1733010921875 0.8669270828125001 0.1733010921875 0.8669270828125001 0.2890625 0.9984375 0.2890625
24 0.9984375 0.3703125 0.9984375 0.2687251984375 0.8653521828124999 0.2687251984375 0.8653521828124999 0.3703125 0.9984375 0.3703125
24 0.81875 0.4515625 0.711297125 0.4515625 0.711297125 0.6244667671874999 0.81875 0.6244667671874999 0.81875 0.4515625
24 0.9921875 0.5953125 0.9921875 0.49197668749999995 0.8495287687499999 0.49197668749999995 0.8495287687499999 0.5953125 0.9921875 0.5953125
24 0.9854910718750001 0.6828125 0.9854910718750001 0.5796502984374999 0.8426339281249999 0.5796502984374999 0.8426339281249999 0.6828125 0.9854910718750001 0.6828125
24 0.8203125 0.7078125 0.8203125 0.5525793640625001 0.7046750984375 0.5525793640625001 0.7046750984375 0.7078125 0.8203125 0.7078125
24 0.9046875 0.5296875 0.9046875 0.37383432499999997 0.7987847218749999 0.37383432499999997 0.7987847218749999 0.5296875 0.9046875 0.5296875
24 0.65 0.6125 0.65 0.43637152968750004 0.53093998125 0.43637152968750004 0.53093998125 0.6125 0.65 0.6125
24 0.665625 0.536086309375 0.5289186515625001 0.536086309375 0.5289186515625001 0.72021329375 0.665625 0.72021329375 0.665625 0.536086309375
24 0.509375 0.5984375 0.509375 0.437177578125 0.27929067500000004 0.437177578125 0.27929067500000004 0.5984375 0.509375 0.5984375
24 0.5076512890625 0.703125 0.5076512890625 0.5546875 0.2782862109375 0.5546875 0.2782862109375 0.703125 0.5076512890625 0.703125
24 0.284375 0.5859375 0.284375 0.4079737109375 0.00011160781250000001 0.4079737109375 0.00011160625 0.5859375 0.284375 0.5859375
24 0.2734375 0.5391865078125 0.00019841250000000003 0.5391865078125 0.00019841250000000003 0.7233134921875 0.2734375 0.7233134921875 0.2734375 0.5391865078125
24 0.26875 0.428125 0.26875 0.3 0.0659846234375 0.3 0.06598462187500001 0.428125 0.26875 0.428125
24 0.2671875 0.4484375 0.4390625 0.4484375 0.4390625 0.33237847187499997 0.2671875 0.33237847187499997 0.2671875 0.4484375
24 0.5859375 0.4515625 0.5859375 0.35363343281250004 0.437103175 0.35363343281250004 0.437103175 0.4515625 0.5859375 0.4515625
24 0.484375 0.9484375 0.484375 0.717584325 0.3009176578125 0.717584325 0.3009176578125 0.9484375 0.484375 0.9484375
24 0.2765625 0.953125 0.2765625 0.7527157734375 0.0001736109375 0.7527157734375 0.0001736109375 0.953125 0.2765625 0.953125
24 0.4484375 1 0.4484375 0.8350818453125 0.330009921875 0.8350818453125 0.330009921875 1 0.4484375 1
24 0.69375 1 0.69375 0.8367931546875 0.500372025 0.8367931546875 0.500372025 1 0.69375 1
24 0.6808035718750001 0.7281622015625 0.487946428125 0.7281622015625 0.487946428125 0.8734002984375 0.6808035718750001 0.8734002984375 0.6808035718750001 0.7281622015625
24 0.8203125 0.8484375 0.8203125 0.72278025625 0.6597594250000001 0.72278025625 0.6597594250000001 0.8484375 0.8203125 0.8484375
24 0.81875 0.965625 0.81875 0.8046875 0.6930183515625 0.8046875 0.6930183515625 0.965625 0.81875 0.965625
24 0.9578125 0.865625 0.9578125 0.705617559375 0.8327008921875001 0.705617559375 0.8327008921875001 0.865625 0.9578125 0.865625
24 0.9765625 0.8205233140624999 0.828125 0.8205233140624999 0.828125 0.9435391859375001 0.9765625 0.9435391859375001 0.9765625 0.8205233140624999