24 0.0103174609375 0 0.0103174609375 0.13174603125 0.3079365078125 0.13174603125 0.3079365078125 0 0.0103174609375 0
24 0.3047619046875 0.08095238125000001 0.00555555625 0.08095238125000001 0.00555555625 0.2515873015625 0.3047619046875 0.2515873015625 0.3047619046875 0.08095238125000001
24 0.528571428125 0.14444444375 0.29444444375 0.14444444375 0.29444444375 0.29365079375 0.528571428125 0.29365079375 0.528571428125 0.14444444375
24 0.528571428125 0.0126984125 0.3015873015625 0.0126984125 0.3015873015625 0.175396825 0.528571428125 0.175396825 0.528571428125 0.0126984125
24 0.71904761875 0.184126984375 0.5190476187499999 0.184126984375 0.5190476187499999 0.324603175 0.71904761875 0.324603175 0.71904761875 0.184126984375
24 0.8698412703124999 0.1301587296875 0.7158730156249999 0.1301587296875 0.7158730156249999 0.253174603125 0.8698412703124999 0.253174603125 0.8698412703124999 0.1301587296875
24 0.8730158734375 0.23174603125 0.7158730156249999 0.23174603125 0.7158730156249999 0.35634920625 0.8730158734375 0.35634920625 0.8730158734375 0.23174603125
24 1 0.1730158734375 0.8666666671875 0.1730158734375 0.8666666671875 0.290476190625 1 0.290476190625 1 0.1730158734375
24 1 0.26825396874999996 0.865079365625 0.26825396874999996 0.865079365625 0.371428571875 1 0.371428571875 1 0.26825396874999996
24 0.8523809531250001 0.484126984375 0.6793650796875 0.484126984375 0.6793650796875 0.5928571421875 0.8523809531250001 0.5928571421875 0.8523809531250001 0.484126984375
24 0.9920634921874999 0.4920634921875 0.8492063484375001 0.4920634921875 0.8492063484375001 0.596825396875 0.9920634921874999 0.596825396875 0.9920634921874999 0.4920634921875
24 0.9857142859374999 0.5793650796875001 0.8428571421875001 0.5793650796875001 0.8428571421875001 0.684126984375 0.9857142859374999 0.684126984375 0.9857142859374999 0.5793650796875001
24 0.841269840625 0.5714285718750001 0.684920634375 0.5714285718750001 0.684920634375 0.6888888890625 0.841269840625 0.6888888890625 0.841269840625 0.5714285718750001
24 0.9301587296875 0.3984126984375 0.7738095234375 0.3984126984375 0.7738095234375 0.5047619046875 0.9301587296875 0.5047619046875 0.9301587296875 0.3984126984375
24 0.6793650796875 0.465079365625 0.5023809531250001 0.465079365625 0.5023809531250001 0.5857142859375 0.6793650796875 0.5857142859375 0.6793650796875 0.465079365625
24 0.690476190625 0.558730159375 0.50634920625 0.558730159375 0.50634920625 0.697619046875 0.690476190625 0.697619046875 0.690476190625 0.558730159375
24 0.5111111109375 0.4365079359375 0.2793650796875 0.4365079359375 0.2793650796875 0.5992063484375 0.5111111109375 0.5992063484375 0.5111111109375 0.4365079359375
24 0.5079365078125 0.5539682546875 0.278571428125 0.5539682546875 0.278571428125 0.7039682546875 0.5079365078125 0.7039682546875 0.5079365078125 0.5539682546875
24 0 0.5873015875 0.28571428593750003 0.5873015875 0.28571428593750003 0.4079365078125 0 0.4079365078125 0 0.5873015875
24 0 0.7238095234374999 0.27460317500000003 0.7238095234374999 0.27460317500000003 0.5396825390625 0 0.5396825390625 0 0.7238095234374999
24 0.2698412703125 0.3 0.065873015625 0.3 0.065873015625 0.428571428125 0.2698412703125 0.428571428125 0.2698412703125 0.3
24 0.4396825390625 0.33174603125 0.2666666671875 0.33174603125 0.2666666671875 0.44920634843749996 0.4396825390625 0.44920634843749996 0.4396825390625 0.33174603125
24 0.5873015875 0.3539682546875 0.43730158750000003 0.3539682546875 0.43730158750000003 0.453174603125 0.5873015875 0.453174603125 0.5873015875 0.3539682546875
24 0.5079365078125 0.741269840625 0.27698412656250004 0.741269840625 0.27698412656250004 0.925396825 0.5079365078125 0.925396825 0.5079365078125 0.741269840625
24 0 0.9547619046875001 0.27777777812500004 0.9547619046875001 0.27777777812500004 0.7523809531250001 0 0.7523809531250001 0 0.9547619046875001
24 0.4952380953125 1 0.4952380953125 0.88095238125 0.284126984375 0.88095238125 0.284126984375 1 0.4952380953125 1
24 0.6952380953125 1 0.6952380953125 0.8365079359375001 0.5007936515625 0.8365079359375001 0.5007936515625 1 0.6952380953125 1
24 0.68095238125 0.728571428125 0.48809523749999995 0.728571428125 0.48809523749999995 0.8738095234375001 0.68095238125 0.8738095234375001 0.68095238125 0.728571428125
24 0.8206349203125001 0.722222221875 0.659523809375 0.722222221875 0.659523809375 0.8492063484375001 0.8206349203125001 0.8492063484375001 0.8206349203125001 0.722222221875
24 0.8365079359375001 0.8222222218749999 0.675396825 0.8222222218749999 0.675396825 0.9492063484375001 0.8365079359375001 0.9492063484375001 0.8365079359375001 0.8222222218749999
24 0.9761904765624999 0.722222221875 0.815079365625 0.722222221875 0.815079365625 0.8492063484375001 0.9761904765624999 0.8492063484375001 0.9761904765624999 0.722222221875
24 0.977777778125 0.8206349203125001 0.827777778125 0.8206349203125001 0.827777778125 0.94365079375 0.977777778125 0.94365079375 0.977777778125 0.8206349203125001