19 0.9203125 0.3640625 0.990625 0.3640625 0.990625 0.27713926093749996 0.9203125 0.27713926093749996 0.9203125 0.3640625
19 0.8953125 0.36875 0.8953125 0.2765100671875 0.8275692125 0.2765100671875 0.8275692125 0.36875 0.8953125 0.36875
19 0.796875 0.36875 0.796875 0.2766463921875 0.7289953875 0.2766463921875 0.7289953875 0.36875 0.796875 0.36875
19 0.6296875 0.3546875 0.6296875 0.2955799078125 0.545496015625 0.2955799078125 0.545496015625 0.3546875 0.6296875 0.3546875
19 0.4078125 0.3609375 0.4078125 0.2895029359375 0.351232171875 0.2895029359375 0.351232171875 0.3609375 0.4078125 0.3609375
19 0.475 0.2955641765625 0.4158871640625 0.2955641765625 0.4158871640625 0.357644715625 0.475 0.357644715625 0.475 0.2955641765625
19 0.703125 0.3703125 0.703125 0.28327915312499996 0.643293834375 0.28327915312499996 0.643293834375 0.3703125 0.703125 0.3703125
19 0.5390625 0.35625 0.5390625 0.2971424078125 0.47833473125000003 0.2971424078125 0.47833473125000003 0.35625 0.5390625 0.35625
19 0.2278418609375 0.3036807890625 0.1565331375 0.3036807890625 0.1565331375 0.3556942109375 0.2278418609375 0.3556942109375 0.2278418609375 0.3036807890625
19 0.3375 0.3578125 0.3375 0.3096948421875 0.29398070625 0.3096948421875 0.29398070625 0.3578125 0.3375 0.3578125
19 0.2884490359375 0.3515625 0.2884490359375 0.312258809375 0.2381134640625 0.312258809375 0.2381134640625 0.3515625 0.2884490359375 0.3515625
19 0.4140625 0.0421875 0.4140625 0.0009070890625 0.370448825 0.0009070890625 0.370448825 0.0421875 0.4140625 0.0421875
19 0.6171875 0.010213925 0.5506344375000001 0.010213925 0.5506344375000001 0.09662332031250001 0.6171875 0.09662332031250001 0.6171875 0.010213925
19 0.55773909375 0.084375 0.55773909375 0.020810610937499998 0.4713296984375 0.020810610937499998 0.4713296984375 0.084375 0.55773909375 0.084375
19 0.4734375 0.0953125 0.4734375 0.023678690625000002 0.42021287812499997 0.023678690625000002 0.42021287812499997 0.0953125 0.4734375 0.0953125
19 0.371875 0.096875 0.4140625 0.096875 0.4140625 0.0453125 0.371875 0.0453125 0.371875 0.096875
19 0.1890625 0.1984375 0.1890625 0.172341653125 0.146570890625 0.172341653125 0.146570890625 0.1984375 0.1890625 0.1984375
19 0.6359375 0.2296875 0.6359375 0.1699087671875 0.5728030609375 0.1699087671875 0.5728030609375 0.2296875 0.6359375 0.2296875
19 0.706213296875 0.2296875 0.706213296875 0.1713611578125 0.639099203125 0.1713611578125 0.639099203125 0.2296875 0.706213296875 0.2296875
19 0.3624056203125 0.1689597328125 0.296969378125 0.1689597328125 0.296969378125 0.23104026718749998 0.3624056203125 0.23104026718749998 0.3624056203125 0.1689597328125
19 0.499963296875 0.1689597328125 0.43284920312499997 0.1689597328125 0.43284920312499997 0.23104026718749998 0.499963296875 0.23104026718749998 0.499963296875 0.1689597328125
19 0.571875 0.2296875 0.571875 0.17178062031250002 0.5042470640625 0.17178062031250002 0.5042470640625 0.2296875 0.571875 0.2296875
19 0.428125 0.234375 0.428125 0.16832529375 0.3638737421875 0.16832529375 0.3638737421875 0.234375 0.428125 0.234375
19 0.2375 0.2328125 0.2375 0.18254509218749998 0.191516359375 0.18254509218749998 0.191516359375 0.2328125 0.2375 0.2328125
19 0.1375 0.234375 0.1375 0.1831847734375 0.061970428125 0.1831847734375 0.061970428125 0.234375 0.1375 0.234375
19 0.05 0.2359375 0.05 0.18400796875 0.0021025593749999997 0.18400796875 0.0021025593749999997 0.2359375 0.05 0.2359375
19 0.290625 0.18756291875 0.2420197140625 0.18756291875 0.2420197140625 0.23118707968750002 0.290625 0.23118707968750002 0.290625 0.18756291875
19 0.175 0.19695365 0.14852663593749998 0.19695365 0.14852663593749998 0.235544253125 0.175 0.235544253125 0.175 0.19695365