19 0.0203125 0.3640625 0.0859375 0.3640625 0.0859375 0.283203125 0.0203125 0.283203125 0.0203125 0.3640625
19 0.1734375 0.282421875 0.10859375 0.282421875 0.10859375 0.36875 0.1734375 0.36875 0.1734375 0.282421875
19 0.189453125 0.29375 0.189453125 0.3578125 0.275 0.3578125 0.275 0.29375 0.189453125 0.29375
19 0.35625 0.3 0.35625 0.35625 0.4359375 0.35625 0.4359375 0.3 0.35625 0.3
19 0.6234375 0.301953125 0.55625 0.301953125 0.55625 0.3546875 0.6234375 0.3546875 0.6234375 0.301953125
19 0.55625 0.3578125 0.55625 0.300390625 0.5015625 0.300390625 0.5015625 0.3578125 0.55625 0.3578125
19 0.34375 0.3703125 0.34375 0.28828125 0.28828125 0.28828125 0.28828125 0.3703125 0.34375 0.3703125
19 0.496875 0.3578125 0.496875 0.30078125 0.44140625 0.30078125 0.44140625 0.3578125 0.496875 0.3578125
19 0.731640625 0.3078125 0.731640625 0.35625 0.796875 0.35625 0.796875 0.3078125 0.731640625 0.3078125
19 0.66875 0.3578125 0.66875 0.31328125 0.62890625 0.31328125 0.62890625 0.3578125 0.66875 0.3578125
19 0.675 0.315625 0.675 0.353125 0.721875 0.353125 0.721875 0.315625 0.675 0.315625
19 0.6015625 0.059375 0.6015625 0.020703125 0.552734375 0.020703125 0.552734375 0.059375 0.6015625 0.059375
19 0.43125 0.034765625 0.36875 0.034765625 0.36875 0.1140625 0.43125 0.1140625 0.43125 0.034765625
19 0.504296875 0.103125 0.504296875 0.044140625 0.423828125 0.044140625 0.423828125 0.103125 0.504296875 0.103125
19 0.501953125 0.046875 0.501953125 0.1140625 0.5515625 0.1140625 0.5515625 0.046875 0.501953125 0.046875
19 0.6015625 0.071875 0.553515625 0.071875 0.553515625 0.1109375 0.6015625 0.1109375 0.6015625 0.071875
19 0.775 0.178125 0.775 0.21875 0.8 0.21875 0.8 0.178125 0.775 0.178125
19 0.351953125 0.18125 0.351953125 0.240625 0.4078125 0.240625 0.4078125 0.18125 0.351953125 0.18125
19 0.2890625 0.18125 0.2890625 0.24375 0.3453125 0.24375 0.3453125 0.18125 0.2890625 0.18125
19 0.6078125 0.18125 0.6078125 0.2421875 0.665625 0.2421875 0.665625 0.18125 0.6078125 0.18125
19 0.478125 0.1828125 0.478125 0.240625 0.540625 0.240625 0.540625 0.1828125 0.478125 0.1828125
19 0.46875 0.24375 0.46875 0.180078125 0.413671875 0.180078125 0.413671875 0.24375 0.46875 0.24375
19 0.6046875 0.181640625 0.54453125 0.181640625 0.54453125 0.24375 0.6046875 0.24375 0.6046875 0.181640625
19 0.765625 0.194921875 0.72265625 0.194921875 0.72265625 0.240625 0.765625 0.240625 0.765625 0.194921875
19 0.8734375 0.2546875 0.8734375 0.18359375 0.82578125 0.18359375 0.82578125 0.2546875 0.8734375 0.2546875
19 0.89375 0.1984375 0.89375 0.24375 0.9625 0.24375 0.9625 0.1984375 0.89375 0.1984375
19 0.675 0.196875 0.675 0.24375 0.715625 0.24375 0.715625 0.196875 0.675 0.196875
19 0.775 0.2140625 0.775 0.2390625 0.8109375 0.2390625 0.8109375 0.2140625 0.775 0.2140625