19 0.9984375 0.3546875 0.9984375 0.28503041093750003 0.9116191265625 0.28503041093750003 0.9116191265625 0.3546875 0.9984375 0.3546875
19 0.8953125 0.36875 0.8953125 0.2763422828125 0.82763213125 0.2763422828125 0.82763213125 0.36875 0.8953125 0.36875
19 0.809375 0.35625 0.809375 0.2881396828125 0.7170616625 0.2881396828125 0.7170616625 0.35625 0.809375 0.35625
19 0.6171875 0.3671875 0.6171875 0.2829121234375 0.5576080125 0.2829121234375 0.5576080125 0.3671875 0.6171875 0.3671875
19 0.415625 0.3546875 0.415625 0.297121434375 0.3443057890625 0.297121434375 0.3443057890625 0.3546875 0.415625 0.3546875
19 0.475 0.2955641765625 0.4158871640625 0.2955641765625 0.4158871640625 0.357644715625 0.475 0.357644715625 0.475 0.2955641765625
19 0.703125 0.3703125 0.703125 0.2821570890625 0.64361891875 0.2821570890625 0.64361891875 0.3703125 0.703125 0.3703125
19 0.5390625 0.35625 0.5390625 0.2971424078125 0.47833473125000003 0.2971424078125 0.47833473125000003 0.35625 0.5390625 0.35625
19 0.228125 0.3037017609375 0.1572252515625 0.3037017609375 0.1572252515625 0.355715184375 0.228125 0.355715184375 0.228125 0.3037017609375
19 0.3375 0.3578125 0.3375 0.3096948421875 0.29398070625 0.3096948421875 0.29398070625 0.3578125 0.3375 0.3578125
19 0.2828125 0.3578125 0.2828125 0.3076080109375 0.24304739999999997 0.3076080109375 0.24304739999999997 0.3578125 0.2828125 0.3578125
19 0.4140625 0.0421875 0.4140625 0.0009070890625 0.370448825 0.0009070890625 0.370448825 0.0421875 0.4140625 0.0421875
19 0.6171507968750001 0.009920303125 0.550036703125 0.0099203015625 0.550036703125 0.09632969687500001 0.6171507968750001 0.0963296984375 0.6171507968750001 0.009920303125
19 0.5578125 0.084375 0.5578125 0.0211356953125 0.471623321875 0.0211356953125 0.471623321875 0.084375 0.5578125 0.084375
19 0.4734375 0.0953125 0.4734375 0.0234375 0.42039115000000005 0.0234375 0.42039115000000005 0.0953125 0.4734375 0.0953125
19 0.371875 0.096875 0.4140625 0.096875 0.4140625 0.0453125 0.371875 0.0453125 0.371875 0.096875
19 0.1890625 0.1984375 0.1890625 0.172341653125 0.146570890625 0.172341653125 0.146570890625 0.1984375 0.1890625 0.1984375
19 0.6359375 0.16901740781250002 0.5731700921875 0.16901740781250002 0.5731700921875 0.22942009218749998 0.6359375 0.22942009218749998 0.6359375 0.16901740781250002
19 0.70625 0.2296875 0.70625 0.1709207203125 0.6394242875 0.1709207203125 0.6394242875 0.2296875 0.70625 0.2296875
19 0.3624056203125 0.1689597328125 0.296969378125 0.1689597328125 0.296969378125 0.23104026718749998 0.3624056203125 0.23104026718749998 0.3624056203125 0.1689597328125
19 0.5 0.23125 0.5 0.16996644375 0.432922609375 0.16996644375 0.432922609375 0.23125 0.5 0.23125
19 0.571875 0.2296875 0.571875 0.1705012578125 0.5041421984375 0.1705012578125 0.5041421984375 0.2296875 0.571875 0.2296875
19 0.428125 0.16926384218749999 0.362536703125 0.16926384218749999 0.362536703125 0.2338611578125 0.428125 0.2338611578125 0.428125 0.16926384218749999
19 0.2375 0.2328125 0.2375 0.18254509218749998 0.191516359375 0.18254509218749998 0.191516359375 0.2328125 0.2375 0.2328125
19 0.1375 0.234375 0.1375 0.1831847734375 0.061970428125 0.1831847734375 0.061970428125 0.234375 0.1375 0.234375
19 0 0.234375 0.053125 0.234375 0.053125 0.1859375 0 0.1859375 0 0.234375
19 0.290625 0.18756291875 0.2420197140625 0.18756291875 0.2420197140625 0.23118707968750002 0.290625 0.23118707968750002 0.290625 0.18756291875
19 0.175 0.19695365 0.14852663593749998 0.19695365 0.14852663593749998 0.235544253125 0.175 0.235544253125 0.175 0.19695365