19 0.09375 0.35625 0.09375 0.291015625 0.012890625 0.291015625 0.012890625 0.35625 0.09375 0.35625
19 0.184375 0.294140625 0.096875 0.294140625 0.096875 0.3578125 0.184375 0.3578125 0.184375 0.294140625
19 0.1890625 0.29375 0.1890625 0.3578125 0.275 0.3578125 0.275 0.29375 0.1890625 0.29375
19 0.35625 0.3 0.35625 0.35625 0.4359375 0.35625 0.4359375 0.3 0.35625 0.3
19 0.6234375 0.301953125 0.55625 0.301953125 0.55625 0.3546875 0.6234375 0.3546875 0.6234375 0.301953125
19 0.55625 0.300390625 0.5015625 0.300390625 0.5015625 0.3578125 0.55625 0.3578125 0.55625 0.300390625
19 0.34375 0.3703125 0.34375 0.28828125 0.28828125 0.28828125 0.28828125 0.3703125 0.34375 0.3703125
19 0.440625 0.3015625 0.440625 0.3578125 0.4984375 0.3578125 0.4984375 0.3015625 0.440625 0.3015625
19 0.7875 0.3640625 0.7875 0.29921875 0.740234375 0.29921875 0.740234375 0.3640625 0.7875 0.3640625
19 0.66875 0.3578125 0.66875 0.31328125 0.62890625 0.31328125 0.62890625 0.3578125 0.66875 0.3578125
19 0.7171875 0.3578125 0.7171875 0.311328125 0.6796875 0.311328125 0.6796875 0.3578125 0.7171875 0.3578125
19 0.6015625 0.059375 0.6015625 0.020703125 0.552734375 0.020703125 0.552734375 0.059375 0.6015625 0.059375
19 0.43125 0.034765625 0.36875 0.034765625 0.36875 0.1140625 0.43125 0.1140625 0.43125 0.034765625
19 0.49375 0.1140625 0.49375 0.033984375 0.434765625 0.033984375 0.434765625 0.1140625 0.49375 0.1140625
19 0.559375 0.05546875 0.493359375 0.05546875 0.493359375 0.10625 0.559375 0.10625 0.559375 0.05546875
19 0.558203125 0.0671875 0.558203125 0.115625 0.596875 0.115625 0.596875 0.0671875 0.558203125 0.0671875
19 0.7671875 0.1859375 0.7671875 0.2109375 0.8078125 0.2109375 0.8078125 0.1859375 0.7671875 0.1859375
19 0.4078125 0.18125 0.351953125 0.18125 0.351953125 0.240625 0.4078125 0.240625 0.4078125 0.18125
19 0.2890625 0.18125 0.2890625 0.24375 0.3453125 0.24375 0.3453125 0.18125 0.2890625 0.18125
19 0.6078125 0.18125 0.6078125 0.2421875 0.665625 0.2421875 0.665625 0.18125 0.6078125 0.18125
19 0.5375 0.2421875 0.5375 0.18046875 0.48046875 0.18046875 0.48046875 0.2421875 0.5375 0.2421875
19 0.4734375 0.2390625 0.4734375 0.184765625 0.409765625 0.184765625 0.409765625 0.2390625 0.4734375 0.2390625
19 0.6046875 0.181640625 0.54453125 0.181640625 0.54453125 0.24375 0.6046875 0.24375 0.6046875 0.181640625
19 0.765625 0.194921875 0.72265625 0.194921875 0.72265625 0.240625 0.765625 0.240625 0.765625 0.194921875
19 0.8734375 0.2546875 0.8734375 0.18359375 0.82578125 0.18359375 0.82578125 0.2546875 0.8734375 0.2546875
19 0.89375 0.1984375 0.89375 0.24375 0.9625 0.24375 0.9625 0.1984375 0.89375 0.1984375
19 0.671875 0.2 0.671875 0.240625 0.71875 0.240625 0.71875 0.2 0.671875 0.2
19 0.775 0.2140625 0.775 0.2390625 0.8109375 0.2390625 0.8109375 0.2140625 0.775 0.2140625