19 1 0.28523489999999996 0.9119127515625 0.28523489999999996 0.9119127515625 0.3565436234375 1 0.3565436234375 1 0.28523489999999996
19 0.9093959734375 0.28859060468750003 0.8154362421875 0.28859060468750003 0.8154362421875 0.3582214765625 0.9093959734375 0.3582214765625 0.9093959734375 0.28859060468750003
19 0.8104026843750001 0.28859060468750003 0.7172818796875 0.28859060468750003 0.7172818796875 0.35738254999999997 0.8104026843750001 0.35738254999999997 0.8104026843750001 0.28859060468750003
19 0.6308724828125001 0.2953020140625 0.5453020140625 0.2953020140625 0.5453020140625 0.35570469843749997 0.6308724828125001 0.35570469843749997 0.6308724828125001 0.2953020140625
19 0.4161073828125 0.296979865625 0.34395973125 0.296979865625 0.34395973125 0.354865771875 0.4161073828125 0.354865771875 0.4161073828125 0.296979865625
19 0.47651006718750005 0.296979865625 0.41442952968749996 0.296979865625 0.41442952968749996 0.3565436234375 0.47651006718750005 0.3565436234375 0.47651006718750005 0.296979865625
19 0.7181208046875 0.296979865625 0.6291946312500001 0.296979865625 0.6291946312500001 0.35738254999999997 0.7181208046875 0.35738254999999997 0.7181208046875 0.296979865625
19 0.54026845625 0.296979865625 0.47818791875000005 0.296979865625 0.47818791875000005 0.35738254999999997 0.54026845625 0.35738254999999997 0.54026845625 0.296979865625
19 0.22818791875 0.303691275 0.1568791953125 0.303691275 0.1568791953125 0.35570469843749997 0.22818791875 0.35570469843749997 0.22818791875 0.303691275
19 0.3406040265625 0.31208053750000003 0.291946309375 0.31208053750000003 0.291946309375 0.35570469843749997 0.3406040265625 0.35570469843749997 0.3406040265625 0.31208053750000003
19 0.28859060468750003 0.31208053750000003 0.2382550328125 0.31208053750000003 0.2382550328125 0.35318791875 0.28859060468750003 0.35318791875 0.28859060468750003 0.31208053750000003
19 0.3716442953125 0 0.3716442953125 0.0444630875 0.41442952968749996 0.0444630875 0.41442952968749996 0 0.3716442953125 0
19 0.6174496640625 0.0100671140625 0.5503355703125 0.0100671140625 0.5503355703125 0.09647650937499999 0.6174496640625 0.09647650937499999 0.6174496640625 0.0100671140625
19 0.546979865625 0.0100671140625 0.48238254999999997 0.0100671140625 0.48238254999999997 0.09647650937499999 0.546979865625 0.09647650937499999 0.546979865625 0.0100671140625
19 0.4748322140625 0.0234899328125 0.4203020140625 0.0234899328125 0.4203020140625 0.095637584375 0.4748322140625 0.095637584375 0.4748322140625 0.0234899328125
19 0.41442952968749996 0.0453020140625 0.3716442953125 0.0453020140625 0.3716442953125 0.0973154359375 0.41442952968749996 0.0973154359375 0.41442952968749996 0.0453020140625
19 0.18959731562499998 0.17281879218750001 0.1459731546875 0.17281879218750001 0.1459731546875 0.1996644296875 0.18959731562499998 0.1996644296875 0.18959731562499998 0.17281879218750001
19 0.6375838921875 0.1694630875 0.5729865765625 0.1694630875 0.5729865765625 0.22986577187499999 0.6375838921875 0.22986577187499999 0.6375838921875 0.1694630875
19 0.7063758390625 0.1711409390625 0.6392617453125 0.1711409390625 0.6392617453125 0.23154362343749998 0.7063758390625 0.23154362343749998 0.7063758390625 0.1711409390625
19 0.3624161078125 0.1694630875 0.296979865625 0.1694630875 0.296979865625 0.23154362343749998 0.3624161078125 0.23154362343749998 0.3624161078125 0.1694630875
19 0.5 0.1694630875 0.43288590625 0.1694630875 0.43288590625 0.23154362343749998 0.5 0.23154362343749998 0.5 0.1694630875
19 0.5738255031249999 0.1711409390625 0.5041946312500001 0.1711409390625 0.5041946312500001 0.2307046984375 0.5738255031249999 0.2307046984375 0.5738255031249999 0.1711409390625
19 0.42953020156250005 0.1694630875 0.3624161078125 0.1694630875 0.3624161078125 0.23406040312499998 0.42953020156250005 0.23406040312499998 0.42953020156250005 0.1694630875
19 0.2399328859375 0.1845637578125 0.18959731562499998 0.1845637578125 0.18959731562499998 0.2307046984375 0.2399328859375 0.2307046984375 0.2399328859375 0.1845637578125
19 0.1392617453125 0.18288590625 0.0620805375 0.18288590625 0.0620805375 0.23489932812499997 0.1392617453125 0.23489932812499997 0.1392617453125 0.18288590625
19 0 0.23489932812499997 0.053691275000000004 0.23489932812499997 0.053691275000000004 0.1862416109375 0 0.1862416109375 0 0.23489932812499997
19 0.291946309375 0.1879194625 0.2416107375 0.1879194625 0.2416107375 0.23154362343749998 0.291946309375 0.23154362343749998 0.291946309375 0.1879194625
19 0.181208053125 0.203020134375 0.14261744999999998 0.203020134375 0.14261744999999998 0.22986577187499999 0.181208053125 0.22986577187499999 0.181208053125 0.203020134375