19 0.09453125 0.290625 0.0125 0.290625 0.0125 0.35703125 0.09453125 0.35703125 0.09453125 0.290625
19 0.184375 0.29375 0.096875 0.29375 0.096875 0.35859375 0.184375 0.35859375 0.184375 0.29375
19 0.27578125 0.29375 0.1890625 0.29375 0.1890625 0.3578125 0.27578125 0.3578125 0.27578125 0.29375
19 0.4359375 0.3 0.35625 0.3 0.35625 0.35625 0.4359375 0.35625 0.4359375 0.3
19 0.6234375 0.3015625 0.55625 0.3015625 0.55625 0.35546875 0.6234375 0.35546875 0.6234375 0.3015625
19 0.5578125 0.3015625 0.5 0.3015625 0.5 0.35703125 0.5578125 0.35703125 0.5578125 0.3015625
19 0.3578125 0.3015625 0.275 0.3015625 0.275 0.3578125 0.3578125 0.3578125 0.3578125 0.3015625
19 0.4984375 0.3015625 0.440625 0.3015625 0.440625 0.3578125 0.4984375 0.3578125 0.4984375 0.3015625
19 0.79765625 0.3078125 0.73125 0.3078125 0.73125 0.35625 0.79765625 0.35625 0.79765625 0.3078125
19 0.671875 0.315625 0.6265625 0.315625 0.6265625 0.35625 0.671875 0.35625 0.671875 0.315625
19 0.721875 0.315625 0.675 0.315625 0.675 0.35390625 0.721875 0.35390625 0.721875 0.315625
19 0.59765625 0.015625 0.5578125 0.015625 0.5578125 0.06640625 0.59765625 0.06640625 0.59765625 0.015625
19 0.43125 0.034375 0.36875 0.034375 0.36875 0.11484375 0.43125 0.11484375 0.43125 0.034375
19 0.49453125 0.034375 0.434375 0.034375 0.434375 0.11484375 0.49453125 0.11484375 0.49453125 0.034375
19 0.55234375 0.046875 0.5015625 0.046875 0.5015625 0.1140625 0.55234375 0.1140625 0.55234375 0.046875
19 0.59765625 0.0671875 0.5578125 0.0671875 0.5578125 0.115625 0.59765625 0.115625 0.59765625 0.0671875
19 0.8078125 0.1859375 0.7671875 0.1859375 0.7671875 0.2109375 0.8078125 0.2109375 0.8078125 0.1859375
19 0.41015625 0.1828125 0.35 0.1828125 0.35 0.2390625 0.41015625 0.2390625 0.41015625 0.1828125
19 0.3484375 0.184375 0.2859375 0.184375 0.2859375 0.240625 0.3484375 0.240625 0.3484375 0.184375
19 0.6671875 0.1828125 0.60625 0.1828125 0.60625 0.240625 0.6671875 0.240625 0.6671875 0.1828125
19 0.540625 0.1828125 0.478125 0.1828125 0.478125 0.240625 0.540625 0.240625 0.540625 0.1828125
19 0.47421875 0.184375 0.409375 0.184375 0.409375 0.23984375 0.47421875 0.23984375 0.47421875 0.184375
19 0.60625 0.1828125 0.54375 0.1828125 0.54375 0.24296875 0.60625 0.24296875 0.60625 0.1828125
19 0.7671875 0.196875 0.7203125 0.196875 0.7203125 0.23984375 0.7671875 0.23984375 0.7671875 0.196875
19 0.8859375 0.1953125 0.8140625 0.1953125 0.8140625 0.24375 0.8859375 0.24375 0.8859375 0.1953125
19 0.96328125 0.1984375 0.89375 0.1984375 0.89375 0.24375 0.96328125 0.24375 0.96328125 0.1984375
19 0.71875 0.2 0.671875 0.2 0.671875 0.240625 0.71875 0.240625 0.71875 0.2
19 0.8109375 0.2140625 0.775 0.2140625 0.775 0.2390625 0.8109375 0.2390625 0.8109375 0.2140625