24 0.35234375 0.671875 0.15625 0.671875 0.15625 0.734375 0.35234375 0.734375 0.35234375 0.671875
24 0 0.7265625 0.1625 0.7265625 0.1625 0.6625 0 0.6625 0 0.7265625
24 0.36875 0.6359375 0.171875 0.6359375 0.171875 0.69375 0.36875 0.69375 0.36875 0.6359375
24 0.17734375 0.6265625 0.009375 0.6265625 0.009375 0.68203125 0.17734375 0.68203125 0.17734375 0.6265625
24 0.76328125 0.6984375 0.6359375 0.6984375 0.6359375 0.74296875 0.76328125 0.74296875 0.76328125 0.6984375
24 0.63984375 0.690625 0.50625 0.690625 0.50625 0.7359375 0.63984375 0.7359375 0.63984375 0.690625
24 0.52265625 0.6515625 0.359375 0.6515625 0.359375 0.7046875 0.52265625 0.7046875 0.52265625 0.6515625
24 0.7703125 0.671875 0.64375 0.671875 0.64375 0.71171875 0.7703125 0.71171875 0.7703125 0.671875
24 0.6515625 0.6625 0.5171875 0.6625 0.5171875 0.7046875 0.6515625 0.7046875 0.6515625 0.6625
24 0.77578125 0.6015625 0.659375 0.6015625 0.659375 0.6421875 0.77578125 0.6421875 0.77578125 0.6015625
24 0.61484375 0.6140625 0.4984375 0.6140625 0.4984375 0.64921875 0.61484375 0.64921875 0.61484375 0.6140625
24 0.50625 0.6015625 0.3765625 0.6015625 0.3765625 0.63984375 0.50625 0.63984375 0.50625 0.6015625
24 0.5609375 0.5359375 0.4 0.5359375 0.4 0.58671875 0.5609375 0.58671875 0.5609375 0.5359375
24 0.69375 0.5578125 0.5484375 0.5578125 0.5484375 0.60234375 0.69375 0.60234375 0.69375 0.5578125
24 0.6703125 0.5859375 0.5203125 0.5859375 0.5203125 0.63046875 0.6703125 0.63046875 0.6703125 0.5859375
24 0.790625 0.5765625 0.671875 0.5765625 0.671875 0.61484375 0.790625 0.61484375 0.790625 0.5765625
24 0.5328125 0.56875 0.378125 0.56875 0.378125 0.61171875 0.5328125 0.61171875 0.5328125 0.56875
24 0.4015625 0.5453125 0.196875 0.5453125 0.196875 0.5984375 0.4015625 0.5984375 0.4015625 0.5453125
24 0.415625 0.5109375 0.2171875 0.5109375 0.2171875 0.56484375 0.415625 0.56484375 0.415625 0.5109375
24 0.21171875 0.5265625 0.0484375 0.5265625 0.0484375 0.5796875 0.21171875 0.5796875 0.21171875 0.5265625
24 0.2328125 0.4890625 0.0671875 0.4890625 0.0671875 0.54453125 0.2328125 0.54453125 0.2328125 0.4890625
24 0.24609375 0.575 0.1328125 0.575 0.1328125 0.6171875 0.24609375 0.6171875 0.24609375 0.575
24 0.13515625 0.5671875 0.0375 0.5671875 0.0375 0.6078125 0.13515625 0.6078125 0.13515625 0.5671875
24 0.3875 0.5890625 0.2359375 0.5890625 0.2359375 0.634375 0.3875 0.634375 0.3875 0.5890625
24 0.56796875 0.4765625 0.3984375 0.4765625 0.3984375 0.53203125 0.56796875 0.53203125 0.56796875 0.4765625
24 0.4171875 0.446875 0.209375 0.446875 0.209375 0.50546875 0.4171875 0.50546875 0.4171875 0.446875
24 0.43828125 0.4203125 0.246875 0.4203125 0.246875 0.471875 0.43828125 0.471875 0.43828125 0.4203125
24 0.58984375 0.44375 0.40625 0.44375 0.40625 0.49765625 0.58984375 0.49765625 0.58984375 0.44375
24 0.278125 0.38125 0.1109375 0.38125 0.1109375 0.43984375 0.278125 0.43984375 0.278125 0.38125
24 0.253125 0.425 0.0953125 0.425 0.0953125 0.47890625 0.253125 0.47890625 0.253125 0.425
24 0.71953125 0.4140625 0.6390625 0.4140625 0.6390625 0.4515625 0.71953125 0.4515625 0.71953125 0.4140625
24 0.6578125 0.3984375 0.575 0.3984375 0.575 0.4390625 0.6578125 0.4390625 0.6578125 0.3984375
24 0.59375 0.3796875 0.5046875 0.3796875 0.5046875 0.44453125 0.59375 0.44453125 0.59375 0.3796875
24 0.7546875 0.4421875 0.665625 0.4421875 0.665625 0.47734375 0.7546875 0.47734375 0.7546875 0.4421875
24 0.815625 0.45625 0.7359375 0.45625 0.7359375 0.48984375 0.815625 0.48984375 0.815625 0.45625
24 0.83671875 0.3546875 0.75 0.3546875 0.75 0.4 0.83671875 0.4 0.83671875 0.3546875
24 0.77109375 0.340625 0.684375 0.340625 0.684375 0.3859375 0.77109375 0.3859375 0.77109375 0.340625
24 0.728125 0.31875 0.640625 0.31875 0.640625 0.36953125 0.728125 0.36953125 0.728125 0.31875
24 0.6625 0.290625 0.5484375 0.290625 0.5484375 0.3578125 0.6625 0.3578125 0.6625 0.290625
24 0.5734375 0.2734375 0.4859375 0.2734375 0.4859375 0.33828125 0.5734375 0.33828125 0.5734375 0.2734375
24 0.515625 0.2765625 0.396875 0.2765625 0.396875 0.33671875 0.515625 0.33671875 0.515625 0.2765625
24 0.5234375 0.2421875 0.4140625 0.2421875 0.4140625 0.2875 0.5234375 0.2875 0.5234375 0.2421875
24 0.428125 0.2234375 0.31875 0.2234375 0.31875 0.26875 0.428125 0.26875 0.428125 0.2234375
24 0.3359375 0.2125 0.209375 0.2125 0.209375 0.28203125 0.3359375 0.28203125 0.3359375 0.2125
24 0.41640625 0.25625 0.303125 0.25625 0.303125 0.3125 0.41640625 0.3125 0.41640625 0.25625
24 0.7015625 0.1140625 0.5828125 0.1140625 0.5828125 0.17421875 0.7015625 0.17421875 0.7015625 0.1140625
24 0.62109375 0.040625 0.4765625 0.040625 0.4765625 0.13046875 0.62109375 0.13046875 0.62109375 0.040625
24 0.815625 0.1640625 0.696875 0.1640625 0.696875 0.22421875 0.815625 0.22421875 0.815625 0.1640625
24 0.7625 0.121875 0.6796875 0.121875 0.6796875 0.178125 0.7625 0.178125 0.7625 0.121875
24 0.84921875 0.2828125 0.7796875 0.2828125 0.7796875 0.33828125 0.84921875 0.33828125 0.84921875 0.2828125
24 0.80625 0.2625 0.721875 0.2625 0.721875 0.31875 0.80625 0.31875 0.80625 0.2625
24 0.75 0.2421875 0.665625 0.2421875 0.665625 0.2984375 0.75 0.2984375 0.75 0.2421875
24 0.690625 0.2203125 0.60625 0.2203125 0.60625 0.2765625 0.690625 0.2765625 0.690625 0.2203125
24 0.625 0.190625 0.5359375 0.190625 0.5359375 0.25546875 0.625 0.25546875 0.625 0.190625
24 0.55703125 0.1640625 0.4609375 0.1640625 0.4609375 0.23046875 0.55703125 0.23046875 0.55703125 0.1640625
24 0.48203125 0.134375 0.38125 0.134375 0.38125 0.20078125 0.48203125 0.20078125 0.48203125 0.134375
24 0.41328125 0.0921875 0.284375 0.0921875 0.284375 0.16640625 0.41328125 0.16640625 0.41328125 0.0921875
24 0.70859375 0.50625 0.5546875 0.50625 0.5546875 0.5546875 0.70859375 0.5546875 0.70859375 0.50625
24 0.71015625 0.4765625 0.5671875 0.4765625 0.5671875 0.5234375 0.71015625 0.5234375 0.71015625 0.4765625
24 0.82109375 0.5265625 0.69375 0.5265625 0.69375 0.57109375 0.82109375 0.57109375 0.82109375 0.5265625
24 0.82265625 0.5015625 0.7 0.5015625 0.7 0.54140625 0.82265625 0.54140625 0.82265625 0.5015625