24 0.223046875 0.6046875 0.223046875 0.80078125 0.284375 0.80078125 0.284375 0.6046875 0.223046875 0.6046875
24 0 0.7265625 0.1625 0.7265625 0.1625 0.6625 0 0.6625 0 0.7265625
24 0.171875 0.6359375 0.171875 0.69375 0.36875 0.69375 0.36875 0.6359375 0.171875 0.6359375
24 0.1765625 0.68125 0.1765625 0.6265625 0.009765625 0.6265625 0.009765625 0.68125 0.1765625 0.68125
24 0.7625 0.7421875 0.7625 0.698046875 0.636328125 0.698046875 0.636328125 0.7421875 0.7625 0.7421875
24 0.5953125 0.64609375 0.550390625 0.64609375 0.550390625 0.7796875 0.5953125 0.7796875 0.5953125 0.64609375
24 0.359375 0.6515625 0.359375 0.7046875 0.521875 0.7046875 0.521875 0.6515625 0.359375 0.6515625
24 0.7265625 0.7546875 0.7265625 0.628515625 0.6875 0.628515625 0.6875 0.7546875 0.7265625 0.7546875
24 0.5171875 0.6625 0.5171875 0.7046875 0.6515625 0.7046875 0.6515625 0.6625 0.5171875 0.6625
24 0.7375 0.5640625 0.697265625 0.5640625 0.697265625 0.6796875 0.7375 0.6796875 0.7375 0.5640625
24 0.5734375 0.6890625 0.5734375 0.573046875 0.539453125 0.573046875 0.539453125 0.6890625 0.5734375 0.6890625
24 0.50625 0.601171875 0.3765625 0.601171875 0.3765625 0.6390625 0.50625 0.6390625 0.50625 0.601171875
24 0.50546875 0.640625 0.50546875 0.480859375 0.4546875 0.480859375 0.4546875 0.640625 0.50546875 0.640625
24 0.64375 0.507421875 0.59921875 0.507421875 0.59921875 0.6515625 0.64375 0.6515625 0.64375 0.507421875
24 0.6171875 0.6828125 0.6171875 0.533203125 0.5734375 0.533203125 0.5734375 0.6828125 0.6171875 0.6828125
24 0.790625 0.576171875 0.671875 0.576171875 0.671875 0.6140625 0.790625 0.6140625 0.790625 0.576171875
24 0.5328125 0.569140625 0.378125 0.569140625 0.378125 0.6109375 0.5328125 0.6109375 0.5328125 0.569140625
24 0.325 0.6734375 0.325 0.46953125 0.27265625 0.46953125 0.27265625 0.6734375 0.325 0.6734375
24 0.34296875 0.6359375 0.34296875 0.438671875 0.2890625 0.438671875 0.2890625 0.6359375 0.34296875 0.6359375
24 0.048828125 0.5265625 0.048828125 0.5796875 0.2109375 0.5796875 0.2109375 0.5265625 0.048828125 0.5265625
24 0.0671875 0.4890625 0.0671875 0.54375 0.2328125 0.54375 0.2328125 0.4890625 0.0671875 0.4890625
24 0.132421875 0.575 0.132421875 0.6171875 0.2453125 0.6171875 0.2453125 0.575 0.132421875 0.575
24 0.10625 0.5390625 0.066015625 0.5390625 0.066015625 0.6359375 0.10625 0.6359375 0.10625 0.5390625
24 0.2359375 0.5890625 0.2359375 0.634375 0.3875 0.634375 0.3875 0.5890625 0.2359375 0.5890625
24 0.5671875 0.53125 0.5671875 0.476953125 0.398046875 0.476953125 0.398046875 0.53125 0.5671875 0.53125
24 0.3421875 0.5796875 0.3421875 0.372265625 0.284375 0.372265625 0.284375 0.5796875 0.3421875 0.5796875
24 0.316796875 0.35 0.316796875 0.540625 0.3671875 0.540625 0.3671875 0.35 0.316796875 0.35
24 0.5890625 0.496875 0.5890625 0.444140625 0.405859375 0.444140625 0.405859375 0.496875 0.5890625 0.496875
24 0.278125 0.380859375 0.1109375 0.380859375 0.1109375 0.4390625 0.278125 0.4390625 0.278125 0.380859375
24 0.2 0.5296875 0.2 0.373046875 0.146875 0.373046875 0.146875 0.5296875 0.2 0.5296875
24 0.639453125 0.4140625 0.639453125 0.4515625 0.71875 0.4515625 0.71875 0.4140625 0.639453125 0.4140625
24 0.6359375 0.459375 0.6359375 0.37734375 0.59609375 0.37734375 0.59609375 0.459375 0.6359375 0.459375
24 0.58125 0.367578125 0.5171875 0.367578125 0.5171875 0.45625 0.58125 0.45625 0.58125 0.367578125
24 0.72734375 0.503125 0.72734375 0.415234375 0.6921875 0.415234375 0.6921875 0.503125 0.72734375 0.503125
24 0.7921875 0.5125 0.7921875 0.433203125 0.759375 0.433203125 0.759375 0.5125 0.7921875 0.5125
24 0.749609375 0.3546875 0.749609375 0.4 0.8359375 0.4 0.8359375 0.3546875 0.749609375 0.3546875
24 0.684765625 0.340625 0.684765625 0.3859375 0.7703125 0.3859375 0.7703125 0.340625 0.684765625 0.340625
24 0.640625 0.31875 0.640625 0.36875 0.728125 0.36875 0.728125 0.31875 0.640625 0.31875
24 0.5484375 0.290625 0.5484375 0.3578125 0.6625 0.3578125 0.6625 0.290625 0.5484375 0.290625
24 0.5609375 0.3484375 0.5609375 0.262109375 0.49765625 0.262109375 0.49765625 0.3484375 0.5609375 0.3484375
24 0.4859375 0.365625 0.4859375 0.247265625 0.4265625 0.247265625 0.4265625 0.365625 0.4859375 0.365625
24 0.4140625 0.2421875 0.4140625 0.2875 0.5234375 0.2875 0.5234375 0.2421875 0.4140625 0.2421875
24 0.31875 0.2234375 0.31875 0.26875 0.428125 0.26875 0.428125 0.2234375 0.31875 0.2234375
24 0.3359375 0.212890625 0.209375 0.212890625 0.209375 0.28125 0.3359375 0.28125 0.3359375 0.212890625
24 0.303515625 0.25625 0.303515625 0.3125 0.415625 0.3125 0.415625 0.25625 0.303515625 0.25625
24 0.671875 0.203125 0.671875 0.084765625 0.6125 0.084765625 0.6125 0.203125 0.671875 0.203125
24 0.6203125 0.1296875 0.6203125 0.040234375 0.476171875 0.040234375 0.476171875 0.1296875 0.6203125 0.1296875
24 0.7859375 0.253125 0.7859375 0.134765625 0.7265625 0.134765625 0.7265625 0.253125 0.7859375 0.253125
24 0.7484375 0.190625 0.7484375 0.10859375 0.69296875 0.10859375 0.69296875 0.190625 0.7484375 0.190625
24 0.840625 0.3453125 0.840625 0.276171875 0.787109375 0.276171875 0.787109375 0.3453125 0.840625 0.3453125
24 0.7359375 0.2484375 0.7359375 0.3328125 0.7921875 0.3328125 0.7921875 0.2484375 0.7359375 0.2484375
24 0.665625 0.2421875 0.665625 0.2984375 0.75 0.2984375 0.75 0.2421875 0.665625 0.2421875
24 0.60625 0.2203125 0.60625 0.2765625 0.690625 0.2765625 0.690625 0.2203125 0.60625 0.2203125
24 0.625 0.191015625 0.5359375 0.191015625 0.5359375 0.2546875 0.625 0.2546875 0.625 0.191015625
24 0.541796875 0.24375 0.541796875 0.148828125 0.475390625 0.148828125 0.475390625 0.24375 0.541796875 0.24375
24 0.3984375 0.2171875 0.4640625 0.2171875 0.4640625 0.117578125 0.3984375 0.117578125 0.3984375 0.2171875
24 0.384375 0.1921875 0.384375 0.064453125 0.312109375 0.064453125 0.312109375 0.1921875 0.384375 0.1921875
24 0.607421875 0.453125 0.607421875 0.60703125 0.6546875 0.60703125 0.6546875 0.453125 0.607421875 0.453125
24 0.6609375 0.5703125 0.6609375 0.42890625 0.615234375 0.42890625 0.615234375 0.5703125 0.6609375 0.5703125
24 0.7796875 0.484765625 0.735546875 0.484765625 0.735546875 0.612109375 0.7796875 0.612109375 0.7796875 0.484765625
24 0.7 0.540625 0.821875 0.540625 0.821875 0.5015625 0.7 0.5015625 0.7 0.540625