24 0.223046875 0.6046875 0.223046875 0.80078125 0.284375 0.80078125 0.284375 0.6046875 0.223046875 0.6046875
24 0 0.7265625 0.1625 0.7265625 0.1625 0.6625 0 0.6625 0 0.7265625
24 0.2984375 0.7625 0.2984375 0.56640625 0.24140625 0.56640625 0.24140625 0.7625 0.2984375 0.7625
24 0.1765625 0.68125 0.1765625 0.6265625 0.009765625 0.6265625 0.009765625 0.68125 0.1765625 0.68125
24 0.721484375 0.7828125 0.721484375 0.656640625 0.676953125 0.656640625 0.676953125 0.7828125 0.721484375 0.7828125
24 0.506640625 0.690625 0.506640625 0.7359375 0.6390625 0.7359375 0.6390625 0.690625 0.506640625 0.690625
24 0.414453125 0.596875 0.414453125 0.759375 0.4671875 0.759375 0.4671875 0.596875 0.414453125 0.596875
24 0.7703125 0.671484375 0.64375 0.671484375 0.64375 0.7109375 0.7703125 0.7109375 0.7703125 0.671484375
24 0.6046875 0.75 0.6046875 0.61640625 0.56328125 0.61640625 0.56328125 0.75 0.6046875 0.75
24 0.659375 0.6015625 0.659375 0.6421875 0.775 0.6421875 0.775 0.6015625 0.659375 0.6015625
24 0.5734375 0.6890625 0.5734375 0.573046875 0.539453125 0.573046875 0.539453125 0.6890625 0.5734375 0.6890625
24 0.46015625 0.684375 0.46015625 0.555859375 0.421875 0.555859375 0.421875 0.684375 0.46015625 0.684375
24 0.50625 0.480859375 0.45546875 0.480859375 0.45546875 0.640625 0.50625 0.640625 0.50625 0.480859375
24 0.64296875 0.6515625 0.64296875 0.507421875 0.5984375 0.507421875 0.5984375 0.6515625 0.64296875 0.6515625
24 0.6171875 0.6828125 0.6171875 0.533203125 0.5734375 0.533203125 0.5734375 0.6828125 0.6171875 0.6828125
24 0.75 0.536328125 0.71171875 0.536328125 0.71171875 0.6546875 0.75 0.6546875 0.75 0.536328125
24 0.4765625 0.6671875 0.4765625 0.512890625 0.434375 0.512890625 0.434375 0.6671875 0.4765625 0.6671875
24 0.325 0.6734375 0.325 0.46953125 0.27265625 0.46953125 0.27265625 0.6734375 0.325 0.6734375
24 0.415625 0.510546875 0.2171875 0.510546875 0.2171875 0.5640625 0.415625 0.5640625 0.415625 0.510546875
24 0.048828125 0.5265625 0.048828125 0.5796875 0.2109375 0.5796875 0.2109375 0.5265625 0.048828125 0.5265625
24 0.1765625 0.5984375 0.1765625 0.433984375 0.121875 0.433984375 0.121875 0.5984375 0.1765625 0.5984375
24 0.133203125 0.575 0.133203125 0.6171875 0.2453125 0.6171875 0.2453125 0.575 0.133203125 0.575
24 0.10625 0.5390625 0.066015625 0.5390625 0.066015625 0.6359375 0.10625 0.6359375 0.10625 0.5390625
24 0.2359375 0.5890625 0.2359375 0.634375 0.3875 0.634375 0.3875 0.5890625 0.2359375 0.5890625
24 0.5671875 0.53125 0.5671875 0.476953125 0.398046875 0.476953125 0.398046875 0.53125 0.5671875 0.53125
24 0.3421875 0.372265625 0.28359375 0.372265625 0.28359375 0.5796875 0.3421875 0.5796875 0.3421875 0.372265625
24 0.246875 0.4203125 0.246875 0.471875 0.4375 0.471875 0.4375 0.4203125 0.246875 0.4203125
24 0.5890625 0.496875 0.5890625 0.444140625 0.405859375 0.444140625 0.405859375 0.496875 0.5890625 0.496875
24 0.278125 0.381640625 0.1109375 0.381640625 0.1109375 0.4390625 0.278125 0.4390625 0.278125 0.381640625
24 0.2 0.5296875 0.2 0.373046875 0.14765625 0.373046875 0.14765625 0.5296875 0.2 0.5296875
24 0.639453125 0.4140625 0.639453125 0.4515625 0.71875 0.4515625 0.71875 0.4140625 0.639453125 0.4140625
24 0.6359375 0.459375 0.6359375 0.37734375 0.59609375 0.37734375 0.59609375 0.459375 0.6359375 0.459375
24 0.58125 0.45625 0.58125 0.367578125 0.5171875 0.367578125 0.5171875 0.45625 0.58125 0.45625
24 0.728125 0.415234375 0.69296875 0.415234375 0.69296875 0.503125 0.728125 0.503125 0.728125 0.415234375
24 0.815625 0.455859375 0.7359375 0.455859375 0.7359375 0.4890625 0.815625 0.4890625 0.815625 0.455859375
24 0.750390625 0.3546875 0.750390625 0.4 0.8359375 0.4 0.8359375 0.3546875 0.750390625 0.3546875
24 0.684765625 0.340625 0.684765625 0.3859375 0.7703125 0.3859375 0.7703125 0.340625 0.684765625 0.340625
24 0.728125 0.319140625 0.640625 0.319140625 0.640625 0.36875 0.728125 0.36875 0.728125 0.319140625
24 0.571875 0.2671875 0.571875 0.38125 0.6390625 0.38125 0.6390625 0.2671875 0.571875 0.2671875
24 0.5609375 0.3484375 0.5609375 0.262109375 0.49765625 0.262109375 0.49765625 0.3484375 0.5609375 0.3484375
24 0.515625 0.276171875 0.396875 0.276171875 0.396875 0.3359375 0.515625 0.3359375 0.515625 0.276171875
24 0.490625 0.31875 0.490625 0.21015625 0.44609375 0.21015625 0.44609375 0.31875 0.490625 0.31875
24 0.3953125 0.3 0.3953125 0.19140625 0.35078125 0.19140625 0.35078125 0.3 0.3953125 0.3
24 0.3359375 0.212890625 0.209375 0.212890625 0.209375 0.28125 0.3359375 0.28125 0.3359375 0.212890625
24 0.3875 0.228125 0.331640625 0.228125 0.331640625 0.340625 0.3875 0.340625 0.3875 0.228125
24 0.671875 0.084765625 0.61171875 0.084765625 0.61171875 0.203125 0.671875 0.203125 0.671875 0.084765625
24 0.59375 0.012890625 0.504296875 0.012890625 0.504296875 0.157421875 0.59375 0.157421875 0.59375 0.012890625
24 0.7859375 0.134765625 0.72578125 0.134765625 0.72578125 0.253125 0.7859375 0.253125 0.7859375 0.134765625
24 0.6796875 0.121875 0.6796875 0.178125 0.7625 0.178125 0.7625 0.121875 0.6796875 0.121875
24 0.840625 0.3453125 0.840625 0.276171875 0.787109375 0.276171875 0.787109375 0.3453125 0.840625 0.3453125
24 0.7359375 0.2484375 0.7359375 0.3328125 0.7921875 0.3328125 0.7921875 0.2484375 0.7359375 0.2484375
24 0.665625 0.2421875 0.665625 0.2984375 0.75 0.2984375 0.75 0.2421875 0.665625 0.2421875
24 0.6203125 0.20625 0.6203125 0.290625 0.6765625 0.290625 0.6765625 0.20625 0.6203125 0.20625
24 0.6125 0.178515625 0.54765625 0.178515625 0.54765625 0.2671875 0.6125 0.2671875 0.6125 0.178515625
24 0.541796875 0.24375 0.541796875 0.148828125 0.475390625 0.148828125 0.475390625 0.24375 0.541796875 0.24375
24 0.3984375 0.2171875 0.4640625 0.2171875 0.4640625 0.117578125 0.3984375 0.117578125 0.3984375 0.2171875
24 0.4125 0.165625 0.4125 0.092578125 0.284765625 0.092578125 0.284765625 0.165625 0.4125 0.165625
24 0.6546875 0.45390625 0.607421875 0.45390625 0.607421875 0.6078125 0.6546875 0.6078125 0.6546875 0.45390625
24 0.567578125 0.4765625 0.567578125 0.5234375 0.709375 0.5234375 0.709375 0.4765625 0.567578125 0.4765625
24 0.779296875 0.6125 0.779296875 0.485546875 0.734765625 0.485546875 0.734765625 0.6125 0.779296875 0.6125
24 0.7 0.540625 0.821875 0.540625 0.821875 0.5015625 0.7 0.5015625 0.7 0.540625