24 0.6796875 1 0.6796875 0.7303443984375 0.6314905921875 0.7303443984375 0.6314905921875 1 0.6796875 1
24 0 0.9984375 0.4109375 0.9984375 0.4109375 0.9790143812500001 0 0.9790143812500001 0 0.9984375
24 0.85 0.934375 0.85 0.8373296937499999 0.39567744375 0.8373296937499999 0.39567744375 0.934375 0.85 0.934375
24 0.2421875 1 0.2421875 0.707174525 0.1594588015625 0.707174525 0.1594588015625 1 0.2421875 1
24 0.221875 1 0.221875 0.7610726640625 0.176335425 0.7610726640625 0.176335425 1 0.221875 1
24 0.965625 1 0.965625 0.9122458906249999 0.9125 0.9122458906249999 0.9125 1 0.965625 1
24 0.9734375 0.9828125 0.9734375 0.8190554734375001 0.8601238109375 0.8190554734375001 0.8601238109375 0.9828125 0.9734375 0.9828125
24 0.5359375 0.26875 0.5359375 0.1875 0.3885083265625 0.1875 0.3885083265625 0.26875 0.5359375 0.26875
24 0.425 0.1037278328125 0.3359375 0.1037278328125 0.3359375 0.3009596671875 0.425 0.3009596671875 0.425 0.1037278328125
24 0.175 0.259375 0.175 0.19669928750000001 0.0329719921875 0.19669928750000001 0.0329719921875 0.259375 0.175 0.259375
24 0.24375 0.2671875 0.24375 0.197464315625 0.08768923125 0.197464315625 0.08768923125 0.2671875 0.24375 0.2671875
24 0.1625 0.2609375 0.3015625 0.2609375 0.3015625 0.19042495625 0.1625 0.19042495625 0.1625 0.2609375
24 0.3875 0.2578125 0.3875 0.183369378125 0.223605103125 0.183369378125 0.223605103125 0.2578125 0.3875 0.2578125
24 1 0.1680552546875 0.890871 0.1680552546875 0.890871 0.203125 1 0.203125 1 0.1680552546875