24 0.6796875 1 0.6796875 0.7303443984375 0.6314905921875 0.7303443984375 0.6314905921875 1 0.6796875 1
24 0.215625 1 0.215625 0.7841046703125001 0.1953125 0.7841046703125001 0.1953125 1 0.215625 1
24 0.671875 1 0.671875 0.6596858765625 0.5743539156249999 0.6596858765625 0.5743539156249999 1 0.671875 1
24 0.2421875 1 0.2421875 0.707174525 0.1594588015625 0.707174525 0.1594588015625 1 0.2421875 1
24 0.221875 1 0.221875 0.7610726640625 0.176335425 0.7610726640625 0.176335425 1 0.221875 1
24 0.965625 1 0.965625 0.9122458906249999 0.9125 0.9122458906249999 0.9125 1 0.965625 1
24 0.9734375 0.9828125 0.9734375 0.819352834375 0.8613294781249999 0.819352834375 0.8613294781249999 0.9828125 0.9734375 0.9828125
24 0.5359375 0.26875 0.5359375 0.1875 0.3885083265625 0.1875 0.3885083265625 0.26875 0.5359375 0.26875
24 0.425 0.1038846234375 0.337091803125 0.1038846234375 0.337091803125 0.30111645781249996 0.425 0.30111645781249996 0.425 0.1038846234375
24 0.0328125 0.259375 0.175 0.259375 0.175 0.1960342796875 0.0328125 0.1960342796875 0.0328125 0.259375
24 0.2015625 0.309375 0.2015625 0.1538657 0.1299578296875 0.1538657 0.1299578296875 0.309375 0.2015625 0.309375
24 0.1625 0.2609375 0.3015625 0.2609375 0.3015625 0.18933282812500002 0.1625 0.18933282812500002 0.1625 0.2609375
24 0.3875 0.2578125 0.3875 0.1834126296875 0.2227616796875 0.1834126296875 0.2227616796875 0.2578125 0.3875 0.2578125
24 1 0.1680552546875 0.890871 0.1680552546875 0.890871 0.203125 1 0.203125 1 0.1680552546875