24 0.9013840828124999 1 0.9013840828124999 0.95155709375 0.4100346015625 0.95155709375 0.4100346015625 1 0.9013840828124999 1
24 0.41176470624999995 1 0.41176470624999995 0.9792387546875 0 0.9792387546875 0 1 0.41176470624999995 1
24 0.8512110734375 0.8373702421875 0.396193771875 0.8373702421875 0.396193771875 0.9359861593750001 0.8512110734375 0.9359861593750001 0.8512110734375 0.8373702421875
24 0 0.9506920421875 0.40311418750000005 0.9506920421875 0.40311418750000005 0.86678200625 0 0.86678200625 0 0.9506920421875
24 0 0.9844290656249999 0.3996539796875 0.9844290656249999 0.3996539796875 0.9377162625000001 0 0.9377162625000001 0 0.9844290656249999
24 1 0.9463667812500001 0.8788927328125 0.9463667812500001 0.8788927328125 1 1 1 1 0.9463667812500001
24 1 0.8442906578124999 0.8356401390625001 0.8442906578124999 0.8356401390625001 0.958477509375 1 0.958477509375 1 0.8442906578124999
24 0.5034602078125 0.1539792390625 0.4212802765625 0.1539792390625 0.4212802765625 0.302768165625 0.5034602078125 0.302768165625 0.5034602078125 0.1539792390625
24 0.4256055359375 0.103806228125 0.336505190625 0.103806228125 0.336505190625 0.3010380625 0.4256055359375 0.3010380625 0.4256055359375 0.103806228125
24 0.1366782 0.157439446875 0.0717993078125 0.157439446875 0.0717993078125 0.3001730109375 0.1366782 0.3001730109375 0.1366782 0.157439446875
24 0.2024221453125 0.1539792390625 0.1306228375 0.1539792390625 0.1306228375 0.31141868437500003 0.2024221453125 0.31141868437500003 0.2024221453125 0.1539792390625
24 0.26816609062499996 0.15570934218750002 0.19636678125 0.15570934218750002 0.19636678125 0.2958477515625 0.26816609062499996 0.2958477515625 0.26816609062499996 0.15570934218750002
24 0.3442906578125 0.1384083046875 0.26816609062499996 0.1384083046875 0.26816609062499996 0.3044982703125 0.3442906578125 0.3044982703125 0.3442906578125 0.1384083046875
24 1 0.095155709375 0.9636678203125 0.095155709375 0.9636678203125 0.2776816609375 1 0.2776816609375 1 0.095155709375