5 0.17578125 0.1390625 0.0484375 0.1390625 0.0484375 0.2234375 0.17578125 0.2234375 0.17578125 0.1390625
5 0.4234375 0.14375 0.303125 0.14375 0.303125 0.228125 0.4234375 0.228125 0.4234375 0.14375
5 0.56953125 0.15625 0.425 0.15625 0.425 0.240625 0.56953125 0.240625 0.56953125 0.15625
5 0.7328125 0.1734375 0.6078125 0.1734375 0.6078125 0.24765625 0.7328125 0.24765625 0.7328125 0.1734375
5 0.8671875 0.1828125 0.746875 0.1828125 0.746875 0.259375 0.8671875 0.259375 0.8671875 0.1828125
5 0.99375 0.1828125 0.8828125 0.1828125 0.8828125 0.26953125 0.99375 0.26953125 0.99375 0.1828125
5 0.45 0 0.45 0.0578125 0.5703125 0.0578125 0.5703125 0 0.45 0
5 0.771875 0 0.771875 0.0578125 0.8875 0.0578125 0.8875 0 0.771875 0
5 0.3125 0 0.3125 0.0671875 0.44453125 0.0671875 0.44453125 0 0.3125 0
5 0.9078125 0 0.9078125 0.071875 1 0.071875 1 0 0.9078125 0
5 0.1796875 0 0.1796875 0.0796875 0.30703125 0.0796875 0.30703125 0 0.1796875 0
5 0.45 0.403125 0.334375 0.403125 0.334375 0.4828125 0.45 0.4828125 0.45 0.403125
5 0 0.49453125 0.09375 0.49453125 0.09375 0.403125 0 0.403125 0 0.49453125
5 0.56484375 0.4171875 0.446875 0.4171875 0.446875 0.496875 0.56484375 0.496875 0.56484375 0.4171875
5 0.325 0.415625 0.23125 0.415625 0.23125 0.509375 0.325 0.509375 0.325 0.415625
5 0.2328125 0.4234375 0.0984375 0.4234375 0.0984375 0.50546875 0.2328125 0.50546875 0.2328125 0.4234375
5 0.7125 0.440625 0.5921875 0.440625 0.5921875 0.503125 0.7125 0.503125 0.7125 0.440625
5 0.8609375 0.45 0.7359375 0.45 0.7359375 0.51484375 0.8609375 0.51484375 0.8609375 0.45
5 0.984375 0.4578125 0.86875 0.4578125 0.86875 0.525 0.984375 0.525 0.984375 0.4578125
5 0.3265625 0.5625 0.2328125 0.5625 0.2328125 0.6390625 0.3265625 0.6390625 0.3265625 0.5625
5 0.44453125 0.5625 0.3265625 0.5625 0.3265625 0.646875 0.44453125 0.646875 0.44453125 0.5625
5 0.55234375 0.5734375 0.4515625 0.5734375 0.4515625 0.64765625 0.55234375 0.64765625 0.55234375 0.5734375
5 0 0.6640625 0.1 0.6640625 0.1 0.5875 0 0.5875 0 0.6640625
5 0.23125 0.5890625 0.1015625 0.5890625 0.1015625 0.678125 0.23125 0.678125 0.23125 0.5890625
5 0.70234375 0.6109375 0.584375 0.6109375 0.584375 0.68046875 0.70234375 0.68046875 0.70234375 0.6109375
5 0.83671875 0.6171875 0.7234375 0.6171875 0.7234375 0.69140625 0.83671875 0.69140625 0.83671875 0.6171875
5 0.97109375 0.6296875 0.8484375 0.6296875 0.8484375 0.68984375 0.97109375 0.68984375 0.97109375 0.6296875