5 0.79375 0.1296875 0.79375 0.0553540953125 0.767456803125 0.0553540953125 0.767456803125 0.1296875 0.79375 0.1296875
5 0.6703125 0.1328125 0.690625 0.1328125 0.690625 0.064910409375 0.6703125 0.064910409375 0.6703125 0.1328125
5 0.5921875 0.1140625 0.5921875 0.088355909375 0.50410889375 0.088355909375 0.50410889375 0.1140625 0.5921875 0.1140625
5 0.4515625 0.1453125 0.4515625 0.06448912031250001 0.42474935937499997 0.06448912031250001 0.42474935937499997 0.1453125 0.4515625 0.1453125
5 0.3296875 0.14375 0.3296875 0.070528478125 0.3067912765625 0.070528478125 0.3067912765625 0.14375 0.3296875 0.14375
5 0.8001146546875001 0 0.8001146546875001 0.0546875 0.821875 0.0546875 0.821875 0 0.8001146546875001 0
5 0.965625 0.028125 0.965625 0.0000159984375 0.879319540625 0.0000159984375 0.879319540625 0.028125 0.965625 0.028125
5 0.60625 0.025 0.60625 0.0015625 0.5156436640625001 0.0015625 0.5156436640625001 0.025 0.60625 0.025
5 0.660321565625 0 0.660321565625 0.0640625 0.6890625 0.0640625 0.6890625 0 0.660321565625 0
5 0.4292688765625 0 0.4292688765625 0.0671875 0.4546875 0.0671875 0.4546875 0 0.4292688765625 0
5 0.3734375 0.006521971875 0.299530715625 0.0065219703125 0.299530715625 0.027853028125000002 0.3734375 0.027853029687500003 0.3734375 0.006521971875
5 0.1832577859375 0 0.1832577859375 0.059375 0.2078125 0.059375 0.2078125 0 0.1832577859375 0
5 0.07356815312500001 0 0.07356815312500001 0.0671875 0.1 0.0671875 0.1 0 0.07356815312500001 0
5 0 0.034375 0.0234375 0.034375 0.0234375 0.0140625 0 0.0140625 0 0.034375