5 0.819112628125 0.080204778125 0.7431740609374999 0.080204778125 0.7431740609374999 0.10665529062500001 0.819112628125 0.10665529062500001 0.819112628125 0.080204778125
5 0.715017065625 0.0887372015625 0.6467576796875 0.0887372015625 0.6467576796875 0.110068259375 0.715017065625 0.110068259375 0.715017065625 0.0887372015625
5 0.5938566546875 0.0887372015625 0.5042662109375 0.0887372015625 0.5042662109375 0.11518771406249999 0.5938566546875 0.11518771406249999 0.5938566546875 0.0887372015625
5 0.47952218437500005 0.09044368593749999 0.3984641640625 0.09044368593749999 0.3984641640625 0.119453925 0.47952218437500005 0.119453925 0.47952218437500005 0.09044368593749999
5 0.3549488046875 0.095563140625 0.28156996562500003 0.095563140625 0.28156996562500003 0.119453925 0.3549488046875 0.119453925 0.3549488046875 0.095563140625
5 0.7679180890625 0 0.7679180890625 0.023037542187500003 0.8549488046875 0.023037542187500003 0.8549488046875 0 0.7679180890625 0
5 0.8788395906250001 0 0.8788395906250001 0.028156996875 0.9658703078125 0.028156996875 0.9658703078125 0 0.8788395906250001 0
5 0.6075085328125 0.0017064843749999999 0.5153583625 0.0017064843749999999 0.5153583625 0.025597270312499996 0.6075085328125 0.025597270312499996 0.6075085328125 0.0017064843749999999
5 0.625426621875 0 0.625426621875 0.02986348125 0.7252559734374999 0.02986348125 0.7252559734374999 0 0.625426621875 0
5 0.4948805453125 0.0017064843749999999 0.38993174062499997 0.0017064843749999999 0.38993174062499997 0.028156996875 0.4948805453125 0.028156996875 0.4948805453125 0.0017064843749999999
5 0.37542662187500003 0.0068259390625 0.2994880546875 0.0068259390625 0.2994880546875 0.028156996875 0.37542662187500003 0.028156996875 0.37542662187500003 0.0068259390625
5 0.2337883953125 0.0085324234375 0.1578498296875 0.0085324234375 0.1578498296875 0.034982934375000004 0.2337883953125 0.034982934375000004 0.2337883953125 0.0085324234375
5 0.1348122859375 0.0085324234375 0.0401023890625 0.0085324234375 0.0401023890625 0.034982934375000004 0.1348122859375 0.034982934375000004 0.1348122859375 0.0085324234375
5 0 0.034982934375000004 0.023890784374999998 0.034982934375000004 0.023890784374999998 0.013651876562500002 0 0.013651876562500002 0 0.034982934375000004