5 0.153125 0.24375 0.153125 0.11796875 0.069921875 0.11796875 0.069921875 0.24375 0.153125 0.24375
5 0.4046875 0.2453125 0.4046875 0.12578125 0.32109375 0.12578125 0.32109375 0.2453125 0.4046875 0.2453125
5 0.455078125 0.1265625 0.455078125 0.2703125 0.5390625 0.2703125 0.5390625 0.1265625 0.455078125 0.1265625
5 0.70625 0.271875 0.70625 0.148046875 0.6328125 0.148046875 0.6328125 0.271875 0.70625 0.271875
5 0.76875 0.1609375 0.76875 0.28125 0.8453125 0.28125 0.8453125 0.1609375 0.76875 0.1609375
5 0.99375 0.183203125 0.8828125 0.183203125 0.8828125 0.26875 0.99375 0.26875 0.99375 0.183203125
5 0.48125 0 0.48125 0.0890625 0.5390625 0.0890625 0.5390625 0 0.48125 0
5 0.771875 0 0.771875 0.0578125 0.8875 0.0578125 0.8875 0 0.771875 0
5 0.312890625 0 0.312890625 0.0671875 0.44375 0.0671875 0.44375 0 0.312890625 0
5 0.91796875 0 0.91796875 0.08125 0.9890625 0.08125 0.9890625 0 0.91796875 0
5 0.1796875 0 0.1796875 0.0796875 0.30625 0.0796875 0.30625 0 0.1796875 0
5 0.334375 0.403125 0.334375 0.4828125 0.45 0.4828125 0.45 0.403125 0.334375 0.403125
5 0.0921875 0.401953125 0.0015625 0.401953125 0.0015625 0.4953125 0.0921875 0.4953125 0.0921875 0.401953125
5 0.5453125 0.515625 0.5453125 0.3984375 0.466015625 0.3984375 0.466015625 0.515625 0.5453125 0.515625
5 0.23125 0.415625 0.23125 0.509375 0.325 0.509375 0.325 0.415625 0.23125 0.415625
5 0.2328125 0.423828125 0.0984375 0.423828125 0.0984375 0.5046875 0.2328125 0.5046875 0.2328125 0.423828125
5 0.6828125 0.53125 0.6828125 0.41171875 0.62109375 0.41171875 0.62109375 0.53125 0.6828125 0.53125
5 0.8609375 0.449609375 0.7359375 0.449609375 0.7359375 0.5140625 0.8609375 0.5140625 0.8609375 0.449609375
5 0.86875 0.4578125 0.86875 0.525 0.984375 0.525 0.984375 0.4578125 0.86875 0.4578125
5 0.3171875 0.646875 0.3171875 0.55390625 0.24140625 0.55390625 0.24140625 0.646875 0.3171875 0.646875
5 0.4265625 0.6625 0.4265625 0.54609375 0.343359375 0.54609375 0.343359375 0.6625 0.4265625 0.6625
5 0.5375 0.559765625 0.464453125 0.559765625 0.464453125 0.660546875 0.5375 0.660546875 0.5375 0.559765625
5 0 0.6640625 0.1 0.6640625 0.1 0.5875 0 0.5875 0 0.6640625
5 0.1015625 0.5890625 0.1015625 0.678125 0.23125 0.678125 0.23125 0.5890625 0.1015625 0.5890625
5 0.7015625 0.6796875 0.7015625 0.611328125 0.584765625 0.611328125 0.584765625 0.6796875 0.7015625 0.6796875
5 0.8359375 0.690625 0.8359375 0.617578125 0.723046875 0.617578125 0.723046875 0.690625 0.8359375 0.690625
5 0.9703125 0.6890625 0.9703125 0.630078125 0.848828125 0.630078125 0.848828125 0.6890625 0.9703125 0.6890625