5 0.4453125 0.6328125 0.4453125 0.665625 0.5125 0.665625 0.5125 0.6328125 0.4453125 0.6328125
5 0.384375 0.6671875 0.44375 0.6671875 0.44375 0.630078125 0.384375 0.630078125 0.384375 0.6671875
5 0.365625 0.68125 0.365625 0.61953125 0.33046875 0.61953125 0.33046875 0.68125 0.365625 0.68125
5 0.3140625 0.671875 0.3140625 0.634375 0.255078125 0.634375 0.255078125 0.671875 0.3140625 0.671875
5 0.565234375 0.6421875 0.565234375 0.678125 0.6296875 0.678125 0.6296875 0.6421875 0.565234375 0.6421875
5 0.171875 0.6859375 0.240625 0.6859375 0.240625 0.644140625 0.171875 0.644140625 0.171875 0.6859375
5 0.9515625 0.6890625 0.9515625 0.651953125 0.870703125 0.651953125 0.870703125 0.6890625 0.9515625 0.6890625
5 0.803125 0.666015625 0.7234375 0.666015625 0.7234375 0.7078125 0.803125 0.7078125 0.803125 0.666015625
5 0.1375 0.1109375 0.1375 0.03046875 0.093359375 0.03046875 0.093359375 0.1109375 0.1375 0.1109375
5 0.6328125 0.721875 0.6328125 0.7625 0.71875 0.7625 0.71875 0.721875 0.6328125 0.721875
5 0.0828125 0.061328125 0.0203125 0.061328125 0.0203125 0.0984375 0.0828125 0.0984375 0.0828125 0.061328125
5 0.5265625 0.8609375 0.5265625 0.77734375 0.48203125 0.77734375 0.48203125 0.8609375 0.5265625 0.8609375
5 0.6046875 0.8640625 0.6046875 0.777734375 0.562890625 0.777734375 0.562890625 0.8640625 0.6046875 0.8640625
5 0.380078125 0.7984375 0.380078125 0.84375 0.465625 0.84375 0.465625 0.7984375 0.380078125 0.7984375
5 0.35625 0.859375 0.35625 0.7859375 0.314453125 0.7859375 0.314453125 0.859375 0.35625 0.859375
5 0.196875 0.86875 0.196875 0.785546875 0.16484375 0.785546875 0.16484375 0.86875 0.196875 0.86875
5 0.221875 0.8078125 0.221875 0.8484375 0.2984375 0.8484375 0.2984375 0.8078125 0.221875 0.8078125
5 0.0640625 0.815625 0.0640625 0.8515625 0.14375 0.8515625 0.14375 0.815625 0.0640625 0.815625
5 0.9140625 0.859375 0.9140625 0.8953125 0.99375 0.8953125 0.99375 0.859375 0.9140625 0.859375
5 0.860546875 0.8484375 0.860546875 0.9125 0.9 0.9125 0.9 0.8484375 0.860546875 0.8484375
5 0.8296875 0.848828125 0.7921875 0.848828125 0.7921875 0.9203125 0.8296875 0.9203125 0.8296875 0.848828125
5 0.6453125 0.1046875 0.6453125 0.072265625 0.564453125 0.072265625 0.564453125 0.1046875 0.6453125 0.1046875
5 0.7609375 0.846484375 0.71796875 0.846484375 0.71796875 0.9390625 0.7609375 0.9390625 0.7609375 0.846484375
5 0.6265625 0.915625 0.6265625 0.8734375 0.545703125 0.8734375 0.545703125 0.915625 0.6265625 0.915625
5 0.6453125 0.859375 0.6453125 0.9359375 0.68125 0.9359375 0.68125 0.859375 0.6453125 0.859375
5 0.2859375 0.8578125 0.241015625 0.8578125 0.241015625 0.94375 0.2859375 0.94375 0.2859375 0.8578125
5 0.5296875 0.9421875 0.5296875 0.858984375 0.48828125 0.858984375 0.48828125 0.9421875 0.5296875 0.9421875
5 0.380078125 0.8796875 0.380078125 0.925 0.465625 0.925 0.465625 0.8796875 0.380078125 0.8796875
5 0.303125 0.8828125 0.303125 0.9234375 0.3828125 0.9234375 0.3828125 0.8828125 0.303125 0.8828125
5 0.203125 0.9421875 0.203125 0.86328125 0.16328125 0.86328125 0.16328125 0.9421875 0.203125 0.9421875
5 0.082421875 0.865625 0.082421875 0.946875 0.1296875 0.946875 0.1296875 0.865625 0.082421875 0.865625
5 0.9984375 0.1171875 0.9984375 0.074609375 0.924609375 0.074609375 0.924609375 0.1171875 0.9984375 0.1171875
5 0.5171875 0.134375 0.5171875 0.0609375 0.483984375 0.0609375 0.483984375 0.134375 0.5171875 0.134375
5 0.828125 0.0671875 0.828125 0.1390625 0.859375 0.1390625 0.859375 0.0671875 0.828125 0.0671875
5 0.0078125 0.1609375 0.0078125 0.2015625 0.096875 0.2015625 0.096875 0.1609375 0.0078125 0.1609375
5 0.1640625 0.141015625 0.121875 0.141015625 0.121875 0.2296875 0.1640625 0.2296875 0.1640625 0.141015625
5 0.183984375 0.16875 0.183984375 0.209375 0.2703125 0.209375 0.2703125 0.16875 0.183984375 0.16875
5 0.91875 0.1796875 0.91875 0.2125 0.9953125 0.2125 0.9953125 0.1796875 0.91875 0.1796875
5 0.9140625 0.215625 0.9140625 0.178515625 0.832421875 0.178515625 0.832421875 0.215625 0.9140625 0.215625
5 0.3609375 0.195703125 0.2765625 0.195703125 0.2765625 0.228125 0.3609375 0.228125 0.3609375 0.195703125
5 0.7953125 0.197265625 0.71875 0.197265625 0.71875 0.2296875 0.7953125 0.2296875 0.7953125 0.197265625
5 0.5765625 0.199609375 0.5046875 0.199609375 0.5046875 0.2328125 0.5765625 0.2328125 0.5765625 0.199609375
5 0.725 0.2359375 0.725 0.198046875 0.651953125 0.198046875 0.651953125 0.2359375 0.725 0.2359375
5 0.653125 0.2390625 0.653125 0.196484375 0.580078125 0.196484375 0.580078125 0.2390625 0.653125 0.2390625
5 0.4234375 0.20625 0.4234375 0.24375 0.4953125 0.24375 0.4953125 0.20625 0.4234375 0.20625
5 0.404296875 0.25625 0.404296875 0.192578125 0.375390625 0.192578125 0.375390625 0.25625 0.404296875 0.25625
5 0.9109375 0.3015625 0.996875 0.3015625 0.996875 0.264453125 0.9109375 0.264453125 0.9109375 0.3015625
5 0.893359375 0.3265625 0.893359375 0.240234375 0.855078125 0.240234375 0.855078125 0.3265625 0.893359375 0.3265625
5 0.0125 0.265625 0.0125 0.303125 0.096875 0.303125 0.096875 0.265625 0.0125 0.265625
5 0.165234375 0.3296875 0.165234375 0.243359375 0.126953125 0.243359375 0.126953125 0.3296875 0.165234375 0.3296875
5 0.80625 0.3265625 0.80625 0.2453125 0.768359375 0.2453125 0.768359375 0.3265625 0.80625 0.3265625
5 0.2515625 0.243359375 0.21796875 0.243359375 0.21796875 0.3265625 0.2515625 0.3265625 0.2515625 0.243359375
5 0.7046875 0.259765625 0.67109375 0.259765625 0.67109375 0.3359375 0.7046875 0.3359375 0.7046875 0.259765625
5 0.55625 0.3359375 0.55625 0.260546875 0.52890625 0.260546875 0.52890625 0.3359375 0.55625 0.3359375
5 0.579296875 0.28125 0.579296875 0.3171875 0.6484375 0.3171875 0.6484375 0.28125 0.579296875 0.28125
5 0.359375 0.29375 0.359375 0.3203125 0.428125 0.3203125 0.428125 0.29375 0.359375 0.29375
5 0.4828125 0.34375 0.4828125 0.273046875 0.45 0.273046875 0.45 0.34375 0.4828125 0.34375
5 0.6421875 0.45 0.6421875 0.374609375 0.60546875 0.374609375 0.60546875 0.45 0.6421875 0.45
5 0.4421875 0.394140625 0.3703125 0.394140625 0.3703125 0.43125 0.4421875 0.43125 0.4421875 0.394140625
5 0.584375 0.393359375 0.5078125 0.393359375 0.5078125 0.4359375 0.584375 0.4359375 0.584375 0.393359375
5 0.196875 0.4546875 0.196875 0.37578125 0.15703125 0.37578125 0.15703125 0.4546875 0.196875 0.4546875
5 0.74375 0.3953125 0.74375 0.4359375 0.8203125 0.4359375 0.8203125 0.3953125 0.74375 0.3953125
5 0.4359375 0.4359375 0.509375 0.4359375 0.509375 0.394140625 0.4359375 0.394140625 0.4359375 0.4359375
5 0.35 0.4515625 0.35 0.378125 0.307421875 0.378125 0.307421875 0.4515625 0.35 0.4515625
5 0.0546875 0.434375 0.140625 0.434375 0.140625 0.396875 0.0546875 0.396875 0.0546875 0.434375
5 0.2734375 0.376953125 0.23125 0.376953125 0.23125 0.45625 0.2734375 0.45625 0.2734375 0.376953125
5 0.240625 0.0875 0.240625 0.00703125 0.196484375 0.00703125 0.196484375 0.0875 0.240625 0.0875
5 0.3453125 0.0671875 0.3453125 0.030078125 0.259765625 0.030078125 0.259765625 0.0671875 0.3453125 0.0671875
5 0.815625 0.465234375 0.7484375 0.465234375 0.7484375 0.4984375 0.815625 0.4984375 0.815625 0.465234375
5 0.64375 0.5296875 0.64375 0.45078125 0.60390625 0.45078125 0.60390625 0.5296875 0.64375 0.5296875
5 0.871875 0.528125 0.871875 0.452734375 0.83515625 0.452734375 0.83515625 0.528125 0.871875 0.528125
5 0.7125 0.5296875 0.7125 0.451171875 0.67578125 0.451171875 0.67578125 0.5296875 0.7125 0.5296875
5 0.56875 0.53125 0.56875 0.45546875 0.52890625 0.45546875 0.52890625 0.53125 0.56875 0.53125
5 0.3 0.5140625 0.36875 0.5140625 0.36875 0.476953125 0.3 0.476953125 0.3 0.5140625
5 0.372265625 0.471875 0.372265625 0.5203125 0.4359375 0.5203125 0.4359375 0.471875 0.372265625 0.471875
5 0.4390625 0.4765625 0.4390625 0.5171875 0.5109375 0.5171875 0.5109375 0.4765625 0.4390625 0.4765625
5 0.2765625 0.534375 0.2765625 0.45859375 0.23671875 0.45859375 0.23671875 0.534375 0.2765625 0.534375
5 0.1421875 0.4765625 0.1421875 0.5171875 0.21875 0.5171875 0.21875 0.4765625 0.1421875 0.4765625
5 0.898046875 0.5640625 0.898046875 0.6453125 0.9328125 0.6453125 0.9328125 0.5640625 0.898046875 0.5640625
5 0.346875 0.0390625 0.346875 0.0875 0.43125 0.0875 0.43125 0.0390625 0.346875 0.0390625