5 0.5125 0.6328125 0.4453125 0.6328125 0.4453125 0.66640625 0.5125 0.66640625 0.5125 0.6328125
5 0.44453125 0.6296875 0.384375 0.6296875 0.384375 0.66796875 0.44453125 0.66796875 0.44453125 0.6296875
5 0.3796875 0.6328125 0.3171875 0.6328125 0.3171875 0.66875 0.3796875 0.66875 0.3796875 0.6328125
5 0.31484375 0.634375 0.2546875 0.634375 0.2546875 0.67265625 0.31484375 0.67265625 0.31484375 0.634375
5 0.63046875 0.6421875 0.565625 0.6421875 0.565625 0.678125 0.63046875 0.678125 0.63046875 0.6421875
5 0.24140625 0.64375 0.171875 0.64375 0.171875 0.68671875 0.24140625 0.68671875 0.24140625 0.64375
5 0.95234375 0.6515625 0.8703125 0.6515625 0.8703125 0.68984375 0.95234375 0.68984375 0.95234375 0.6515625
5 0.803125 0.665625 0.7234375 0.665625 0.7234375 0.70859375 0.803125 0.70859375 0.803125 0.665625
5 0.15703125 0.0484375 0.075 0.0484375 0.075 0.09375 0.15703125 0.09375 0.15703125 0.0484375
5 0.71953125 0.721875 0.6328125 0.721875 0.6328125 0.7625 0.71953125 0.7625 0.71953125 0.721875
5 0.0828125 0.0609375 0.0203125 0.0609375 0.0203125 0.09921875 0.0828125 0.09921875 0.0828125 0.0609375
5 0.546875 0.796875 0.4625 0.796875 0.4625 0.8421875 0.546875 0.8421875 0.546875 0.796875
5 0.62734375 0.8 0.540625 0.8 0.540625 0.84296875 0.62734375 0.84296875 0.62734375 0.8
5 0.46640625 0.7984375 0.3796875 0.7984375 0.3796875 0.84375 0.46640625 0.84375 0.46640625 0.7984375
5 0.37265625 0.8015625 0.2984375 0.8015625 0.2984375 0.84453125 0.37265625 0.84453125 0.37265625 0.8015625
5 0.2234375 0.8109375 0.1390625 0.8109375 0.1390625 0.84453125 0.2234375 0.84453125 0.2234375 0.8109375
5 0.2984375 0.8078125 0.221875 0.8078125 0.221875 0.8484375 0.2984375 0.8484375 0.2984375 0.8078125
5 0.14375 0.815625 0.0640625 0.815625 0.0640625 0.8515625 0.14375 0.8515625 0.14375 0.815625
5 0.99375 0.859375 0.9140625 0.859375 0.9140625 0.8953125 0.99375 0.8953125 0.99375 0.859375
5 0.91328125 0.8609375 0.8484375 0.8609375 0.8484375 0.9015625 0.91328125 0.9015625 0.91328125 0.8609375
5 0.846875 0.865625 0.775 0.865625 0.775 0.90390625 0.846875 0.90390625 0.846875 0.865625
5 0.64609375 0.071875 0.5640625 0.071875 0.5640625 0.10546875 0.64609375 0.10546875 0.64609375 0.071875
5 0.7859375 0.871875 0.6921875 0.871875 0.6921875 0.91484375 0.7859375 0.91484375 0.7859375 0.871875
5 0.62734375 0.8734375 0.5453125 0.8734375 0.5453125 0.91640625 0.62734375 0.91640625 0.62734375 0.8734375
5 0.7015625 0.8796875 0.625 0.8796875 0.625 0.915625 0.7015625 0.915625 0.7015625 0.8796875
5 0.30703125 0.878125 0.2203125 0.878125 0.2203125 0.9234375 0.30703125 0.9234375 0.30703125 0.878125
5 0.5515625 0.8796875 0.4671875 0.8796875 0.4671875 0.92265625 0.5515625 0.92265625 0.5515625 0.8796875
5 0.46640625 0.8796875 0.3796875 0.8796875 0.3796875 0.925 0.46640625 0.925 0.46640625 0.8796875
5 0.3828125 0.8828125 0.303125 0.8828125 0.303125 0.9234375 0.3828125 0.9234375 0.3828125 0.8828125
5 0.2234375 0.8828125 0.14375 0.8828125 0.14375 0.9234375 0.2234375 0.9234375 0.2234375 0.8828125
5 0.14765625 0.8828125 0.065625 0.8828125 0.065625 0.93125 0.14765625 0.93125 0.14765625 0.8828125
5 0.99921875 0.075 0.925 0.075 0.925 0.11796875 0.99921875 0.11796875 0.99921875 0.075
5 0.53828125 0.08125 0.4640625 0.08125 0.4640625 0.11484375 0.53828125 0.11484375 0.53828125 0.08125
5 0.8796875 0.0875 0.8078125 0.0875 0.8078125 0.11875 0.8796875 0.11875 0.8796875 0.0875
5 0.096875 0.1609375 0.0078125 0.1609375 0.0078125 0.2015625 0.096875 0.2015625 0.096875 0.1609375
5 0.1875 0.1640625 0.0984375 0.1640625 0.0984375 0.20703125 0.1875 0.20703125 0.1875 0.1640625
5 0.27109375 0.16875 0.184375 0.16875 0.184375 0.209375 0.27109375 0.209375 0.27109375 0.16875
5 0.9953125 0.1796875 0.91875 0.1796875 0.91875 0.21328125 0.9953125 0.21328125 0.9953125 0.1796875
5 0.91484375 0.178125 0.8328125 0.178125 0.8328125 0.21640625 0.91484375 0.21640625 0.91484375 0.178125
5 0.3609375 0.1953125 0.2765625 0.1953125 0.2765625 0.22890625 0.3609375 0.22890625 0.3609375 0.1953125
5 0.7953125 0.196875 0.71875 0.196875 0.71875 0.23046875 0.7953125 0.23046875 0.7953125 0.196875
5 0.5765625 0.2 0.5046875 0.2 0.5046875 0.23359375 0.5765625 0.23359375 0.5765625 0.2
5 0.72578125 0.1984375 0.6515625 0.1984375 0.6515625 0.23671875 0.72578125 0.23671875 0.72578125 0.1984375
5 0.65390625 0.196875 0.5796875 0.196875 0.5796875 0.23984375 0.65390625 0.23984375 0.65390625 0.196875
5 0.4953125 0.20625 0.4234375 0.20625 0.4234375 0.24453125 0.4953125 0.24453125 0.4953125 0.20625
5 0.42265625 0.2109375 0.3578125 0.2109375 0.3578125 0.23984375 0.42265625 0.23984375 0.42265625 0.2109375
5 0.99765625 0.2640625 0.9109375 0.2640625 0.9109375 0.30234375 0.99765625 0.30234375 0.99765625 0.2640625
5 0.91796875 0.2640625 0.83125 0.2640625 0.83125 0.30234375 0.91796875 0.30234375 0.91796875 0.2640625
5 0.096875 0.265625 0.0125 0.265625 0.0125 0.30390625 0.096875 0.30390625 0.096875 0.265625
5 0.18984375 0.2671875 0.103125 0.2671875 0.103125 0.30546875 0.18984375 0.30546875 0.18984375 0.2671875
5 0.82890625 0.2671875 0.746875 0.2671875 0.746875 0.30546875 0.82890625 0.30546875 0.82890625 0.2671875
5 0.2765625 0.26875 0.1921875 0.26875 0.1921875 0.30234375 0.2765625 0.30234375 0.2765625 0.26875
5 0.7265625 0.28125 0.65 0.28125 0.65 0.31484375 0.7265625 0.31484375 0.7265625 0.28125
5 0.58125 0.284375 0.5046875 0.284375 0.5046875 0.31328125 0.58125 0.31328125 0.58125 0.284375
5 0.64921875 0.28125 0.5796875 0.28125 0.5796875 0.3171875 0.64921875 0.3171875 0.64921875 0.28125
5 0.42890625 0.29375 0.359375 0.29375 0.359375 0.3203125 0.42890625 0.3203125 0.42890625 0.29375
5 0.503125 0.2921875 0.43125 0.2921875 0.43125 0.32578125 0.503125 0.32578125 0.503125 0.2921875
5 0.6625 0.39375 0.5859375 0.39375 0.5859375 0.43203125 0.6625 0.43203125 0.6625 0.39375
5 0.4421875 0.39375 0.3703125 0.39375 0.3703125 0.43203125 0.4421875 0.43203125 0.4421875 0.39375
5 0.584375 0.39375 0.5078125 0.39375 0.5078125 0.43671875 0.584375 0.43671875 0.584375 0.39375
5 0.2171875 0.3953125 0.1375 0.3953125 0.1375 0.4359375 0.2171875 0.4359375 0.2171875 0.3953125
5 0.8203125 0.3953125 0.74375 0.3953125 0.74375 0.4359375 0.8203125 0.4359375 0.8203125 0.3953125
5 0.51015625 0.39375 0.4359375 0.39375 0.4359375 0.43671875 0.51015625 0.43671875 0.51015625 0.39375
5 0.36640625 0.39375 0.2921875 0.39375 0.2921875 0.43671875 0.36640625 0.43671875 0.36640625 0.39375
5 0.14140625 0.396875 0.0546875 0.396875 0.0546875 0.43515625 0.14140625 0.43515625 0.14140625 0.396875
5 0.2921875 0.3953125 0.2125 0.3953125 0.2125 0.43828125 0.2921875 0.43828125 0.2921875 0.3953125
5 0.26015625 0.025 0.178125 0.025 0.178125 0.0703125 0.26015625 0.0703125 0.26015625 0.025
5 0.34609375 0.0296875 0.259375 0.0296875 0.259375 0.06796875 0.34609375 0.06796875 0.34609375 0.0296875
5 0.815625 0.465625 0.7484375 0.465625 0.7484375 0.49921875 0.815625 0.49921875 0.815625 0.465625
5 0.6640625 0.4703125 0.584375 0.4703125 0.584375 0.5109375 0.6640625 0.5109375 0.6640625 0.4703125
5 0.8921875 0.471875 0.815625 0.471875 0.815625 0.51015625 0.8921875 0.51015625 0.8921875 0.471875
5 0.734375 0.471875 0.6546875 0.471875 0.6546875 0.51015625 0.734375 0.51015625 0.734375 0.471875
5 0.5875 0.4734375 0.5109375 0.4734375 0.5109375 0.5140625 0.5875 0.5140625 0.5875 0.4734375
5 0.36953125 0.4765625 0.3 0.4765625 0.3 0.51484375 0.36953125 0.51484375 0.36953125 0.4765625
5 0.43671875 0.471875 0.371875 0.471875 0.371875 0.5203125 0.43671875 0.5203125 0.43671875 0.471875
5 0.5109375 0.4765625 0.4390625 0.4765625 0.4390625 0.5171875 0.5109375 0.5171875 0.5109375 0.4765625
5 0.2953125 0.4765625 0.21875 0.4765625 0.21875 0.5171875 0.2953125 0.5171875 0.2953125 0.4765625
5 0.21875 0.4765625 0.1421875 0.4765625 0.1421875 0.5171875 0.21875 0.5171875 0.21875 0.4765625
5 0.95703125 0.5875 0.875 0.5875 0.875 0.6234375 0.95703125 0.6234375 0.95703125 0.5875
5 0.43125 0.0390625 0.346875 0.0390625 0.346875 0.0875 0.43125 0.0875 0.43125 0.0390625