5 0.4953125 0.616015625 0.4625 0.616015625 0.4625 0.6828125 0.4953125 0.6828125 0.4953125 0.616015625
5 0.4328125 0.678125 0.4328125 0.619140625 0.395703125 0.619140625 0.395703125 0.678125 0.4328125 0.678125
5 0.3171875 0.6328125 0.3171875 0.66875 0.3796875 0.66875 0.3796875 0.6328125 0.3171875 0.6328125
5 0.3140625 0.671875 0.3140625 0.634375 0.255078125 0.634375 0.255078125 0.671875 0.3140625 0.671875
5 0.565234375 0.6421875 0.565234375 0.678125 0.6296875 0.678125 0.6296875 0.6421875 0.565234375 0.6421875
5 0.228125 0.6984375 0.228125 0.630859375 0.185546875 0.630859375 0.185546875 0.6984375 0.228125 0.6984375
5 0.9515625 0.6890625 0.9515625 0.651953125 0.870703125 0.651953125 0.870703125 0.6890625 0.9515625 0.6890625
5 0.784375 0.647265625 0.74140625 0.647265625 0.74140625 0.7265625 0.784375 0.7265625 0.784375 0.647265625
5 0.075390625 0.0484375 0.075390625 0.09375 0.15625 0.09375 0.15625 0.0484375 0.075390625 0.0484375
5 0.6328125 0.721875 0.6328125 0.7625 0.71875 0.7625 0.71875 0.721875 0.6328125 0.721875
5 0.0828125 0.061328125 0.0203125 0.061328125 0.0203125 0.0984375 0.0828125 0.0984375 0.0828125 0.061328125
5 0.4625 0.796875 0.4625 0.8421875 0.546875 0.8421875 0.546875 0.796875 0.4625 0.796875
5 0.6046875 0.8640625 0.6046875 0.777734375 0.562890625 0.777734375 0.562890625 0.8640625 0.6046875 0.8640625
5 0.3796875 0.7984375 0.3796875 0.84375 0.465625 0.84375 0.465625 0.7984375 0.3796875 0.7984375
5 0.2984375 0.84375 0.371875 0.84375 0.371875 0.8015625 0.2984375 0.8015625 0.2984375 0.84375
5 0.2234375 0.811328125 0.1390625 0.811328125 0.1390625 0.84375 0.2234375 0.84375 0.2234375 0.811328125
5 0.221875 0.8078125 0.221875 0.8484375 0.2984375 0.8484375 0.2984375 0.8078125 0.221875 0.8078125
5 0.0859375 0.79375 0.0859375 0.8734375 0.121875 0.8734375 0.121875 0.79375 0.0859375 0.79375
5 0.9140625 0.859375 0.9140625 0.8953125 0.99375 0.8953125 0.99375 0.859375 0.9140625 0.859375
5 0.848828125 0.8609375 0.848828125 0.9015625 0.9125 0.9015625 0.9125 0.8609375 0.848828125 0.8609375
5 0.846875 0.866015625 0.775 0.866015625 0.775 0.903125 0.846875 0.903125 0.846875 0.866015625
5 0.621484375 0.1296875 0.621484375 0.048046875 0.587890625 0.048046875 0.587890625 0.1296875 0.621484375 0.1296875
5 0.7859375 0.872265625 0.6921875 0.872265625 0.6921875 0.9140625 0.7859375 0.9140625 0.7859375 0.872265625
5 0.60625 0.9359375 0.60625 0.854296875 0.565234375 0.854296875 0.565234375 0.9359375 0.60625 0.9359375
5 0.625 0.8796875 0.625 0.915625 0.7015625 0.915625 0.7015625 0.8796875 0.625 0.8796875
5 0.220703125 0.878125 0.220703125 0.9234375 0.30625 0.9234375 0.30625 0.878125 0.220703125 0.878125
5 0.4671875 0.8796875 0.4671875 0.921875 0.5515625 0.921875 0.5515625 0.8796875 0.4671875 0.8796875
5 0.400390625 0.859375 0.400390625 0.9453125 0.4453125 0.9453125 0.4453125 0.859375 0.400390625 0.859375
5 0.303125 0.8828125 0.303125 0.9234375 0.3828125 0.9234375 0.3828125 0.8828125 0.303125 0.8828125
5 0.14375 0.8828125 0.14375 0.9234375 0.2234375 0.9234375 0.2234375 0.8828125 0.14375 0.8828125
5 0.082421875 0.865625 0.082421875 0.946875 0.1296875 0.946875 0.1296875 0.865625 0.082421875 0.865625
5 0.9984375 0.1171875 0.9984375 0.074609375 0.924609375 0.074609375 0.924609375 0.1171875 0.9984375 0.1171875
5 0.5375 0.1140625 0.5375 0.080859375 0.464453125 0.080859375 0.464453125 0.1140625 0.5375 0.1140625
5 0.828125 0.0671875 0.828125 0.1390625 0.859375 0.1390625 0.859375 0.0671875 0.828125 0.0671875
5 0.071875 0.225 0.071875 0.13671875 0.03203125 0.13671875 0.03203125 0.225 0.071875 0.225
5 0.0984375 0.1640625 0.0984375 0.20625 0.1875 0.20625 0.1875 0.1640625 0.0984375 0.1640625
5 0.207421875 0.1453125 0.207421875 0.23203125 0.246875 0.23203125 0.246875 0.1453125 0.207421875 0.1453125
5 0.9734375 0.158203125 0.940625 0.158203125 0.940625 0.234375 0.9734375 0.234375 0.9734375 0.158203125
5 0.8546875 0.2375 0.8921875 0.2375 0.8921875 0.155859375 0.8546875 0.155859375 0.8546875 0.2375
5 0.2765625 0.1953125 0.2765625 0.228125 0.3609375 0.228125 0.3609375 0.1953125 0.2765625 0.1953125
5 0.7953125 0.197265625 0.71875 0.197265625 0.71875 0.2296875 0.7953125 0.2296875 0.7953125 0.197265625
5 0.5765625 0.200390625 0.5046875 0.200390625 0.5046875 0.2328125 0.5765625 0.2328125 0.5765625 0.200390625
5 0.707421875 0.253125 0.707421875 0.180078125 0.669140625 0.180078125 0.669140625 0.253125 0.707421875 0.253125
5 0.6375 0.2546875 0.6375 0.18125 0.594921875 0.18125 0.594921875 0.2546875 0.6375 0.2546875
5 0.478125 0.2609375 0.478125 0.189453125 0.440625 0.189453125 0.440625 0.2609375 0.478125 0.2609375
5 0.3578125 0.2390625 0.421875 0.2390625 0.421875 0.211328125 0.3578125 0.211328125 0.3578125 0.2390625
5 0.996875 0.3015625 0.996875 0.263671875 0.911328125 0.263671875 0.911328125 0.3015625 0.996875 0.3015625
5 0.89375 0.239453125 0.855859375 0.239453125 0.855859375 0.326171875 0.89375 0.326171875 0.89375 0.239453125
5 0.0734375 0.3265625 0.0734375 0.242578125 0.0359375 0.242578125 0.0359375 0.3265625 0.0734375 0.3265625
5 0.165625 0.242578125 0.127734375 0.242578125 0.127734375 0.329296875 0.165625 0.329296875 0.165625 0.242578125
5 0.828125 0.3046875 0.828125 0.266796875 0.747265625 0.266796875 0.747265625 0.3046875 0.828125 0.3046875
5 0.2515625 0.243359375 0.21796875 0.243359375 0.21796875 0.3265625 0.2515625 0.3265625 0.2515625 0.243359375
5 0.7046875 0.259765625 0.67109375 0.259765625 0.67109375 0.3359375 0.7046875 0.3359375 0.7046875 0.259765625
5 0.5046875 0.284375 0.5046875 0.3125 0.58125 0.3125 0.58125 0.284375 0.5046875 0.284375
5 0.596484375 0.2640625 0.596484375 0.33359375 0.63125 0.33359375 0.63125 0.2640625 0.596484375 0.2640625
5 0.359375 0.29375 0.359375 0.3203125 0.428125 0.3203125 0.428125 0.29375 0.359375 0.29375
5 0.503125 0.292578125 0.43125 0.292578125 0.43125 0.325 0.503125 0.325 0.503125 0.292578125
5 0.6421875 0.45 0.6421875 0.374609375 0.6046875 0.374609375 0.6046875 0.45 0.6421875 0.45
5 0.425 0.4484375 0.425 0.376953125 0.3875 0.376953125 0.3875 0.4484375 0.425 0.4484375
5 0.5671875 0.376953125 0.52421875 0.376953125 0.52421875 0.453125 0.5671875 0.453125 0.5671875 0.376953125
5 0.1375 0.3953125 0.1375 0.4359375 0.2171875 0.4359375 0.2171875 0.3953125 0.1375 0.3953125
5 0.8015625 0.453125 0.8015625 0.37734375 0.76171875 0.37734375 0.76171875 0.453125 0.8015625 0.453125
5 0.49375 0.4515625 0.49375 0.378125 0.451171875 0.378125 0.451171875 0.4515625 0.49375 0.4515625
5 0.35 0.4515625 0.35 0.378515625 0.308203125 0.378515625 0.308203125 0.4515625 0.35 0.4515625
5 0.140625 0.434375 0.140625 0.397265625 0.055078125 0.397265625 0.055078125 0.434375 0.140625 0.434375
5 0.2734375 0.376953125 0.23125 0.376953125 0.23125 0.45625 0.2734375 0.45625 0.2734375 0.376953125
5 0.178125 0.025 0.178125 0.0703125 0.259375 0.0703125 0.259375 0.025 0.178125 0.025
5 0.321875 0.005078125 0.283984375 0.005078125 0.283984375 0.091796875 0.321875 0.091796875 0.321875 0.005078125
5 0.7984375 0.515625 0.7984375 0.448828125 0.765625 0.448828125 0.765625 0.515625 0.7984375 0.515625
5 0.64375 0.5296875 0.64375 0.45078125 0.60390625 0.45078125 0.60390625 0.5296875 0.64375 0.5296875
5 0.871875 0.528125 0.871875 0.452734375 0.834375 0.452734375 0.834375 0.528125 0.871875 0.528125
5 0.7125 0.5296875 0.7125 0.451171875 0.67578125 0.451171875 0.67578125 0.5296875 0.7125 0.5296875
5 0.56875 0.53125 0.56875 0.45546875 0.52890625 0.45546875 0.52890625 0.53125 0.56875 0.53125
5 0.353125 0.5296875 0.353125 0.4609375 0.315234375 0.4609375 0.315234375 0.5296875 0.353125 0.5296875
5 0.372265625 0.471875 0.372265625 0.5203125 0.4359375 0.5203125 0.4359375 0.471875 0.372265625 0.471875
5 0.4390625 0.4765625 0.4390625 0.5171875 0.5109375 0.5171875 0.5109375 0.4765625 0.4390625 0.4765625
5 0.21875 0.4765625 0.21875 0.5171875 0.2953125 0.5171875 0.2953125 0.4765625 0.21875 0.4765625
5 0.2 0.534375 0.2 0.45859375 0.16015625 0.45859375 0.16015625 0.534375 0.2 0.534375
5 0.875390625 0.5875 0.875390625 0.6234375 0.95625 0.6234375 0.95625 0.5875 0.875390625 0.5875
5 0.346875 0.0390625 0.346875 0.0875 0.43125 0.0875 0.43125 0.0390625 0.346875 0.0390625