5 0.069921875 0.1171875 0.069921875 0.24375 0.153125 0.24375 0.153125 0.1171875 0.069921875 0.1171875
5 0.303125 0.14375 0.303125 0.228125 0.4234375 0.228125 0.4234375 0.14375 0.303125 0.14375
5 0.455078125 0.1265625 0.455078125 0.2703125 0.5390625 0.2703125 0.5390625 0.1265625 0.455078125 0.1265625
5 0.70625 0.271875 0.70625 0.148046875 0.6328125 0.148046875 0.6328125 0.271875 0.70625 0.271875
5 0.76875 0.1609375 0.76875 0.28125 0.8453125 0.28125 0.8453125 0.1609375 0.76875 0.1609375
5 0.8828125 0.1828125 0.8828125 0.26875 0.99375 0.26875 0.99375 0.1828125 0.8828125 0.1828125
5 0.48125 0 0.48125 0.0890625 0.5390625 0.0890625 0.5390625 0 0.48125 0
5 0.771875 0 0.771875 0.0578125 0.8875 0.0578125 0.8875 0 0.771875 0
5 0.344921875 0 0.344921875 0.0984375 0.4109375 0.0984375 0.4109375 0 0.344921875 0
5 0.91796875 0 0.91796875 0.08125 0.9890625 0.08125 0.9890625 0 0.91796875 0
5 0.1796875 0 0.1796875 0.0796875 0.30625 0.0796875 0.30625 0 0.1796875 0
5 0.43125 0.5 0.43125 0.38515625 0.35234375 0.38515625 0.35234375 0.5 0.43125 0.5
5 0 0.49375 0.09375 0.49375 0.09375 0.403515625 0 0.403515625 0 0.49375
5 0.5453125 0.515625 0.5453125 0.3984375 0.466015625 0.3984375 0.466015625 0.515625 0.5453125 0.515625
5 0.23125 0.415625 0.23125 0.509375 0.325 0.509375 0.325 0.415625 0.23125 0.415625
5 0.20625 0.53125 0.20625 0.397265625 0.125 0.397265625 0.125 0.53125 0.20625 0.53125
5 0.5921875 0.440625 0.5921875 0.503125 0.7125 0.503125 0.7125 0.440625 0.5921875 0.440625
5 0.8609375 0.450390625 0.7359375 0.450390625 0.7359375 0.5140625 0.8609375 0.5140625 0.8609375 0.450390625
5 0.959375 0.5484375 0.959375 0.43359375 0.89296875 0.43359375 0.89296875 0.5484375 0.959375 0.5484375
5 0.2328125 0.5625 0.2328125 0.6390625 0.3265625 0.6390625 0.3265625 0.5625 0.2328125 0.5625
5 0.326953125 0.5625 0.326953125 0.646875 0.44375 0.646875 0.44375 0.5625 0.326953125 0.5625
5 0.5375 0.6609375 0.5375 0.560546875 0.465234375 0.560546875 0.465234375 0.6609375 0.5375 0.6609375
5 0.0875 0.675 0.0875 0.57578125 0.01171875 0.57578125 0.01171875 0.675 0.0875 0.675
5 0.1015625 0.5890625 0.1015625 0.678125 0.23125 0.678125 0.23125 0.5890625 0.1015625 0.5890625
5 0.678125 0.586328125 0.608984375 0.586328125 0.608984375 0.704296875 0.678125 0.704296875 0.678125 0.586328125
5 0.8359375 0.690625 0.8359375 0.6171875 0.723828125 0.6171875 0.723828125 0.690625 0.8359375 0.690625
5 0.9703125 0.6890625 0.9703125 0.630078125 0.848828125 0.630078125 0.848828125 0.6890625 0.9703125 0.6890625