5 0.26875 0.1171875 0.26875 0.093359375 0.200390625 0.093359375 0.200390625 0.1171875 0.26875 0.1171875
5 0.3578125 0.101171875 0.2953125 0.101171875 0.2953125 0.1203125 0.3578125 0.1203125 0.3578125 0.101171875
5 0.4578125 0.153125 0.4578125 0.072265625 0.435546875 0.072265625 0.435546875 0.153125 0.4578125 0.153125
5 0.511328125 0.103125 0.511328125 0.1296875 0.584375 0.1296875 0.584375 0.103125 0.511328125 0.103125
5 0.625 0.1078125 0.625 0.1296875 0.6921875 0.1296875 0.6921875 0.1078125 0.625 0.1078125
5 0.1671875 0.0171875 0.1671875 0.040625 0.246875 0.040625 0.246875 0.0171875 0.1671875 0.0171875
5 0.1453125 0.012109375 0.065625 0.012109375 0.065625 0.0453125 0.1453125 0.0453125 0.1453125 0.012109375
5 0.425 0 0.425 0.075 0.446875 0.075 0.446875 0 0.425 0
5 0.3171875 0 0.3171875 0.078125 0.3453125 0.078125 0.3453125 0 0.3171875 0
5 0.5921875 0.0453125 0.5921875 0.022265625 0.497265625 0.022265625 0.497265625 0.0453125 0.5921875 0.0453125
5 0.60625 0.0453125 0.675 0.0453125 0.675 0.026953125 0.60625 0.026953125 0.60625 0.0453125
5 0.7828125 0.005078125 0.758984375 0.005078125 0.758984375 0.074609375 0.7828125 0.074609375 0.7828125 0.005078125
5 0.857421875 0 0.857421875 0.0828125 0.88125 0.0828125 0.88125 0 0.857421875 0
5 0.990625 0.032421875 0.928125 0.032421875 0.928125 0.0515625 0.990625 0.0515625 0.990625 0.032421875