5 0.79375 0.1296875 0.79375 0.0553540953125 0.767456803125 0.0553540953125 0.767456803125 0.1296875 0.79375 0.1296875
5 0.690625 0.1328125 0.690625 0.0656356640625 0.670405825 0.0656356640625 0.670405825 0.1328125 0.690625 0.1328125
5 0.5921875 0.1140625 0.5921875 0.08911849375 0.504423528125 0.08911849375 0.504423528125 0.1140625 0.5921875 0.1140625
5 0.478125 0.11875 0.478125 0.090625 0.39853348906249997 0.090625 0.39853348906249997 0.11875 0.478125 0.11875
5 0.3546875 0.11875 0.3546875 0.0960404234375 0.2818606015625 0.0960404234375 0.2818606015625 0.11875 0.3546875 0.11875
5 0.799714696875 0 0.799714696875 0.05453818125 0.821875 0.05453818125 0.821875 0 0.799714696875 0
5 0.90829245 0 0.90829245 0.057113907812499996 0.9359375 0.057113907812499996 0.9359375 0 0.90829245 0
5 0.60625 0.025 0.60625 0.0015625 0.5156436640625001 0.0015625 0.5156436640625001 0.025 0.60625 0.025
5 0.6250853234375 0 0.6250853234375 0.0296875 0.7249146750000001 0.0296875 0.7249146750000001 0 0.6250853234375 0
5 0.4292688765625 0 0.4292688765625 0.0671875 0.4546875 0.0671875 0.4546875 0 0.4292688765625 0
5 0.327095778125 0 0.3270957765625 0.0546875 0.346875 0.0546875 0.346875 0 0.327095778125 0
5 0.1832577859375 0 0.1832577859375 0.059375 0.2078125 0.059375 0.2078125 0 0.1832577859375 0
5 0.1328125 0.034375 0.1328125 0.0091963515625 0.040059726562499995 0.0091963515625 0.040059726562499995 0.034375 0.1328125 0.034375
5 0.0234375 0.034375 0.0234375 0.0140625 0.00022664218750000003 0.0140625 0.00022664218750000003 0.034375 0.0234375 0.034375