5 0.26953125 0.09375 0.2 0.09375 0.2 0.11796875 0.26953125 0.11796875 0.26953125 0.09375
5 0.3578125 0.1015625 0.2953125 0.1015625 0.2953125 0.12109375 0.3578125 0.12109375 0.3578125 0.1015625
5 0.48828125 0.1015625 0.40625 0.1015625 0.40625 0.12578125 0.48828125 0.12578125 0.48828125 0.1015625
5 0.58515625 0.103125 0.5109375 0.103125 0.5109375 0.1296875 0.58515625 0.1296875 0.58515625 0.103125
5 0.6921875 0.1078125 0.625 0.1078125 0.625 0.1296875 0.6921875 0.1296875 0.6921875 0.1078125
5 0.246875 0.0171875 0.1671875 0.0171875 0.1671875 0.04140625 0.246875 0.04140625 0.246875 0.0171875
5 0.1453125 0.0125 0.065625 0.0125 0.065625 0.04609375 0.1453125 0.04609375 0.1453125 0.0125
5 0.478125 0.021875 0.39375 0.021875 0.39375 0.04375 0.478125 0.04375 0.478125 0.021875
5 0.37734375 0.01875 0.2859375 0.01875 0.2859375 0.04765625 0.37734375 0.04765625 0.37734375 0.01875
5 0.59296875 0.021875 0.496875 0.021875 0.496875 0.04609375 0.59296875 0.04609375 0.59296875 0.021875
5 0.67578125 0.0265625 0.60625 0.0265625 0.60625 0.04609375 0.67578125 0.04609375 0.67578125 0.0265625
5 0.80546875 0.028125 0.7359375 0.028125 0.7359375 0.05234375 0.80546875 0.05234375 0.80546875 0.028125
5 0.91328125 0.028125 0.8265625 0.028125 0.8265625 0.05234375 0.91328125 0.05234375 0.91328125 0.028125
5 0.990625 0.0328125 0.928125 0.0328125 0.928125 0.05234375 0.990625 0.05234375 0.990625 0.0328125