11 0.18828125 0.2890625 0.075 0.2890625 0.075 0.3796875 0.18828125 0.3796875 0.18828125 0.2890625
11 0.9359375 0.2953125 0.8109375 0.2953125 0.8109375 0.37734375 0.9359375 0.37734375 0.9359375 0.2953125
11 0.82421875 0.3109375 0.7109375 0.3109375 0.7109375 0.4078125 0.82421875 0.4078125 0.82421875 0.3109375
11 0.4140625 0.3390625 0.3046875 0.3390625 0.3046875 0.415625 0.4140625 0.415625 0.4140625 0.3390625
11 0.5046875 0.3453125 0.4140625 0.3453125 0.4140625 0.4125 0.5046875 0.4125 0.5046875 0.3453125
11 0.3140625 0.365625 0.2046875 0.365625 0.2046875 0.43515625 0.3140625 0.43515625 0.3140625 0.365625
11 0.62734375 0.3625 0.5125 0.3625 0.5125 0.465625 0.62734375 0.465625 0.62734375 0.3625
11 0.3390625 0.41875 0.228125 0.41875 0.228125 0.4875 0.3390625 0.4875 0.3390625 0.41875
11 0.17734375 0.4359375 0.06875 0.4359375 0.06875 0.515625 0.17734375 0.515625 0.17734375 0.4359375
11 0.30625 0.0078125 0.1859375 0.0078125 0.1859375 0.090625 0.30625 0.090625 0.30625 0.0078125
11 0.34609375 0.4578125 0.253125 0.4578125 0.253125 0.52421875 0.34609375 0.52421875 0.34609375 0.4578125
11 0.834375 0.4546875 0.7296875 0.4546875 0.7296875 0.52890625 0.834375 0.52890625 0.834375 0.4546875
11 0.73984375 0.484375 0.64375 0.484375 0.64375 0.55859375 0.73984375 0.55859375 0.73984375 0.484375
11 0.5625 0.4796875 0.46875 0.4796875 0.46875 0.565625 0.5625 0.565625 0.5625 0.4796875
11 0.2125 0.49375 0.078125 0.49375 0.078125 0.57578125 0.2125 0.57578125 0.2125 0.49375
11 0.48046875 0.5046875 0.390625 0.5046875 0.390625 0.5890625 0.48046875 0.5890625 0.48046875 0.5046875
11 0.9328125 0.0140625 0.790625 0.0140625 0.790625 0.0984375 0.9328125 0.0984375 0.9328125 0.0140625
11 0.66328125 0.5125 0.55625 0.5125 0.55625 0.6 0.66328125 0.6 0.66328125 0.5125
11 0.41640625 0.55 0.309375 0.55 0.309375 0.61875 0.41640625 0.61875 0.41640625 0.55
11 0.209375 0.009375 0.084375 0.009375 0.084375 0.10703125 0.209375 0.10703125 0.209375 0.009375
11 0.33671875 0.5765625 0.234375 0.5765625 0.234375 0.640625 0.33671875 0.640625 0.33671875 0.5765625
11 0.27421875 0.5984375 0.159375 0.5984375 0.159375 0.709375 0.27421875 0.709375 0.27421875 0.5984375
11 0.184375 0.6125 0.06875 0.6125 0.06875 0.71953125 0.184375 0.71953125 0.184375 0.6125
11 0.49375 0.675 0.359375 0.675 0.359375 0.77421875 0.49375 0.77421875 0.49375 0.675
11 0.70390625 0.6671875 0.5734375 0.6671875 0.5734375 0.809375 0.70390625 0.809375 0.70390625 0.6671875
11 0.5875 0.68125 0.4625 0.68125 0.4625 0.83046875 0.5875 0.83046875 0.5875 0.68125
11 0.39453125 0.775 0.259375 0.775 0.259375 0.88203125 0.39453125 0.88203125 0.39453125 0.775
11 0.26796875 0.790625 0.153125 0.790625 0.153125 0.915625 0.26796875 0.915625 0.26796875 0.790625
11 0.8109375 0.0328125 0.684375 0.0328125 0.684375 0.1484375 0.8109375 0.1484375 0.8109375 0.0328125
11 0.709375 0.05625 0.553125 0.05625 0.553125 0.17265625 0.709375 0.17265625 0.709375 0.05625
11 0.9359375 0.0828125 0.809375 0.0828125 0.809375 0.18046875 0.9359375 0.18046875 0.9359375 0.0828125
11 0.56015625 0.090625 0.403125 0.090625 0.403125 0.20078125 0.56015625 0.20078125 0.56015625 0.090625
11 0.815625 0.1125 0.6890625 0.1125 0.6890625 0.20390625 0.815625 0.20390625 0.815625 0.1125
11 0.7015625 0.1359375 0.5671875 0.1359375 0.5671875 0.246875 0.7015625 0.246875 0.7015625 0.1359375
11 0.5796875 0.1671875 0.4265625 0.1671875 0.4265625 0.2828125 0.5796875 0.2828125 0.5796875 0.1671875
11 0.340625 0.178125 0.23125 0.178125 0.23125 0.27265625 0.340625 0.27265625 0.340625 0.178125
11 0.2515625 0.203125 0.1421875 0.203125 0.1421875 0.2890625 0.2515625 0.2890625 0.2515625 0.203125
11 0.91796875 0.2046875 0.8078125 0.2046875 0.8078125 0.31171875 0.91796875 0.31171875 0.91796875 0.2046875
11 0.37578125 0.240625 0.2578125 0.240625 0.2578125 0.33125 0.37578125 0.33125 0.37578125 0.240625
11 0.80546875 0.2453125 0.6984375 0.2453125 0.6984375 0.3484375 0.80546875 0.3484375 0.80546875 0.2453125
11 0.26171875 0.2625 0.159375 0.2625 0.159375 0.3578125 0.26171875 0.3578125 0.26171875 0.2625
11 0.71875 0.290625 0.5890625 0.290625 0.5890625 0.3734375 0.71875 0.3734375 0.71875 0.290625