30 0.98203125 0.296875 0.884375 0.296875 0.884375 0.5234375 0.98203125 0.5234375 0.98203125 0.296875
30 0.884375 0.3078125 0.7953125 0.3078125 0.7953125 0.534375 0.884375 0.534375 0.884375 0.3078125
30 0.7734375 0.303125 0.6609375 0.303125 0.6609375 0.56015625 0.7734375 0.56015625 0.7734375 0.303125
30 0.57734375 0.3171875 0.484375 0.3171875 0.484375 0.58046875 0.57734375 0.58046875 0.57734375 0.3171875
30 0.3515625 0.30625 0.2625 0.30625 0.2625 0.59296875 0.3515625 0.59296875 0.3515625 0.30625
30 0.46015625 0.3265625 0.3609375 0.3265625 0.3609375 0.58984375 0.46015625 0.58984375 0.46015625 0.3265625
30 0.23359375 0.3296875 0.1375 0.3296875 0.1375 0.61953125 0.23359375 0.61953125 0.23359375 0.3296875
30 0.128125 0.346875 0.0125 0.346875 0.0125 0.6234375 0.128125 0.6234375 0.128125 0.346875
30 0.99921875 0.5546875 0.9046875 0.5546875 0.9046875 0.753125 0.99921875 0.753125 0.99921875 0.5546875
30 0.92578125 0.56875 0.8171875 0.56875 0.8171875 0.76015625 0.92578125 0.76015625 0.92578125 0.56875
30 0.75 0.5921875 0.6453125 0.5921875 0.6453125 0.7890625 0.75 0.7890625 0.75 0.5921875
30 0.45703125 0.6078125 0.365625 0.6078125 0.365625 0.78203125 0.45703125 0.78203125 0.45703125 0.6078125
30 0.65390625 0.5921875 0.5625 0.5921875 0.5625 0.80546875 0.65390625 0.80546875 0.65390625 0.5921875
30 0.5609375 0.6171875 0.48125 0.6171875 0.48125 0.8171875 0.5609375 0.8171875 0.5609375 0.6171875
30 0.38125 0.6265625 0.271875 0.6265625 0.271875 0.86015625 0.38125 0.86015625 0.38125 0.6265625
30 0.26328125 0.6859375 0.1671875 0.6859375 0.1671875 0.8453125 0.26328125 0.8453125 0.26328125 0.6859375
30 0 0.89609375 0.1703125 0.89609375 0.1703125 0.659375 0 0.659375 0 0.89609375
30 0.99453125 0.78125 0.8640625 0.78125 0.8640625 0.93203125 0.99453125 0.93203125 0.99453125 0.78125
30 0.88125 0.7953125 0.7609375 0.7953125 0.7609375 0.9390625 0.88125 0.9390625 0.88125 0.7953125
30 0.74296875 0.8203125 0.6421875 0.8203125 0.6421875 0.9875 0.74296875 0.9875 0.74296875 0.8203125
30 0.4890625 0.8609375 0.3671875 0.8609375 0.3671875 0.98125 0.4890625 0.98125 0.4890625 0.8609375
30 0.64140625 1 0.64140625 0.8453125 0.496875 0.8453125 0.496875 1 0.64140625 1
30 0.35546875 0.871875 0.2484375 0.871875 0.2484375 0.98359375 0.35546875 0.98359375 0.35546875 0.871875
30 0.575 0 0.575 0.215625 0.69375 0.215625 0.69375 0 0.575 0
30 0.325 0 0.325 0.253125 0.4578125 0.253125 0.4578125 0 0.325 0