51 0.3171875 0.3890625 0.421875 0.3890625 0.421875 0.309765625 0.3171875 0.309765625 0.3171875 0.3890625
51 0.0609375 0.2796875 0.0609375 0.434375 0.1953125 0.434375 0.1953125 0.2796875 0.0609375 0.2796875
51 0.534765625 0.321875 0.534765625 0.4203125 0.65625 0.4203125 0.65625 0.321875 0.534765625 0.321875
51 0.77265625 0.434375 0.77265625 0.308984375 0.675 0.308984375 0.675 0.434375 0.77265625 0.434375
51 0.90625 0.3421875 0.806640625 0.3421875 0.806640625 0.4734375 0.90625 0.4734375 0.90625 0.3421875
51 0 0.5265625 0.162109375 0.5265625 0.162109375 0.373046875 0 0.373046875 0 0.5265625
51 0.415625 0.411328125 0.24921875 0.411328125 0.24921875 0.5390625 0.415625 0.5390625 0.415625 0.411328125
51 0.678125 0.5671875 0.678125 0.44140625 0.51640625 0.44140625 0.51640625 0.5671875 0.678125 0.5671875
51 0.8 0.423046875 0.665625 0.423046875 0.665625 0.5921875 0.8 0.5921875 0.8 0.423046875
51 0.2953125 0.596875 0.2953125 0.47890625 0.15078125 0.47890625 0.15078125 0.596875 0.2953125 0.596875
51 0.8046875 0.4578125 0.8046875 0.6375 0.946875 0.6375 0.946875 0.4578125 0.8046875 0.4578125