51 0.42265625 0.309375 0.3171875 0.309375 0.3171875 0.38984375 0.42265625 0.38984375 0.42265625 0.309375
51 0.1953125 0.2796875 0.0609375 0.2796875 0.0609375 0.434375 0.1953125 0.434375 0.1953125 0.2796875
51 0.65703125 0.321875 0.534375 0.321875 0.534375 0.4203125 0.65703125 0.4203125 0.65703125 0.321875
51 0.7875 0.3234375 0.6609375 0.3234375 0.6609375 0.42109375 0.7875 0.42109375 0.7875 0.3234375
51 0.92265625 0.3578125 0.790625 0.3578125 0.790625 0.4578125 0.92265625 0.4578125 0.92265625 0.3578125
51 0.15546875 0.365625 0.0015625 0.365625 0.0015625 0.53359375 0.15546875 0.53359375 0.15546875 0.365625
51 0.396875 0.3921875 0.26875 0.3921875 0.26875 0.55859375 0.396875 0.55859375 0.396875 0.3921875
51 0.6609375 0.4234375 0.534375 0.4234375 0.534375 0.5859375 0.6609375 0.5859375 0.6609375 0.4234375
51 0.8 0.4234375 0.665625 0.4234375 0.665625 0.59296875 0.8 0.59296875 0.8 0.4234375
51 0.2828125 0.465625 0.1640625 0.465625 0.1640625 0.6109375 0.2828125 0.6109375 0.2828125 0.465625
51 0.946875 0.4578125 0.8046875 0.4578125 0.8046875 0.6375 0.946875 0.6375 0.946875 0.4578125