43 0.834375 0.684375 0.834375 0.4719134203125 0.7055455937499999 0.4719134203125 0.7055455937499999 0.684375 0.834375 0.684375
43 0.525 0.6453125 0.525 0.5168160859375 0.358132684375 0.5168160859375 0.358132684375 0.6453125 0.525 0.6453125
43 0.7328125 0.69375 0.7328125 0.494851434375 0.5928278703125 0.494851434375 0.5928278703125 0.69375 0.7328125 0.69375
43 0.1375 0.71875 0.2796875 0.71875 0.2796875 0.5047131140625 0.1375 0.5047131140625 0.1375 0.71875
43 0 0.69375 0.175 0.69375 0.175 0.5542776640625 0 0.5542776640625 0 0.69375
43 0.8046875 0.840625 0.9140625 0.840625 0.9140625 0.6857838109375 0.8046875 0.6857838109375 0.8046875 0.840625
43 0.8078125 0.7158299171875 0.7197617828125 0.7158299171875 0.7197617828125 0.8404200828124999 0.8078125 0.8404200828124999 0.8078125 0.7158299171875
43 0.7578125 0.8359375 0.7578125 0.7326203890625 0.61798155625 0.7326203890625 0.61798155625 0.8359375 0.7578125 0.8359375
43 0.640625 0.865625 0.640625 0.724398053125 0.550179303125 0.724398053125 0.550179303125 0.865625 0.640625 0.865625
43 0.5546875 0.88125 0.5546875 0.725 0.4406506140625 0.725 0.4406506140625 0.88125 0.5546875 0.88125
43 0.2546875 0.7459400609375 0.15813268593750002 0.7459400609375 0.15813268593750002 0.9057761265625001 0.2546875 0.9057761265625001 0.2546875 0.7459400609375
43 0.3765625 0.8875 0.3765625 0.7807505124999999 0.23970286875000002 0.7807505124999999 0.23970286875000002 0.8875 0.3765625 0.8875
43 0.0953125 0.4015625 0.278125 0.4015625 0.278125 0.11141137187500001 0.0953125 0.11141137187500001 0.0953125 0.4015625
43 0.3546875 0.3453125 0.6308785859375 0.3453125 0.6308785859375 0.1917392421875 0.3546875 0.1917392421875 0.3546875 0.3453125
43 0.6828125 0.415625 0.6828125 0.1279841203125 0.5287909828124999 0.1279841203125 0.5287909828124999 0.415625 0.6828125 0.415625
43 0.453125 0.453125 0.453125 0.134375 0.28949795 0.134375 0.28949795 0.453125 0.453125 0.453125
43 0.9984375 0.17525614843749998 0.86079661875 0.17525614843749998 0.86079661875 0.43099385312500005 0.9984375 0.43099385312500005 0.9984375 0.17525614843749998
43 0.6734375 0.4421875 0.846875 0.4421875 0.846875 0.1703125 0.6734375 0.1703125 0.6734375 0.4421875