32 1 0.365625 0.8171875 0.365625 0.8171875 0.475 1 0.475 1 0.365625
32 0.8171875 0.56875 0.8171875 0.362890625 0.632421875 0.362890625 0.632421875 0.56875 0.8171875 0.56875
32 0.9078125 0.590625 0.9078125 0.4171875 0.759765625 0.4171875 0.759765625 0.590625 0.9078125 0.590625
32 0.481640625 0.4359375 0.481640625 0.6234375 0.6671875 0.6234375 0.6671875 0.4359375 0.481640625 0.4359375
32 0.4859375 0.445703125 0.1359375 0.445703125 0.1359375 0.6984375 0.4859375 0.6984375 0.4859375 0.445703125
32 0.96875 0.2578125 0.96875 0.087109375 0.857421875 0.087109375 0.857421875 0.2578125 0.96875 0.2578125
32 0.66875 0.0859375 0.66875 0.2953125 0.8265625 0.2953125 0.8265625 0.0859375 0.66875 0.0859375
32 0.7265625 0.290625 0.7265625 0.122265625 0.523828125 0.122265625 0.523828125 0.290625 0.7265625 0.290625
32 0.44375 0.101953125 0.271875 0.101953125 0.271875 0.3375 0.44375 0.3375 0.44375 0.101953125
32 0.1328125 0.203125 0.1328125 0.328125 0.3015625 0.328125 0.3015625 0.203125 0.1328125 0.203125
32 0 0.3890625 0.1671875 0.3890625 0.1671875 0.221484375 0 0.221484375 0 0.3890625