32 0.686328125 0.29375 0.686328125 0.3875 0.8234375 0.3875 0.8234375 0.29375 0.686328125 0.29375
32 0.675 0.28203125 0.576953125 0.28203125 0.576953125 0.403125 0.675 0.403125 0.675 0.28203125
32 0.5453125 0.415625 0.5453125 0.28671875 0.44609375 0.28671875 0.44609375 0.415625 0.5453125 0.415625
32 0.405859375 0.4265625 0.405859375 0.286328125 0.303515625 0.286328125 0.303515625 0.4265625 0.405859375 0.4265625
32 0.152734375 0.3125 0.152734375 0.415625 0.2828125 0.415625 0.2828125 0.3125 0.152734375 0.3125
32 0.8171875 0.390625 0.8171875 0.484375 0.95 0.484375 0.95 0.390625 0.8171875 0.390625
32 0.6890625 0.403125 0.6890625 0.5078125 0.815625 0.5078125 0.815625 0.403125 0.6890625 0.403125
32 0.680859375 0.5140625 0.680859375 0.397265625 0.570703125 0.397265625 0.570703125 0.5140625 0.680859375 0.5140625
32 0.298046875 0.4140625 0.298046875 0.509375 0.4296875 0.509375 0.4296875 0.4140625 0.298046875 0.4140625
32 0.4453125 0.403125 0.4453125 0.528125 0.5359375 0.528125 0.5359375 0.403125 0.4453125 0.403125
32 0.1875 0.43125 0.1875 0.525 0.3 0.525 0.3 0.43125 0.1875 0.43125
32 0.1828125 0.5453125 0.1828125 0.42578125 0.08359375 0.42578125 0.08359375 0.5453125 0.1828125 0.5453125
32 0.855859375 0 0.855859375 0.125 0.953125 0.125 0.953125 0 0.855859375 0
32 0.7 0.000390625 0.565625 0.000390625 0.565625 0.1046875 0.7 0.1046875 0.7 0.000390625
32 0.697265625 0 0.697265625 0.1078125 0.8234375 0.1078125 0.8234375 0 0.697265625 0
32 0.93125 0.502734375 0.8125 0.502734375 0.8125 0.5984375 0.93125 0.5984375 0.93125 0.502734375
32 0.678125 0.511328125 0.55625 0.511328125 0.55625 0.609375 0.678125 0.609375 0.678125 0.511328125
32 0.8171875 0.514453125 0.678125 0.514453125 0.678125 0.6203125 0.8171875 0.6203125 0.8171875 0.514453125
32 0.54375 0.6359375 0.54375 0.501171875 0.45703125 0.501171875 0.45703125 0.6359375 0.54375 0.6359375
32 0.318359375 0.509375 0.318359375 0.64765625 0.415625 0.64765625 0.415625 0.509375 0.318359375 0.509375
32 0.0984375 0.5375 0.0984375 0.65 0.2078125 0.65 0.2078125 0.5375 0.0984375 0.5375
32 0.3046875 0.6515625 0.3046875 0.535546875 0.199609375 0.535546875 0.199609375 0.6515625 0.3046875 0.6515625
32 0.453125 0 0.453125 0.134375 0.559375 0.134375 0.559375 0 0.453125 0
32 0.66796875 0.73125 0.66796875 0.610546875 0.5875 0.610546875 0.5875 0.73125 0.66796875 0.73125
32 0.8109375 0.7203125 0.8109375 0.630078125 0.697265625 0.630078125 0.697265625 0.7203125 0.8109375 0.7203125
32 0.315625 0.6515625 0.315625 0.7359375 0.43125 0.7359375 0.43125 0.6515625 0.315625 0.6515625
32 0.54375 0.7609375 0.54375 0.6359375 0.462109375 0.6359375 0.462109375 0.7609375 0.54375 0.7609375
32 0.178125 0.7546875 0.315625 0.7546875 0.315625 0.664453125 0.178125 0.664453125 0.178125 0.7546875
32 0.165625 0.01875 0.165625 0.128125 0.315625 0.128125 0.315625 0.01875 0.165625 0.01875
32 0.9203125 0.705078125 0.8234375 0.705078125 0.8234375 0.8296875 0.9203125 0.8296875 0.9203125 0.705078125
32 0.5828125 0.7203125 0.5828125 0.825 0.684375 0.825 0.684375 0.7203125 0.5828125 0.7203125
32 0.8046875 0.8390625 0.8046875 0.71953125 0.718359375 0.71953125 0.718359375 0.8390625 0.8046875 0.8390625
32 0.3484375 0.7234375 0.3484375 0.8546875 0.4296875 0.8546875 0.4296875 0.7234375 0.3484375 0.7234375
32 0.448828125 0.7453125 0.448828125 0.8375 0.5875 0.8375 0.5875 0.7453125 0.448828125 0.7453125
32 0.6859375 0.1359375 0.6859375 0.2484375 0.8296875 0.2484375 0.8296875 0.1359375 0.6859375 0.1359375
32 0.94375 0.12265625 0.845703125 0.12265625 0.845703125 0.2625 0.94375 0.2625 0.94375 0.12265625
32 0.6859375 0.146484375 0.55625 0.146484375 0.55625 0.2484375 0.6859375 0.2484375 0.6859375 0.146484375
32 0.406640625 0.1640625 0.406640625 0.2703125 0.565625 0.2703125 0.565625 0.1640625 0.406640625 0.1640625
32 0.396875 0.2875 0.396875 0.15234375 0.279296875 0.15234375 0.279296875 0.2875 0.396875 0.2875
32 0.2578125 0.296875 0.2578125 0.15859375 0.14609375 0.15859375 0.14609375 0.296875 0.2578125 0.296875
32 0.1390625 0.29375 0.1390625 0.176953125 0.01875 0.176953125 0.01875 0.29375 0.1390625 0.29375
32 0.819140625 0.28125 0.819140625 0.3734375 0.953125 0.3734375 0.953125 0.28125 0.819140625 0.28125