32 0 0.35 0.0875 0.35 0.0875 0.2409502984375 0 0.2409502984375 0 0.35
32 0.1421741671875 0 0.1421741671875 0.0203125 0.2890625 0.0203125 0.2890625 0 0.1421741671875 0
32 0.85365294375 0 0.85365294375 0.0640625 0.88125 0.0640625 0.88125 0 0.85365294375 0
32 0.7859375 1 0.7859375 0.488961178125 0.30751119843749997 0.488961178125 0.30751119843749997 1 0.7859375 1
32 0.5140625 0 0.5140625 0.053125 0.634375 0.053125 0.634375 0 0.5140625 0
32 0.4410196234375 0 0.4410196234375 0.090625 0.503125 0.090625 0.503125 0 0.4410196234375 0
32 0.9984375 0.096875 0.9984375 0.0564393140625 0.9812393343749999 0.0564393140625 0.9812393343749999 0.096875 0.9984375 0.096875
32 0.640625 0.146875 0.640625 0.02721043125 0.5691552921875 0.02721043125 0.5691552921875 0.146875 0.640625 0.146875
32 0.5700431953125 0.140625 0.5700431953125 0.0582044578125 0.44120360468750003 0.0582044578125 0.44120360468750003 0.140625 0.5700431953125 0.140625
32 0.3234375 0.1578125 0.4515625 0.1578125 0.4515625 0.0786476109375 0.3234375 0.0786476109375 0.3234375 0.1578125
32 0.2 0.203125 0.3 0.203125 0.3 0.065625 0.2 0.065625 0.2 0.203125
32 0.9984375 0.175 0.9984375 0.1176434515625 0.9413155921874999 0.1176434515625 0.9413155921874999 0.175 0.9984375 0.175
32 0.959375 0.1875 0.959375 0.13125 0.8797834906249999 0.13125 0.8797834906249999 0.1875 0.959375 0.1875
32 0.815625 0.203125 0.8890625 0.203125 0.8890625 0.1234375 0.815625 0.1234375 0.815625 0.203125
32 0.55625 0.142528796875 0.506767278125 0.142528796875 0.5067672796875 0.2107881828125 0.55625 0.2107881828125 0.55625 0.142528796875
32 0.5140625 0.21875 0.5140625 0.15549008125 0.46181740781249997 0.15549008125 0.46181740781249997 0.21875 0.5140625 0.21875
32 0.6859375 0.2453125 0.6859375 0.1625 0.6126466515625 0.1625 0.6126466515625 0.2453125 0.6859375 0.2453125
32 0.4828125 0.240625 0.4828125 0.18781463437499998 0.41326525 0.18781463437499998 0.41326525 0.240625 0.4828125 0.240625
32 0.64375 0.2515625 0.64375 0.1952085109375 0.5735388218749999 0.1952085109375 0.5735388218749999 0.2515625 0.64375 0.2515625
32 0.559375 0.2859375 0.559375 0.2041728875 0.501285196875 0.2041728875 0.501285196875 0.2859375 0.559375 0.2859375
32 0.4140625 0.3078125 0.4140625 0.19123026875 0.27687713281250004 0.19123026875 0.27687713281250004 0.3078125 0.4140625 0.3078125
32 0.3421875 0.315625 0.3421875 0.23843323437500002 0.24185420156249998 0.23843323437500002 0.24185420156249998 0.315625 0.3421875 0.315625
32 0.2953125 0.328125 0.2953125 0.231345990625 0.15852709062499998 0.231345990625 0.15852709062499998 0.328125 0.2953125 0.328125