32 0.0734375 0.421875 0.0734375 0.279947915625 0.0001736109375 0.279947915625 0.0001736109375 0.421875 0.0734375 0.421875
32 0.3109375 0.4421875 0.3109375 0.29375 0.0513888890625 0.29375 0.0513888890625 0.4421875 0.3109375 0.4421875
32 0.5421875 0.2985243046875 0.3204861109375 0.2985243046875 0.3204861109375 0.46085069531249995 0.5421875 0.46085069531249995 0.5421875 0.2985243046875
32 0.765625 0.5109375 0.765625 0.255815971875 0.6435763890625 0.255815971875 0.6435763890625 0.5109375 0.765625 0.5109375
32 0 0.546875 0.1078125 0.546875 0.1078125 0.5041666671875 0 0.5041666671875 0 0.546875
32 0.259375 0.6515625 0.259375 0.41310763906250003 0.084722221875 0.4131076375 0.084722221875 0.6515625 0.259375 0.6515625
32 1 0.4410590265625 0.8510416656249999 0.4410590265625 0.8510416656249999 0.62335069375 1 0.62335069375 1 0.4410590265625
32 0.7578125 0.675 0.7578125 0.40164930625000006 0.580295140625 0.40164930625000006 0.580295140625 0.675 0.7578125 0.675
32 0.503125 0.653125 0.503125 0.43567708281249995 0.33055555625 0.43567708281249995 0.33055555625 0.653125 0.503125 0.653125
32 0.458159721875 0 0.458159721875 0.275 0.6671875 0.275 0.6671875 0 0.458159721875 0
32 0.122309028125 0 0.122309028125 0.29375 0.3046875 0.29375 0.3046875 0 0.122309028125 0
32 0.9984375 0.09913194374999999 0.72890625 0.09913194374999999 0.72890625 0.2796875 0.9984375 0.2796875 0.9984375 0.09913194374999999