30 1 0.36171875 0.819921875 0.36171875 0.819921875 0.4578125 1 0.4578125 1 0.36171875
30 0.7953125 0.3078125 0.7953125 0.534375 0.884375 0.534375 0.884375 0.3078125 0.7953125 0.3078125
30 0.6609375 0.303125 0.6609375 0.559375 0.7734375 0.559375 0.7734375 0.303125 0.6609375 0.303125
30 0.6625 0.401953125 0.399609375 0.401953125 0.399609375 0.494921875 0.6625 0.494921875 0.6625 0.401953125
30 0.3515625 0.306640625 0.2625 0.306640625 0.2625 0.5921875 0.3515625 0.5921875 0.3515625 0.306640625
30 0.5421875 0.50625 0.5421875 0.408984375 0.279296875 0.408984375 0.279296875 0.50625 0.5421875 0.50625
30 0.040625 0.521875 0.3296875 0.521875 0.3296875 0.426171875 0.040625 0.426171875 0.040625 0.521875
30 0 0.5421875 0.2078125 0.5421875 0.2078125 0.42734375 0 0.42734375 0 0.5421875
30 1 0.60703125 0.852734375 0.60703125 0.852734375 0.7015625 1 0.7015625 1 0.60703125
30 0.965625 0.7171875 0.965625 0.610546875 0.775390625 0.610546875 0.775390625 0.7171875 0.965625 0.7171875
30 0.6453125 0.5921875 0.6453125 0.7890625 0.75 0.7890625 0.75 0.5921875 0.6453125 0.5921875
30 0.496875 0.7390625 0.496875 0.649609375 0.323828125 0.649609375 0.323828125 0.7390625 0.496875 0.7390625
30 0.7140625 0.74375 0.7140625 0.653515625 0.501953125 0.653515625 0.501953125 0.74375 0.7140625 0.74375
30 0.6203125 0.75625 0.6203125 0.67734375 0.42109375 0.67734375 0.42109375 0.75625 0.6203125 0.75625
30 0.4421875 0.796875 0.4421875 0.688671875 0.209375 0.688671875 0.209375 0.796875 0.4421875 0.796875
30 0.29375 0.8125 0.29375 0.71796875 0.135546875 0.71796875 0.135546875 0.8125 0.29375 0.8125
30 0 0.8953125 0.1703125 0.8953125 0.1703125 0.658984375 0 0.658984375 0 0.8953125
30 1 0.791015625 0.854296875 0.791015625 0.854296875 0.9203125 1 0.9203125 1 0.791015625
30 0.8921875 0.9265625 0.8921875 0.80703125 0.74921875 0.80703125 0.74921875 0.9265625 0.8921875 0.9265625
30 0.641796875 0.8203125 0.641796875 0.9875 0.7421875 0.9875 0.7421875 0.8203125 0.641796875 0.8203125
30 0.3671875 0.8609375 0.3671875 0.98125 0.4890625 0.98125 0.4890625 0.8609375 0.3671875 0.8609375
30 0.491796875 0.85 0.491796875 0.99375 0.6453125 0.99375 0.6453125 0.85 0.491796875 0.85
30 0.3578125 0.873828125 0.246484375 0.873828125 0.246484375 0.980859375 0.3578125 0.980859375 0.3578125 0.873828125
30 0.5265625 0.0484375 0.5265625 0.1671875 0.7421875 0.1671875 0.7421875 0.0484375 0.5265625 0.0484375
30 0.325 0 0.325 0.253125 0.4578125 0.253125 0.4578125 0 0.325 0