30 1 0.3609375 0.819921875 0.3609375 0.819921875 0.4578125 1 0.4578125 1 0.3609375
30 0.7953125 0.3078125 0.7953125 0.534375 0.884375 0.534375 0.884375 0.3078125 0.7953125 0.3078125
30 0.8453125 0.375390625 0.5890625 0.375390625 0.5890625 0.4875 0.8453125 0.4875 0.8453125 0.375390625
30 0.5765625 0.5796875 0.5765625 0.316796875 0.483984375 0.316796875 0.483984375 0.5796875 0.5765625 0.5796875
30 0.3515625 0.305859375 0.2625 0.305859375 0.2625 0.5921875 0.3515625 0.5921875 0.3515625 0.305859375
30 0.459375 0.5890625 0.459375 0.326171875 0.361328125 0.326171875 0.361328125 0.5890625 0.459375 0.5890625
30 0.3296875 0.521875 0.3296875 0.426953125 0.041015625 0.426953125 0.041015625 0.521875 0.3296875 0.521875
30 0.0125 0.346875 0.0125 0.6234375 0.128125 0.6234375 0.128125 0.346875 0.0125 0.346875
30 1 0.60703125 0.852734375 0.60703125 0.852734375 0.7015625 1 0.7015625 1 0.60703125
30 0.925 0.759375 0.925 0.569140625 0.817578125 0.569140625 0.817578125 0.759375 0.925 0.759375
30 0.6453125 0.5921875 0.6453125 0.7890625 0.75 0.7890625 0.75 0.5921875 0.6453125 0.5921875
30 0.365625 0.78125 0.45625 0.78125 0.45625 0.6078125 0.365625 0.6078125 0.365625 0.78125
30 0.653125 0.8046875 0.653125 0.591796875 0.562890625 0.591796875 0.562890625 0.8046875 0.653125 0.8046875
30 0.48125 0.6171875 0.48125 0.8171875 0.5609375 0.8171875 0.5609375 0.6171875 0.48125 0.6171875
30 0.4421875 0.796875 0.4421875 0.688671875 0.21015625 0.688671875 0.21015625 0.796875 0.4421875 0.796875
30 0.29375 0.8125 0.29375 0.71796875 0.135546875 0.71796875 0.135546875 0.8125 0.29375 0.8125
30 0 0.8625 0.203125 0.8625 0.203125 0.692578125 0 0.692578125 0 0.8625
30 1 0.791796875 0.853515625 0.791796875 0.853515625 0.9203125 1 0.9203125 1 0.791796875
30 0.7609375 0.7953125 0.7609375 0.9390625 0.88125 0.9390625 0.88125 0.7953125 0.7609375 0.7953125
30 0.775 0.85390625 0.608984375 0.85390625 0.608984375 0.9546875 0.775 0.9546875 0.775 0.85390625
30 0.4875 0.98125 0.4875 0.86015625 0.36796875 0.86015625 0.36796875 0.98125 0.4875 0.98125
30 0.640625 1 0.640625 0.8453125 0.496875 0.8453125 0.496875 1 0.640625 1
30 0.357421875 0.98125 0.357421875 0.874609375 0.245703125 0.874609375 0.245703125 0.98125 0.357421875 0.98125
30 0.575 0 0.575 0.215625 0.69375 0.215625 0.69375 0 0.575 0
30 0.5171875 0.1921875 0.5171875 0.06015625 0.26484375 0.06015625 0.26484375 0.1921875 0.5171875 0.1921875