32 0.825 0.384375 0.825 0.29029017968750004 0.6854166671875 0.29029017968750004 0.6854166671875 0.384375 0.825 0.384375
32 0.5640625 0.3890625 0.6859375 0.3890625 0.6859375 0.29032738125 0.5640625 0.29032738125 0.5640625 0.3890625
32 0.5421875 0.4140625 0.5421875 0.2834449390625 0.442051090625 0.2834449390625 0.442051090625 0.4140625 0.5421875 0.4140625
32 0.4015625 0.4265625 0.4015625 0.282936509375 0.2979290671875 0.282936509375 0.2979290671875 0.4265625 0.4015625 0.4265625
32 0.2625 0.428125 0.2625 0.2961929546875 0.158147321875 0.2961929546875 0.158147321875 0.428125 0.2625 0.428125
32 0.9328125 0.503125 0.9328125 0.36925843281250004 0.8386780765624999 0.36925843281250004 0.838678075 0.503125 0.9328125 0.503125
32 0.6890625 0.5078125 0.8171875 0.5078125 0.8171875 0.40166170625 0.6890625 0.40166170625 0.6890625 0.5078125
32 0.565625 0.5109375 0.684375 0.5109375 0.684375 0.39970238125 0.565625 0.39970238125 0.565625 0.5109375
32 0.425 0.4125248015625 0.2923115078125 0.4125248015625 0.2923115078125 0.5093501984375 0.425 0.5093501984375 0.425 0.4125248015625
32 0.5328125 0.528125 0.5328125 0.4017857125 0.44150545625 0.4017857125 0.44150545625 0.528125 0.5328125 0.528125
32 0.284375 0.534375 0.284375 0.421242559375 0.18854166562500002 0.421242559375 0.18854166562500002 0.534375 0.284375 0.534375
32 0.0734375 0.5453125 0.17483879062500002 0.5453125 0.17483879062500002 0.42420635000000007 0.0734375 0.42420635000000007 0.0734375 0.5453125
32 0.83125 0.090625 0.984375 0.090625 0.984375 0.0000620046875 0.83125 0.000062003125 0.83125 0.090625
32 0.5637772828125 0 0.5637772828125 0.0984375 0.6984375 0.0984375 0.6984375 0 0.5637772828125 0
32 0.825 0.1015625 0.825 0.0000124 0.6966145828125 0.0000124 0.6966145828125 0.1015625 0.825 0.1015625
32 0.9234375 0.6109375 0.9234375 0.4920510921875 0.8261532718750001 0.4920510921875 0.8261532734375001 0.6109375 0.9234375 0.6109375
32 0.665625 0.621875 0.665625 0.4990699421875 0.5656870046875 0.4990699421875 0.5656870046875 0.621875 0.665625 0.621875
32 0.8015625 0.6375 0.8015625 0.49804067500000004 0.6939484125 0.49804067500000004 0.6939484125 0.6375 0.8015625 0.6375
32 0.565625 0.6140625 0.565625 0.5253224203125 0.4285342265625 0.5253224203125 0.4285342265625 0.6140625 0.565625 0.6140625
32 0.4109375 0.65 0.4109375 0.510119046875 0.3127728171875 0.510119046875 0.3127728171875 0.65 0.4109375 0.65
32 0.199925596875 0.6515625 0.199925596875 0.53818204375 0.0888144828125 0.53818204375 0.0888144828125 0.6515625 0.199925596875 0.6515625
32 0.2984375 0.5361855156249999 0.1921875 0.5361855156249999 0.1921875 0.654439484375 0.2984375 0.654439484375 0.2984375 0.5361855156249999
32 0.5730654765625001 0.1125 0.5730654765625001 0.0045138890625 0.4333829359375 0.0045138890625 0.4333829359375 0.1125 0.5730654765625001 0.1125
32 0.6875 0.7140625 0.6875 0.6333457328125001 0.5654389875 0.6333457328125001 0.5654389875 0.7140625 0.6875 0.7140625
32 0.8125 0.6316964281249999 0.6971354171875 0.6316964281249999 0.6971354171875 0.724553571875 0.8125 0.724553571875 0.8125 0.6316964281249999
32 0.4265625 0.7375 0.4265625 0.6539186515625001 0.309424603125 0.6539186515625001 0.309424603125 0.7375 0.4265625 0.7375
32 0.5640625 0.7421875 0.5640625 0.6599578390625 0.4369047609375 0.6599578390625 0.4369047609375 0.7421875 0.5640625 0.7421875
32 0.309375 0.7578125 0.309375 0.66648065625 0.16929563593750002 0.66648065625 0.16929563593750002 0.7578125 0.309375 0.7578125
32 0.3078125 0.121875 0.3078125 0.0109375 0.1574032734375 0.0109375 0.1574032734375 0.121875 0.3078125 0.121875
32 0.9234375 0.834375 0.9234375 0.707948909375 0.824950396875 0.707948909375 0.824950396875 0.834375 0.9234375 0.834375
32 0.684375 0.828125 0.684375 0.7258184515625 0.5790922625 0.7258184515625 0.5790922625 0.828125 0.684375 0.828125
32 0.80625 0.8453125 0.80625 0.7224330343750001 0.7181175609375 0.7224330343750001 0.7181175609375 0.8453125 0.80625 0.8453125
32 0.45 0.8328125 0.45 0.752480159375 0.3177083328125 0.752480159375 0.3177083328125 0.8328125 0.45 0.8328125
32 0.443812003125 0.842137896875 0.5858754953124999 0.842137896875 0.5858754953124999 0.748487103125 0.443812003125 0.748487103125 0.443812003125 0.842137896875
32 0.6859375 0.24375 0.83125 0.24375 0.83125 0.1296875 0.6859375 0.1296875 0.6859375 0.24375
32 0.8266245046874999 0.1375 0.8266245046874999 0.2375 0.9686879953125 0.2375 0.9686879953125 0.1375 0.8266245046874999 0.1375
32 0.6715401796875 0.2578125 0.6715401796875 0.1269097234375 0.567571925 0.1269097234375 0.567571925 0.2578125 0.6715401796875 0.2578125
32 0.5359375 0.29375 0.5359375 0.1314732140625 0.42955109062499996 0.1314732140625 0.42955109062499996 0.29375 0.5359375 0.29375
32 0.3921875 0.284375 0.3921875 0.1457713296875 0.27315228125 0.1457713296875 0.27315228125 0.284375 0.3921875 0.284375
32 0.2640625 0.2796875 0.2640625 0.1662574421875 0.12372271875 0.1662574421875 0.12372271875 0.2796875 0.2640625 0.2796875
32 0.009375 0.2921875 0.128125 0.2921875 0.128125 0.1703125 0.009375 0.1703125 0.009375 0.2921875
32 0.95771329375 0.3703125 0.95771329375 0.278174603125 0.82041170625 0.278174603125 0.82041170625 0.3703125 0.95771329375 0.3703125