17 0.8640625 0.5359375 0.8640625 0.299609375 0.607421875 0.299609375 0.607421875 0.5359375 0.8640625 0.5359375
17 0.6375 0.351171875 0.42421875 0.351171875 0.42421875 0.6140625 0.6375 0.6140625 0.6375 0.351171875
17 0.2015625 0.4234375 0.2015625 0.6234375 0.4453125 0.6234375 0.4453125 0.4234375 0.2015625 0.4234375
17 0.869921875 0.696875 0.869921875 0.496484375 0.783203125 0.496484375 0.783203125 0.696875 0.869921875 0.696875
17 0.5765625 0.725 0.5765625 0.639453125 0.383984375 0.639453125 0.383984375 0.725 0.5765625 0.725
17 0.1984375 0.6875 0.1984375 0.7671875 0.4 0.7671875 0.4 0.6875 0.1984375 0.6875
17 0.022265625 0.7234375 0.022265625 0.8234375 0.2234375 0.8234375 0.2234375 0.7234375 0.022265625 0.7234375
17 0.8453125 0.726953125 0.625 0.726953125 0.625 0.8328125 0.8453125 0.8328125 0.8453125 0.726953125
17 0.6015625 0.702734375 0.46796875 0.702734375 0.46796875 0.9359375 0.6015625 0.9359375 0.6015625 0.702734375
17 0.194140625 0.8140625 0.194140625 0.9375 0.440625 0.9375 0.440625 0.8140625 0.194140625 0.8140625
17 0.000390625 0.8671875 0.000390625 0.996875 0.2171875 0.996875 0.2171875 0.8671875 0.000390625 0.8671875
17 0.56640625 0 0.56640625 0.28125 0.8390625 0.28125 0.8390625 0 0.56640625 0
17 0.325 0.0640625 0.325 0.34375 0.6421875 0.34375 0.6421875 0.0640625 0.325 0.0640625
17 0.0546875 0.05625 0.0546875 0.3796875 0.3984375 0.3796875 0.3984375 0.05625 0.0546875 0.05625