32 0.8015625 0.409375 0.8015625 0.271875 0.708203125 0.271875 0.708203125 0.409375 0.8015625 0.409375
32 0.565234375 0.29375 0.565234375 0.3921875 0.6859375 0.3921875 0.6859375 0.29375 0.565234375 0.29375
32 0.43125 0.3015625 0.43125 0.4015625 0.5609375 0.4015625 0.5609375 0.3015625 0.43125 0.3015625
32 0.40625 0.4265625 0.40625 0.287109375 0.304296875 0.287109375 0.304296875 0.4265625 0.40625 0.4265625
32 0.26875 0.29921875 0.166796875 0.29921875 0.166796875 0.4296875 0.26875 0.4296875 0.26875 0.29921875
32 0.9296875 0.503125 0.9296875 0.37109375 0.83671875 0.37109375 0.83671875 0.503125 0.9296875 0.503125
32 0.6890625 0.403125 0.6890625 0.5078125 0.815625 0.5078125 0.815625 0.403125 0.6890625 0.403125
32 0.5671875 0.5109375 0.684375 0.5109375 0.684375 0.401953125 0.5671875 0.401953125 0.5671875 0.5109375
32 0.298046875 0.4140625 0.298046875 0.509375 0.4296875 0.509375 0.4296875 0.4140625 0.298046875 0.4140625
32 0.428125 0.4203125 0.428125 0.5109375 0.553125 0.5109375 0.553125 0.4203125 0.428125 0.4203125
32 0.290625 0.534375 0.290625 0.422265625 0.196875 0.422265625 0.196875 0.534375 0.290625 0.534375
32 0.0734375 0.4359375 0.0734375 0.5359375 0.19375 0.5359375 0.19375 0.4359375 0.0734375 0.4359375
32 0.830078125 0 0.830078125 0.0984375 0.9796875 0.0984375 0.9796875 0 0.830078125 0
32 0.58046875 0 0.58046875 0.11875 0.6859375 0.11875 0.6859375 0 0.58046875 0
32 0.697265625 0 0.697265625 0.1078125 0.8234375 0.1078125 0.8234375 0 0.697265625 0
32 0.91953125 0.609375 0.91953125 0.491796875 0.8234375 0.491796875 0.8234375 0.609375 0.91953125 0.609375
32 0.665625 0.6203125 0.665625 0.499609375 0.56796875 0.499609375 0.56796875 0.6203125 0.665625 0.6203125
32 0.8171875 0.514453125 0.678125 0.514453125 0.678125 0.6203125 0.8171875 0.6203125 0.8171875 0.514453125
32 0.54375 0.6359375 0.54375 0.501171875 0.45625 0.501171875 0.45625 0.6359375 0.54375 0.6359375
32 0.318359375 0.509375 0.318359375 0.64765625 0.415625 0.64765625 0.415625 0.509375 0.318359375 0.509375
32 0.0984375 0.5375 0.0984375 0.65 0.2078125 0.65 0.2078125 0.5375 0.0984375 0.5375
32 0.310546875 0.646875 0.310546875 0.541796875 0.194140625 0.541796875 0.194140625 0.646875 0.310546875 0.646875
32 0.453125 0 0.453125 0.134375 0.559375 0.134375 0.559375 0 0.453125 0
32 0.66796875 0.73125 0.66796875 0.610546875 0.5875 0.610546875 0.5875 0.73125 0.66796875 0.73125
32 0.799609375 0.7328125 0.799609375 0.618359375 0.708203125 0.618359375 0.708203125 0.7328125 0.799609375 0.7328125
32 0.316015625 0.6515625 0.316015625 0.7359375 0.43125 0.7359375 0.43125 0.6515625 0.316015625 0.6515625
32 0.54375 0.7609375 0.54375 0.6359375 0.462109375 0.6359375 0.462109375 0.7609375 0.54375 0.7609375
32 0.178125 0.7546875 0.315625 0.7546875 0.315625 0.664453125 0.178125 0.664453125 0.178125 0.7546875
32 0.165625 0.01875 0.165625 0.128125 0.315625 0.128125 0.315625 0.01875 0.165625 0.01875
32 0.9203125 0.705078125 0.8234375 0.705078125 0.8234375 0.8296875 0.9203125 0.8296875 0.9203125 0.705078125
32 0.5828125 0.7203125 0.5828125 0.825 0.684375 0.825 0.684375 0.7203125 0.5828125 0.7203125
32 0.718359375 0.71875 0.718359375 0.8390625 0.8046875 0.8390625 0.8046875 0.71875 0.718359375 0.71875
32 0.3234375 0.7484375 0.3234375 0.8296875 0.4546875 0.8296875 0.4546875 0.7484375 0.3234375 0.7484375
32 0.472265625 0.721875 0.472265625 0.8609375 0.5640625 0.8609375 0.5640625 0.721875 0.472265625 0.721875
32 0.6859375 0.1359375 0.6859375 0.2484375 0.8296875 0.2484375 0.8296875 0.1359375 0.6859375 0.1359375
32 0.824609375 0.14375 0.824609375 0.2421875 0.9640625 0.2421875 0.9640625 0.14375 0.824609375 0.14375
32 0.671875 0.133203125 0.56953125 0.133203125 0.56953125 0.2625 0.671875 0.2625 0.671875 0.133203125
32 0.433203125 0.1375 0.433203125 0.296875 0.5390625 0.296875 0.5390625 0.1375 0.433203125 0.1375
32 0.396875 0.2875 0.396875 0.15234375 0.279296875 0.15234375 0.279296875 0.2875 0.396875 0.2875
32 0.2578125 0.296875 0.2578125 0.15859375 0.14609375 0.15859375 0.14609375 0.296875 0.2578125 0.296875
32 0.1375 0.174609375 0.0203125 0.174609375 0.0203125 0.2953125 0.1375 0.2953125 0.1375 0.174609375
32 0.81875 0.28125 0.81875 0.3734375 0.953125 0.3734375 0.953125 0.28125 0.81875 0.28125