16 0 0.45 0.2796875 0.45 0.2796875 0.27890625 0 0.27890625 0 0.45
16 0 0.834375 0.2140625 0.834375 0.2140625 0.62265625 0 0.62265625 0 0.834375
1 0.6890625 0.281640625 0.6234375 0.281640625 0.6234375 0.35625 0.6890625 0.35625 0.6890625 0.281640625
1 0.778515625 0.3390625 0.778515625 0.4234375 0.8484375 0.4234375 0.8484375 0.3390625 0.778515625 0.3390625
1 0.8546875 0.7234375 0.921875 0.7234375 0.921875 0.644140625 0.8546875 0.644140625 0.8546875 0.7234375
36 0.225390625 0.7703125 0.225390625 0.8515625 0.33125 0.8515625 0.33125 0.7703125 0.225390625 0.7703125
36 1 0.425 0.919921875 0.425 0.919921875 0.4921875 1 0.4921875 1 0.425
4 0.43125 0.7078125 0.43125 0.608203125 0.240625 0.608203125 0.240625 0.7078125 0.43125 0.7078125
4 0.8546875 0.5875 0.8546875 0.46875 0.701953125 0.46875 0.701953125 0.5875 0.8546875 0.5875
8 0.298828125 0.1859375 0.298828125 0.3765625 0.503125 0.3765625 0.503125 0.1859375 0.298828125 0.1859375
8 0.684375 0.7359375 0.684375 0.523046875 0.553515625 0.523046875 0.553515625 0.7359375 0.684375 0.7359375