30 0.36875 0.308203125 0.1828125 0.308203125 0.1828125 0.3953125 0.36875 0.3953125 0.36875 0.308203125
30 1 0.36171875 0.87734375 0.36171875 0.87734375 0.446875 1 0.446875 1 0.36171875
30 0.785546875 0.3421875 0.785546875 0.4859375 0.9203125 0.4859375 0.9203125 0.3421875 0.785546875 0.3421875
30 0.1109375 0.45625 0.1109375 0.375 0.036328125 0.375 0.036328125 0.45625 0.1109375 0.45625
30 0.6890625 0.353515625 0.5734375 0.353515625 0.5734375 0.4859375 0.6890625 0.4859375 0.6890625 0.353515625
30 0.675 0.35625 0.675 0.4890625 0.8109375 0.4890625 0.8109375 0.35625 0.675 0.35625
30 0.61015625 0.484375 0.61015625 0.363671875 0.4859375 0.363671875 0.4859375 0.484375 0.61015625 0.484375
30 0.15 0.3828125 0.15 0.484375 0.253125 0.484375 0.253125 0.3828125 0.15 0.3828125
30 0.1921875 0.391015625 0.0578125 0.391015625 0.0578125 0.4828125 0.1921875 0.4828125 0.1921875 0.391015625
30 0.40859375 0 0.40859375 0.165625 0.5640625 0.165625 0.5640625 0 0.40859375 0
30 0.30390625 0 0.30390625 0.1828125 0.4796875 0.1828125 0.4796875 0 0.30390625 0
30 0.41640625 0.1859375 0.41640625 0.005859375 0.2234375 0.005859375 0.2234375 0.1859375 0.41640625 0.1859375
30 0.1484375 0.221875 0.340625 0.221875 0.340625 0.009375 0.1484375 0.009375 0.1484375 0.221875
30 0.278125 0.033203125 0.0875 0.033203125 0.0875 0.2203125 0.278125 0.2203125 0.278125 0.033203125
30 0.2109375 0.2265625 0.2109375 0.055859375 0.043359375 0.055859375 0.043359375 0.2265625 0.2109375 0.2265625
30 0.433984375 0.2296875 0.433984375 0.325 0.5578125 0.325 0.5578125 0.2296875 0.433984375 0.2296875
30 0.8078125 0.225 0.8078125 0.3484375 0.9375 0.3484375 0.9375 0.225 0.8078125 0.225
30 0.69375 0.2421875 0.69375 0.353125 0.809375 0.353125 0.809375 0.2421875 0.69375 0.2421875
30 0.5984375 0.2546875 0.5984375 0.35625 0.696875 0.35625 0.696875 0.2546875 0.5984375 0.2546875
30 0.5078125 0.2609375 0.5078125 0.3625 0.603125 0.3625 0.603125 0.2609375 0.5078125 0.2609375
30 0.43125 0.3984375 0.43125 0.23125 0.294921875 0.23125 0.294921875 0.3984375 0.43125 0.3984375