51 0.38359375 0.2984375 0.2796875 0.2984375 0.2796875 0.43515625 0.38359375 0.43515625 0.38359375 0.2984375
51 0.19453125 0.3515625 0.059375 0.3515625 0.059375 0.48203125 0.19453125 0.48203125 0.19453125 0.3515625
51 0.99921875 0.0140625 0.903125 0.0140625 0.903125 0.0984375 0.99921875 0.0984375 0.99921875 0.0140625
32 0.99921875 0.3234375 0.40625 0.3234375 0.40625 0.88046875 0.99921875 0.88046875 0.99921875 0.3234375
51 0.91171875 0.03125 0.8 0.03125 0.8 0.11328125 0.91171875 0.11328125 0.91171875 0.03125
51 0.79296875 0.0328125 0.684375 0.0328125 0.684375 0.11640625 0.79296875 0.11640625 0.79296875 0.0328125
51 0.68671875 0.0640625 0.578125 0.0640625 0.578125 0.22109375 0.68671875 0.22109375 0.68671875 0.0640625
51 0.4390625 0.13125 0.3390625 0.13125 0.3390625 0.2046875 0.4390625 0.2046875 0.4390625 0.13125
51 0.96796875 0.10625 0.8359375 0.10625 0.8359375 0.27109375 0.96796875 0.27109375 0.96796875 0.10625
51 0.8453125 0.1109375 0.721875 0.1109375 0.721875 0.2765625 0.8453125 0.2765625 0.8453125 0.1109375
51 0.73359375 0.140625 0.6109375 0.140625 0.6109375 0.30625 0.73359375 0.30625 0.73359375 0.140625
51 0.1453125 0.1828125 0.015625 0.1828125 0.015625 0.33515625 0.1453125 0.33515625 0.1453125 0.1828125
51 0.37578125 0.221875 0.2765625 0.221875 0.2765625 0.296875 0.37578125 0.296875 0.37578125 0.221875
51 0.4984375 0.1921875 0.3828125 0.1921875 0.3828125 0.346875 0.4984375 0.346875 0.4984375 0.1921875
51 0.27890625 0.2390625 0.1359375 0.2390625 0.1359375 0.4015625 0.27890625 0.4015625 0.27890625 0.2390625