51 0.3171875 0.3890625 0.421875 0.3890625 0.421875 0.309765625 0.3171875 0.309765625 0.3171875 0.3890625
51 0.2046875 0.4234375 0.2046875 0.28984375 0.05078125 0.28984375 0.05078125 0.4234375 0.2046875 0.4234375
51 0.546484375 0.309375 0.546484375 0.43125 0.64375 0.43125 0.64375 0.309375 0.546484375 0.309375
51 0.7875 0.323828125 0.6609375 0.323828125 0.6609375 0.4203125 0.7875 0.4203125 0.7875 0.323828125
51 0.806640625 0.3421875 0.806640625 0.4734375 0.90625 0.4734375 0.90625 0.3421875 0.806640625 0.3421875
51 0.1546875 0.5328125 0.1546875 0.366015625 0.001953125 0.366015625 0.001953125 0.5328125 0.1546875 0.5328125
51 0.396875 0.391796875 0.26875 0.391796875 0.26875 0.5578125 0.396875 0.5578125 0.396875 0.391796875
51 0.678125 0.5671875 0.678125 0.44140625 0.51640625 0.44140625 0.51640625 0.5671875 0.678125 0.5671875
51 0.8 0.423046875 0.665625 0.423046875 0.665625 0.5921875 0.8 0.5921875 0.8 0.423046875
51 0.2953125 0.596875 0.2953125 0.47890625 0.15078125 0.47890625 0.15078125 0.596875 0.2953125 0.596875
51 0.8046875 0.4578125 0.8046875 0.6375 0.946875 0.6375 0.946875 0.4578125 0.8046875 0.4578125