17 0.86484375 0.3 0.6078125 0.3 0.6078125 0.53671875 0.86484375 0.53671875 0.86484375 0.3
17 0.6625 0.3765625 0.3984375 0.3765625 0.3984375 0.58984375 0.6625 0.58984375 0.6625 0.3765625
17 0.4453125 0.4234375 0.2015625 0.4234375 0.2015625 0.6234375 0.4453125 0.6234375 0.4453125 0.4234375
17 0.92734375 0.553125 0.7265625 0.553125 0.7265625 0.63984375 0.92734375 0.63984375 0.92734375 0.553125
17 0.57734375 0.6390625 0.384375 0.6390625 0.384375 0.72578125 0.57734375 0.72578125 0.57734375 0.6390625
17 0.40078125 0.6875 0.1984375 0.6875 0.1984375 0.7671875 0.40078125 0.7671875 0.40078125 0.6875
17 0.22421875 0.7234375 0.021875 0.7234375 0.021875 0.8234375 0.22421875 0.8234375 0.22421875 0.7234375
17 0.8453125 0.7265625 0.625 0.7265625 0.625 0.83359375 0.8453125 0.83359375 0.8453125 0.7265625
17 0.6515625 0.753125 0.4171875 0.753125 0.4171875 0.88671875 0.6515625 0.88671875 0.6515625 0.753125
17 0.44140625 0.8140625 0.19375 0.8140625 0.19375 0.9375 0.44140625 0.9375 0.44140625 0.8140625
17 0 0.996875 0.21796875 0.996875 0.21796875 0.8671875 0 0.8671875 0 0.996875
17 0.5578125 0 0.5578125 0.2734375 0.8484375 0.2734375 0.8484375 0 0.5578125 0
17 0.6421875 0.0640625 0.325 0.0640625 0.325 0.34375 0.6421875 0.34375 0.6421875 0.0640625
17 0.3984375 0.05625 0.0546875 0.05625 0.0546875 0.3796875 0.3984375 0.3796875 0.3984375 0.05625