52 0.1671875 0.2796875 0.1671875 0.4171875 0.2265625 0.4171875 0.2265625 0.2796875 0.1671875 0.2796875
45 0.046484375 0.434375 0.046484375 0.54765625 0.10625 0.54765625 0.10625 0.434375 0.046484375 0.434375
45 0.141015625 0.4765625 0.141015625 0.525 0.221875 0.525 0.221875 0.4765625 0.141015625 0.4765625
45 0.125390625 0.4859375 0.125390625 0.6 0.1734375 0.6 0.1734375 0.4859375 0.125390625 0.4859375
9 0.0015625 0.6109375 0.0015625 0.659375 0.0703125 0.659375 0.0703125 0.6109375 0.0015625 0.6109375
9 0 0.7734375 0.071875 0.7734375 0.071875 0.696875 0 0.696875 0 0.7734375
9 0.2203125 0.8046875 0.2203125 0.73046875 0.14453125 0.73046875 0.14453125 0.8046875 0.2203125 0.8046875
15 0.265625 0.74375 0.265625 0.8609375 0.3859375 0.8609375 0.3859375 0.74375 0.265625 0.74375
9 0.2515625 0.878125 0.2515625 0.7828125 0.165234375 0.7828125 0.165234375 0.878125 0.2515625 0.878125
15 0.396875 0.83125 0.396875 0.9515625 0.5265625 0.9515625 0.5265625 0.83125 0.396875 0.83125
15 0.4078125 1 0.4078125 0.8546875 0.265234375 0.8546875 0.265234375 1 0.4078125 1
15 0.4890625 1 0.4890625 0.905859375 0.45234375 0.905859375 0.45234375 1 0.4890625 1
52 0.196875 0.273828125 0.1015625 0.273828125 0.1015625 0.3078125 0.196875 0.3078125 0.196875 0.273828125
52 0.1140625 0.2921875 0.1140625 0.328125 0.2265625 0.328125 0.2265625 0.2921875 0.1140625 0.2921875
52 0.0984375 0.33125 0.0984375 0.295703125 0.005859375 0.295703125 0.005859375 0.33125 0.0984375 0.33125
52 0.234375 0.309765625 0.11875 0.309765625 0.11875 0.35 0.234375 0.35 0.234375 0.309765625
52 0.1140625 0.310546875 0.025 0.310546875 0.025 0.3515625 0.1140625 0.3515625 0.1140625 0.310546875