32 1 0.3895490921875 0.7494836734375 0.3895490921875 0.7494836734375 0.5515625 1 0.5515625 1 0.3895490921875
32 0.7921875 0.5875 0.7921875 0.4537359421875 0.4686634953125 0.4537359421875 0.4686634953125 0.5875 0.7921875 0.5875
32 0.39375 0.7328125 0.39375 0.397499459375 0.249364728125 0.397499459375 0.249364728125 0.7328125 0.39375 0.7328125
32 0.8546875 0.7015625 0.8546875 0.5723588875 0.5271031578125001 0.5723588875 0.5271031578125001 0.7015625 0.8546875 0.7015625
32 0.4606915 0.834375 0.4606915 0.4938338015625 0.30411710625 0.4938338015625 0.30411710625 0.834375 0.4606915 0.834375
32 0.1984375 0.840625 0.1984375 0.6406574390625 0.0008082828125 0.6406574390625 0.0008082828125 0.840625 0.1984375 0.840625
32 0.603125 0.61875 0.603125 0.9390625 0.735653653125 0.9390625 0.735653653125 0.61875 0.603125 0.61875
32 0.9953125 0.946875 0.9953125 0.71959883125 0.7755514703124999 0.71959883125 0.7755514703124999 0.946875 0.9953125 0.946875
32 0.4546875 1 0.4546875 0.7048496984375 0.2921875 0.7048496984375 0.2921875 1 0.4546875 1
32 0.7859375 1 0.7859375 0.7653249343749999 0.6204422578125001 0.7653249343749999 0.6204422578125001 1 0.7859375 1
32 0.478125 1 0.478125 0.7619241999999999 0.362743296875 0.7619241999999999 0.362743296875 1 0.478125 1
32 0.159375 1 0.159375 0.8407601640625 0.081612240625 0.8407601640625 0.081612240625 1 0.159375 1
32 0.6609375 0.209375 0.9625 0.209375 0.9625 0.093952746875 0.6609375 0.093952746875 0.6609375 0.209375
32 0.9453125 0.3765625 0.9453125 0.1266463015625 0.8026005625 0.1266463015625 0.8026005625 0.3765625 0.9453125 0.3765625
32 0.4859375 0.3828125 0.4859375 0.12282385468749998 0.2419901609375 0.12282385468749998 0.2419901609375 0.3828125 0.4859375 0.3828125
32 0.60625 0.38125 0.60625 0.1816365703125 0.43936526875000004 0.1816365703125 0.43936526875000004 0.38125 0.60625 0.38125
32 0.789003028125 0.3828125 0.789003028125 0.17990646562499998 0.567549740625 0.17990646562499998 0.567549740625 0.3828125 0.789003028125 0.3828125