32 0.9625 0.5109375 0.9625 0.32890625 0.85390625 0.32890625 0.85390625 0.5109375 0.9625 0.5109375
32 0.828125 0.559375 0.828125 0.373828125 0.622265625 0.373828125 0.622265625 0.559375 0.828125 0.559375
32 0.9078125 0.590625 0.9078125 0.4171875 0.759765625 0.4171875 0.759765625 0.590625 0.9078125 0.590625
32 0.6671875 0.43671875 0.480859375 0.43671875 0.480859375 0.6234375 0.6671875 0.6234375 0.6671875 0.43671875
32 0.4375 0.746875 0.4375 0.397265625 0.184375 0.397265625 0.184375 0.746875 0.4375 0.746875
32 0.96875 0.2578125 0.96875 0.087109375 0.857421875 0.087109375 0.857421875 0.2578125 0.96875 0.2578125
32 0.8515625 0.26875 0.8515625 0.11171875 0.64296875 0.11171875 0.64296875 0.26875 0.8515625 0.26875
32 0.540625 0.3078125 0.709375 0.3078125 0.709375 0.105078125 0.540625 0.105078125 0.540625 0.3078125
32 0.475 0.3046875 0.475 0.133984375 0.23984375 0.133984375 0.23984375 0.3046875 0.475 0.3046875
32 0.1328125 0.203125 0.1328125 0.328125 0.3015625 0.328125 0.3015625 0.203125 0.1328125 0.203125
32 0 0.3890625 0.1671875 0.3890625 0.1671875 0.221484375 0 0.221484375 0 0.3890625