43 0.8360655734375 0.47213114687499996 0.7057377046875 0.47213114687499996 0.7057377046875 0.6852459015625 0.8360655734375 0.6852459015625 0.8360655734375 0.47213114687499996
43 0.5065573765625 0.49836065625000003 0.3770491796875 0.49836065625000003 0.3770491796875 0.6655737703125 0.5065573765625 0.6655737703125 0.5065573765625 0.49836065625000003
43 0.7327868859375 0.4950819671875 0.5926229515625 0.4950819671875 0.5926229515625 0.6950819671875 0.7327868859375 0.6950819671875 0.7327868859375 0.4950819671875
43 0.28032786875000004 0.5049180328125 0.1368852453125 0.5049180328125 0.1368852453125 0.7196721312500001 0.28032786875000004 0.7196721312500001 0.28032786875000004 0.5049180328125
43 0 0.729508196875 0.14098360625 0.729508196875 0.14098360625 0.51967213125 0 0.51967213125 0 0.729508196875
43 0.9147540984375 0.6852459015625 0.8040983609374999 0.6852459015625 0.8040983609374999 0.841803278125 0.9147540984375 0.841803278125 0.9147540984375 0.6852459015625
43 0.809836065625 0.7163934421875 0.7196721312500001 0.7163934421875 0.7196721312500001 0.84098360625 0.809836065625 0.84098360625 0.809836065625 0.7163934421875
43 0.74098360625 0.7147540984375 0.6360655734375 0.7147540984375 0.6360655734375 0.8549180328125001 0.74098360625 0.8549180328125001 0.74098360625 0.7147540984375
43 0.6409836062500001 0.7245901640625 0.55 0.7245901640625 0.55 0.8672131140625 0.6409836062500001 0.8672131140625 0.6409836062500001 0.7245901640625
43 0.5557377046875 0.7245901640625 0.440163934375 0.7245901640625 0.440163934375 0.8819672125 0.5557377046875 0.8819672125 0.5557377046875 0.7245901640625
43 0.2557377046875 0.7459016390625 0.158196721875 0.7459016390625 0.158196721875 0.9057377046875 0.2557377046875 0.9057377046875 0.2557377046875 0.7459016390625
43 0.36229508125 0.7655737703125001 0.2549180328125 0.7655737703125001 0.2549180328125 0.9032786890625 0.36229508125 0.9032786890625 0.36229508125 0.7655737703125001
43 0.278688525 0.111475409375 0.0950819671875 0.111475409375 0.0950819671875 0.402459015625 0.278688525 0.402459015625 0.278688525 0.111475409375
43 0.570491803125 0.131147540625 0.41557377031250003 0.131147540625 0.41557377031250003 0.4073770484375 0.570491803125 0.4073770484375 0.570491803125 0.131147540625
43 0.6836065578125 0.12786885312500001 0.528688525 0.12786885312500001 0.528688525 0.4172131140625 0.6836065578125 0.4172131140625 0.6836065578125 0.12786885312500001
43 0.4540983609375 0.1344262296875 0.2893442625 0.1344262296875 0.2893442625 0.4532786890625 0.4540983609375 0.4532786890625 0.4540983609375 0.1344262296875
43 1 0.17540983593749998 0.8606557374999999 0.17540983593749998 0.8606557374999999 0.43114754062499994 1 0.43114754062499994 1 0.17540983593749998
43 0.847540984375 0.170491803125 0.6737704921875001 0.170491803125 0.6737704921875001 0.4426229515625 0.847540984375 0.4426229515625 0.847540984375 0.170491803125