32 0.9984375 0.396875 0.9984375 0.297265625 0.908984375 0.297265625 0.908984375 0.396875 0.9984375 0.396875
32 0.746875 0 0.746875 0.1171875 0.8390625 0.1171875 0.8390625 0 0.746875 0
32 0.2203125 0.1234375 0.2203125 0.031640625 0.171875 0.031640625 0.171875 0.1234375 0.2203125 0.1234375
32 0.7375 0.9984375 0.7375 0.552734375 0.241015625 0.552734375 0.241015625 0.9984375 0.7375 0.9984375
32 0.0078125 0.1140625 0.075 0.1140625 0.075 0.072265625 0.0078125 0.072265625 0.0078125 0.1140625
32 0.409375 0.0640625 0.409375 0.125 0.5203125 0.125 0.5203125 0.0640625 0.409375 0.0640625
32 0.5890625 0.15625 0.5890625 0.048046875 0.527734375 0.048046875 0.527734375 0.15625 0.5890625 0.15625
32 0.0171875 0.1125 0.0171875 0.1734375 0.04375 0.1734375 0.04375 0.1125 0.0171875 0.1125
32 0.0921875 0.128515625 0.0375 0.128515625 0.0375 0.165625 0.0921875 0.165625 0.0921875 0.128515625
32 0.46875 0.2109375 0.46875 0.1015625 0.402734375 0.1015625 0.402734375 0.2109375 0.46875 0.2109375
32 0.5859375 0.2046875 0.5859375 0.129296875 0.468359375 0.129296875 0.468359375 0.2046875 0.5859375 0.2046875
32 0.576953125 0.1484375 0.576953125 0.221875 0.69375 0.221875 0.69375 0.1484375 0.576953125 0.1484375
32 0.8078125 0.136328125 0.71484375 0.136328125 0.71484375 0.2625 0.8078125 0.2625 0.8078125 0.136328125
32 0.05625 0.165625 0.05625 0.25625 0.109375 0.25625 0.109375 0.165625 0.05625 0.165625
32 0.1109375 0.196875 0.1109375 0.2484375 0.184375 0.2484375 0.184375 0.196875 0.1109375 0.196875
32 0.246875 0.192578125 0.1734375 0.192578125 0.1734375 0.259375 0.246875 0.259375 0.246875 0.192578125
32 0.534375 0.215234375 0.471875 0.215234375 0.471875 0.2609375 0.534375 0.2609375 0.534375 0.215234375
32 0.5140625 0.271875 0.571875 0.271875 0.571875 0.2234375 0.5140625 0.2234375 0.5140625 0.271875
32 0.3578125 0.2296875 0.3578125 0.296875 0.434375 0.296875 0.434375 0.2296875 0.3578125 0.2296875
32 0.55625 0.240625 0.55625 0.3046875 0.6046875 0.3046875 0.6046875 0.240625 0.55625 0.240625
32 0.4 0.2546875 0.4 0.3078125 0.465625 0.3078125 0.465625 0.2546875 0.4 0.2546875
32 0.4671875 0.2734375 0.4671875 0.328125 0.5421875 0.328125 0.5421875 0.2734375 0.4671875 0.2734375
32 0.7359375 0.3578125 0.7359375 0.251171875 0.611328125 0.251171875 0.611328125 0.3578125 0.7359375 0.3578125
32 0.76875 0.365625 0.76875 0.2953125 0.676953125 0.2953125 0.676953125 0.365625 0.76875 0.365625
32 0.8453125 0.288671875 0.71953125 0.288671875 0.71953125 0.3765625 0.8453125 0.3765625 0.8453125 0.288671875