32 0.99921875 0.246875 0.7671875 0.246875 0.7671875 0.465625 0.99921875 0.465625 0.99921875 0.246875
32 0.26328125 0.440625 0.0859375 0.440625 0.0859375 0.55859375 0.26328125 0.55859375 0.26328125 0.440625
32 0.12421875 0.4203125 0.0140625 0.4203125 0.0140625 0.59296875 0.12421875 0.59296875 0.12421875 0.4203125
32 0.56015625 0.5234375 0.3828125 0.5234375 0.3828125 0.66015625 0.56015625 0.66015625 0.56015625 0.5234375
32 0.7328125 0.534375 0.553125 0.534375 0.553125 0.66640625 0.7328125 0.66640625 0.7328125 0.534375
32 0.99921875 0.534375 0.7765625 0.534375 0.7765625 0.7015625 0.99921875 0.7015625 0.99921875 0.534375
32 0.2875 0.6515625 0.1296875 0.6515625 0.1296875 0.76328125 0.2875 0.76328125 0.2875 0.6515625
32 0.68828125 0.671875 0.4765625 0.671875 0.4765625 0.80703125 0.68828125 0.80703125 0.68828125 0.671875
32 0.46171875 0.7171875 0.2546875 0.7171875 0.2546875 0.86875 0.46171875 0.86875 0.46171875 0.7171875
32 0.24140625 0.7546875 0.078125 0.7546875 0.078125 0.8796875 0.24140625 0.8796875 0.24140625 0.7546875
32 1 0.746875 0.73125 0.746875 0.73125 0.93515625 1 0.93515625 1 0.746875
32 0.67109375 1 0.67109375 0.840625 0.4671875 0.840625 0.4671875 1 0.67109375 1
32 0.48984375 0.1671875 0.3484375 0.1671875 0.3484375 0.4328125 0.48984375 0.4328125 0.48984375 0.1671875
32 0.75234375 0.1625 0.6703125 0.1625 0.6703125 0.4390625 0.75234375 0.4390625 0.75234375 0.1625
32 0.35234375 0.1859375 0.1890625 0.1859375 0.1890625 0.415625 0.35234375 0.415625 0.35234375 0.1859375
32 0.68359375 0.1671875 0.5734375 0.1671875 0.5734375 0.44453125 0.68359375 0.44453125 0.68359375 0.1671875