32 0.9203125 0.445703125 0.6703125 0.445703125 0.6703125 0.6296875 0.9203125 0.6296875 0.9203125 0.445703125
32 0.7203125 0.6328125 0.7203125 0.453515625 0.484375 0.453515625 0.484375 0.6328125 0.7203125 0.6328125
32 0.54375 0.463671875 0.30234375 0.463671875 0.30234375 0.6234375 0.54375 0.6234375 0.54375 0.463671875
17 0.346875 0.6640625 0.346875 0.47265625 0.16015625 0.47265625 0.16015625 0.6640625 0.346875 0.6640625
17 0 0.6703125 0.19375 0.6703125 0.19375 0.51171875 0 0.51171875 0 0.6703125
32 0.890234375 0.63125 0.890234375 0.89375 0.9984375 0.89375 0.9984375 0.63125 0.890234375 0.63125
17 0.7203125 0.733203125 0.584375 0.733203125 0.584375 0.9390625 0.7203125 0.9390625 0.7203125 0.733203125
17 0.9109375 0.775390625 0.73984375 0.775390625 0.73984375 0.9328125 0.9109375 0.9328125 0.9109375 0.775390625
17 0.3859375 0.9703125 0.3859375 0.768359375 0.215234375 0.768359375 0.215234375 0.9703125 0.3859375 0.9703125
17 0.028125 0.775 0.028125 0.9734375 0.21875 0.9734375 0.21875 0.775 0.028125 0.775
17 0.415625 0.821875 0.415625 0.975 0.55 0.975 0.55 0.821875 0.415625 0.821875
32 1 0.0921875 0.8171875 0.0921875 0.8171875 0.2625 1 0.2625 1 0.0921875
17 0.302734375 0.1140625 0.302734375 0.3078125 0.534375 0.3078125 0.534375 0.1140625 0.302734375 0.1140625
32 0.6953125 0.128125 0.6953125 0.309375 0.85 0.309375 0.85 0.128125 0.6953125 0.128125
17 0.7109375 0.128515625 0.480078125 0.128515625 0.480078125 0.308984375 0.7109375 0.308984375 0.7109375 0.128515625
17 0.3453125 0.3265625 0.3453125 0.14921875 0.119921875 0.14921875 0.119921875 0.3265625 0.3453125 0.3265625