52 0.128125 0.31875 0.128125 0.378125 0.265625 0.378125 0.265625 0.31875 0.128125 0.31875
45 0.019921875 0.4609375 0.019921875 0.521875 0.1328125 0.521875 0.1328125 0.4609375 0.019921875 0.4609375
45 0.140625 0.4765625 0.140625 0.525 0.221875 0.525 0.221875 0.4765625 0.140625 0.4765625
45 0.092578125 0.51875 0.092578125 0.5671875 0.20625 0.5671875 0.20625 0.51875 0.092578125 0.51875
9 0.0015625 0.6109375 0.0015625 0.659375 0.0703125 0.659375 0.0703125 0.6109375 0.0015625 0.6109375
9 0 0.7703125 0.0734375 0.7703125 0.0734375 0.69921875 0 0.69921875 0 0.7703125
9 0.2203125 0.8046875 0.2203125 0.73046875 0.14453125 0.73046875 0.14453125 0.8046875 0.2203125 0.8046875
15 0.265625 0.74375 0.265625 0.8609375 0.3859375 0.8609375 0.3859375 0.74375 0.265625 0.74375
9 0.25625 0.8734375 0.25625 0.787109375 0.161328125 0.787109375 0.161328125 0.8734375 0.25625 0.8734375
15 0.396875 0.83125 0.396875 0.9515625 0.5265625 0.9515625 0.5265625 0.83125 0.396875 0.83125
15 0.409375 1 0.409375 0.85625 0.264453125 0.85625 0.264453125 1 0.409375 1
15 0.5453125 0.962109375 0.3953125 0.962109375 0.3953125 0.9984375 0.5453125 0.9984375 0.5453125 0.962109375
52 0.196875 0.273046875 0.1015625 0.273046875 0.1015625 0.3078125 0.196875 0.3078125 0.196875 0.273046875
52 0.1875 0.365625 0.1875 0.254296875 0.1515625 0.254296875 0.1515625 0.365625 0.1875 0.365625
52 0.0984375 0.33125 0.0984375 0.2953125 0.006640625 0.2953125 0.006640625 0.33125 0.0984375 0.33125
52 0.234375 0.309765625 0.11875 0.309765625 0.11875 0.35 0.234375 0.35 0.234375 0.309765625
52 0.090625 0.287109375 0.04921875 0.287109375 0.04921875 0.375 0.090625 0.375 0.090625 0.287109375