32 0.9546875 0.5953125 0.9546875 0.345504434375 0.7929768609375001 0.345504434375 0.7929768609375001 0.5953125 0.9546875 0.5953125
32 0.7921875 0.5875 0.7921875 0.453125 0.46905276718750005 0.453125 0.46905276718750005 0.5875 0.7921875 0.5875
32 0.4890625 0.6375 0.4890625 0.4933093640625 0.1544036546875 0.4933093640625 0.1544036546875 0.6375 0.4890625 0.6375
32 0.8546875 0.7015625 0.8546875 0.57296983125 0.5282601640625 0.57296983125 0.5282601640625 0.7015625 0.8546875 0.7015625
32 0.460588775 0.834375 0.460588775 0.49319041874999997 0.30401438125 0.49319041874999997 0.30401438125 0.834375 0.460588775 0.834375
32 0 0.8390625 0.2 0.8390625 0.2 0.64192528125 0 0.64192528125 0 0.8390625
32 0.509375 0.8453125 0.8296875 0.8453125 0.8296875 0.7125 0.509375 0.7125 0.509375 0.8453125
32 0.9953125 0.946875 0.9953125 0.719847534375 0.7746215390625 0.719847534375 0.7746215390625 0.946875 0.9953125 0.946875
32 0.4546875 1 0.4546875 0.704319853125 0.2921875 0.704319853125 0.2921875 1 0.4546875 1
32 0.7859375 1 0.7859375 0.7653249343749999 0.6204422578125001 0.7653249343749999 0.6204422578125001 1 0.7859375 1
32 0.6 0.9984375 0.6 0.8842290234375 0.240730428125 0.8842290234375 0.240730428125 0.9984375 0.6 0.9984375
32 0.159375 1 0.159375 0.840625 0.08188256875 0.840625 0.08188256875 1 0.159375 1
32 0.6609375 0.209375 0.9625 0.209375 0.9625 0.093952746875 0.6609375 0.093952746875 0.6609375 0.209375
32 0.9453125 0.3765625 0.9453125 0.12594885312499998 0.8029357703125 0.12594885312499998 0.8029357703125 0.3765625 0.9453125 0.3765625
32 0.4859375 0.3828125 0.4859375 0.12285088749999999 0.24243890625 0.1228508859375 0.24243890625 0.3828125 0.4859375 0.3828125
32 0.6234375 0.365625 0.6234375 0.19801578749999998 0.4230347109375 0.19801578749999998 0.4230347109375 0.365625 0.6234375 0.365625
32 0.789003028125 0.3828125 0.789003028125 0.17990646562499998 0.567549740625 0.17990646562499998 0.567549740625 0.3828125 0.789003028125 0.3828125