41 0.7498022140625 0.4484375 0.7498022140625 0.2691159015625 0.58128955625 0.2691159015625 0.58128955625 0.4484375 0.7498022140625 0.4484375
6 0.3640625 0.5625 0.3640625 0.3873516609375 0.169907040625 0.3873516609375 0.169907040625 0.5625 0.3640625 0.5625
41 0.975 0.411382515625 0.7627274515625 0.411382515625 0.7627274515625 0.590179984375 0.975 0.590179984375 0.975 0.411382515625
6 0.5859375 0.6125 0.5859375 0.4171874984375 0.390634890625 0.4171875 0.390634890625 0.6125 0.5859375 0.6125
41 0.7546875 0.590625 0.7546875 0.4510680390625 0.5919402687499999 0.4510680390625 0.5919402687499999 0.590625 0.7546875 0.590625
6 0.655992878125 0.552284415625 0.42893591718749996 0.552284415625 0.42893591718749996 0.771429984375 0.655992878125 0.771429984375 0.655992878125 0.552284415625
6 0.3765625 0.7875 0.3765625 0.57325949375 0.1552511875 0.57325949375 0.1552511859375 0.7875 0.3765625 0.7875
41 0.7703125 0.7671875 0.7703125 0.602432753125 0.634681565625 0.602432753125 0.634681565625 0.7671875 0.7703125 0.7671875
41 0.7797270562499999 0.6140625 0.7797270562499999 0.775 0.9608979421875 0.775 0.9608979421875 0.6140625 0.7797270562499999 0.6140625
41 0.7890625 0.996875 0.7890625 0.78540348125 0.6188785593749999 0.78540348125 0.6188785593749999 0.996875 0.7890625 0.996875
41 1 0.7882120234375 0.78661985625 0.7882120234375 0.78661985625 1 1 1 1 0.7882120234375
6 0.36875 0.9984375 0.36875 0.7933148734375 0.162450553125 0.7933148734375 0.162450553125 0.9984375 0.36875 0.9984375
6 0.5921875 1 0.5921875 0.7823378171875001 0.39130735781250003 0.7823378171875001 0.39130735781250003 1 0.5921875 1
6 0.5671875 0.228125 0.5671875 0.045836629687500005 0.37870846406249997 0.045836629687500005 0.37870846406249997 0.228125 0.5671875 0.228125
6 0.3703125 0.05955300625 0.2059928796875 0.05955300625 0.2059928796875 0.21857199375 0.3703125 0.21857199375 0.3703125 0.05955300625
41 0.9171875 0.2375 0.9171875 0.087331884375 0.7391119453125 0.0873318828125 0.7391119453125 0.2375 0.9171875 0.2375
41 0.7390625 0.2515625 0.7390625 0.086412184375 0.5708069609375 0.086412184375 0.5708069609375 0.2515625 0.7390625 0.2515625
6 0.3609375 0.3875 0.3609375 0.212796678125 0.197527690625 0.212796678125 0.197527690625 0.3875 0.3609375 0.3875
41 0.9484375 0.4 0.9484375 0.2485660609375 0.7516613921874999 0.2485660609375 0.7516613921874999 0.4 0.9484375 0.4
6 0.5703125 0.40625 0.5703125 0.2450356015625 0.3877867890625 0.2450356015625 0.3877867890625 0.40625 0.5703125 0.40625