51 0.4234375 0.41875 0.4234375 0.3089753515625 0.339722565625 0.3089753515625 0.339722565625 0.41875 0.4234375 0.41875
51 0.196875 0.453125 0.196875 0.290666253125 0.05582456718749999 0.290666253125 0.05582456718749999 0.453125 0.196875 0.453125
51 0.671875 0.3219755578125 0.56864944375 0.3219755578125 0.56864944375 0.4515135109375 0.671875 0.4515135109375 0.671875 0.3219755578125
51 0.7046875 0.4546875 0.8074669968749999 0.4546875 0.8074669968749999 0.32172029687500003 0.7046875 0.32172029687500003 0.7046875 0.4546875
51 0.84375 0.49375 0.9484375 0.49375 0.9484375 0.3563814984375 0.84375 0.3563814984375 0.84375 0.49375
51 0.1546875 0.5578125 0.1546875 0.38125 0.000154703125 0.38125 0.000154703125 0.5578125 0.1546875 0.5578125
51 0.4296875 0.5640625 0.4296875 0.42972101875 0.25512582500000003 0.42972101875 0.25512582500000003 0.5640625 0.4296875 0.5640625
51 0.6890625 0.6125 0.6890625 0.44217202968749997 0.5563866546875 0.44217202968749997 0.5563866546875 0.6125 0.6890625 0.6125
51 0.6953125 0.6203125 0.8359375 0.6203125 0.8359375 0.44250979843750005 0.6953125 0.44250979843750005 0.6953125 0.6203125
51 0.303125 0.625 0.303125 0.5004228546875 0.1515212453125 0.5004228546875 0.1515212453125 0.625 0.303125 0.625
51 1 0.49782900156250004 0.821787334375 0.49782900156250004 0.821787334375 0.646875 1 0.646875 1 0.49782900156250004