41 0.75390625 0.2796875 0.5765625 0.2796875 0.5765625 0.44609375 0.75390625 0.44609375 0.75390625 0.2796875
6 0.36796875 0.390625 0.175 0.390625 0.175 0.5640625 0.36796875 0.5640625 0.36796875 0.390625
41 0.971875 0.4140625 0.7609375 0.4140625 0.7609375 0.590625 0.971875 0.590625 0.971875 0.4140625
6 0.5875 0.4203125 0.39375 0.4203125 0.39375 0.61328125 0.5875 0.61328125 0.5875 0.4203125
41 0.7546875 0.453125 0.5921875 0.453125 0.5921875 0.59296875 0.7546875 0.59296875 0.7546875 0.453125
6 0.65546875 0.553125 0.43125 0.553125 0.43125 0.76953125 0.65546875 0.76953125 0.65546875 0.553125
6 0.38046875 0.5734375 0.1609375 0.5734375 0.1609375 0.78671875 0.38046875 0.78671875 0.38046875 0.5734375
41 0.76875 0.603125 0.634375 0.603125 0.634375 0.76640625 0.76875 0.76640625 0.76875 0.603125
41 0.95703125 0.6140625 0.778125 0.6140625 0.778125 0.7734375 0.95703125 0.7734375 0.95703125 0.6140625
41 0.7875 0.7828125 0.61875 0.7828125 0.61875 0.99296875 0.7875 0.99296875 0.7875 0.7828125
41 1 0.7859375 0.784375 0.7859375 0.784375 0.99921875 1 0.99921875 1 0.7859375
6 0.371875 1 0.371875 0.790625 0.16875 0.790625 0.16875 1 0.371875 1
6 0.609375 1 0.609375 0.796875 0.378125 0.796875 0.378125 1 0.609375 1
6 0.56484375 0.05 0.384375 0.05 0.384375 0.23671875 0.56484375 0.23671875 0.56484375 0.05
6 0.375 0.0671875 0.2109375 0.0671875 0.2109375 0.22421875 0.375 0.22421875 0.375 0.0671875
41 0.91484375 0.09375 0.7375 0.09375 0.7375 0.24375 0.91484375 0.24375 0.91484375 0.09375
41 0.7390625 0.09375 0.571875 0.09375 0.571875 0.25703125 0.7390625 0.25703125 0.7390625 0.09375
6 0.37109375 0.2234375 0.196875 0.2234375 0.196875 0.38671875 0.37109375 0.38671875 0.37109375 0.2234375
41 0.94453125 0.253125 0.75 0.253125 0.75 0.403125 0.94453125 0.403125 0.94453125 0.253125
6 0.57109375 0.25 0.390625 0.25 0.390625 0.41015625 0.57109375 0.41015625 0.57109375 0.25