51 0.0546875 0.3828125 0.10887064843750001 0.3828125 0.10887064843750001 0.316604034375 0.0546875 0.3166040328125 0.0546875 0.3828125
51 0.2796875 0.3859375 0.2796875 0.33010284843750004 0.20997824375000002 0.33010284843750004 0.20997824375000002 0.3859375 0.2796875 0.3859375
51 0.31875 0.3859375 0.3828125 0.3859375 0.3828125 0.34229628125 0.31875 0.34229628125 0.31875 0.3859375
51 0.5983188296875 0.3984375 0.5983188296875 0.335354034375 0.49942642499999995 0.335354034375 0.49942642499999995 0.3984375 0.5983188296875 0.3984375
51 0.4875 0.4125 0.4875 0.3671875 0.40926621875 0.3671875 0.40926621875 0.4125 0.4875 0.4125
51 0.896875 0.4171875 0.896875 0.37208267500000003 0.78994264375 0.37208267500000003 0.78994264375 0.4171875 0.896875 0.4171875
51 0.578125 0.4375 0.578125 0.3622329890625 0.5281645562499999 0.3622329890625 0.5281645562499999 0.4375 0.578125 0.4375
51 0.6562005531249999 0.440625 0.6562005531249999 0.36185719843749997 0.607941059375 0.36185719843749997 0.607941059375 0.440625 0.6562005531249999 0.440625
51 0.971875 0.425 0.971875 0.38486946093749996 0.87642405 0.38486946093749996 0.87642405 0.425 0.971875 0.425
51 0.3390625 0.3970233390625 0.21759295937499998 0.3970233390625 0.21759295937499998 0.4982891625 0.3390625 0.4982891625 0.3390625 0.3970233390625
51 0.540625 0.55625 0.540625 0.3935423265625 0.45126582343750005 0.3935423265625 0.45126582343750005 0.55625 0.540625 0.55625
51 0.0296875 0.5265625 0.159375 0.5265625 0.159375 0.44950553906249996 0.0296875 0.44950553906249996 0.0296875 0.5265625
51 0.675 0.4197883703125 0.5886273734375 0.4197883703125 0.5886273734375 0.5764339390625 0.675 0.5764339390625 0.675 0.4197883703125
51 0.3528085453125 0.5515625 0.3528085453125 0.471756328125 0.21594145468749998 0.471756328125 0.21594145468749998 0.5515625 0.3528085453125 0.5515625
51 0.803125 0.6046875 0.803125 0.440882121875 0.72993473125 0.440882121875 0.72993473125 0.6046875 0.803125 0.6046875
51 0.440625 0.5921875 0.440625 0.4510185921875 0.3594541140625 0.4510185921875 0.3594541140625 0.5921875 0.440625 0.5921875
51 0.9453125 0.6234375 0.9453125 0.46672270625 0.8582080703124999 0.46672270625 0.8582080703124999 0.6234375 0.9453125 0.6234375
51 0.6692444625 0.5359375 0.6692444625 0.6234375 0.8401305375 0.6234375 0.8401305375 0.5359375 0.6692444625 0.5359375
51 0.3203125 0.7 0.40625 0.7 0.40625 0.590714003125 0.3203125 0.590714003125 0.3203125 0.7
51 0.2078125 0.7078125 0.2078125 0.59498615625 0.1189675625 0.59498615625 0.1189675625 0.7078125 0.2078125 0.7078125
51 0.4859375 0.696875 0.4859375 0.6162381328125 0.3793413765625 0.616238134375 0.3793413765625 0.696875 0.4859375 0.696875
51 0.3265625 0.7171875 0.3265625 0.62830300625 0.2126285609375 0.62830300625 0.2126285609375 0.7171875 0.3265625 0.7171875
51 0.715625 0.75 0.715625 0.6532733390625001 0.6072784796875 0.6532733390625001 0.6072784796875 0.75 0.715625 0.75
51 0.3875 0.8 0.3875 0.7108188296875 0.29581685 0.7108188296875 0.29581685 0.8 0.3875 0.8
51 0.690625 0.821875 0.78125 0.821875 0.78125 0.7043314859375001 0.690625 0.7043314859375001 0.690625 0.821875
51 0.6015625 0.8265625 0.7136273734375 0.8265625 0.7136273734375 0.7377175640625 0.6015625 0.7377175640625 0.6015625 0.8265625
51 0.54375 0.734375 0.4284810125 0.734375 0.4284810125 0.8399723109374999 0.54375 0.8399723109374999 0.54375 0.734375
51 0.6171875 0.8609375 0.6171875 0.74514438125 0.52424841875 0.74514438125 0.52424841875 0.8609375 0.6171875 0.8609375
51 0.9265625 0.7928204109375 0.8223793515625 0.7928204109375 0.8223793515625 0.9107001578125 0.9265625 0.9107001578125 0.9265625 0.7928204109375
51 0.123140821875 0.140625 0.123140821875 0.084009096875 0.045609178125 0.084009096875 0.045609178125 0.140625 0.123140821875 0.140625
51 0.1453125 0.184375 0.1453125 0.1203125 0.06511075937500001 0.1203125 0.06511075937500001 0.184375 0.1453125 0.184375
51 0.5839497625 0.190625 0.5839497625 0.140555775 0.49296875 0.140555775 0.49296875 0.190625 0.5839497625 0.190625
51 0.421875 0.2140625 0.421875 0.12195411406250001 0.37119264375 0.12195411406250001 0.37119264375 0.2140625 0.421875 0.2140625
51 0.965625 0.16565466874999998 0.87638449375 0.16565466874999998 0.87638449375 0.22340783125 0.965625 0.22340783125 0.965625 0.16565466874999998
51 0.15 0.1692049046875 0.0640625 0.1692049046875 0.0640625 0.2214200953125 0.15 0.2214200953125 0.15 0.1692049046875
51 0.3140625 0.167840190625 0.244442246875 0.167840190625 0.244442246875 0.2263844953125 0.3140625 0.2263844953125 0.3140625 0.167840190625
51 0.3640625 0.17105419375 0.2981111546875 0.17105419375 0.2981111546875 0.23118077499999998 0.3640625 0.23118077499999998 0.3640625 0.17105419375
51 0.646875 0.1817147953125 0.577679984375 0.1817147953125 0.577679984375 0.23234770624999998 0.646875 0.23234770624999998 0.646875 0.1817147953125
51 0.4515625 0.184464003125 0.35367879687500003 0.184464003125 0.35367879687500003 0.232723496875 0.4515625 0.232723496875 0.4515625 0.184464003125
51 0.559375 0.25625 0.559375 0.1645668515625 0.502086628125 0.1645668515625 0.5020866296875 0.25625 0.559375 0.25625
51 0.7109375 0.2359375 0.7109375 0.1915051421875 0.648427609375 0.1915051421875 0.648427609375 0.2359375 0.7109375 0.2359375
51 0.7109375 0.24375 0.79375 0.24375 0.79375 0.18986352812500001 0.7109375 0.18986352812500001 0.7109375 0.24375
51 0.86875 0.24375 0.86875 0.19375 0.7929489703125 0.19375 0.7929489703125 0.24375 0.86875 0.24375
51 0.921875 0.1882021359375 0.8763449359375001 0.1882021359375 0.8763449359375001 0.2855122609375 0.921875 0.2855122609375 0.921875 0.1882021359375
51 0.5078125 0.2796875 0.5078125 0.2234375 0.41228243750000004 0.2234375 0.41228243750000004 0.2796875 0.5078125 0.2796875
51 0.559375 0.284375 0.6359375 0.284375 0.6359375 0.225 0.559375 0.225 0.559375 0.284375
51 0.5664754765625 0.2828125 0.5664754765625 0.227531646875 0.499228640625 0.227531646875 0.499228640625 0.2828125 0.5664754765625 0.2828125
51 0.9484375 0.3015625 0.9484375 0.250059334375 0.8599881328125001 0.250059334375 0.8599881328125001 0.3015625 0.9484375 0.3015625