32 0 0.42274305625 0.074652778125 0.42274305625 0.074652778125 0.2795138890625 0 0.2795138890625 0 0.42274305625
32 0.3125 0.29340277812500004 0.051215278125 0.29340277812500004 0.051215278125 0.4427083328125 0.3125 0.4427083328125 0.3125 0.29340277812500004
32 0.543402778125 0.2986111109375 0.3203125 0.2986111109375 0.3203125 0.4609375 0.543402778125 0.4609375 0.543402778125 0.2986111109375
32 0.8333333328125001 0.32118055624999997 0.5772569437499999 0.32118055624999997 0.5772569437499999 0.4453125 0.8333333328125001 0.4453125 0.8333333328125001 0.32118055624999997
32 0 0.612847221875 0.043402778125 0.612847221875 0.043402778125 0.4392361109375 0 0.4392361109375 0 0.612847221875
32 0.2916666671875 0.44444444375 0.0529513890625 0.44444444375 0.0529513890625 0.6197916671875 0.2916666671875 0.6197916671875 0.2916666671875 0.44444444375
32 1 0.44097222187499996 0.8506944437499999 0.44097222187499996 0.8506944437499999 0.6232638890625 1 0.6232638890625 1 0.44097222187499996
32 0.8072916671874999 0.44965277812500004 0.5321180562500001 0.44965277812500004 0.5321180562500001 0.6276041671875 0.8072916671874999 0.6276041671875 0.8072916671874999 0.44965277812500004
32 0.5260416671875 0.4583333328125 0.30815972187499996 0.4583333328125 0.30815972187499996 0.6310763890625 0.5260416671875 0.6310763890625 0.5260416671875 0.4583333328125
32 0.7326388890625 0.0017361109374999999 0.3932291671875 0.0017361109374999999 0.3932291671875 0.21180555625 0.7326388890625 0.21180555625 0.7326388890625 0.0017361109374999999
32 0.3767361109375 0.03993055625 0.05208333281250001 0.03993055625 0.05208333281250001 0.22395833281250002 0.3767361109375 0.22395833281250002 0.3767361109375 0.03993055625
32 1 0.09895833281250001 0.7291666671875 0.09895833281250001 0.7291666671875 0.2795138890625 1 0.2795138890625 1 0.09895833281250001