41 0.5765625 0.4453125 0.753125 0.4453125 0.753125 0.280078125 0.5765625 0.280078125 0.5765625 0.4453125
6 0.174609375 0.390625 0.174609375 0.5640625 0.3671875 0.5640625 0.3671875 0.390625 0.174609375 0.390625
41 0.778125 0.396875 0.778125 0.6078125 0.9546875 0.6078125 0.9546875 0.396875 0.778125 0.396875
6 0.5859375 0.6125 0.5859375 0.419921875 0.39453125 0.419921875 0.39453125 0.6125 0.5859375 0.6125
41 0.7546875 0.452734375 0.5921875 0.452734375 0.5921875 0.5921875 0.7546875 0.5921875 0.7546875 0.452734375
6 0.65 0.548828125 0.434765625 0.548828125 0.434765625 0.773046875 0.65 0.773046875 0.65 0.548828125
6 0.3796875 0.7859375 0.3796875 0.573828125 0.161328125 0.573828125 0.161328125 0.7859375 0.3796875 0.7859375
41 0.7828125 0.617578125 0.6203125 0.617578125 0.6203125 0.7515625 0.7828125 0.7515625 0.7828125 0.617578125
41 0.946875 0.6046875 0.787890625 0.6046875 0.787890625 0.7828125 0.946875 0.7828125 0.946875 0.6046875
41 0.8078125 0.803515625 0.59765625 0.803515625 0.59765625 0.971875 0.8078125 0.971875 0.8078125 0.803515625
41 1 0.785546875 0.784375 0.785546875 0.784375 0.9984375 1 0.9984375 1 0.785546875
6 0.165625 0.79375 0.165625 0.996875 0.375 0.996875 0.375 0.79375 0.165625 0.79375
6 0.5953125 1 0.5953125 0.7828125 0.3921875 0.7828125 0.3921875 1 0.5953125 1
6 0.5671875 0.2328125 0.5671875 0.053515625 0.380859375 0.053515625 0.380859375 0.2328125 0.5671875 0.2328125
6 0.37109375 0.2265625 0.37109375 0.063671875 0.2140625 0.063671875 0.2140625 0.2265625 0.37109375 0.2265625
41 0.9 0.08046875 0.751171875 0.08046875 0.751171875 0.2578125 0.9 0.2578125 0.9 0.08046875
41 0.7359375 0.2578125 0.7359375 0.091796875 0.57421875 0.091796875 0.57421875 0.2578125 0.7359375 0.2578125
6 0.3703125 0.3859375 0.3703125 0.223828125 0.197265625 0.223828125 0.197265625 0.3859375 0.3703125 0.3859375
41 0.750390625 0.253125 0.750390625 0.403125 0.94375 0.403125 0.94375 0.253125 0.750390625 0.253125
6 0.559375 0.239453125 0.400390625 0.239453125 0.400390625 0.419921875 0.559375 0.419921875 0.559375 0.239453125