32 0.9640625 0.51875 0.9640625 0.3359375 0.8525623 0.3359375 0.8525623 0.51875 0.9640625 0.51875
32 0.8171875 0.58125 0.8171875 0.36875 0.6259068515624999 0.36875 0.6259068515624999 0.58125 0.8171875 0.58125
32 0.909375 0.603125 0.909375 0.425 0.7568629421875 0.425 0.7568629421875 0.603125 0.909375 0.603125
32 0.47034515624999995 0.44375 0.47034515624999995 0.6359375 0.6624673421875 0.6359375 0.6624673421875 0.44375 0.47034515624999995 0.44375
32 0.475 0.7140625 0.475 0.453125 0.1160294421875 0.453125 0.11602944062500001 0.7140625 0.475 0.7140625
32 0.9984375 0.2296875 0.9984375 0.11391931250000001 0.8278989156250001 0.11391931250000001 0.8278989156250001 0.2296875 0.9984375 0.2296875
32 0.825 0.296875 0.825 0.0835133640625 0.6638514859375 0.0835133640625 0.6638514859375 0.296875 0.825 0.296875
32 0.7234375 0.29375 0.7234375 0.1207370359375 0.51445438125 0.1207370359375 0.51445438125 0.29375 0.7234375 0.29375
32 0.221875 0.309375 0.4654240359375 0.309375 0.4654240359375 0.1335183890625 0.221875 0.1335183890625 0.221875 0.309375
32 0.263803759375 0.3546875 0.263803759375 0.18219202031249998 0.1351863953125 0.18219202031249998 0.1351863953125 0.3546875 0.263803759375 0.3546875
32 0 0.3828125 0.1609375 0.3828125 0.1609375 0.235668709375 0 0.235668709375 0 0.3828125