41 0.5759493671875 0.44382911406250003 0.755537975 0.44382911406250003 0.755537975 0.27531645625 0.5759493671875 0.27531645625 0.5759493671875 0.44382911406250003
6 0.169303796875 0.5632911390625 0.364715190625 0.5632911390625 0.364715190625 0.387658228125 0.169303796875 0.387658228125 0.169303796875 0.5632911390625
41 0.7626582281250001 0.5901898734375 0.9762658234374999 0.5901898734375 0.9762658234374999 0.4113924046875 0.7626582281250001 0.4113924046875 0.7626582281250001 0.5901898734375
6 0.390822784375 0.6131329109375 0.5870253171875001 0.6131329109375 0.5870253171875001 0.41772151874999996 0.390822784375 0.41772151874999996 0.390822784375 0.6131329109375
41 0.5917721515625 0.592563290625 0.7563291140625 0.592563290625 0.7563291140625 0.4509493671875 0.5917721515625 0.4509493671875 0.5917721515625 0.592563290625
6 0.42879746875 0.771360759375 0.6558544296875 0.771360759375 0.6558544296875 0.552215190625 0.42879746875 0.552215190625 0.42879746875 0.771360759375
6 0.155063290625 0.7887658234375 0.3773734171875 0.7887658234375 0.3773734171875 0.572784809375 0.155063290625 0.572784809375 0.155063290625 0.7887658234375
41 0.6344936703124999 0.768196203125 0.7705696203125 0.768196203125 0.7705696203125 0.6028481015625 0.6344936703124999 0.6028481015625 0.6344936703124999 0.768196203125
41 0.780063290625 0.77531645625 0.9612341765625001 0.77531645625 0.9612341765625001 0.6139240499999999 0.780063290625 0.6139240499999999 0.780063290625 0.77531645625
41 0.6186708859375 0.9976265828124999 0.7895569625000001 0.9976265828124999 0.7895569625000001 0.7848101265625 0.6186708859375 0.7848101265625 0.6186708859375 0.9976265828124999
41 1 0.7879746828124999 0.7863924046874999 0.7879746828124999 0.7863924046874999 1 1 1 1 0.7879746828124999
6 0.36867088593749997 1 0.36867088593749997 0.79272151875 0.1629746828125 0.79272151875 0.1629746828125 1 0.36867088593749997 1
6 0.609177215625 1 0.609177215625 0.7990506328125 0.375 0.7990506328125 0.375 1 0.609177215625 1
6 0.38132911406250003 0.23180379687500002 0.564082278125 0.23180379687500002 0.564082278125 0.04272151875 0.38132911406250003 0.04272151875 0.38132911406250003 0.23180379687500002
6 0.20569620312499998 0.21914557031249998 0.37183544375 0.21914557031249998 0.37183544375 0.060126582812499996 0.20569620312499998 0.060126582812499996 0.20569620312499998 0.21914557031249998
41 0.7389240499999999 0.23892405 0.9185126578125 0.23892405 0.9185126578125 0.08702531718749999 0.7389240499999999 0.08702531718749999 0.7389240499999999 0.23892405
41 0.57120253125 0.2523734171875 0.7405063296875001 0.2523734171875 0.7405063296875001 0.08702531718749999 0.57120253125 0.08702531718749999 0.57120253125 0.2523734171875
6 0.191455696875 0.38370253125 0.367879746875 0.38370253125 0.367879746875 0.21835442968750002 0.191455696875 0.21835442968750002 0.191455696875 0.38370253125
41 0.751582278125 0.40031645625 0.9485759500000001 0.40031645625 0.9485759500000001 0.24841772187500002 0.751582278125 0.24841772187500002 0.751582278125 0.40031645625
6 0.387658228125 0.40743670937500004 0.5704113921875 0.40743670937500004 0.5704113921875 0.24525316406250003 0.387658228125 0.24525316406250003 0.387658228125 0.40743670937500004