32 0.940625 0.575 0.940625 0.33046875 0.79453125 0.33046875 0.79453125 0.575 0.940625 0.575
32 0.6984375 0.64375 0.6984375 0.35234375 0.577734375 0.35234375 0.577734375 0.64375 0.6984375 0.64375
32 0.425 0.690625 0.425 0.387890625 0.293359375 0.387890625 0.293359375 0.690625 0.425 0.690625
32 0.634375 0.7515625 0.7515625 0.7515625 0.7515625 0.456640625 0.634375 0.456640625 0.634375 0.7515625
32 0.484375 0.473828125 0.34296875 0.473828125 0.34296875 0.7828125 0.484375 0.7828125 0.484375 0.473828125
32 0 0.7875 0.25 0.7875 0.25 0.6078125 0 0.6078125 0 0.7875
32 0.7328125 0.8765625 0.7328125 0.58671875 0.61328125 0.58671875 0.61328125 0.8765625 0.7328125 0.8765625
32 1 0.68125 0.765625 0.68125 0.765625 0.88125 1 0.88125 1 0.68125
32 0.4796875 0.664453125 0.33203125 0.664453125 0.33203125 0.9546875 0.4796875 0.9546875 0.4796875 0.664453125
32 0.567578125 0.78125 0.567578125 0.9375 0.840625 0.9375 0.840625 0.78125 0.567578125 0.78125
32 0.534375 1 0.534375 0.750390625 0.362109375 0.750390625 0.362109375 1 0.534375 1
32 0.2859375 1 0.2859375 0.8609375 0.015234375 0.8609375 0.015234375 1 0.2859375 1
32 0.665625 0.2171875 0.9375 0.2171875 0.9375 0.112890625 0.665625 0.112890625 0.665625 0.2171875
32 0.745703125 0.190625 0.745703125 0.3203125 0.9984375 0.3203125 0.9984375 0.190625 0.745703125 0.190625
32 0.5078125 0.375 0.5078125 0.1390625 0.287890625 0.1390625 0.287890625 0.375 0.5078125 0.375
32 0.465625 0.1921875 0.465625 0.3734375 0.6171875 0.3734375 0.6171875 0.1921875 0.465625 0.1921875
32 0.58125 0.190625 0.58125 0.375 0.78125 0.375 0.78125 0.190625 0.58125 0.190625