16 0.046875 0.2171875 0.046875 0.5125 0.21875 0.5125 0.21875 0.2171875 0.046875 0.2171875
16 0 0.834375 0.2140625 0.834375 0.2140625 0.62265625 0 0.62265625 0 0.834375
1 0.6234375 0.28125 0.6234375 0.35625 0.6890625 0.35625 0.6890625 0.28125 0.6234375 0.28125
1 0.778515625 0.3390625 0.778515625 0.4234375 0.8484375 0.4234375 0.8484375 0.3390625 0.778515625 0.3390625
1 0.928125 0.7171875 0.928125 0.650390625 0.848828125 0.650390625 0.848828125 0.7171875 0.928125 0.7171875
36 0.33125 0.7703125 0.225390625 0.7703125 0.225390625 0.8515625 0.33125 0.8515625 0.33125 0.7703125
36 0.996875 0.5015625 0.996875 0.415234375 0.930078125 0.415234375 0.930078125 0.5015625 0.996875 0.5015625
4 0.43125 0.7078125 0.43125 0.608203125 0.240625 0.608203125 0.240625 0.7078125 0.43125 0.7078125
4 0.71875 0.6046875 0.8375 0.6046875 0.8375 0.451171875 0.71875 0.451171875 0.71875 0.6046875
8 0.2984375 0.1859375 0.2984375 0.3765625 0.503125 0.3765625 0.503125 0.1859375 0.2984375 0.1859375
8 0.725 0.6953125 0.725 0.5640625 0.512109375 0.5640625 0.512109375 0.6953125 0.725 0.6953125