41 0.7484375 0.45 0.7484375 0.274609375 0.582421875 0.274609375 0.582421875 0.45 0.7484375 0.45
6 0.3578125 0.5734375 0.3578125 0.38125 0.184765625 0.38125 0.184765625 0.5734375 0.3578125 0.5734375
41 0.7609375 0.4140625 0.7609375 0.590625 0.971875 0.590625 0.971875 0.4140625 0.7609375 0.4140625
6 0.5875 0.420703125 0.39375 0.420703125 0.39375 0.6125 0.5875 0.6125 0.5875 0.420703125
41 0.7546875 0.453515625 0.5921875 0.453515625 0.5921875 0.5921875 0.7546875 0.5921875 0.7546875 0.453515625
6 0.6546875 0.76875 0.6546875 0.553515625 0.430859375 0.553515625 0.430859375 0.76875 0.6546875 0.76875
6 0.3765625 0.7890625 0.3765625 0.569921875 0.164453125 0.569921875 0.164453125 0.7890625 0.3765625 0.7890625
41 0.7828125 0.617578125 0.6203125 0.617578125 0.6203125 0.7515625 0.7828125 0.7515625 0.7828125 0.617578125
41 0.946875 0.6046875 0.787890625 0.6046875 0.787890625 0.7828125 0.946875 0.7828125 0.946875 0.6046875
41 0.8078125 0.971875 0.8078125 0.803515625 0.5984375 0.803515625 0.5984375 0.971875 0.8078125 0.971875
41 0.9984375 1 0.9984375 0.784765625 0.7859375 0.784765625 0.7859375 1 0.9984375 1
6 0.371875 1 0.371875 0.790625 0.16875 0.790625 0.16875 1 0.371875 1
6 0.609375 1 0.609375 0.796875 0.378125 0.796875 0.378125 1 0.609375 1
6 0.5640625 0.2359375 0.5640625 0.050390625 0.384765625 0.050390625 0.384765625 0.2359375 0.5640625 0.2359375
6 0.375 0.066796875 0.2109375 0.066796875 0.2109375 0.2234375 0.375 0.2234375 0.375 0.066796875
41 0.751171875 0.0796875 0.751171875 0.25703125 0.9 0.25703125 0.9 0.0796875 0.751171875 0.0796875
41 0.7390625 0.094140625 0.571875 0.094140625 0.571875 0.25625 0.7390625 0.25625 0.7390625 0.094140625
6 0.365625 0.217578125 0.202734375 0.217578125 0.202734375 0.391796875 0.365625 0.391796875 0.365625 0.217578125
41 0.772265625 0.23125 0.772265625 0.425 0.921875 0.425 0.921875 0.23125 0.772265625 0.23125
6 0.559375 0.4203125 0.559375 0.240234375 0.401171875 0.240234375 0.401171875 0.4203125 0.559375 0.4203125