51 0.9484375 0.328125 0.8828125 0.328125 0.8828125 0.38203125 0.9484375 0.38203125 0.9484375 0.328125
51 0.78984375 0.3359375 0.7203125 0.3359375 0.7203125 0.39140625 0.78984375 0.39140625 0.78984375 0.3359375
51 0.68203125 0.346875 0.61875 0.346875 0.61875 0.39140625 0.68203125 0.39140625 0.68203125 0.346875
51 0.50390625 0.340625 0.40625 0.340625 0.40625 0.4046875 0.50390625 0.4046875 0.50390625 0.340625
51 0.59296875 0.371875 0.5140625 0.371875 0.5140625 0.4171875 0.59296875 0.4171875 0.59296875 0.371875
51 0.2171875 0.3765625 0.1109375 0.3765625 0.1109375 0.421875 0.2171875 0.421875 0.2171875 0.3765625
51 0.4875 0.3796875 0.4125 0.3796875 0.4125 0.4296875 0.4875 0.4296875 0.4875 0.3796875
51 0.4125 0.3828125 0.3328125 0.3828125 0.3328125 0.43046875 0.4125 0.43046875 0.4125 0.3828125
51 0.13125 0.3890625 0.0359375 0.3890625 0.0359375 0.4296875 0.13125 0.4296875 0.13125 0.3890625
51 0.78203125 0.4015625 0.6609375 0.4015625 0.6609375 0.5015625 0.78203125 0.5015625 0.78203125 0.4015625
51 0.5875 0.434375 0.4265625 0.434375 0.4265625 0.52265625 0.5875 0.52265625 0.5875 0.434375
51 0.96796875 0.453125 0.8390625 0.453125 0.8390625 0.53125 0.96796875 0.53125 0.96796875 0.453125
51 0.45 0.4578125 0.2953125 0.4578125 0.2953125 0.54453125 0.45 0.54453125 0.45 0.4578125
51 0.78359375 0.475 0.6484375 0.475 0.6484375 0.55546875 0.78359375 0.55546875 0.78359375 0.475
51 0.3203125 0.4890625 0.1578125 0.4890625 0.1578125 0.5625 0.3203125 0.5625 0.3203125 0.4890625
51 0.671875 0.484375 0.53125 0.484375 0.53125 0.56484375 0.671875 0.56484375 0.671875 0.484375
51 0.18359375 0.5046875 0.028125 0.5046875 0.028125 0.59140625 0.18359375 0.59140625 0.18359375 0.5046875
51 0.3359375 0.5390625 0.1671875 0.5390625 0.1671875 0.62578125 0.3359375 0.62578125 0.3359375 0.5390625
51 0.68046875 0.5921875 0.5953125 0.5921875 0.5953125 0.7015625 0.68046875 0.7015625 0.68046875 0.5921875
51 0.8796875 0.596875 0.790625 0.596875 0.790625 0.71015625 0.8796875 0.71015625 0.8796875 0.596875
51 0.609375 0.6046875 0.5296875 0.6046875 0.5296875 0.7109375 0.609375 0.7109375 0.609375 0.6046875
51 0.775 0.6171875 0.6859375 0.6171875 0.6859375 0.73046875 0.775 0.73046875 0.775 0.6171875
51 0.396875 0.6546875 0.2890625 0.6546875 0.2890625 0.75078125 0.396875 0.75078125 0.396875 0.6546875
51 0.703125 0.709375 0.6140625 0.709375 0.6140625 0.8015625 0.703125 0.8015625 0.703125 0.709375
51 0.31484375 0.7046875 0.225 0.7046875 0.225 0.82265625 0.31484375 0.82265625 0.31484375 0.7046875
51 0.39140625 0.7265625 0.303125 0.7265625 0.303125 0.8375 0.39140625 0.8375 0.39140625 0.7265625
51 0.56875 0.7296875 0.4640625 0.7296875 0.4640625 0.84453125 0.56875 0.84453125 0.56875 0.7296875
51 0.47890625 0.7453125 0.3859375 0.7453125 0.3859375 0.8609375 0.47890625 0.8609375 0.47890625 0.7453125
51 0.18515625 0.7921875 0.08125 0.7921875 0.08125 0.90859375 0.18515625 0.90859375 0.18515625 0.7921875
51 0.9515625 0.0921875 0.875 0.0921875 0.875 0.15 0.9515625 0.15 0.9515625 0.0921875
51 0.9328125 0.128125 0.8515625 0.128125 0.8515625 0.1921875 0.9328125 0.1921875 0.9328125 0.128125
51 0.51015625 0.1484375 0.4203125 0.1484375 0.4203125 0.1984375 0.51015625 0.1984375 0.51015625 0.1484375
51 0.65078125 0.15 0.559375 0.15 0.559375 0.20078125 0.65078125 0.20078125 0.65078125 0.15
51 0.13203125 0.1734375 0.0421875 0.1734375 0.0421875 0.23046875 0.13203125 0.23046875 0.13203125 0.1734375
51 0.93359375 0.1765625 0.8484375 0.1765625 0.8484375 0.228125 0.93359375 0.228125 0.93359375 0.1765625
51 0.75546875 0.175 0.6859375 0.175 0.6859375 0.2328125 0.75546875 0.2328125 0.75546875 0.175
51 0.70234375 0.178125 0.6359375 0.178125 0.6359375 0.2375 0.70234375 0.2375 0.70234375 0.178125
51 0.4265625 0.1890625 0.35625 0.1890625 0.35625 0.2390625 0.4265625 0.2390625 0.4265625 0.1890625
51 0.64765625 0.1921875 0.55 0.1921875 0.55 0.23984375 0.64765625 0.23984375 0.64765625 0.1921875
51 0.5171875 0.1890625 0.4265625 0.1890625 0.4265625 0.24609375 0.5171875 0.24609375 0.5171875 0.1890625
51 0.35703125 0.1984375 0.29375 0.1984375 0.29375 0.24453125 0.35703125 0.24453125 0.35703125 0.1984375
51 0.2953125 0.196875 0.2125 0.196875 0.2125 0.25234375 0.2953125 0.25234375 0.2953125 0.196875
51 0.2140625 0.2 0.1390625 0.2 0.1390625 0.25078125 0.2140625 0.25078125 0.2140625 0.2
51 0.15703125 0.2203125 0.0609375 0.2203125 0.0609375 0.26640625 0.15703125 0.26640625 0.15703125 0.2203125
51 0.58984375 0.2296875 0.49375 0.2296875 0.49375 0.2859375 0.58984375 0.2859375 0.58984375 0.2296875
51 0.44453125 0.23125 0.36875 0.23125 0.36875 0.290625 0.44453125 0.290625 0.44453125 0.23125
51 0.50390625 0.234375 0.4375 0.234375 0.4375 0.28984375 0.50390625 0.28984375 0.50390625 0.234375
51 0.14765625 0.25625 0.059375 0.25625 0.059375 0.30859375 0.14765625 0.30859375 0.14765625 0.25625