32 1 0.3713826359375 0.8167202578125 0.3713826359375 0.8167202578125 0.48392282968749994 1 0.48392282968749994 1 0.3713826359375
32 0.6157556265624999 0.5715434078125 0.828778134375 0.5715434078125 0.828778134375 0.379421221875 0.6157556265624999 0.379421221875 0.6157556265624999 0.5715434078125
32 0.7572347265625 0.6036977484375 0.9107717046875001 0.6036977484375 0.9107717046875001 0.42443729843750005 0.7572347265625 0.42443729843750005 0.7572347265625 0.6036977484375
32 0.47106109375000005 0.6366559484375001 0.6631832796875 0.6366559484375001 0.6631832796875 0.44372990312500005 0.47106109375000005 0.44372990312500005 0.47106109375000005 0.6366559484375001
32 0.1157556265625 0.714630225 0.47588424375000005 0.714630225 0.47588424375000005 0.45337620625 0.1157556265625 0.45337620625 0.1157556265625 0.714630225
32 1 0.114147909375 0.8279742765625 0.114147909375 0.8279742765625 0.2307073953125 1 0.2307073953125 1 0.114147909375
32 0.6639871375 0.2990353703125 0.826366559375 0.2990353703125 0.826366559375 0.0836012859375 0.6639871375 0.0836012859375 0.6639871375 0.2990353703125
32 0.532154340625 0.3127009640625 0.706591640625 0.3127009640625 0.706591640625 0.10289389062500001 0.532154340625 0.10289389062500001 0.532154340625 0.3127009640625
32 0.255627009375 0.3432475890625 0.43247588437499995 0.3432475890625 0.43247588437499995 0.09967845625 0.255627009375 0.09967845625 0.255627009375 0.3432475890625
32 0.13504823125 0.355305465625 0.2636655953125 0.355305465625 0.2636655953125 0.181672025 0.13504823125 0.181672025 0.13504823125 0.355305465625
32 0 0.3963022515625 0.1487138265625 0.3963022515625 0.1487138265625 0.22347266875 0 0.22347266875 0 0.3963022515625