32 1 0.23834459375 0.78076435625 0.23834459375 0.78076435625 0.47483108124999995 1 0.47483108124999995 1 0.23834459375
32 0.2030827703125 0.60625 0.2030827703125 0.41547719531249994 0.07554898593750001 0.41547719531249994 0.07554898593750001 0.60625 0.2030827703125 0.60625
32 0 0.6125 0.084375 0.6125 0.084375 0.42592905312499996 0 0.42592905312499996 0 0.6125
32 0.5328125 0.70625 0.5328125 0.515625 0.3866976359375 0.515625 0.3866976359375 0.70625 0.5328125 0.70625
32 0.5489653718749999 0.69168074375 0.7432221296875 0.69168074375 0.7432221296875 0.54894425625 0.5489653718749999 0.54894425625 0.5489653718749999 0.69168074375
32 0.9984375 0.5486908781250001 0.7905827703125 0.5486908781250001 0.7905827703125 0.729434121875 0.9984375 0.729434121875 0.9984375 0.5486908781250001
32 0.2609375 0.6755489859375 0.0912584453125 0.6755489859375 0.0912584453125 0.7963260140624999 0.2609375 0.7963260140624999 0.2609375 0.6755489859375
32 0.46602618125 0.8433699328125 0.69491131875 0.8433699328125 0.69491131875 0.6972550671875 0.46602618125 0.6972550671875 0.46602618125 0.8433699328125
32 0.41875 0.9390625 0.41875 0.7166174 0.2566934109375 0.7166174 0.2566934109375 0.9390625 0.41875 0.9390625
32 0.2109375 0.921875 0.2109375 0.7875 0.034987331249999996 0.7875 0.034987331249999996 0.921875 0.2109375 0.921875
32 0.9984375 0.77873733125 0.7412373328124999 0.77873733125 0.7412373328124999 0.9822846296875 0.9984375 0.9822846296875 0.9984375 0.77873733125
32 0.675 0.8798775328125 0.45618665468749997 0.8798775328125 0.45618665468749997 0.999809965625 0.675 0.999809965625 0.675 0.8798775328125
32 0.546875 0.21875 0.260261825 0.21875 0.260261825 0.3714949328125 0.546875 0.3714949328125 0.546875 0.21875
32 0.675190034375 0.146875 0.675190034375 0.4453125 0.763872465625 0.4453125 0.763872465625 0.146875 0.675190034375 0.146875
32 0.3671875 0.384375 0.3671875 0.20888935625 0.11915118124999999 0.2088893578125 0.11915118124999999 0.384375 0.3671875 0.384375
32 0.7796875 0.3609375 0.7796875 0.24237753281250002 0.4809543921875 0.24237753281250002 0.4809543921875 0.3609375 0.7796875 0.3609375