41 0.75 0.4484375 0.75 0.270441059375 0.5816851265625 0.270441059375 0.5816851265625 0.4484375 0.75 0.4484375
6 0.3640625 0.5625 0.3640625 0.3873516609375 0.169907040625 0.3873516609375 0.169907040625 0.5625 0.3640625 0.5625
41 0.9578125 0.394056565625 0.7800731796875 0.394056565625 0.7800731796875 0.6076641609375 0.9578125 0.6076641609375 0.9578125 0.394056565625
6 0.5859375 0.6125 0.5859375 0.4183049828125 0.39068433593749996 0.4183049828125 0.39068433593749996 0.6125 0.5859375 0.6125
41 0.74375 0.603125 0.74375 0.439645965625 0.603125 0.439645965625 0.603125 0.603125 0.74375 0.603125
6 0.655992878125 0.552284415625 0.42893591718749996 0.552284415625 0.42893591718749996 0.771429984375 0.655992878125 0.771429984375 0.655992878125 0.552284415625
6 0.3734375 0.5694323578125 0.1587025296875 0.5694323578125 0.1587025296875 0.791742484375 0.3734375 0.791742484375 0.3734375 0.5694323578125
41 0.784375 0.753125 0.784375 0.6176720718750001 0.6202729421875001 0.6176720718750001 0.6202729421875001 0.753125 0.784375 0.753125
41 0.9609375 0.775 0.9609375 0.6140625 0.7803995234375 0.6140625 0.7803995234375 0.775 0.9609375 0.775
41 0.809375 0.975 0.809375 0.805982990625 0.5971123421875 0.805982990625 0.5971123421875 0.975 0.809375 0.975
41 1 0.7882120234375 0.78661985625 0.7882120234375 0.78661985625 1 1 1 1 0.7882120234375
6 0.3684731015625 0.999732990625 0.3684731015625 0.792454509375 0.1627768984375 0.792454509375 0.1627768984375 0.999732990625 0.3684731015625 0.999732990625
6 0.5921875 1 0.5921875 0.7823378171875001 0.39130735781250003 0.7823378171875001 0.39130735781250003 1 0.5921875 1
6 0.5671875 0.228125 0.5671875 0.045836629687500005 0.37870846406249997 0.045836629687500005 0.37870846406249997 0.228125 0.5671875 0.228125
6 0.3671875 0.221875 0.3671875 0.056863132812499995 0.20982990625000003 0.056863132812499995 0.20982990625000003 0.221875 0.3671875 0.221875
41 0.903125 0.2515625 0.903125 0.07299248281250001 0.7530755546875 0.07299248281250001 0.7530755546875 0.2515625 0.903125 0.2515625
41 0.7390625 0.2515625 0.7390625 0.086412184375 0.5708069609375 0.086412184375 0.5708069609375 0.2515625 0.7390625 0.2515625
6 0.365625 0.3828125 0.365625 0.21888844999999998 0.191475475 0.21888844999999998 0.191475475 0.3828125 0.365625 0.3828125
41 0.925 0.421875 0.925 0.2259493671875 0.7739814078125 0.2259493671875 0.7739814078125 0.421875 0.925 0.421875
6 0.559375 0.4171875 0.559375 0.23483979531250002 0.397725475 0.23483979531250002 0.397725475 0.4171875 0.559375 0.4171875