32 0.6857142859375001 0.3857142859375 0.8261904765624999 0.3857142859375 0.8261904765624999 0.290476190625 0.6857142859375001 0.290476190625 0.6857142859375001 0.3857142859375
32 0.5634920640625001 0.390476190625 0.6865079359374999 0.390476190625 0.6865079359374999 0.290476190625 0.5634920640625001 0.290476190625 0.5634920640625001 0.390476190625
32 0.42698412656249995 0.4 0.558730159375 0.4 0.558730159375 0.2984126984375 0.42698412656249995 0.2984126984375 0.42698412656249995 0.4
32 0.27777777812500004 0.40714285781250004 0.42142857187500005 0.40714285781250004 0.42142857187500005 0.303174603125 0.27777777812500004 0.303174603125 0.27777777812500004 0.40714285781250004
32 0.14444444375 0.4142857140625 0.27698412656250004 0.4142857140625 0.27698412656250004 0.309523809375 0.14444444375 0.309523809375 0.14444444375 0.4142857140625
32 0.81904761875 0.484126984375 0.9539682546874999 0.484126984375 0.9539682546874999 0.3888888890625 0.81904761875 0.3888888890625 0.81904761875 0.484126984375
32 0.6888888890625 0.5079365078125 0.8174603171875001 0.5079365078125 0.8174603171875001 0.4015873015625 0.6888888890625 0.4015873015625 0.6888888890625 0.5079365078125
32 0.565079365625 0.5119047625 0.684920634375 0.5119047625 0.684920634375 0.4 0.565079365625 0.4 0.565079365625 0.5119047625
32 0.2920634921875 0.509523809375 0.42619047656250003 0.509523809375 0.42619047656250003 0.4126984125 0.2920634921875 0.4126984125 0.2920634921875 0.509523809375
32 0.4238095234375 0.5111111109375 0.5507936515625 0.5111111109375 0.5507936515625 0.41904761874999996 0.4238095234375 0.41904761874999996 0.4238095234375 0.5111111109375
32 0.17936507968749998 0.5261904765625001 0.29365079375 0.5261904765625001 0.29365079375 0.43015872968749996 0.17936507968749998 0.43015872968749996 0.17936507968749998 0.5261904765625001
32 0.06349206406249999 0.5365079359375 0.1857142859375 0.5365079359375 0.1857142859375 0.43492063437499995 0.06349206406249999 0.43492063437499995 0.06349206406249999 0.5365079359375
32 0.83174603125 0 0.83174603125 0.0920634921875 0.984920634375 0.0920634921875 0.984920634375 0 0.83174603125 0
32 0.5634920640625001 0 0.5634920640625001 0.09920634843750001 0.7 0.09920634843750001 0.7 0 0.5634920640625001 0
32 0.696825396875 0 0.696825396875 0.1015873015625 0.8261904765624999 0.1015873015625 0.8261904765624999 0 0.696825396875 0
32 0.8142857140625 0.6007936515625001 0.934920634375 0.6007936515625001 0.934920634375 0.503174603125 0.8142857140625 0.503174603125 0.8142857140625 0.6007936515625001
32 0.5539682546875 0.6119047625 0.6777777781250001 0.6119047625 0.6777777781250001 0.5111111109375 0.5539682546875 0.5111111109375 0.5539682546875 0.6119047625
32 0.6777777781250001 0.6230158734375 0.81904761875 0.6230158734375 0.81904761875 0.5142857140625 0.6777777781250001 0.5142857140625 0.6777777781250001 0.6230158734375
32 0.428571428125 0.615079365625 0.5666666671875 0.615079365625 0.5666666671875 0.525396825 0.428571428125 0.525396825 0.428571428125 0.615079365625
32 0.2920634921875 0.6301587296875 0.4325396828125 0.6301587296875 0.4325396828125 0.5301587296875 0.2920634921875 0.5301587296875 0.2920634921875 0.6301587296875
32 0.0873015875 0.6507936515625 0.2015873015625 0.6507936515625 0.2015873015625 0.5396825390625 0.0873015875 0.5396825390625 0.0873015875 0.6507936515625
32 0.19206349218750002 0.6547619046875 0.2992063484375 0.6547619046875 0.2992063484375 0.5365079359375 0.19206349218750002 0.5365079359375 0.19206349218750002 0.6547619046875
32 0.43333333281249997 0.11349206406250001 0.5730158734375 0.11349206406250001 0.5730158734375 0.0047619046875000005 0.43333333281249997 0.0047619046875000005 0.43333333281249997 0.11349206406250001
32 0.565079365625 0.7150793656250001 0.6888888890625 0.7150793656250001 0.6888888890625 0.6333333328124999 0.565079365625 0.6333333328124999 0.565079365625 0.7150793656250001
32 0.696825396875 0.724603175 0.8134920640625 0.724603175 0.8134920640625 0.63174603125 0.696825396875 0.63174603125 0.696825396875 0.724603175
32 0.309523809375 0.7396825390624999 0.427777778125 0.7396825390624999 0.427777778125 0.6539682546875001 0.309523809375 0.6539682546875001 0.309523809375 0.7396825390624999
32 0.4365079359375 0.74365079375 0.5642857140624999 0.74365079375 0.5642857140624999 0.6603174609375 0.4365079359375 0.6603174609375 0.4365079359375 0.74365079375
32 0.16984127031250001 0.759523809375 0.3103174609375 0.759523809375 0.3103174609375 0.6666666671875 0.16984127031250001 0.6666666671875 0.16984127031250001 0.759523809375
32 0.15714285781249998 0.12222222187500001 0.309523809375 0.12222222187500001 0.309523809375 0.0111111109375 0.15714285781249998 0.0111111109375 0.15714285781249998 0.12222222187500001
32 0.8111111109375001 0.8214285718750001 0.9380952375 0.8214285718750001 0.9380952375 0.722222221875 0.8111111109375001 0.722222221875 0.8111111109375001 0.8214285718750001
32 0.5793650796875001 0.828571428125 0.6857142859375001 0.828571428125 0.6857142859375001 0.725396825 0.5793650796875001 0.725396825 0.5793650796875001 0.828571428125
32 0.7015873015625 0.828571428125 0.824603175 0.828571428125 0.824603175 0.7396825390624999 0.7015873015625 0.7396825390624999 0.7015873015625 0.828571428125
32 0.3174603171875 0.834920634375 0.45079365156250006 0.834920634375 0.45079365156250006 0.7523809531250001 0.3174603171875 0.7523809531250001 0.3174603171875 0.834920634375
32 0.44444444375 0.8428571421875001 0.5865079359375 0.8428571421875001 0.5865079359375 0.7492063484375 0.44444444375 0.7492063484375 0.44444444375 0.8428571421875001
32 0.6857142859375001 0.24444444375000002 0.83174603125 0.24444444375000002 0.83174603125 0.1301587296875 0.6857142859375001 0.1301587296875 0.6857142859375001 0.24444444375000002
32 0.8269841265625001 0.2380952375 0.96904761875 0.2380952375 0.96904761875 0.1380952375 0.8269841265625001 0.1380952375 0.8269841265625001 0.2380952375
32 0.5539682546875 0.24523809531250002 0.6857142859375001 0.24523809531250002 0.6857142859375001 0.141269840625 0.5539682546875 0.141269840625 0.5539682546875 0.24523809531250002
32 0.4015873015625 0.2666666671875 0.5642857140624999 0.2666666671875 0.5642857140624999 0.15873015937499999 0.4015873015625 0.15873015937499999 0.4015873015625 0.2666666671875
32 0.2634920640625 0.2761904765625 0.40238095312500005 0.2761904765625 0.40238095312500005 0.15555555625 0.2634920640625 0.15555555625 0.2634920640625 0.2761904765625
32 0.1238095234375 0.28095238125 0.265079365625 0.28095238125 0.265079365625 0.1666666671875 0.1238095234375 0.1666666671875 0.1238095234375 0.28095238125
32 0.009523809375000001 0.29285714218750003 0.128571428125 0.29285714218750003 0.128571428125 0.16984127031250001 0.009523809375000001 0.16984127031250001 0.009523809375000001 0.29285714218750003
32 0.8206349203125001 0.371428571875 0.9579365078125001 0.371428571875 0.9579365078125001 0.27777777812500004 0.8206349203125001 0.27777777812500004 0.8206349203125001 0.371428571875