30 0.36875 0.3078125 0.1828125 0.3078125 0.1828125 0.39609375 0.36875 0.39609375 0.36875 0.3078125
30 1 0.325 0.9140625 0.325 0.9140625 0.484375 1 0.484375 1 0.325
30 0.92109375 0.3421875 0.7859375 0.3421875 0.7859375 0.4859375 0.92109375 0.4859375 0.92109375 0.3421875
30 0.11484375 0.378125 0.0328125 0.378125 0.0328125 0.453125 0.11484375 0.453125 0.11484375 0.378125
30 0.6890625 0.353125 0.5734375 0.353125 0.5734375 0.48671875 0.6890625 0.48671875 0.6890625 0.353125
30 0.8109375 0.35625 0.675 0.35625 0.675 0.4890625 0.8109375 0.4890625 0.8109375 0.35625
30 0.609375 0.3625 0.4875 0.3625 0.4875 0.48671875 0.609375 0.48671875 0.609375 0.3625
30 0.253125 0.3828125 0.15 0.3828125 0.15 0.48515625 0.253125 0.48515625 0.253125 0.3828125
30 0.1921875 0.390625 0.0578125 0.390625 0.0578125 0.48359375 0.1921875 0.48359375 0.1921875 0.390625
30 0.3984375 0 0.3984375 0.15625 0.575 0.15625 0.575 0 0.3984375 0
30 0.296875 0 0.296875 0.1765625 0.4875 0.1765625 0.4875 0 0.296875 0
30 0.2296875 0 0.2296875 0.19296875 0.4109375 0.19296875 0.4109375 0 0.2296875 0
30 0.34140625 0.009375 0.1484375 0.009375 0.1484375 0.22265625 0.34140625 0.22265625 0.34140625 0.009375
30 0.2765625 0.03125 0.0890625 0.03125 0.0890625 0.22265625 0.2765625 0.22265625 0.2765625 0.03125
30 0.21171875 0.05625 0.04375 0.05625 0.04375 0.22734375 0.21171875 0.22734375 0.21171875 0.05625
30 0.54453125 0.215625 0.4484375 0.215625 0.4484375 0.340625 0.54453125 0.340625 0.54453125 0.215625
30 0.9375 0.225 0.8078125 0.225 0.8078125 0.3484375 0.9375 0.3484375 0.9375 0.225
30 0.81015625 0.2421875 0.69375 0.2421875 0.69375 0.353125 0.81015625 0.353125 0.81015625 0.2421875
30 0.696875 0.2546875 0.5984375 0.2546875 0.5984375 0.35703125 0.696875 0.35703125 0.696875 0.2546875
30 0.603125 0.2609375 0.5078125 0.2609375 0.5078125 0.3625 0.603125 0.3625 0.603125 0.2609375
30 0.44765625 0.246875 0.2796875 0.246875 0.2796875 0.38359375 0.44765625 0.38359375 0.44765625 0.246875