51 0.3984375 0.41875 0.3984375 0.315234375 0.263671875 0.315234375 0.263671875 0.41875 0.3984375 0.41875
51 0.190625 0.4828125 0.190625 0.348828125 0.062109375 0.348828125 0.062109375 0.4828125 0.190625 0.4828125
51 0.903515625 0.0140625 0.903515625 0.0984375 0.9984375 0.0984375 0.9984375 0.0140625 0.903515625 0.0140625
32 0.9984375 0.8796875 0.9984375 0.323046875 0.405859375 0.323046875 0.405859375 0.8796875 0.9984375 0.8796875
51 0.8953125 0.128125 0.8953125 0.016796875 0.815234375 0.016796875 0.815234375 0.128125 0.8953125 0.128125
51 0.7921875 0.115625 0.7921875 0.0328125 0.684765625 0.0328125 0.684765625 0.115625 0.7921875 0.115625
51 0.710546875 0.196875 0.710546875 0.088671875 0.553515625 0.088671875 0.553515625 0.196875 0.710546875 0.196875
51 0.425 0.2171875 0.425 0.11796875 0.35234375 0.11796875 0.35234375 0.2171875 0.425 0.2171875
51 0.9671875 0.2703125 0.9671875 0.106640625 0.836328125 0.106640625 0.836328125 0.2703125 0.9671875 0.2703125
51 0.721875 0.1109375 0.721875 0.2765625 0.8453125 0.2765625 0.8453125 0.1109375 0.721875 0.1109375
51 0.611328125 0.140625 0.611328125 0.30625 0.7328125 0.30625 0.7328125 0.140625 0.611328125 0.140625
51 0.15625 0.194140625 0.0046875 0.194140625 0.0046875 0.3234375 0.15625 0.3234375 0.15625 0.194140625
51 0.3625 0.3078125 0.3625 0.21015625 0.288671875 0.21015625 0.288671875 0.3078125 0.3625 0.3078125
51 0.3828125 0.1921875 0.3828125 0.346875 0.4984375 0.346875 0.4984375 0.1921875 0.3828125 0.1921875
51 0.2875 0.390625 0.2875 0.24921875 0.126171875 0.24921875 0.126171875 0.390625 0.2875 0.390625