17 0.854296875 0.546875 0.854296875 0.290234375 0.617578125 0.290234375 0.617578125 0.546875 0.854296875 0.546875
17 0.6625 0.376953125 0.3984375 0.376953125 0.3984375 0.5890625 0.6625 0.5890625 0.6625 0.376953125
17 0.2015625 0.4234375 0.2015625 0.6234375 0.4453125 0.6234375 0.4453125 0.4234375 0.2015625 0.4234375
17 0.9265625 0.6390625 0.9265625 0.552734375 0.726171875 0.552734375 0.726171875 0.6390625 0.9265625 0.6390625
17 0.5765625 0.725 0.5765625 0.639453125 0.383984375 0.639453125 0.383984375 0.725 0.5765625 0.725
17 0.1984375 0.6875 0.1984375 0.7671875 0.4 0.7671875 0.4 0.6875 0.1984375 0.6875
17 0.022265625 0.7234375 0.022265625 0.8234375 0.2234375 0.8234375 0.2234375 0.7234375 0.022265625 0.7234375
17 0.8453125 0.726953125 0.625 0.726953125 0.625 0.8328125 0.8453125 0.8328125 0.8453125 0.726953125
17 0.6015625 0.702734375 0.46796875 0.702734375 0.46796875 0.9359375 0.6015625 0.9359375 0.6015625 0.702734375
17 0.378125 0.9984375 0.378125 0.75234375 0.255859375 0.75234375 0.255859375 0.9984375 0.378125 0.9984375
17 0.1734375 1 0.1734375 0.82265625 0.044140625 0.82265625 0.044140625 1 0.1734375 1
17 0.5578125 0 0.5578125 0.2734375 0.8484375 0.2734375 0.8484375 0 0.5578125 0
17 0.34375 0.0453125 0.34375 0.3625 0.6234375 0.3625 0.6234375 0.0453125 0.34375 0.0453125
17 0.3875 0.3890625 0.3875 0.04609375 0.06484375 0.04609375 0.06484375 0.3890625 0.3875 0.3890625