51 0.1155063296875 0.322784809375 0.0490506328125 0.322784809375 0.0490506328125 0.3773734171875 0.1155063296875 0.3773734171875 0.1155063296875 0.322784809375
51 0.280063290625 0.330696203125 0.20965189843749998 0.330696203125 0.20965189843749998 0.3868670890625 0.280063290625 0.3868670890625 0.280063290625 0.330696203125
51 0.3829113921875 0.34177215156249996 0.31882911406250003 0.34177215156249996 0.31882911406250003 0.3868670890625 0.3829113921875 0.3868670890625 0.3829113921875 0.34177215156249996
51 0.598101265625 0.33544303750000004 0.4992088609375 0.33544303750000004 0.4992088609375 0.40031645625 0.598101265625 0.40031645625 0.598101265625 0.33544303750000004
51 0.48892404999999994 0.3670886078125 0.4090189875 0.3670886078125 0.4090189875 0.41297468281249994 0.48892404999999994 0.41297468281249994 0.48892404999999994 0.3670886078125
51 0.8971518984375001 0.37183544375 0.7895569625000001 0.37183544375 0.7895569625000001 0.41772151874999996 0.8971518984375001 0.41772151874999996 0.8971518984375001 0.37183544375
51 0.5917721515625 0.375 0.515822784375 0.375 0.515822784375 0.4256329109375 0.5917721515625 0.4256329109375 0.5917721515625 0.375
51 0.6724683546875 0.37816455625 0.5917721515625 0.37816455625 0.5917721515625 0.42642404999999994 0.6724683546875 0.42642404999999994 0.6724683546875 0.37816455625
51 0.973101265625 0.38449367031250004 0.876582278125 0.38449367031250004 0.876582278125 0.4256329109375 0.973101265625 0.4256329109375 0.973101265625 0.38449367031250004
51 0.3401898734375 0.3971518984375 0.21756329062500002 0.3971518984375 0.21756329062500002 0.498417721875 0.3401898734375 0.498417721875 0.3401898734375 0.3971518984375
51 0.5775316453125 0.430379746875 0.4145569625 0.430379746875 0.4145569625 0.51977848125 0.5775316453125 0.51977848125 0.5775316453125 0.430379746875
51 0.1598101265625 0.4493670890625 0.029272151562499998 0.4493670890625 0.029272151562499998 0.5284810125 0.1598101265625 0.5284810125 0.1598101265625 0.4493670890625
51 0.7104430374999999 0.45411392343749996 0.55379746875 0.45411392343749996 0.55379746875 0.5419303796875 0.7104430374999999 0.5419303796875 0.7104430374999999 0.45411392343749996
51 0.3528481015625 0.4715189875 0.21598101249999999 0.4715189875 0.21598101249999999 0.5530063296875001 0.3528481015625 0.5530063296875001 0.3528481015625 0.4715189875
51 0.84968354375 0.48575949375 0.6851265828125 0.48575949375 0.6851265828125 0.5601265828125 0.84968354375 0.5601265828125 0.84968354375 0.48575949375
51 0.4715189875 0.48101265781249997 0.3291139234375 0.48101265781249997 0.3291139234375 0.5625 0.4715189875 0.5625 0.4715189875 0.48101265781249997
51 0.9810126578125 0.501582278125 0.8235759500000001 0.501582278125 0.8235759500000001 0.589398734375 0.9810126578125 0.589398734375 0.9810126578125 0.501582278125
51 0.8401898734375 0.5363924046874999 0.669303796875 0.5363924046874999 0.669303796875 0.6242088609375 0.8401898734375 0.6242088609375 0.8401898734375 0.5363924046874999
51 0.40664557031250004 0.5901898734375 0.3204113921875 0.5901898734375 0.3204113921875 0.7009493671875 0.40664557031250004 0.7009493671875 0.40664557031250004 0.5901898734375
51 0.20886075937499998 0.594936709375 0.1186708859375 0.594936709375 0.1186708859375 0.7096518984375 0.20886075937499998 0.7096518984375 0.20886075937499998 0.594936709375
51 0.473101265625 0.6028481015625 0.3924050640625 0.6028481015625 0.3924050640625 0.7104430374999999 0.473101265625 0.7104430374999999 0.473101265625 0.6028481015625
51 0.3148734171875 0.6155063296875001 0.22468354375000002 0.6155063296875001 0.22468354375000002 0.73022151875 0.3148734171875 0.73022151875 0.3148734171875 0.6155063296875001
51 0.7167721515625 0.6534810125 0.6075949359374999 0.6534810125 0.6075949359374999 0.7507911390625 0.7167721515625 0.7507911390625 0.7167721515625 0.6534810125
51 0.387658228125 0.708860759375 0.2974683546875 0.708860759375 0.2974683546875 0.802215190625 0.387658228125 0.802215190625 0.387658228125 0.708860759375
51 0.7816455703125 0.7041139234375 0.69066455625 0.7041139234375 0.69066455625 0.8235759500000001 0.7816455703125 0.8235759500000001 0.7816455703125 0.7041139234375
51 0.7025316453125 0.7262658234375 0.6131329109375 0.7262658234375 0.6131329109375 0.8386075953125 0.7025316453125 0.8386075953125 0.7025316453125 0.7262658234375
51 0.5395569625000001 0.7294303796875 0.433544303125 0.7294303796875 0.433544303125 0.8457278484374999 0.5395569625000001 0.8457278484374999 0.5395569625000001 0.7294303796875
51 0.6186708859375 0.7452531640625 0.5245253171875001 0.7452531640625 0.5245253171875001 0.8623417718749999 0.6186708859375 0.8623417718749999 0.6186708859375 0.7452531640625
51 0.927215190625 0.79272151875 0.8219936703125 0.79272151875 0.8219936703125 0.910601265625 0.927215190625 0.910601265625 0.927215190625 0.79272151875
51 0.123417721875 0.08386075937500001 0.0458860765625 0.08386075937500001 0.0458860765625 0.1424050640625 0.123417721875 0.1424050640625 0.123417721875 0.08386075937500001
51 0.1471518984375 0.1202531640625 0.0648734171875 0.1202531640625 0.0648734171875 0.1851265828125 0.1471518984375 0.1851265828125 0.1471518984375 0.1202531640625
51 0.583860759375 0.140822784375 0.492879746875 0.140822784375 0.492879746875 0.191455696875 0.583860759375 0.191455696875 0.583860759375 0.140822784375
51 0.44303797500000003 0.1424050640625 0.3504746828125 0.1424050640625 0.3504746828125 0.1938291140625 0.44303797500000003 0.1938291140625 0.44303797500000003 0.1424050640625
51 0.9667721515625001 0.16613924062500002 0.8757911390625001 0.16613924062500002 0.8757911390625001 0.2238924046875 0.9667721515625001 0.2238924046875 0.9667721515625001 0.16613924062500002
51 0.15031645625 0.169303796875 0.064082278125 0.169303796875 0.064082278125 0.22151898750000001 0.15031645625 0.22151898750000001 0.15031645625 0.169303796875
51 0.3148734171875 0.16772151875000002 0.24446202499999997 0.16772151875000002 0.24446202499999997 0.22626582343749999 0.3148734171875 0.22626582343749999 0.3148734171875 0.16772151875000002
51 0.36550632968749996 0.17088607656250002 0.29825949375 0.17088607656250002 0.29825949375 0.23101265781250002 0.36550632968749996 0.23101265781250002 0.36550632968749996 0.17088607656250002
51 0.6487341765625 0.181962025 0.5775316453125 0.181962025 0.5775316453125 0.2325949359375 0.6487341765625 0.2325949359375 0.6487341765625 0.181962025
51 0.4525316453125 0.1851265828125 0.353639240625 0.1851265828125 0.353639240625 0.2333860765625 0.4525316453125 0.2333860765625 0.4525316453125 0.1851265828125
51 0.5775316453125 0.181962025 0.48575949375 0.181962025 0.48575949375 0.239715190625 0.5775316453125 0.239715190625 0.5775316453125 0.181962025
51 0.7120253171875001 0.191455696875 0.6479430374999999 0.191455696875 0.6479430374999999 0.23813291093750003 0.7120253171875001 0.23813291093750003 0.7120253171875001 0.191455696875
51 0.794303796875 0.1898734171875 0.7104430374999999 0.1898734171875 0.7104430374999999 0.246044303125 0.794303796875 0.246044303125 0.794303796875 0.1898734171875
51 0.8686708859375001 0.193037975 0.79272151875 0.193037975 0.79272151875 0.24446202499999997 0.8686708859375001 0.24446202499999997 0.8686708859375001 0.193037975
51 0.947784809375 0.2136075953125 0.8504746828125 0.2136075953125 0.8504746828125 0.260284809375 0.947784809375 0.260284809375 0.947784809375 0.2136075953125
51 0.5094936703124999 0.223101265625 0.41218354375 0.223101265625 0.41218354375 0.280063290625 0.5094936703124999 0.280063290625 0.5094936703124999 0.223101265625
51 0.6360759500000001 0.22468354375000002 0.55933544375 0.22468354375000002 0.55933544375 0.2848101265625 0.6360759500000001 0.2848101265625 0.6360759500000001 0.22468354375000002
51 0.5664556968750001 0.22784810156250002 0.4992088609375 0.22784810156250002 0.4992088609375 0.2840189875 0.5664556968750001 0.2840189875 0.5664556968750001 0.22784810156250002
51 0.9493670890624999 0.25 0.8599683546874999 0.25 0.8599683546874999 0.30300632968749996 0.9493670890624999 0.30300632968749996 0.9493670890624999 0.25