11 0.075 0.2890625 0.075 0.3796875 0.1875 0.3796875 0.1875 0.2890625 0.075 0.2890625
11 0.9140625 0.273828125 0.83203125 0.273828125 0.83203125 0.3984375 0.9140625 0.3984375 0.9140625 0.273828125
11 0.815625 0.415625 0.815625 0.303125 0.719140625 0.303125 0.719140625 0.415625 0.815625 0.415625
11 0.3046875 0.3390625 0.3046875 0.415625 0.4140625 0.415625 0.4140625 0.3390625 0.3046875 0.3390625
11 0.4140625 0.3453125 0.4140625 0.4125 0.5046875 0.4125 0.5046875 0.3453125 0.4140625 0.3453125
11 0.29375 0.345703125 0.225 0.345703125 0.225 0.4546875 0.29375 0.4546875 0.29375 0.345703125
11 0.518359375 0.35625 0.518359375 0.47109375 0.6203125 0.47109375 0.6203125 0.35625 0.518359375 0.35625
11 0.228125 0.41875 0.228125 0.4875 0.3390625 0.4875 0.3390625 0.41875 0.228125 0.41875
11 0.1625 0.5296875 0.1625 0.421875 0.083203125 0.421875 0.083203125 0.5296875 0.1625 0.5296875
11 0.2046875 0 0.2046875 0.109375 0.2875 0.109375 0.2875 0 0.2046875 0
11 0.332421875 0.5375 0.332421875 0.444921875 0.266015625 0.444921875 0.266015625 0.5375 0.332421875 0.5375
11 0.81875 0.54375 0.81875 0.439453125 0.7453125 0.439453125 0.7453125 0.54375 0.81875 0.54375
11 0.7390625 0.5578125 0.7390625 0.483984375 0.643359375 0.483984375 0.643359375 0.5578125 0.7390625 0.5578125
11 0.5578125 0.56875 0.5578125 0.47578125 0.47265625 0.47578125 0.47265625 0.56875 0.5578125 0.56875
11 0.1859375 0.467578125 0.1046875 0.467578125 0.1046875 0.6015625 0.1859375 0.6015625 0.1859375 0.467578125
11 0.393359375 0.5015625 0.393359375 0.59140625 0.4765625 0.59140625 0.4765625 0.5015625 0.393359375 0.5015625
11 0.81953125 0 0.81953125 0.1265625 0.903125 0.1265625 0.903125 0 0.81953125 0
11 0.566015625 0.503125 0.566015625 0.609375 0.653125 0.609375 0.653125 0.503125 0.566015625 0.503125
11 0.396875 0.53125 0.328515625 0.53125 0.328515625 0.6375 0.396875 0.6375 0.396875 0.53125
11 0.0984375 0 0.0984375 0.1203125 0.1953125 0.1203125 0.1953125 0 0.0984375 0
11 0.233984375 0.5765625 0.233984375 0.640625 0.3359375 0.640625 0.3359375 0.5765625 0.233984375 0.5765625
11 0.159765625 0.5984375 0.159765625 0.709375 0.2734375 0.709375 0.2734375 0.5984375 0.159765625 0.5984375
11 0.1796875 0.608203125 0.0734375 0.608203125 0.0734375 0.7234375 0.1796875 0.7234375 0.1796875 0.608203125
11 0.49375 0.674609375 0.359375 0.674609375 0.359375 0.7734375 0.49375 0.7734375 0.49375 0.674609375
11 0.709375 0.6734375 0.567578125 0.6734375 0.567578125 0.803125 0.709375 0.803125 0.709375 0.6734375
11 0.5875 0.681640625 0.4625 0.681640625 0.4625 0.8296875 0.5875 0.8296875 0.5875 0.681640625
11 0.39375 0.88125 0.39375 0.775390625 0.259765625 0.775390625 0.259765625 0.88125 0.39375 0.88125
11 0.271875 0.79609375 0.148046875 0.79609375 0.148046875 0.9109375 0.271875 0.9109375 0.271875 0.79609375
11 0.684375 0.0328125 0.684375 0.1484375 0.8109375 0.1484375 0.8109375 0.0328125 0.684375 0.0328125
11 0.6890625 0.1921875 0.6890625 0.036328125 0.5734375 0.036328125 0.5734375 0.1921875 0.6890625 0.1921875
11 0.9359375 0.083203125 0.809375 0.083203125 0.809375 0.1796875 0.9359375 0.1796875 0.9359375 0.083203125
11 0.5359375 0.2234375 0.5359375 0.0671875 0.426953125 0.0671875 0.426953125 0.2234375 0.5359375 0.2234375
11 0.6890625 0.1125 0.6890625 0.203125 0.815625 0.203125 0.815625 0.1125 0.6890625 0.1125
11 0.6890625 0.2578125 0.6890625 0.12421875 0.57890625 0.12421875 0.57890625 0.2578125 0.6890625 0.2578125
11 0.4265625 0.1671875 0.4265625 0.2828125 0.5796875 0.2828125 0.5796875 0.1671875 0.4265625 0.1671875
11 0.3328125 0.2796875 0.3328125 0.170703125 0.2390625 0.170703125 0.2390625 0.2796875 0.3328125 0.2796875
11 0.1421875 0.203125 0.1421875 0.2890625 0.2515625 0.2890625 0.2515625 0.203125 0.1421875 0.203125
11 0.915625 0.3125 0.915625 0.203515625 0.808984375 0.203515625 0.808984375 0.3125 0.915625 0.3125
11 0.271484375 0.2265625 0.271484375 0.34375 0.3609375 0.34375 0.3609375 0.2265625 0.271484375 0.2265625
11 0.698828125 0.2453125 0.698828125 0.3484375 0.8046875 0.3484375 0.8046875 0.2453125 0.698828125 0.2453125
11 0.2578125 0.25859375 0.162890625 0.25859375 0.162890625 0.3609375 0.2578125 0.3609375 0.2578125 0.25859375
11 0.5890625 0.290625 0.5890625 0.3734375 0.71875 0.3734375 0.71875 0.290625 0.5890625 0.290625