16 0.21875 0.2171875 0.046875 0.2171875 0.046875 0.5125 0.21875 0.5125 0.21875 0.2171875
16 0 0.8375 0.2125 0.8375 0.2125 0.6203125 0 0.6203125 0 0.8375
1 0.6890625 0.28125 0.6234375 0.28125 0.6234375 0.35703125 0.6890625 0.35703125 0.6890625 0.28125
1 0.84921875 0.3390625 0.778125 0.3390625 0.778125 0.4234375 0.84921875 0.4234375 0.84921875 0.3390625
1 0.92265625 0.64375 0.8546875 0.64375 0.8546875 0.72421875 0.92265625 0.72421875 0.92265625 0.64375
36 0.31953125 0.7578125 0.2375 0.7578125 0.2375 0.8640625 0.31953125 0.8640625 0.31953125 0.7578125
36 0.99765625 0.415625 0.9296875 0.415625 0.9296875 0.50234375 0.99765625 0.50234375 0.99765625 0.415625
4 0.3859375 0.5625 0.2859375 0.5625 0.2859375 0.75390625 0.3859375 0.75390625 0.3859375 0.5625
4 0.85546875 0.46875 0.7015625 0.46875 0.7015625 0.58828125 0.85546875 0.58828125 0.85546875 0.46875
8 0.50390625 0.1859375 0.2984375 0.1859375 0.2984375 0.3765625 0.50390625 0.3765625 0.50390625 0.1859375
8 0.68515625 0.5234375 0.553125 0.5234375 0.553125 0.73671875 0.68515625 0.73671875 0.68515625 0.5234375