51 0.9421875 0.322265625 0.8890625 0.322265625 0.8890625 0.3875 0.9421875 0.3875 0.9421875 0.322265625
51 0.7890625 0.390625 0.7890625 0.3359375 0.720703125 0.3359375 0.720703125 0.390625 0.7890625 0.390625
51 0.628125 0.4 0.671875 0.4 0.671875 0.337890625 0.628125 0.337890625 0.628125 0.4
51 0.40625 0.340625 0.40625 0.4046875 0.503125 0.4046875 0.503125 0.340625 0.40625 0.340625
51 0.575 0.35546875 0.530859375 0.35546875 0.530859375 0.434375 0.575 0.434375 0.575 0.35546875
51 0.1859375 0.4515625 0.1859375 0.34609375 0.14140625 0.34609375 0.14140625 0.4515625 0.1859375 0.4515625
51 0.4125 0.3796875 0.4125 0.4296875 0.4875 0.4296875 0.4875 0.3796875 0.4125 0.3796875
51 0.4125 0.382421875 0.3328125 0.382421875 0.3328125 0.4296875 0.4125 0.4296875 0.4125 0.382421875
51 0.103125 0.45625 0.103125 0.36171875 0.06328125 0.36171875 0.06328125 0.45625 0.103125 0.45625
51 0.661328125 0.4015625 0.661328125 0.5015625 0.78125 0.5015625 0.78125 0.4015625 0.661328125 0.4015625
51 0.4265625 0.434375 0.4265625 0.521875 0.5875 0.521875 0.5875 0.434375 0.4265625 0.434375
51 0.9421875 0.55625 0.9421875 0.428125 0.864453125 0.428125 0.864453125 0.55625 0.9421875 0.55625
51 0.2953125 0.4578125 0.2953125 0.54375 0.45 0.54375 0.45 0.4578125 0.2953125 0.4578125
51 0.7828125 0.5546875 0.7828125 0.475390625 0.648828125 0.475390625 0.648828125 0.5546875 0.7828125 0.5546875
51 0.275 0.60625 0.275 0.44453125 0.20234375 0.44453125 0.20234375 0.60625 0.275 0.60625
51 0.671875 0.484765625 0.53125 0.484765625 0.53125 0.5640625 0.671875 0.5640625 0.671875 0.484765625
51 0.1828125 0.590625 0.1828125 0.505078125 0.027734375 0.505078125 0.027734375 0.590625 0.1828125 0.590625
51 0.1671875 0.5390625 0.1671875 0.625 0.3359375 0.625 0.3359375 0.5390625 0.1671875 0.5390625
51 0.6921875 0.60390625 0.583203125 0.60390625 0.583203125 0.6890625 0.6921875 0.6890625 0.6921875 0.60390625
51 0.890625 0.696875 0.890625 0.608984375 0.77890625 0.608984375 0.77890625 0.696875 0.890625 0.696875
51 0.621875 0.696875 0.621875 0.61796875 0.51640625 0.61796875 0.51640625 0.696875 0.621875 0.696875
51 0.7875 0.629296875 0.67421875 0.629296875 0.67421875 0.7171875 0.7875 0.7171875 0.7875 0.629296875
51 0.390625 0.75625 0.390625 0.648828125 0.2953125 0.648828125 0.2953125 0.75625 0.390625 0.75625
51 0.6125 0.7109375 0.6125 0.8 0.7046875 0.8 0.7046875 0.7109375 0.6125 0.7109375
51 0.328125 0.8078125 0.328125 0.719140625 0.211328125 0.719140625 0.211328125 0.8078125 0.328125 0.8078125
51 0.303125 0.7265625 0.303125 0.8375 0.390625 0.8375 0.390625 0.7265625 0.303125 0.7265625
51 0.5734375 0.8390625 0.5734375 0.734765625 0.459375 0.734765625 0.459375 0.8390625 0.5734375 0.8390625
51 0.374609375 0.75625 0.374609375 0.8484375 0.4890625 0.8484375 0.4890625 0.75625 0.374609375 0.75625
51 0.184375 0.9078125 0.184375 0.791796875 0.081640625 0.791796875 0.081640625 0.9078125 0.184375 0.9078125
51 0.884375 0.0828125 0.884375 0.159375 0.9421875 0.159375 0.9421875 0.0828125 0.884375 0.0828125
51 0.9234375 0.2 0.9234375 0.11953125 0.86015625 0.11953125 0.86015625 0.2 0.9234375 0.2
51 0.440234375 0.128125 0.440234375 0.2171875 0.4890625 0.2171875 0.4890625 0.128125 0.440234375 0.128125
51 0.559375 0.2 0.65 0.2 0.65 0.15 0.559375 0.15 0.559375 0.2
51 0.115625 0.2453125 0.115625 0.157421875 0.058984375 0.157421875 0.058984375 0.2453125 0.115625 0.2453125
51 0.865234375 0.159375 0.865234375 0.24453125 0.915625 0.24453125 0.915625 0.159375 0.865234375 0.159375
51 0.7484375 0.16953125 0.691796875 0.16953125 0.691796875 0.2390625 0.7484375 0.2390625 0.7484375 0.16953125
51 0.6984375 0.240625 0.6984375 0.175 0.639453125 0.175 0.639453125 0.240625 0.6984375 0.240625
51 0.415625 0.2484375 0.415625 0.17890625 0.36640625 0.17890625 0.36640625 0.2484375 0.415625 0.2484375
51 0.55 0.2390625 0.646875 0.2390625 0.646875 0.192578125 0.55 0.192578125 0.55 0.2390625
51 0.5 0.172265625 0.44296875 0.172265625 0.44296875 0.2625 0.5 0.2625 0.5 0.172265625
51 0.346875 0.2515625 0.346875 0.190234375 0.301953125 0.190234375 0.301953125 0.2515625 0.346875 0.2515625
51 0.28125 0.265625 0.28125 0.183203125 0.2265625 0.183203125 0.2265625 0.265625 0.28125 0.265625
51 0.2015625 0.187890625 0.1515625 0.187890625 0.1515625 0.2625 0.2015625 0.2625 0.2015625 0.187890625
51 0.13125 0.290625 0.13125 0.1953125 0.086328125 0.1953125 0.086328125 0.290625 0.13125 0.290625
51 0.493359375 0.2296875 0.493359375 0.2859375 0.5890625 0.2859375 0.5890625 0.2296875 0.493359375 0.2296875
51 0.369140625 0.23125 0.369140625 0.290625 0.44375 0.290625 0.44375 0.23125 0.369140625 0.23125
51 0.4375 0.2890625 0.503125 0.2890625 0.503125 0.234765625 0.4375 0.234765625 0.4375 0.2890625
51 0.059375 0.3078125 0.146875 0.3078125 0.146875 0.256640625 0.059375 0.256640625 0.059375 0.3078125