32 0.825 0.384375 0.825 0.29029017968750004 0.6854166671875 0.29029017968750004 0.6854166671875 0.384375 0.825 0.384375
32 0.575 0.4 0.674851190625 0.4 0.674851190625 0.2789682546875 0.575 0.2789682546875 0.575 0.4
32 0.5578125 0.3984375 0.5578125 0.2984002984375 0.42687251875000004 0.2984002984375 0.42687251875000004 0.3984375 0.5578125 0.3984375
32 0.4203125 0.40625 0.4203125 0.302864584375 0.277380953125 0.302864584375 0.277380953125 0.40625 0.4203125 0.40625
32 0.2625 0.2953125 0.1585193453125 0.2953125 0.1585193453125 0.42761656718749996 0.2625 0.42761656718749996 0.2625 0.2953125
32 0.953125 0.4828125 0.953125 0.38867807499999996 0.8188368046875001 0.38867807499999996 0.8188368046875001 0.4828125 0.953125 0.4828125
32 0.80625 0.51875 0.80625 0.390625 0.7000744046875 0.390625 0.7000744046875 0.51875 0.80625 0.51875
32 0.565625 0.5109375 0.684375 0.5109375 0.684375 0.39970238125 0.565625 0.39970238125 0.565625 0.5109375
32 0.40625 0.528125 0.40625 0.39429563437500004 0.310887896875 0.39429563437500004 0.310887896875 0.528125 0.40625 0.528125
32 0.5328125 0.528125 0.5328125 0.4017857125 0.44150545625 0.4017857125 0.44150545625 0.528125 0.5328125 0.528125
32 0.2921875 0.4301091265625 0.17957589375 0.4301091265625 0.17957589375 0.5261408734375 0.2921875 0.5261408734375 0.2921875 0.4301091265625
32 0.184375 0.5359375 0.184375 0.43547866874999996 0.0630952390625 0.43547866874999996 0.0630952390625 0.5359375 0.184375 0.5359375
32 0.83125 0.090625 0.984375 0.090625 0.984375 0.0000620046875 0.83125 0.000062003125 0.83125 0.090625
32 0.5637772828125 0 0.5637772828125 0.0984375 0.6984375 0.0984375 0.6984375 0 0.5637772828125 0
32 0.6970362109375 0 0.6970362109375 0.1015625 0.825 0.1015625 0.825 0 0.6970362109375 0
32 0.9230530765625 0.6109375 0.9230530765625 0.49128224375 0.825434028125 0.49128224375 0.825434028125 0.6109375 0.9230530765625 0.6109375
32 0.665625 0.621875 0.665625 0.4990699421875 0.5656870046875 0.4990699421875 0.5656870046875 0.621875 0.665625 0.621875
32 0.8171875 0.621875 0.8171875 0.5141865078125 0.6777529765625 0.5141865078125 0.6777529765625 0.621875 0.8171875 0.621875
32 0.5421875 0.6390625 0.5421875 0.501227678125 0.4527033734375 0.501227678125 0.4527033734375 0.6390625 0.5421875 0.6390625
32 0.4109375 0.65 0.4109375 0.5097222218749999 0.3118303578125 0.5097222218749999 0.3118303578125 0.65 0.4109375 0.65
32 0.2 0.6515625 0.2 0.5380084328125 0.0889632921875 0.5380084328125 0.0889632921875 0.6515625 0.2 0.6515625
32 0.2984375 0.5361855156249999 0.1921875 0.5361855156249999 0.1921875 0.654439484375 0.2984375 0.654439484375 0.2984375 0.5361855156249999
32 0.5729662703125 0.1125 0.5729662703125 0.0050099203125 0.43328372968749995 0.0050099203125 0.43328372968749995 0.1125 0.5729662703125 0.1125
32 0.6875 0.7140625 0.6875 0.63332093125 0.56471974375 0.63332093125 0.56471974375 0.7140625 0.6875 0.7140625
32 0.8015625 0.7359375 0.8015625 0.6201512890624999 0.7087797609375001 0.6201512890624999 0.7087797609375001 0.7359375 0.8015625 0.7359375
32 0.409375 0.7546875 0.409375 0.63759920625 0.3258432546875 0.63759920625 0.3258432546875 0.7546875 0.409375 0.7546875
32 0.5640625 0.7421875 0.5640625 0.6599578390625 0.4369047609375 0.6599578390625 0.4369047609375 0.7421875 0.5640625 0.7421875
32 0.309375 0.7578125 0.309375 0.6668526796875 0.1703869046875 0.6668526796875 0.1703869046875 0.7578125 0.309375 0.7578125
32 0.3078125 0.121875 0.3078125 0.0109375 0.1574032734375 0.0109375 0.1574032734375 0.121875 0.3078125 0.121875
32 0.8109375 0.8203125 0.9375 0.8203125 0.9375 0.722271825 0.8109375 0.722271825 0.8109375 0.8203125
32 0.684375 0.828125 0.684375 0.7258184515625 0.5790922625 0.7258184515625 0.5790922625 0.828125 0.684375 0.828125
32 0.8234375 0.7391493046875001 0.7017733140625 0.7391493046875001 0.7017733140625 0.82803819375 0.8234375 0.82803819375 0.8234375 0.7391493046875001
32 0.4234375 0.859375 0.4234375 0.7267361109375 0.34295635 0.7267361109375 0.34295635 0.859375 0.4234375 0.859375
32 0.5609375 0.865625 0.5609375 0.724367559375 0.46937003749999995 0.724367559375 0.46937003749999995 0.865625 0.5609375 0.865625
32 0.7015625 0.259375 0.8152901781249999 0.259375 0.8152901781249999 0.1144221234375 0.7015625 0.1144221234375 0.7015625 0.259375
32 0.946875 0.2578125 0.946875 0.11670386875000001 0.8486111093750001 0.11670386875000001 0.8486111093750001 0.2578125 0.946875 0.2578125
32 0.6715401796875 0.2578125 0.6715401796875 0.1269097234375 0.567571925 0.1269097234375 0.567571925 0.2578125 0.6715401796875 0.2578125
32 0.5359375 0.29375 0.5359375 0.13125 0.4283854171875 0.13125 0.4283854171875 0.29375 0.5359375 0.29375
32 0.3921875 0.284375 0.3921875 0.1457713296875 0.27315228125 0.1457713296875 0.27315228125 0.284375 0.3921875 0.284375
32 0.2640625 0.2796875 0.2640625 0.1662574421875 0.12372271875 0.1662574421875 0.12372271875 0.2796875 0.2640625 0.2796875
32 0.128125 0.2921875 0.128125 0.1703125 0.009821428125 0.1703125 0.009821428125 0.2921875 0.128125 0.2921875
32 0.95771329375 0.3703125 0.95771329375 0.278174603125 0.82041170625 0.278174603125 0.82041170625 0.3703125 0.95771329375 0.3703125