32 1 0.238175675 0.7804054046875 0.238175675 0.7804054046875 0.47466216250000004 1 0.47466216250000004 1 0.238175675
32 0.04391891875 0.57516891875 0.2356418921875 0.57516891875 0.2356418921875 0.447635134375 0.04391891875 0.447635134375 0.04391891875 0.57516891875
32 0 0.61233108125 0.08530405468749999 0.61233108125 0.08530405468749999 0.42567567500000003 0 0.42567567500000003 0 0.61233108125
32 0.364864865625 0.684966215625 0.5565878375 0.684966215625 0.5565878375 0.5371621625 0.364864865625 0.5371621625 0.364864865625 0.684966215625
32 0.5489864859375 0.6917229734375 0.7432432437500001 0.6917229734375 0.7432432437500001 0.5489864859375 0.5489864859375 0.5489864859375 0.5489864859375 0.6917229734375
32 1 0.5489864859375 0.790540540625 0.5489864859375 0.790540540625 0.7297297296874999 1 0.7297297296874999 1 0.5489864859375
32 0.091216215625 0.796452703125 0.26182432499999997 0.796452703125 0.26182432499999997 0.675675675 0.091216215625 0.675675675 0.091216215625 0.796452703125
32 0.466216215625 0.84375 0.6951013515625 0.84375 0.6951013515625 0.697635134375 0.466216215625 0.697635134375 0.466216215625 0.84375
32 0.22635135156250002 0.9104729734375001 0.45016891875000004 0.9104729734375001 0.45016891875000004 0.7466216218749999 0.22635135156250002 0.7466216218749999 0.22635135156250002 0.9104729734375001
32 0.0354729734375 0.922297296875 0.21199324375 0.922297296875 0.21199324375 0.7871621625 0.0354729734375 0.7871621625 0.0354729734375 0.922297296875
32 1 0.778716215625 0.7415540546875 0.778716215625 0.7415540546875 0.9822635140625 1 0.9822635140625 1 0.778716215625
32 0.6765202703125001 1 0.6765202703125001 0.8800675671875 0.45608108124999996 0.8800675671875 0.45608108124999996 1 0.6765202703125001 1
32 0.327702703125 0.4391891890625 0.48057432499999997 0.4391891890625 0.48057432499999997 0.1520270265625 0.327702703125 0.1520270265625 0.327702703125 0.4391891890625
32 0.675675675 0.4459459453125 0.7643581078125 0.4459459453125 0.7643581078125 0.146959459375 0.675675675 0.146959459375 0.675675675 0.4459459453125
32 0.1554054046875 0.4206081078125 0.33192567500000003 0.4206081078125 0.33192567500000003 0.172297296875 0.1554054046875 0.172297296875 0.1554054046875 0.4206081078125
32 0.5709459453125 0.4518581078125 0.690033784375 0.4518581078125 0.690033784375 0.1520270265625 0.5709459453125 0.1520270265625 0.5709459453125 0.4518581078125