32 0.9984375 0.396875 0.9984375 0.297265625 0.908984375 0.297265625 0.908984375 0.396875 0.9984375 0.396875
32 0.746875 0 0.746875 0.1171875 0.8390625 0.1171875 0.8390625 0 0.746875 0
32 0.2203125 0.031640625 0.17109375 0.031640625 0.17109375 0.1234375 0.2203125 0.1234375 0.2203125 0.031640625
32 0.712109375 1 0.712109375 0.526953125 0.266015625 0.526953125 0.266015625 1 0.712109375 1
32 0.0625 0.1265625 0.0625 0.059765625 0.020703125 0.059765625 0.020703125 0.1265625 0.0625 0.1265625
32 0.4953125 0.15 0.4953125 0.039453125 0.434375 0.039453125 0.434375 0.15 0.4953125 0.15
32 0.6125 0.1328125 0.6125 0.071484375 0.503515625 0.071484375 0.503515625 0.1328125 0.6125 0.1328125
32 0.0171875 0.1125 0.0171875 0.1734375 0.04375 0.1734375 0.04375 0.1125 0.0171875 0.1125
32 0.0828125 0.1734375 0.0828125 0.119921875 0.04609375 0.119921875 0.04609375 0.1734375 0.0828125 0.1734375
32 0.38125 0.1890625 0.490625 0.1890625 0.490625 0.123828125 0.38125 0.123828125 0.38125 0.1890625
32 0.565625 0.108203125 0.490234375 0.108203125 0.490234375 0.226171875 0.565625 0.226171875 0.565625 0.108203125
32 0.671875 0.1265625 0.598828125 0.1265625 0.598828125 0.24375 0.671875 0.24375 0.671875 0.1265625
32 0.825 0.153515625 0.6984375 0.153515625 0.6984375 0.2453125 0.825 0.2453125 0.825 0.153515625
32 0.0375 0.184375 0.0375 0.2375 0.128125 0.2375 0.128125 0.184375 0.0375 0.184375
32 0.122265625 0.1859375 0.122265625 0.259375 0.1734375 0.259375 0.1734375 0.1859375 0.122265625 0.1859375
32 0.246875 0.192578125 0.1734375 0.192578125 0.1734375 0.259375 0.246875 0.259375 0.246875 0.192578125
32 0.534375 0.216015625 0.471875 0.216015625 0.471875 0.2609375 0.534375 0.2609375 0.534375 0.216015625
32 0.51875 0.2765625 0.5671875 0.2765625 0.5671875 0.219140625 0.51875 0.219140625 0.51875 0.2765625
32 0.3578125 0.2296875 0.3578125 0.296875 0.434375 0.296875 0.434375 0.2296875 0.3578125 0.2296875
32 0.5484375 0.2484375 0.5484375 0.296875 0.6125 0.296875 0.6125 0.2484375 0.5484375 0.2484375
32 0.40625 0.2484375 0.40625 0.3140625 0.459375 0.3140625 0.459375 0.2484375 0.40625 0.2484375
32 0.4671875 0.2734375 0.4671875 0.328125 0.5421875 0.328125 0.5421875 0.2734375 0.4671875 0.2734375
32 0.7359375 0.3578125 0.7359375 0.251171875 0.611328125 0.251171875 0.611328125 0.3578125 0.7359375 0.3578125
32 0.76875 0.29453125 0.676953125 0.29453125 0.676953125 0.365625 0.76875 0.365625 0.76875 0.29453125
32 0.8265625 0.270703125 0.7375 0.270703125 0.7375 0.3953125 0.8265625 0.3953125 0.8265625 0.270703125