32 0.9640625 0.51875 0.9640625 0.3359375 0.8525623 0.3359375 0.8525623 0.51875 0.9640625 0.51875
32 0.8171875 0.58125 0.8171875 0.36875 0.6259068515624999 0.36875 0.6259068515624999 0.58125 0.8171875 0.58125
32 0.921875 0.590625 0.921875 0.43767081875 0.7443780140625 0.43767081875 0.7443780140625 0.590625 0.921875 0.590625
32 0.6625 0.44375 0.4710083390625 0.44375 0.4710083390625 0.63553808125 0.6625 0.63553808125 0.6625 0.44375
32 0.475 0.7140625 0.475 0.45378567187499996 0.1154818125 0.45378567187499996 0.1154818125 0.7140625 0.475 0.7140625
32 0.971875 0.2578125 0.971875 0.0863394296875 0.85593599375 0.0863394296875 0.85593599375 0.2578125 0.971875 0.2578125
32 0.825 0.296875 0.825 0.0835133640625 0.6638514859375 0.0835133640625 0.6638514859375 0.296875 0.825 0.296875
32 0.7046875 0.3109375 0.7046875 0.10287881875 0.53199608125 0.10287881875 0.53199608125 0.3109375 0.7046875 0.3109375
32 0.465625 0.309375 0.465625 0.1328125 0.2226788578125 0.1328125 0.2226788578125 0.309375 0.465625 0.309375
32 0.263803759375 0.3546875 0.263803759375 0.18219202031249998 0.1351863953125 0.18219202031249998 0.1351863953125 0.3546875 0.263803759375 0.3546875
32 0 0.3828125 0.16050291562500002 0.3828125 0.16050291562500002 0.23539238281250002 0 0.23539238281250002 0 0.3828125