32 0.9921875 0.23984375 0.773828125 0.23984375 0.773828125 0.471875 0.9921875 0.471875 0.9921875 0.23984375
32 0.0859375 0.5578125 0.2625 0.5578125 0.2625 0.441015625 0.0859375 0.441015625 0.0859375 0.5578125
32 0.1234375 0.5921875 0.1234375 0.420703125 0.014453125 0.420703125 0.014453125 0.5921875 0.1234375 0.5921875
32 0.559375 0.659375 0.559375 0.523828125 0.383203125 0.523828125 0.383203125 0.659375 0.559375 0.659375
32 0.7328125 0.534765625 0.553125 0.534765625 0.553125 0.665625 0.7328125 0.665625 0.7328125 0.534765625
32 0.9703125 0.50703125 0.804296875 0.50703125 0.804296875 0.7296875 0.9703125 0.7296875 0.9703125 0.50703125
32 0.2640625 0.7859375 0.2640625 0.628515625 0.153125 0.628515625 0.153125 0.7859375 0.2640625 0.7859375
32 0.6484375 0.84375 0.6484375 0.633984375 0.514453125 0.633984375 0.514453125 0.84375 0.6484375 0.84375
32 0.255078125 0.7171875 0.255078125 0.86875 0.4609375 0.86875 0.4609375 0.7171875 0.255078125 0.7171875
32 0.078515625 0.7546875 0.078515625 0.8796875 0.240625 0.8796875 0.240625 0.7546875 0.078515625 0.7546875
32 1 0.747265625 0.73125 0.747265625 0.73125 0.934375 1 0.934375 1 0.747265625
32 0.6703125 1 0.6703125 0.840625 0.466796875 0.840625 0.466796875 1 0.6703125 1
32 0.348046875 0.1671875 0.348046875 0.4328125 0.4890625 0.4328125 0.4890625 0.1671875 0.348046875 0.1671875
32 0.670703125 0.1625 0.670703125 0.4390625 0.7515625 0.4390625 0.7515625 0.1625 0.670703125 0.1625
32 0.384375 0.21953125 0.155859375 0.21953125 0.155859375 0.3828125 0.384375 0.3828125 0.384375 0.21953125
32 0.765625 0.250390625 0.489453125 0.250390625 0.489453125 0.360546875 0.765625 0.360546875 0.765625 0.250390625