32 0.990625 0.3796875 0.7453125 0.3796875 0.7453125 0.5265625 0.990625 0.5265625 0.990625 0.3796875
32 0.78515625 0.4375 0.4921875 0.4375 0.4921875 0.559375 0.78515625 0.559375 0.78515625 0.4375
32 0.51171875 0.4734375 0.2078125 0.4734375 0.2078125 0.60546875 0.51171875 0.60546875 0.51171875 0.4734375
32 0.84140625 0.5453125 0.5453125 0.5453125 0.5453125 0.66328125 0.84140625 0.66328125 0.84140625 0.5453125
32 0.56875 0.5578125 0.259375 0.5578125 0.259375 0.69921875 0.56875 0.69921875 0.56875 0.5578125
32 0 0.7875 0.25 0.7875 0.25 0.6078125 0 0.6078125 0 0.7875
32 0.81875 0.671875 0.528125 0.671875 0.528125 0.7921875 0.81875 0.7921875 0.81875 0.671875
32 1 0.68125 0.765625 0.68125 0.765625 0.88125 1 0.88125 1 0.68125
32 0.5515625 0.7359375 0.2609375 0.7359375 0.2609375 0.88359375 0.5515625 0.88359375 0.5515625 0.7359375
32 0.84140625 0.78125 0.5671875 0.78125 0.5671875 0.9375 0.84140625 0.9375 0.84140625 0.78125
32 0.61171875 0.8265625 0.2859375 0.8265625 0.2859375 0.99921875 0.61171875 0.99921875 0.61171875 0.8265625
32 0.28671875 1 0.28671875 0.8609375 0.015625 0.8609375 0.015625 1 0.28671875 1
32 0.93828125 0.1125 0.665625 0.1125 0.665625 0.21796875 0.93828125 0.21796875 0.93828125 0.1125
32 0.99921875 0.190625 0.7453125 0.190625 0.7453125 0.3203125 0.99921875 0.3203125 0.99921875 0.190625
32 0.50859375 0.1390625 0.2875 0.1390625 0.2875 0.37578125 0.50859375 0.37578125 0.50859375 0.1390625
32 0.6171875 0.1921875 0.465625 0.1921875 0.465625 0.3734375 0.6171875 0.3734375 0.6171875 0.1921875
32 0.78125 0.190625 0.58125 0.190625 0.58125 0.375 0.78125 0.375 0.78125 0.190625