32 0.8875 0.412890625 0.703125 0.412890625 0.703125 0.6625 0.8875 0.6625 0.8875 0.412890625
32 0.6921875 0.424609375 0.5125 0.424609375 0.5125 0.6609375 0.6921875 0.6609375 0.6921875 0.424609375
32 0.503125 0.423046875 0.3421875 0.423046875 0.3421875 0.6640625 0.503125 0.6640625 0.503125 0.423046875
17 0.346875 0.6640625 0.346875 0.47265625 0.16015625 0.47265625 0.16015625 0.6640625 0.346875 0.6640625
17 0 0.6703125 0.19375 0.6703125 0.19375 0.51171875 0 0.51171875 0 0.6703125
32 0.891015625 0.63125 0.891015625 0.89375 0.9984375 0.89375 0.9984375 0.63125 0.891015625 0.63125
17 0.7203125 0.733203125 0.584375 0.733203125 0.584375 0.9390625 0.7203125 0.9390625 0.7203125 0.733203125
17 0.9109375 0.9328125 0.9109375 0.775390625 0.740625 0.775390625 0.740625 0.9328125 0.9109375 0.9328125
17 0.3859375 0.9703125 0.3859375 0.769140625 0.216015625 0.769140625 0.216015625 0.9703125 0.3859375 0.9703125
17 0.028125 0.775 0.028125 0.9734375 0.21875 0.9734375 0.21875 0.775 0.028125 0.775
17 0.40625 0.83125 0.40625 0.965625 0.559375 0.965625 0.559375 0.83125 0.40625 0.83125
32 1 0.0921875 0.8171875 0.0921875 0.8171875 0.2625 1 0.2625 1 0.0921875
17 0.322265625 0.0953125 0.322265625 0.328125 0.515625 0.328125 0.515625 0.0953125 0.322265625 0.0953125
32 0.695703125 0.128125 0.695703125 0.309375 0.85 0.309375 0.85 0.128125 0.695703125 0.128125
17 0.7109375 0.309375 0.7109375 0.129296875 0.480859375 0.129296875 0.480859375 0.309375 0.7109375 0.309375
17 0.3453125 0.3265625 0.3453125 0.14921875 0.119921875 0.14921875 0.119921875 0.3265625 0.3453125 0.3265625