51 0.3984375 0.314453125 0.262890625 0.314453125 0.262890625 0.418359375 0.3984375 0.418359375 0.3984375 0.314453125
51 0.19375 0.48125 0.19375 0.351953125 0.059765625 0.351953125 0.059765625 0.48125 0.19375 0.48125
51 0.902734375 0.0140625 0.902734375 0.0984375 0.9984375 0.0984375 0.9984375 0.0140625 0.902734375 0.0140625
32 0.980859375 0.8984375 0.980859375 0.305859375 0.423828125 0.305859375 0.423828125 0.8984375 0.980859375 0.8984375
51 0.9109375 0.1125 0.9109375 0.03125 0.800390625 0.03125 0.800390625 0.1125 0.9109375 0.1125
51 0.696875 0.128125 0.7796875 0.128125 0.7796875 0.019921875 0.696875 0.019921875 0.696875 0.128125
51 0.7109375 0.087890625 0.554296875 0.087890625 0.554296875 0.196484375 0.7109375 0.196484375 0.7109375 0.087890625
51 0.425 0.2171875 0.425 0.11796875 0.35234375 0.11796875 0.35234375 0.2171875 0.425 0.2171875
51 0.9671875 0.2703125 0.9671875 0.106640625 0.836328125 0.106640625 0.836328125 0.2703125 0.9671875 0.2703125
51 0.721875 0.1109375 0.721875 0.2765625 0.8453125 0.2765625 0.8453125 0.1109375 0.721875 0.1109375
51 0.610546875 0.140625 0.610546875 0.30625 0.7328125 0.30625 0.7328125 0.140625 0.610546875 0.140625
51 0.1453125 0.183203125 0.015625 0.183203125 0.015625 0.334375 0.1453125 0.334375 0.1453125 0.183203125
51 0.2765625 0.221875 0.2765625 0.296875 0.375 0.296875 0.375 0.221875 0.2765625 0.221875
51 0.5171875 0.3265625 0.5171875 0.21171875 0.36328125 0.21171875 0.36328125 0.3265625 0.5171875 0.3265625
51 0.136328125 0.2390625 0.136328125 0.4015625 0.278125 0.4015625 0.278125 0.2390625 0.136328125 0.2390625