32 0 0.35068259375 0.0887372015625 0.35068259375 0.0887372015625 0.24061433437500002 0 0.24061433437500002 0 0.35068259375
32 0.141638225 0 0.141638225 0.020477815625 0.29010238906249997 0.020477815625 0.29010238906249997 0 0.141638225 0
32 0.8174061437500001 0 0.8174061437500001 0.028156996875 0.9180887375 0.028156996875 0.9180887375 0 0.8174061437500001 0
32 0.819112628125 1 0.819112628125 0.520477815625 0.2755972703125 0.520477815625 0.2755972703125 1 0.819112628125 1
32 0.5136518765625 0 0.5136518765625 0.053754265625 0.6348122859374999 0.053754265625 0.6348122859374999 0 0.5136518765625 0
32 0.41211604062499996 0 0.41211604062499996 0.0622866890625 0.5324232078125 0.0622866890625 0.5324232078125 0 0.41211604062499996 0
32 1 0.05631399375 0.98122866875 0.05631399375 0.98122866875 0.09812286718749999 1 0.09812286718749999 1 0.05631399375
32 0.6655290109374999 0.0511945390625 0.54522184375 0.0511945390625 0.54522184375 0.1237201359375 0.6655290109374999 0.1237201359375 0.6655290109374999 0.0511945390625
32 0.5699658703125 0.058020478125 0.44112627968749996 0.058020478125 0.44112627968749996 0.14078498281250001 0.5699658703125 0.14078498281250001 0.5699658703125 0.058020478125
32 0.45221842968750003 0.07849829375 0.3233788390625 0.07849829375 0.3233788390625 0.158703071875 0.45221842968750003 0.158703071875 0.45221842968750003 0.07849829375
32 0.31911262812499996 0.083617746875 0.18088737187499998 0.083617746875 0.18088737187499998 0.185153584375 0.31911262812499996 0.185153584375 0.31911262812499996 0.083617746875
32 1 0.117747440625 0.941979521875 0.117747440625 0.941979521875 0.17576791875 1 0.17576791875 1 0.117747440625
32 0.960750853125 0.1313993171875 0.8796928328125 0.1313993171875 0.8796928328125 0.18771331093750002 0.960750853125 0.18771331093750002 0.960750853125 0.1313993171875
32 0.8924914671874999 0.1262798640625 0.8122866890625 0.1262798640625 0.8122866890625 0.2005119453125 0.8924914671874999 0.2005119453125 0.8924914671874999 0.1262798640625
32 0.5665529015625 0.15187713281249998 0.498293515625 0.15187713281249998 0.498293515625 0.20221842968749998 0.5665529015625 0.20221842968749998 0.5665529015625 0.15187713281249998
32 0.520477815625 0.16040955625 0.4564846421875 0.16040955625 0.4564846421875 0.214163821875 0.520477815625 0.214163821875 0.520477815625 0.16040955625
32 0.6911262796875 0.16723549531249998 0.6075085328125 0.16723549531249998 0.6075085328125 0.24061433437500002 0.6911262796875 0.24061433437500002 0.6911262796875 0.16723549531249998
32 0.482935153125 0.18771331093750002 0.4129692828125 0.18771331093750002 0.4129692828125 0.24061433437500002 0.482935153125 0.24061433437500002 0.482935153125 0.18771331093750002
32 0.6450511953125 0.19453924843749998 0.5733788390625 0.19453924843749998 0.5733788390625 0.25255972656250003 0.6450511953125 0.25255972656250003 0.6450511953125 0.19453924843749998
32 0.5716723546875 0.21501706562499998 0.48976109218749997 0.21501706562499998 0.48976109218749997 0.27474402656249997 0.5716723546875 0.27474402656249997 0.5716723546875 0.21501706562499998
32 0.40443685937499996 0.18088737187499998 0.2875426625 0.18088737187499998 0.2875426625 0.3182593859375 0.40443685937499996 0.3182593859375 0.40443685937499996 0.18088737187499998
32 0.3310580203125 0.22696245781250002 0.25341296875 0.22696245781250002 0.25341296875 0.3276450515625 0.3310580203125 0.3276450515625 0.3310580203125 0.22696245781250002
32 0.27645051249999997 0.21160409531250002 0.1791808875 0.21160409531250002 0.1791808875 0.348976109375 0.27645051249999997 0.348976109375 0.27645051249999997 0.21160409531250002