51 0.4234375 0.41875 0.4234375 0.3089753515625 0.339722565625 0.3089753515625 0.339722565625 0.41875 0.4234375 0.41875
51 0.196875 0.453125 0.196875 0.290666253125 0.05582456718749999 0.290666253125 0.05582456718749999 0.453125 0.196875 0.453125
51 0.684375 0.334738553125 0.5563247734375001 0.334738553125 0.5563247734375001 0.43869894687500005 0.684375 0.43869894687500005 0.684375 0.334738553125
51 0.8078125 0.3210189765625 0.7057343234375 0.3210189765625 0.7057343234375 0.45468234374999994 0.8078125 0.45468234374999994 0.8078125 0.3210189765625
51 0.965625 0.4765625 0.965625 0.37289861874999997 0.82709106875 0.37289861874999997 0.82709106875 0.4765625 0.965625 0.4765625
51 0 0.546875 0.165625 0.546875 0.165625 0.3920688953125 0 0.39206889375 0 0.546875
51 0.275311984375 0.409375 0.275311984375 0.584375 0.41062551562499994 0.584375 0.41062551562499994 0.409375 0.275311984375 0.409375
51 0.7078125 0.59375 0.7078125 0.46150216562499996 0.5372009078125 0.46150216562499996 0.5372009078125 0.59375 0.7078125 0.59375
51 0.6953125 0.6203125 0.8359375 0.6203125 0.8359375 0.44250979843750005 0.6953125 0.44250979843750005 0.6953125 0.6203125
51 0.2890625 0.6390625 0.2890625 0.4873298265625 0.1654187296875 0.4873298265625 0.1654187296875 0.6390625 0.2890625 0.6390625
51 1 0.49887066718749995 0.8217770218749999 0.49887066718749995 0.8217770218749999 0.646875 1 0.646875 1 0.49887066718749995