51 0.8828125 0.328125 0.8828125 0.38125 0.9484375 0.38125 0.9484375 0.328125 0.8828125 0.328125
51 0.7890625 0.390625 0.7890625 0.336328125 0.719921875 0.336328125 0.719921875 0.390625 0.7890625 0.390625
51 0.628125 0.4 0.671875 0.4 0.671875 0.337890625 0.628125 0.337890625 0.628125 0.4
51 0.423046875 0.3234375 0.423046875 0.4203125 0.4859375 0.4203125 0.4859375 0.3234375 0.423046875 0.3234375
51 0.513671875 0.371875 0.513671875 0.4171875 0.5921875 0.4171875 0.5921875 0.371875 0.513671875 0.371875
51 0.1859375 0.4515625 0.1859375 0.34609375 0.14140625 0.34609375 0.14140625 0.4515625 0.1859375 0.4515625
51 0.425 0.3671875 0.425 0.4421875 0.475 0.4421875 0.475 0.3671875 0.425 0.3671875
51 0.396875 0.366796875 0.34921875 0.366796875 0.34921875 0.4453125 0.396875 0.4453125 0.396875 0.366796875
51 0.0359375 0.3890625 0.0359375 0.4296875 0.13125 0.4296875 0.13125 0.3890625 0.0359375 0.3890625
51 0.671484375 0.390625 0.671484375 0.5109375 0.7703125 0.5109375 0.7703125 0.390625 0.671484375 0.390625
51 0.5875 0.434765625 0.4265625 0.434765625 0.4265625 0.521875 0.5875 0.521875 0.5875 0.434765625
51 0.839453125 0.453125 0.839453125 0.53125 0.9671875 0.53125 0.9671875 0.453125 0.839453125 0.453125
51 0.45 0.458203125 0.2953125 0.458203125 0.2953125 0.54375 0.45 0.54375 0.45 0.458203125
51 0.7828125 0.5546875 0.7828125 0.474609375 0.648046875 0.474609375 0.648046875 0.5546875 0.7828125 0.5546875
51 0.1578125 0.4890625 0.1578125 0.5625 0.3203125 0.5625 0.3203125 0.4890625 0.1578125 0.4890625
51 0.6421875 0.454296875 0.56171875 0.454296875 0.56171875 0.59375 0.6421875 0.59375 0.6421875 0.454296875
51 0.1828125 0.590625 0.1828125 0.5046875 0.028515625 0.5046875 0.028515625 0.590625 0.1828125 0.590625
51 0.29375 0.665625 0.29375 0.498046875 0.20859375 0.498046875 0.20859375 0.665625 0.29375 0.665625
51 0.594921875 0.5921875 0.594921875 0.7015625 0.6796875 0.7015625 0.6796875 0.5921875 0.594921875 0.5921875
51 0.790625 0.596875 0.790625 0.709375 0.8796875 0.709375 0.8796875 0.596875 0.790625 0.596875
51 0.621875 0.696875 0.621875 0.61796875 0.51640625 0.61796875 0.51640625 0.696875 0.621875 0.696875
51 0.78671875 0.7171875 0.78671875 0.629296875 0.6734375 0.629296875 0.6734375 0.7171875 0.78671875 0.7171875
51 0.390625 0.75625 0.390625 0.648828125 0.2953125 0.648828125 0.2953125 0.75625 0.390625 0.75625
51 0.6140625 0.709375 0.6140625 0.8015625 0.703125 0.8015625 0.703125 0.709375 0.6140625 0.709375
51 0.3140625 0.821875 0.3140625 0.7046875 0.225390625 0.7046875 0.225390625 0.821875 0.3140625 0.821875
51 0.291796875 0.7375 0.291796875 0.825 0.4015625 0.825 0.4015625 0.7375 0.291796875 0.7375
51 0.56875 0.730078125 0.4640625 0.730078125 0.4640625 0.84375 0.56875 0.84375 0.56875 0.730078125
51 0.386328125 0.7453125 0.386328125 0.8609375 0.478125 0.8609375 0.478125 0.7453125 0.386328125 0.7453125
51 0.184375 0.9078125 0.184375 0.791796875 0.081640625 0.791796875 0.081640625 0.9078125 0.184375 0.9078125
51 0.884375 0.0828125 0.884375 0.159375 0.9421875 0.159375 0.9421875 0.0828125 0.884375 0.0828125
51 0.8515625 0.128125 0.8515625 0.1921875 0.9328125 0.1921875 0.9328125 0.128125 0.8515625 0.128125
51 0.420703125 0.1484375 0.420703125 0.1984375 0.509375 0.1984375 0.509375 0.1484375 0.420703125 0.1484375
51 0.65 0.2 0.65 0.150390625 0.559765625 0.150390625 0.559765625 0.2 0.65 0.2
51 0.0421875 0.2296875 0.13125 0.2296875 0.13125 0.173828125 0.0421875 0.173828125 0.0421875 0.2296875
51 0.865234375 0.159375 0.865234375 0.24453125 0.915625 0.24453125 0.915625 0.159375 0.865234375 0.159375
51 0.686328125 0.175 0.686328125 0.2328125 0.7546875 0.2328125 0.7546875 0.175 0.686328125 0.175
51 0.6984375 0.240625 0.6984375 0.175 0.639453125 0.175 0.639453125 0.240625 0.6984375 0.240625
51 0.35625 0.1890625 0.35625 0.2390625 0.4265625 0.2390625 0.4265625 0.1890625 0.35625 0.1890625
51 0.621875 0.2640625 0.621875 0.167578125 0.575390625 0.167578125 0.575390625 0.2640625 0.621875 0.2640625
51 0.5 0.2625 0.5 0.172265625 0.44375 0.172265625 0.44375 0.2625 0.5 0.2625
51 0.35625 0.24375 0.35625 0.198828125 0.294140625 0.198828125 0.294140625 0.24375 0.35625 0.24375
51 0.28125 0.265625 0.28125 0.183203125 0.2265625 0.183203125 0.2265625 0.265625 0.28125 0.265625
51 0.2015625 0.187890625 0.1515625 0.187890625 0.1515625 0.2625 0.2015625 0.2625 0.2015625 0.187890625
51 0.15625 0.265625 0.15625 0.220703125 0.061328125 0.220703125 0.061328125 0.265625 0.15625 0.265625
51 0.56875 0.21015625 0.513671875 0.21015625 0.513671875 0.30625 0.56875 0.30625 0.56875 0.21015625
51 0.369140625 0.23125 0.369140625 0.290625 0.44375 0.290625 0.44375 0.23125 0.369140625 0.23125
51 0.503125 0.2890625 0.503125 0.233984375 0.437890625 0.233984375 0.437890625 0.2890625 0.503125 0.2890625
51 0.059375 0.3078125 0.146875 0.3078125 0.146875 0.256640625 0.059375 0.256640625 0.059375 0.3078125