32 0.9921875 0.23984375 0.773828125 0.23984375 0.773828125 0.471875 0.9921875 0.471875 0.9921875 0.23984375
32 0.0859375 0.5578125 0.2625 0.5578125 0.2625 0.441015625 0.0859375 0.441015625 0.0859375 0.5578125
32 0.1234375 0.5921875 0.1234375 0.419921875 0.013671875 0.419921875 0.013671875 0.5921875 0.1234375 0.5921875
32 0.5390625 0.6796875 0.5390625 0.503125 0.403515625 0.503125 0.403515625 0.6796875 0.5390625 0.6796875
32 0.7328125 0.534765625 0.553125 0.534765625 0.553125 0.665625 0.7328125 0.665625 0.7328125 0.534765625
32 0.776171875 0.534375 0.776171875 0.7015625 0.9984375 0.7015625 0.9984375 0.534375 0.776171875 0.534375
32 0.2875 0.651953125 0.1296875 0.651953125 0.1296875 0.7625 0.2875 0.7625 0.2875 0.651953125
32 0.6875 0.80625 0.6875 0.672265625 0.476953125 0.672265625 0.476953125 0.80625 0.6875 0.80625
32 0.255078125 0.7171875 0.255078125 0.86875 0.4609375 0.86875 0.4609375 0.7171875 0.255078125 0.7171875
32 0.078515625 0.7546875 0.078515625 0.8796875 0.240625 0.8796875 0.240625 0.7546875 0.078515625 0.7546875
32 0.959375 0.975 0.959375 0.706640625 0.771875 0.706640625 0.771875 0.975 0.959375 0.975
32 0.6703125 1 0.6703125 0.840625 0.467578125 0.840625 0.467578125 1 0.6703125 1
32 0.5515625 0.3703125 0.5515625 0.2296875 0.286328125 0.2296875 0.286328125 0.3703125 0.5515625 0.3703125
32 0.669921875 0.1625 0.669921875 0.4390625 0.7515625 0.4390625 0.7515625 0.1625 0.669921875 0.1625
32 0.189453125 0.1859375 0.189453125 0.415625 0.3515625 0.415625 0.3515625 0.1859375 0.189453125 0.1859375
32 0.6828125 0.44375 0.6828125 0.1671875 0.573828125 0.1671875 0.573828125 0.44375 0.6828125 0.44375