32 0.6942567562499999 0.671452703125 0.89358108125 0.671452703125 0.89358108125 0.40033783749999996 0.6942567562499999 0.40033783749999996 0.6942567562499999 0.671452703125
32 0.48817567500000003 0.6697635140625 0.6824324328125 0.6697635140625 0.6824324328125 0.4138513515625 0.48817567500000003 0.4138513515625 0.48817567500000003 0.6697635140625
32 0.3040540546875 0.6731418921875 0.478040540625 0.6731418921875 0.478040540625 0.41216216250000004 0.3040540546875 0.41216216250000004 0.3040540546875 0.6731418921875
17 0.10472972968750001 0.6706081078125 0.3125 0.6706081078125 0.3125 0.46790540468749997 0.10472972968750001 0.46790540468749997 0.10472972968750001 0.6706081078125
17 0 0.7179054046875 0.10641891875000001 0.7179054046875 0.10641891875000001 0.46959459531250003 0 0.46959459531250003 0 0.7179054046875
32 1 0.636824325 0.8969594593749999 0.636824325 0.8969594593749999 0.9206081078125001 1 0.9206081078125001 1 0.636824325
17 0.5658783781250001 0.9704391890625 0.7128378375 0.9704391890625 0.7128378375 0.7466216218749999 0.5658783781250001 0.7466216218749999 0.5658783781250001 0.9704391890625
17 0.7415540546875 0.9704391890625 0.9121621624999999 0.9704391890625 0.9121621624999999 0.7854729734375 0.7415540546875 0.7854729734375 0.7415540546875 0.9704391890625
17 0.3521959453125 1 0.3521959453125 0.7854729734375 0.1672297296875 0.7854729734375 0.1672297296875 1 0.3521959453125 1
17 0.1706081078125 1 0.1706081078125 0.7922297296874999 0 0.7922297296874999 0 1 0.1706081078125 1
17 0.528716215625 1 0.528716215625 0.8429054046875001 0.3834459453125 0.8429054046875001 0.3834459453125 1 0.528716215625 1
32 1 0.040540540624999996 0.83108108125 0.040540540624999996 0.83108108125 0.25168918906250004 1 0.25168918906250004 1 0.040540540624999996
17 0.2820945953125 0.30912162187500003 0.4923986484375 0.30912162187500003 0.4923986484375 0.0574324328125 0.2820945953125 0.0574324328125 0.2820945953125 0.30912162187500003
32 0.6858108109375001 0.2888513515625 0.853885134375 0.2888513515625 0.853885134375 0.0929054046875 0.6858108109375001 0.0929054046875 0.6858108109375001 0.2888513515625
17 0.48141891875000004 0.3167229734375 0.6765202703125001 0.3167229734375 0.6765202703125001 0.065878378125 0.48141891875000004 0.065878378125 0.48141891875000004 0.3167229734375
17 0.0895270265625 0.334459459375 0.28293918906250004 0.334459459375 0.28293918906250004 0.0895270265625 0.0895270265625 0.0895270265625 0.0895270265625 0.334459459375