32 1 0.38927335625000004 0.7491349484375001 0.38927335625000004 0.7491349484375001 0.5519031140624999 1 0.5519031140624999 1 0.38927335625000004
32 0.46885813125000003 0.58823529375 0.7932525953125 0.58823529375 0.7932525953125 0.453287196875 0.46885813125000003 0.453287196875 0.46885813125000003 0.58823529375
32 0.1539792390625 0.63927335625 0.4904844296875 0.63927335625 0.4904844296875 0.49307958437500005 0.1539792390625 0.49307958437500005 0.1539792390625 0.63927335625
32 0.5276816609375 0.7032871968750001 0.8555363328125001 0.7032871968750001 0.8555363328125001 0.572664359375 0.5276816609375 0.572664359375 0.5276816609375 0.7032871968750001
32 0.21107266406249997 0.743079584375 0.55363321875 0.743079584375 0.55363321875 0.586505190625 0.21107266406249997 0.586505190625 0.21107266406249997 0.743079584375
32 0 0.84083045 0.20069204218749997 0.84083045 0.20069204218749997 0.6418685125 0 0.6418685125 0 0.84083045
32 0.50865051875 0.8460207609375001 0.8304498265625 0.8460207609375001 0.8304498265625 0.71280276875 0.50865051875 0.71280276875 0.50865051875 0.8460207609375001
32 1 0.723183390625 0.771626296875 0.723183390625 0.771626296875 0.944636678125 1 0.944636678125 1 0.723183390625
32 0.21280276874999998 0.947231834375 0.5346020765625 0.947231834375 0.5346020765625 0.783737025 0.21280276874999998 0.783737025 0.21280276874999998 0.947231834375
32 0.8555363328125001 1 0.8555363328125001 0.8339100343749999 0.5519031140624999 0.8339100343749999 0.5519031140624999 1 0.8555363328125001 1
32 0.6012110734375 1 0.6012110734375 0.8840830453124999 0.2404844296875 0.8840830453124999 0.2404844296875 1 0.6012110734375 1
32 0.24134948125000003 1 0.24134948125000003 0.9221453281249999 0 0.9221453281249999 0 1 0.24134948125000003 1
32 0.6608996546875 0.2102076125 0.9628027687499999 0.2102076125 0.9628027687499999 0.09342560625 0.6608996546875 0.09342560625 0.6608996546875 0.2102076125
32 1 0.1799307953125 0.7491349484375001 0.1799307953125 0.7491349484375001 0.3235294125 1 0.3235294125 1 0.1799307953125
32 0.2422145328125 0.384948096875 0.48702422187499994 0.384948096875 0.48702422187499994 0.1228373703125 0.2422145328125 0.1228373703125 0.2422145328125 0.384948096875
32 0.4394463671875 0.382352940625 0.6072664359375 0.382352940625 0.6072664359375 0.1816609 0.4394463671875 0.1816609 0.4394463671875 0.382352940625
32 0.5674740484374999 0.38408304531250004 0.7889273359375 0.38408304531250004 0.7889273359375 0.1799307953125 0.5674740484374999 0.1799307953125 0.5674740484374999 0.38408304531250004