32 0.8875 0.4125 0.703125 0.4125 0.703125 0.66328125 0.8875 0.66328125 0.8875 0.4125
32 0.6921875 0.425 0.5125 0.425 0.5125 0.66171875 0.6921875 0.66171875 0.6921875 0.425
32 0.503125 0.4234375 0.3421875 0.4234375 0.3421875 0.66484375 0.503125 0.66484375 0.503125 0.4234375
17 0.35 0.475 0.1578125 0.475 0.1578125 0.6625 0.35 0.6625 0.35 0.475
17 0 0.70625 0.159375 0.70625 0.159375 0.4765625 0 0.4765625 0 0.70625
32 0.99921875 0.63125 0.890625 0.63125 0.890625 0.89375 0.99921875 0.89375 0.99921875 0.63125
17 0.7203125 0.7328125 0.584375 0.7328125 0.584375 0.93984375 0.7203125 0.93984375 0.7203125 0.7328125
17 0.9046875 0.76875 0.746875 0.76875 0.746875 0.93984375 0.9046875 0.93984375 0.9046875 0.76875
17 0.38671875 0.76875 0.215625 0.76875 0.215625 0.97109375 0.38671875 0.97109375 0.38671875 0.76875
17 0.21875 0.775 0.028125 0.775 0.028125 0.9734375 0.21875 0.9734375 0.21875 0.775
17 0.55 0.821875 0.415625 0.821875 0.415625 0.975 0.55 0.975 0.55 0.821875
32 1 0.0796875 0.8296875 0.0796875 0.8296875 0.275 1 0.275 1 0.0796875
17 0.51640625 0.0953125 0.321875 0.0953125 0.321875 0.328125 0.51640625 0.328125 0.51640625 0.0953125
32 0.85078125 0.128125 0.6953125 0.128125 0.6953125 0.309375 0.85078125 0.309375 0.85078125 0.128125
17 0.68671875 0.103125 0.50625 0.103125 0.50625 0.33515625 0.68671875 0.33515625 0.68671875 0.103125
17 0.32265625 0.125 0.14375 0.125 0.14375 0.3515625 0.32265625 0.3515625 0.32265625 0.125