11 0.075390625 0.2890625 0.075390625 0.3796875 0.1875 0.3796875 0.1875 0.2890625 0.075390625 0.2890625
11 0.9359375 0.294921875 0.8109375 0.294921875 0.8109375 0.3765625 0.9359375 0.3765625 0.9359375 0.294921875
11 0.815625 0.30234375 0.719140625 0.30234375 0.719140625 0.415625 0.815625 0.415625 0.815625 0.30234375
11 0.3046875 0.3390625 0.3046875 0.415625 0.4140625 0.415625 0.4140625 0.3390625 0.3046875 0.3390625
11 0.4140625 0.3453125 0.4140625 0.4125 0.5046875 0.4125 0.5046875 0.3453125 0.4140625 0.3453125
11 0.3140625 0.366015625 0.2046875 0.366015625 0.2046875 0.434375 0.3140625 0.434375 0.3140625 0.366015625
11 0.518359375 0.35625 0.518359375 0.47109375 0.6203125 0.47109375 0.6203125 0.35625 0.518359375 0.35625
11 0.228125 0.41875 0.228125 0.4875 0.3390625 0.4875 0.3390625 0.41875 0.228125 0.41875
11 0.069140625 0.4359375 0.069140625 0.515625 0.1765625 0.515625 0.1765625 0.4359375 0.069140625 0.4359375
11 0.1859375 0.0078125 0.1859375 0.090625 0.30625 0.090625 0.30625 0.0078125 0.1859375 0.0078125
11 0.332421875 0.5375 0.332421875 0.444921875 0.266015625 0.444921875 0.266015625 0.5375 0.332421875 0.5375
11 0.81875 0.439453125 0.7453125 0.439453125 0.7453125 0.54375 0.81875 0.54375 0.81875 0.439453125
11 0.7390625 0.5578125 0.7390625 0.484765625 0.644140625 0.484765625 0.644140625 0.5578125 0.7390625 0.5578125
11 0.5578125 0.56875 0.5578125 0.47578125 0.47265625 0.47578125 0.47265625 0.56875 0.5578125 0.56875
11 0.2125 0.494140625 0.078125 0.494140625 0.078125 0.575 0.2125 0.575 0.2125 0.494140625
11 0.4765625 0.50234375 0.393359375 0.50234375 0.393359375 0.5921875 0.4765625 0.5921875 0.4765625 0.50234375
11 0.790625 0.0140625 0.790625 0.0984375 0.9328125 0.0984375 0.9328125 0.0140625 0.790625 0.0140625
11 0.653125 0.503125 0.566015625 0.503125 0.566015625 0.609375 0.653125 0.609375 0.653125 0.503125
11 0.309765625 0.55 0.309765625 0.61875 0.415625 0.61875 0.415625 0.55 0.309765625 0.55
11 0.0984375 0 0.0984375 0.1203125 0.1953125 0.1203125 0.1953125 0 0.0984375 0
11 0.3171875 0.659375 0.3171875 0.5578125 0.253515625 0.5578125 0.253515625 0.659375 0.3171875 0.659375
11 0.158984375 0.5984375 0.158984375 0.709375 0.2734375 0.709375 0.2734375 0.5984375 0.158984375 0.5984375
11 0.184375 0.612890625 0.06875 0.612890625 0.06875 0.71875 0.184375 0.71875 0.184375 0.612890625
11 0.49375 0.675390625 0.359375 0.675390625 0.359375 0.7734375 0.49375 0.7734375 0.49375 0.675390625
11 0.567578125 0.6734375 0.567578125 0.803125 0.709375 0.803125 0.709375 0.6734375 0.567578125 0.6734375
11 0.59921875 0.8171875 0.59921875 0.693359375 0.45 0.693359375 0.45 0.8171875 0.59921875 0.8171875
11 0.3796875 0.8953125 0.3796875 0.7609375 0.273828125 0.7609375 0.273828125 0.8953125 0.3796875 0.8953125
11 0.153515625 0.790625 0.153515625 0.915625 0.2671875 0.915625 0.2671875 0.790625 0.153515625 0.790625
11 0.8046875 0.153125 0.8046875 0.02734375 0.68984375 0.02734375 0.68984375 0.153125 0.8046875 0.153125
11 0.709375 0.056640625 0.553125 0.056640625 0.553125 0.171875 0.709375 0.171875 0.709375 0.056640625
11 0.9359375 0.082421875 0.809375 0.082421875 0.809375 0.1796875 0.9359375 0.1796875 0.9359375 0.082421875
11 0.403125 0.2 0.559375 0.2 0.559375 0.090625 0.403125 0.090625 0.403125 0.2
11 0.6890625 0.1125 0.6890625 0.203125 0.815625 0.203125 0.815625 0.1125 0.6890625 0.1125
11 0.5671875 0.1359375 0.5671875 0.246875 0.7015625 0.246875 0.7015625 0.1359375 0.5671875 0.1359375
11 0.4265625 0.1671875 0.4265625 0.2828125 0.5796875 0.2828125 0.5796875 0.1671875 0.4265625 0.1671875
11 0.23125 0.178125 0.23125 0.271875 0.340625 0.271875 0.340625 0.178125 0.23125 0.178125
11 0.1421875 0.203125 0.1421875 0.2890625 0.2515625 0.2890625 0.2515625 0.203125 0.1421875 0.203125
11 0.9171875 0.3109375 0.9171875 0.205078125 0.808203125 0.205078125 0.808203125 0.3109375 0.9171875 0.3109375
11 0.258203125 0.240625 0.258203125 0.33125 0.375 0.33125 0.375 0.240625 0.258203125 0.240625
11 0.803125 0.35 0.803125 0.24375 0.700390625 0.24375 0.700390625 0.35 0.803125 0.35
11 0.159765625 0.2625 0.159765625 0.3578125 0.2609375 0.3578125 0.2609375 0.2625 0.159765625 0.2625
11 0.5890625 0.290625 0.5890625 0.3734375 0.71875 0.3734375 0.71875 0.290625 0.5890625 0.290625