32 0 0.35 0.0875 0.35 0.0875 0.2409502984375 0 0.2409502984375 0 0.35
32 0.20571405625 0 0.20571405625 0.084375 0.225 0.084375 0.225 0 0.20571405625 0
32 0.8536849406250001 0 0.8536849406250001 0.0640625 0.88125 0.0640625 0.88125 0 0.8536849406250001 0
32 0.818632678125 0.9999173421875 0.818632678125 0.5203951578125 0.275117321875 0.5203951578125 0.2751173203125 0.9999173421875 0.818632678125 0.9999173421875
32 0.54766958125 0 0.54766958125 0.0859375 0.6 0.0859375 0.6 0 0.54766958125 0
32 0.441232934375 0 0.441232934375 0.090625 0.503125 0.090625 0.503125 0 0.441232934375 0
32 0.9984375 0.096875 0.9984375 0.0564393140625 0.9812393343749999 0.0564393140625 0.9812393343749999 0.096875 0.9984375 0.096875
32 0.6640625 0.121875 0.6640625 0.0511518765625 0.5451285203125 0.0511518765625 0.5451285203125 0.121875 0.6640625 0.121875
32 0.546875 0.034905609375 0.464347803125 0.034905609375 0.464347803125 0.1637452015625 0.546875 0.1637452015625 0.546875 0.034905609375
32 0.3234375 0.1578125 0.4515625 0.1578125 0.4515625 0.0786476109375 0.3234375 0.0786476109375 0.3234375 0.1578125
32 0.18125 0.184375 0.31875 0.184375 0.31875 0.084375 0.18125 0.084375 0.18125 0.184375
32 0.9984375 0.175 0.9984375 0.1184113703125 0.9418755328125 0.1184113703125 0.9418755328125 0.175 0.9984375 0.175
32 0.946875 0.2 0.946875 0.1191179609375 0.8922461593750001 0.1191179609375 0.8922461593750001 0.2 0.946875 0.2
32 0.815625 0.203125 0.8890625 0.203125 0.8890625 0.1234375 0.815625 0.1234375 0.815625 0.203125
32 0.565625 0.2015625 0.565625 0.1523624140625 0.497904225 0.1523624140625 0.497904225 0.2015625 0.565625 0.2015625
32 0.5202778375 0.2125 0.5202778375 0.16062286718750002 0.45628466406249996 0.16062286718750002 0.45628466406249996 0.2125 0.5202778375 0.2125
32 0.690625 0.1672168296875 0.6078125 0.1672168296875 0.6078125 0.24059566875 0.690625 0.24059566875 0.690625 0.1672168296875
32 0.482639184375 0.1876119890625 0.4126733140625 0.1876119890625 0.4126733140625 0.24051301249999998 0.482639184375 0.24051301249999998 0.482639184375 0.1876119890625
32 0.5796875 0.259375 0.6375 0.259375 0.6375 0.18787329218749999 0.5796875 0.18787329218749999 0.5796875 0.259375
32 0.571875 0.2734375 0.571875 0.21458511093750002 0.49000906562499996 0.21458511093750002 0.49000906562499996 0.2734375 0.571875 0.2734375
32 0.4140625 0.3078125 0.4140625 0.191022290625 0.27773037500000003 0.191022290625 0.27773037500000003 0.3078125 0.4140625 0.3078125
32 0.331010025 0.3265625 0.331010025 0.22700245312499998 0.2533649734375 0.22700245312499998 0.2533649734375 0.3265625 0.331010025 0.3265625
32 0.2953125 0.328125 0.2953125 0.231345990625 0.15852709062499998 0.231345990625 0.15852709062499998 0.328125 0.2953125 0.328125