32 1 0.365625 0.8171875 0.365625 0.8171875 0.475 1 0.475 1 0.365625
32 0.82890625 0.3734375 0.621875 0.3734375 0.621875 0.56015625 0.82890625 0.56015625 0.82890625 0.3734375
32 0.90859375 0.4171875 0.759375 0.4171875 0.759375 0.59140625 0.90859375 0.59140625 0.90859375 0.4171875
32 0.66796875 0.4359375 0.48125 0.4359375 0.48125 0.6234375 0.66796875 0.6234375 0.66796875 0.4359375
32 0.4859375 0.4453125 0.1359375 0.4453125 0.1359375 0.69921875 0.4859375 0.69921875 0.4859375 0.4453125
32 0.99921875 0.115625 0.828125 0.115625 0.828125 0.22890625 0.99921875 0.22890625 0.99921875 0.115625
32 0.8265625 0.0859375 0.66875 0.0859375 0.66875 0.2953125 0.8265625 0.2953125 0.8265625 0.0859375
32 0.71015625 0.1046875 0.540625 0.1046875 0.540625 0.30859375 0.71015625 0.30859375 0.71015625 0.1046875
32 0.44375 0.1015625 0.271875 0.1015625 0.271875 0.33828125 0.44375 0.33828125 0.44375 0.1015625
32 0.2796875 0.18125 0.1546875 0.18125 0.1546875 0.35 0.2796875 0.35 0.2796875 0.18125
32 0 0.38984375 0.16796875 0.38984375 0.16796875 0.221875 0 0.221875 0 0.38984375