32 0.7453125 0.3796875 0.7453125 0.5265625 0.990625 0.5265625 0.990625 0.3796875 0.7453125 0.3796875
32 0.577734375 0.3515625 0.577734375 0.64375 0.6984375 0.64375 0.6984375 0.3515625 0.577734375 0.3515625
32 0.5109375 0.6046875 0.5109375 0.473828125 0.208203125 0.473828125 0.208203125 0.6046875 0.5109375 0.6046875
32 0.7515625 0.7515625 0.7515625 0.45625 0.634765625 0.45625 0.634765625 0.7515625 0.7515625 0.7515625
32 0.484375 0.7828125 0.484375 0.473828125 0.34375 0.473828125 0.34375 0.7828125 0.484375 0.7828125
32 0.2140625 0.821875 0.2140625 0.57265625 0.03515625 0.57265625 0.03515625 0.821875 0.2140625 0.821875
32 0.7328125 0.8765625 0.7328125 0.58671875 0.61328125 0.58671875 0.61328125 0.8765625 0.7328125 0.8765625
32 1 0.68125 0.765625 0.68125 0.765625 0.88125 1 0.88125 1 0.68125
32 0.4796875 0.664453125 0.33203125 0.664453125 0.33203125 0.9546875 0.4796875 0.9546875 0.4796875 0.664453125
32 0.567578125 0.78125 0.567578125 0.9375 0.840625 0.9375 0.840625 0.78125 0.567578125 0.78125
32 0.6109375 0.9984375 0.6109375 0.826953125 0.286328125 0.826953125 0.286328125 0.9984375 0.6109375 0.9984375
32 0.2859375 1 0.2859375 0.8609375 0.015234375 0.8609375 0.015234375 1 0.2859375 1
32 0.9375 0.2171875 0.9375 0.112109375 0.666015625 0.112109375 0.666015625 0.2171875 0.9375 0.2171875
32 0.744921875 0.190625 0.744921875 0.3203125 0.9984375 0.3203125 0.9984375 0.190625 0.744921875 0.190625
32 0.5078125 0.375 0.5078125 0.1390625 0.287890625 0.1390625 0.287890625 0.375 0.5078125 0.375
32 0.63125 0.3578125 0.63125 0.20703125 0.45078125 0.20703125 0.45078125 0.3578125 0.63125 0.3578125
32 0.58125 0.190625 0.58125 0.375 0.78125 0.375 0.78125 0.190625 0.58125 0.190625