43 0.834375 0.684375 0.834375 0.4723488734375 0.705929815625 0.4723488734375 0.705929815625 0.684375 0.834375 0.684375
43 0.525 0.6453125 0.525 0.5168160859375 0.358132684375 0.5168160859375 0.358132684375 0.6453125 0.525 0.6453125
43 0.7625 0.6640625 0.7625 0.52520491875 0.5629354515625 0.52520491875 0.5629354515625 0.6640625 0.7625 0.6640625
43 0.1375 0.71875 0.2796875 0.71875 0.2796875 0.50512295 0.1375 0.50512295 0.1375 0.71875
43 0 0.69375 0.175 0.69375 0.175 0.5539190578125 0 0.5539190578125 0 0.69375
43 0.8046875 0.840625 0.9140625 0.840625 0.9140625 0.6857838109375 0.8046875 0.6857838109375 0.8046875 0.840625
43 0.82648565625 0.821875 0.82648565625 0.73351690625 0.7018954921875 0.73351690625 0.7018954921875 0.821875 0.82648565625 0.821875
43 0.740625 0.7142930328125 0.6359375 0.7142930328125 0.6359375 0.8544569671875 0.740625 0.8544569671875 0.740625 0.7142930328125
43 0.665625 0.840625 0.665625 0.7502305328125 0.5239882171875 0.7502305328125 0.5239882171875 0.840625 0.665625 0.840625
43 0.575 0.7453125 0.41910860625 0.7453125 0.41910860625 0.8605788921874999 0.575 0.8605788921874999 0.575 0.7453125
43 0.2859375 0.7771132171875 0.127087603125 0.7771132171875 0.127087603125 0.8746541999999999 0.2859375 0.8746541999999999 0.2859375 0.7771132171875
43 0.3765625 0.8875 0.3765625 0.7807505124999999 0.23970286875000002 0.7807505124999999 0.23970286875000002 0.8875 0.3765625 0.8875
43 0.0953125 0.4015625 0.278125 0.4015625 0.278125 0.11153944687499999 0.0953125 0.11153944687499999 0.0953125 0.4015625
43 0.63125 0.3453125 0.63125 0.19186731562499998 0.3551869890625 0.19186731562499998 0.3551869890625 0.3453125 0.63125 0.3453125
43 0.75 0.194979509375 0.46159067656249997 0.194979509375 0.46159067656249997 0.3498975421875 0.75 0.3498975421875 0.75 0.194979509375
43 0.453125 0.453125 0.453125 0.13452868906249998 0.2891905734375 0.13452868906249998 0.2891905734375 0.453125 0.453125 0.453125
43 0.9984375 0.43125 0.9984375 0.17556352343749998 0.86051485625 0.17556352343749998 0.86051485625 0.43125 0.9984375 0.43125
43 0.8953125 0.3921875 0.8953125 0.2201716203125 0.6242827875 0.2201716203125 0.6242827875 0.3921875 0.8953125 0.3921875