32 0 0.3875 0.1078125 0.3875 0.1078125 0.3136284734375 0 0.3136284734375 0 0.3875
32 0.2546875 0.4984375 0.2546875 0.2375 0.10711805625 0.2375 0.10711805625 0.4984375 0.2546875 0.4984375
32 0.5125 0.490625 0.5125 0.2680555546875 0.35060763906250003 0.2680555546875 0.35060763906250003 0.490625 0.5125 0.490625
32 0.765625 0.5109375 0.765625 0.255815971875 0.6435763890625 0.255815971875 0.6435763890625 0.5109375 0.765625 0.5109375
32 0 0.6125 0.0421875 0.6125 0.0421875 0.439496528125 0 0.439496528125 0 0.6125
32 0.259375 0.4125 0.0845486109375 0.4125 0.0845486109375 0.651128471875 0.259375 0.651128471875 0.259375 0.4125
32 0.999652778125 0.44088541562500005 0.850347221875 0.44088541562500005 0.850347221875 0.6231770828125 0.999652778125 0.6231770828125 0.999652778125 0.44088541562500005
32 0.7578125 0.675 0.7578125 0.40164930625000006 0.580295140625 0.40164930625000006 0.580295140625 0.675 0.7578125 0.675
32 0.525 0.45850694374999995 0.30807291718749996 0.45850694374999995 0.30807291718749996 0.63125 0.525 0.63125 0.525 0.45850694374999995
32 0.73125 0.2109375 0.73125 0.001996528125 0.39357638906250003 0.0019965265625 0.39357638906250003 0.2109375 0.73125 0.2109375
32 0.122309028125 0 0.122309028125 0.29375 0.3046875 0.29375 0.3046875 0 0.122309028125 0
32 0.9546875 0.3234375 0.9546875 0.0540798609375 0.7744791671875 0.0540798609375 0.7744791656250001 0.3234375 0.9546875 0.3234375