32 0.82421875 0.29375 0.6859375 0.29375 0.6859375 0.3875 0.82421875 0.3875 0.82421875 0.29375
32 0.68671875 0.29375 0.565625 0.29375 0.565625 0.3921875 0.68671875 0.3921875 0.68671875 0.29375
32 0.5609375 0.3015625 0.43125 0.3015625 0.43125 0.4015625 0.5609375 0.4015625 0.5609375 0.3015625
32 0.42578125 0.30625 0.284375 0.30625 0.284375 0.40859375 0.42578125 0.40859375 0.42578125 0.30625
32 0.28359375 0.3125 0.153125 0.3125 0.153125 0.415625 0.28359375 0.415625 0.28359375 0.3125
32 0.95 0.390625 0.8171875 0.390625 0.8171875 0.484375 0.95 0.484375 0.95 0.390625
32 0.815625 0.403125 0.6890625 0.403125 0.6890625 0.5078125 0.815625 0.5078125 0.815625 0.403125
32 0.68515625 0.4015625 0.5671875 0.4015625 0.5671875 0.51171875 0.68515625 0.51171875 0.68515625 0.4015625
32 0.43046875 0.4140625 0.2984375 0.4140625 0.2984375 0.509375 0.43046875 0.509375 0.43046875 0.4140625
32 0.553125 0.4203125 0.428125 0.4203125 0.428125 0.5109375 0.553125 0.5109375 0.553125 0.4203125
32 0.3 0.43125 0.1875 0.43125 0.1875 0.52578125 0.3 0.52578125 0.3 0.43125
32 0.19375 0.4359375 0.0734375 0.4359375 0.0734375 0.5359375 0.19375 0.5359375 0.19375 0.4359375
32 0.8296875 0 0.8296875 0.0984375 0.98046875 0.0984375 0.98046875 0 0.8296875 0
32 0.565625 0 0.565625 0.10546875 0.7 0.10546875 0.7 0 0.565625 0
32 0.696875 0 0.696875 0.1078125 0.82421875 0.1078125 0.82421875 0 0.696875 0
32 0.93125 0.503125 0.8125 0.503125 0.8125 0.59921875 0.93125 0.59921875 0.93125 0.503125
32 0.678125 0.5109375 0.55625 0.5109375 0.55625 0.61015625 0.678125 0.61015625 0.678125 0.5109375
32 0.8171875 0.5140625 0.678125 0.5140625 0.678125 0.62109375 0.8171875 0.62109375 0.8171875 0.5140625
32 0.56875 0.525 0.4328125 0.525 0.4328125 0.61328125 0.56875 0.61328125 0.56875 0.525
32 0.43671875 0.5296875 0.2984375 0.5296875 0.2984375 0.628125 0.43671875 0.628125 0.43671875 0.5296875
32 0.209375 0.5390625 0.096875 0.5390625 0.096875 0.6484375 0.209375 0.6484375 0.209375 0.5390625
32 0.30546875 0.5359375 0.2 0.5359375 0.2 0.65234375 0.30546875 0.65234375 0.30546875 0.5359375
32 0.575 0.0125 0.4375 0.0125 0.4375 0.11953125 0.575 0.11953125 0.575 0.0125
32 0.6890625 0.63125 0.5671875 0.63125 0.5671875 0.71171875 0.6890625 0.71171875 0.6890625 0.63125
32 0.81171875 0.6296875 0.696875 0.6296875 0.696875 0.72109375 0.81171875 0.72109375 0.81171875 0.6296875
32 0.43203125 0.6515625 0.315625 0.6515625 0.315625 0.7359375 0.43203125 0.7359375 0.43203125 0.6515625
32 0.56640625 0.6578125 0.440625 0.6578125 0.440625 0.73984375 0.56640625 0.73984375 0.56640625 0.6578125
32 0.31640625 0.6640625 0.178125 0.6640625 0.178125 0.75546875 0.31640625 0.75546875 0.31640625 0.6640625
32 0.315625 0.01875 0.165625 0.01875 0.165625 0.128125 0.315625 0.128125 0.315625 0.01875
32 0.934375 0.71875 0.809375 0.71875 0.809375 0.81640625 0.934375 0.81640625 0.934375 0.71875
32 0.6859375 0.721875 0.58125 0.721875 0.58125 0.8234375 0.6859375 0.8234375 0.6859375 0.721875
32 0.82265625 0.7359375 0.7015625 0.7359375 0.7015625 0.8234375 0.82265625 0.8234375 0.82265625 0.7359375
32 0.4546875 0.7484375 0.3234375 0.7484375 0.3234375 0.8296875 0.4546875 0.8296875 0.4546875 0.7484375
32 0.58828125 0.7453125 0.4484375 0.7453125 0.4484375 0.8375 0.58828125 0.8375 0.58828125 0.7453125
32 0.8296875 0.1359375 0.6859375 0.1359375 0.6859375 0.2484375 0.8296875 0.2484375 0.8296875 0.1359375
32 0.96484375 0.14375 0.825 0.14375 0.825 0.2421875 0.96484375 0.2421875 0.96484375 0.14375
32 0.6859375 0.146875 0.55625 0.146875 0.55625 0.24921875 0.6859375 0.24921875 0.6859375 0.146875
32 0.56640625 0.1640625 0.40625 0.1640625 0.40625 0.2703125 0.56640625 0.2703125 0.56640625 0.1640625
32 0.40703125 0.1609375 0.2703125 0.1609375 0.2703125 0.2796875 0.40703125 0.2796875 0.40703125 0.1609375
32 0.271875 0.171875 0.1328125 0.171875 0.1328125 0.284375 0.271875 0.284375 0.271875 0.171875
32 0.1375 0.175 0.0203125 0.175 0.0203125 0.29609375 0.1375 0.29609375 0.1375 0.175
32 0.95390625 0.28125 0.81875 0.28125 0.81875 0.3734375 0.95390625 0.3734375 0.95390625 0.28125