52 0.265625 0.31875 0.128125 0.31875 0.128125 0.378125 0.265625 0.378125 0.265625 0.31875
45 0.13359375 0.4609375 0.0203125 0.4609375 0.0203125 0.521875 0.13359375 0.521875 0.13359375 0.4609375
45 0.22265625 0.4765625 0.140625 0.4765625 0.140625 0.525 0.22265625 0.525 0.22265625 0.4765625
45 0.20703125 0.51875 0.0921875 0.51875 0.0921875 0.5671875 0.20703125 0.5671875 0.20703125 0.51875
9 0.0703125 0.6109375 0.0015625 0.6109375 0.0015625 0.66015625 0.0703125 0.66015625 0.0703125 0.6109375
9 0 0.7734375 0.071875 0.7734375 0.071875 0.696875 0 0.696875 0 0.7734375
9 0.2203125 0.7296875 0.1453125 0.7296875 0.1453125 0.80625 0.2203125 0.80625 0.2203125 0.7296875
15 0.3859375 0.74375 0.265625 0.74375 0.265625 0.8609375 0.3859375 0.8609375 0.3859375 0.74375
9 0.25703125 0.7875 0.1609375 0.7875 0.1609375 0.87421875 0.25703125 0.87421875 0.25703125 0.7875
15 0.5265625 0.83125 0.396875 0.83125 0.396875 0.9515625 0.5265625 0.9515625 0.5265625 0.83125
15 0.41015625 1 0.41015625 0.85625 0.2640625 0.85625 0.2640625 1 0.41015625 1
15 0.5453125 0.9625 0.3953125 0.9625 0.3953125 0.99921875 0.5453125 0.99921875 0.5453125 0.9625
52 0.196875 0.2734375 0.1015625 0.2734375 0.1015625 0.30859375 0.196875 0.30859375 0.196875 0.2734375
52 0.2265625 0.2921875 0.1140625 0.2921875 0.1140625 0.32890625 0.2265625 0.32890625 0.2265625 0.2921875
52 0.09921875 0.2953125 0.00625 0.2953125 0.00625 0.33203125 0.09921875 0.33203125 0.09921875 0.2953125
52 0.234375 0.309375 0.11875 0.309375 0.11875 0.35078125 0.234375 0.35078125 0.234375 0.309375
52 0.1140625 0.3109375 0.025 0.3109375 0.025 0.35234375 0.1140625 0.35234375 0.1140625 0.3109375