32 0.92951858125 0.634375 0.92951858125 0.43640202656250004 0.658403715625 0.43640202656250004 0.658403715625 0.634375 0.92951858125 0.634375
32 0.7125 0.44453125 0.4569679046875 0.44453125 0.4569679046875 0.6387880078125 0.7125 0.6387880078125 0.7125 0.44453125
32 0.4765625 0.671875 0.4765625 0.41247888593750004 0.30441300625 0.41247888593750004 0.30441300625 0.671875 0.4765625 0.671875
17 0.3125 0.6703125 0.3125 0.46841216093750004 0.10475084374999999 0.46841216093750004 0.10475084374999999 0.6703125 0.3125 0.6703125
17 0 0.7171875 0.10625 0.7171875 0.10625 0.4703125 0 0.4703125 0 0.7171875
32 1 0.6366342921875 0.8970016890625001 0.6366342921875 0.8970016890625001 0.91875 1 0.91875 1 0.6366342921875
17 0.75 0.93125 0.75 0.78475506875 0.5273859796875 0.78475506875 0.5273859796875 0.93125 0.75 0.93125
17 0.734375 0.9625 0.91875 0.9625 0.91875 0.79313766875 0.734375 0.79313766875 0.734375 0.9625
17 0.365625 0.984375 0.365625 0.8 0.1522170609375 0.8 0.1522170609375 0.984375 0.365625 0.984375
17 0 0.98125 0.1890625 0.98125 0.1890625 0.8109586156249999 0 0.8109586156249999 0 0.98125
17 0.534269425 0.99375 0.534269425 0.8494298984374999 0.3771748296875 0.8494298984374999 0.3771748296875 0.99375 0.534269425 0.99375
32 1 0.0615709453125 0.8099451015625 0.0615709453125 0.8099451015625 0.2296875 1 0.2296875 1 0.0615709453125
17 0.490625 0.3078125 0.490625 0.057115709375000004 0.2818412171875 0.057115709375000004 0.2818412171875 0.3078125 0.490625 0.3078125
32 0.853125 0.2890625 0.853125 0.0931587828125 0.686127534375 0.0931587828125 0.686127534375 0.2890625 0.853125 0.2890625
17 0.7044974671875 0.2875 0.7044974671875 0.09381334531249999 0.45365287031249996 0.09381334531249999 0.45365287031249996 0.2875 0.7044974671875 0.2875
17 0.08923141875 0.334184965625 0.28264358125 0.3341849671875 0.28264358125 0.089252534375 0.08923141875 0.0892525328125 0.08923141875 0.334184965625