51 0.109375 0.3828125 0.109375 0.317098496875 0.0556863140625 0.317098496875 0.0556863140625 0.3828125 0.109375 0.3828125
51 0.271875 0.3234375 0.2161787984375 0.3234375 0.2161787984375 0.3936609984375 0.271875 0.3936609984375 0.271875 0.3234375
51 0.3828125 0.3859375 0.3828125 0.341248021875 0.3189181171875 0.341248021875 0.3189181171875 0.3859375 0.3828125 0.3859375
51 0.5796875 0.31821598125 0.5161293515625001 0.31821598125 0.5161293515625001 0.4171083859375 0.5796875 0.4171083859375 0.5796875 0.31821598125
51 0.4875 0.4125 0.4875 0.3671875 0.40926621875 0.3671875 0.40926621875 0.4125 0.4875 0.4125
51 0.8203125 0.4484375 0.865625 0.4484375 0.865625 0.34136669375 0.8203125 0.34136669375 0.8203125 0.4484375
51 0.590625 0.425 0.590625 0.37531645468749997 0.5157140015625 0.37531645468749997 0.5157140015625 0.425 0.590625 0.425
51 0.65625 0.440625 0.65625 0.3620352046875 0.608039953125 0.3620352046875 0.608039953125 0.440625 0.65625 0.440625
51 0.971875 0.425 0.971875 0.384375 0.87674050625 0.384375 0.87674050625 0.425 0.971875 0.425
51 0.3390625 0.4984375 0.3390625 0.397280459375 0.2175336234375 0.397280459375 0.2175336234375 0.4984375 0.3390625 0.4984375
51 0.540625 0.55625 0.540625 0.3935423265625 0.45126582343750005 0.3935423265625 0.45126582343750005 0.55625 0.540625 0.55625
51 0.1328125 0.553125 0.1328125 0.423645175 0.05484572812500001 0.423645175 0.05484572812500001 0.553125 0.1328125 0.553125
51 0.710354034375 0.540625 0.710354034375 0.454529271875 0.553708465625 0.454529271875 0.553708465625 0.540625 0.710354034375 0.540625
51 0.352887659375 0.5515625 0.352887659375 0.4712816453125 0.21602056875 0.4712816453125 0.21602056875 0.5515625 0.352887659375 0.5515625
51 0.6849090203125 0.4859375 0.6849090203125 0.559375 0.8494659812500001 0.559375 0.8494659812500001 0.4859375 0.6849090203125 0.4859375
51 0.4703125 0.5609375 0.4703125 0.4808939875 0.3286491296875 0.4808939875 0.3286491296875 0.5609375 0.4703125 0.5609375
51 0.9796875 0.5890625 0.9796875 0.501760284375 0.8235265046875 0.501760284375 0.8235265046875 0.5890625 0.9796875 0.5890625
51 0.8402492078125 0.6234375 0.8402492078125 0.5370055375 0.66936313125 0.5370055375 0.66936313125 0.6234375 0.8402492078125 0.6234375
51 0.40625 0.7 0.40625 0.58966574375 0.3206586234375 0.58966574375 0.3206586234375 0.7 0.40625 0.7
51 0.2078125 0.7078125 0.2078125 0.59498615625 0.1189675625 0.59498615625 0.1189675625 0.7078125 0.2078125 0.7078125
51 0.471875 0.709375 0.471875 0.6032337828125 0.3924643984375 0.6032337828125 0.3924643984375 0.709375 0.471875 0.709375
51 0.3140625 0.7296875 0.3140625 0.615714003125 0.224149525 0.615714003125 0.224149525 0.7296875 0.3140625 0.7296875
51 0.715625 0.75 0.715625 0.6536886875000001 0.6079113921875 0.6536886875000001 0.6079113921875 0.75 0.715625 0.75
51 0.2970925625 0.709375 0.2970925625 0.8015625 0.3872824375 0.8015625 0.3872824375 0.709375 0.2970925625 0.709375
51 0.78125 0.821875 0.78125 0.7038963593750001 0.6908821203125 0.7038963593750001 0.6908821203125 0.821875 0.78125 0.821875
51 0.7025118671875 0.8375 0.7025118671875 0.7266416140625 0.6131131328125 0.7266416140625 0.6131131328125 0.8375 0.7025118671875 0.8375
51 0.43293117031249995 0.7296875 0.43293117031249995 0.8453125 0.5389438296875 0.8453125 0.5389438296875 0.7296875 0.43293117031249995 0.7296875
51 0.6171875 0.8609375 0.6171875 0.7453619453125 0.5248022156250001 0.7453619453125 0.5248022156250001 0.8609375 0.6171875 0.8609375
51 0.9328125 0.903125 0.9328125 0.7994363124999999 0.8155656656250001 0.7994363124999999 0.8155656656250001 0.903125 0.9328125 0.903125
51 0.123140821875 0.140625 0.123140821875 0.084009096875 0.045609178125 0.084009096875 0.045609178125 0.140625 0.123140821875 0.140625
51 0.1453125 0.184375 0.1453125 0.1205992875 0.064636075 0.1205992875 0.064636075 0.184375 0.1453125 0.184375
51 0.56395371875 0.2109375 0.56395371875 0.12073773750000001 0.51332080625 0.12073773750000001 0.51332080625 0.2109375 0.56395371875 0.2109375
51 0.4421875 0.19375 0.4421875 0.142553403125 0.3503560125 0.142553403125 0.3503560125 0.19375 0.4421875 0.19375
51 0.95 0.2390625 0.95 0.15011867031249998 0.8928896359375 0.15011867031249998 0.8928896359375 0.2390625 0.95 0.2390625
51 0.15 0.1694026890625 0.0642503953125 0.1694026890625 0.0642503953125 0.2216178796875 0.15 0.2216178796875 0.15 0.1694026890625
51 0.3140625 0.167840190625 0.244442246875 0.167840190625 0.244442246875 0.2263844953125 0.3140625 0.2263844953125 0.3140625 0.167840190625
51 0.3640625 0.17105419375 0.2981111546875 0.17105419375 0.2981111546875 0.23118077499999998 0.3640625 0.23118077499999998 0.3640625 0.17105419375
51 0.6375 0.2421875 0.6375 0.171875 0.5880636859374999 0.171875 0.5880636859374999 0.2421875 0.6375 0.2421875
51 0.4515625 0.184464003125 0.35367879687500003 0.184464003125 0.35367879687500003 0.232723496875 0.4515625 0.232723496875 0.4515625 0.184464003125
51 0.559375 0.25625 0.559375 0.1653382125 0.5034513453125 0.1653382125 0.5034513453125 0.25625 0.559375 0.25625
51 0.7015625 0.2453125 0.7015625 0.182268590625 0.656695015625 0.182268590625 0.656695015625 0.2453125 0.7015625 0.2453125
51 0.725 0.2578125 0.7796875 0.2578125 0.7796875 0.1759988140625 0.725 0.1759988140625 0.725 0.2578125
51 0.86875 0.24375 0.86875 0.19375 0.7929489703125 0.19375 0.7929489703125 0.24375 0.86875 0.24375
51 0.921875 0.18838014375 0.8752373421874999 0.18838014375 0.8752373406249999 0.28569026875 0.921875 0.28569026875 0.921875 0.18838014375
51 0.5078125 0.2796875 0.5078125 0.2234375 0.41208465 0.2234375 0.41208465 0.2796875 0.5078125 0.2796875
51 0.6359375 0.284375 0.6359375 0.225 0.559384890625 0.225 0.559384890625 0.284375 0.6359375 0.284375
51 0.5046875 0.2890625 0.5606012671875 0.2890625 0.5606012671875 0.222290346875 0.5046875 0.222290346875 0.5046875 0.2890625
51 0.9484375 0.3015625 0.9484375 0.2499406640625 0.8599485765624999 0.2499406640625 0.8599485765624999 0.3015625 0.9484375 0.3015625