32 1 0.24626266874999997 0.7721283765625 0.24626266874999997 0.7721283765625 0.465625 1 0.465625 1 0.24626266874999997
32 0.2030827703125 0.60625 0.2030827703125 0.41547719531249994 0.07554898593750001 0.41547719531249994 0.07554898593750001 0.60625 0.2030827703125 0.60625
32 0 0.6125 0.084375 0.6125 0.084375 0.42592905312499996 0 0.42592905312499996 0 0.6125
32 0.5546875 0.684375 0.5546875 0.5375 0.3646537171875 0.5375 0.3646537171875 0.684375 0.5546875 0.684375
32 0.743264359375 0.549028715625 0.5490076015625001 0.549028715625 0.5490076015625001 0.691765203125 0.743264359375 0.691765203125 0.743264359375 0.549028715625
32 0.9984375 0.5486908781250001 0.7905827703125 0.5486908781250001 0.7905827703125 0.729434121875 0.9984375 0.729434121875 0.9984375 0.5486908781250001
32 0.2359375 0.6507179046875 0.1160050671875 0.6507179046875 0.1160050671875 0.8213260140624999 0.2359375 0.8213260140624999 0.2359375 0.6507179046875
32 0.46602618125 0.8433699328125 0.69491131875 0.8433699328125 0.69491131875 0.6972550671875 0.46602618125 0.6972550671875 0.46602618125 0.8433699328125
32 0.4484375 0.909375 0.4484375 0.7469805734375 0.226372465625 0.7469805734375 0.226372465625 0.909375 0.4484375 0.909375
32 0.2109375 0.921875 0.2109375 0.7875 0.0359586140625 0.7875 0.0359586140625 0.921875 0.2109375 0.921875
32 0.9984375 0.7786951015625 0.741870778125 0.7786951015625 0.741870778125 0.9822424 0.9984375 0.9822424 0.9984375 0.7786951015625
32 0.675 0.8798775328125 0.45618665468749997 0.8798775328125 0.45618665468749997 0.999809965625 0.675 0.999809965625 0.675 0.8798775328125
32 0.546875 0.21875 0.260261825 0.21875 0.260261825 0.3714949328125 0.546875 0.3714949328125 0.546875 0.21875
32 0.675190034375 0.146875 0.675190034375 0.4453125 0.763872465625 0.4453125 0.763872465625 0.146875 0.675190034375 0.146875
32 0.33125 0.4203125 0.33125 0.1726562484375 0.15610219375 0.1726562484375 0.15610219375 0.4203125 0.33125 0.4203125
32 0.7796875 0.3609375 0.7796875 0.24241976250000002 0.48019425625 0.24241976250000002 0.48019425625 0.3609375 0.7796875 0.3609375