32 0.99921875 0.296875 0.909375 0.296875 0.909375 0.39765625 0.99921875 0.39765625 0.99921875 0.296875
32 0.8609375 0.003125 0.725 0.003125 0.725 0.0953125 0.8609375 0.0953125 0.8609375 0.003125
32 0.2421875 0.053125 0.15 0.053125 0.15 0.10234375 0.2421875 0.10234375 0.2421875 0.053125
32 0.73828125 0.553125 0.240625 0.553125 0.240625 0.99921875 0.73828125 0.99921875 0.73828125 0.553125
32 0.07578125 0.071875 0.0078125 0.071875 0.0078125 0.11484375 0.07578125 0.11484375 0.07578125 0.071875
32 0.5203125 0.0640625 0.409375 0.0640625 0.409375 0.12578125 0.5203125 0.12578125 0.5203125 0.0640625
32 0.61328125 0.071875 0.503125 0.071875 0.503125 0.13359375 0.61328125 0.13359375 0.61328125 0.071875
32 0 0.15625 0.0609375 0.15625 0.0609375 0.1296875 0 0.1296875 0 0.15625
32 0.0921875 0.128125 0.0375 0.128125 0.0375 0.16640625 0.0921875 0.16640625 0.0921875 0.128125
32 0.49140625 0.1234375 0.38125 0.1234375 0.38125 0.18984375 0.49140625 0.18984375 0.49140625 0.1234375
32 0.58671875 0.1296875 0.46875 0.1296875 0.46875 0.20546875 0.58671875 0.20546875 0.58671875 0.1296875
32 0.69453125 0.1484375 0.5765625 0.1484375 0.5765625 0.221875 0.69453125 0.221875 0.69453125 0.1484375
32 0.825 0.153125 0.6984375 0.153125 0.6984375 0.24609375 0.825 0.24609375 0.825 0.153125
32 0.128125 0.184375 0.0375 0.184375 0.0375 0.2375 0.128125 0.2375 0.128125 0.184375
32 0.18515625 0.196875 0.1109375 0.196875 0.1109375 0.2484375 0.18515625 0.2484375 0.18515625 0.196875
32 0.246875 0.1921875 0.1734375 0.1921875 0.1734375 0.26015625 0.246875 0.26015625 0.246875 0.1921875
32 0.534375 0.215625 0.471875 0.215625 0.471875 0.26171875 0.534375 0.26171875 0.534375 0.215625
32 0.57265625 0.2234375 0.5140625 0.2234375 0.5140625 0.27265625 0.57265625 0.27265625 0.57265625 0.2234375
32 0.434375 0.2296875 0.3578125 0.2296875 0.3578125 0.296875 0.434375 0.296875 0.434375 0.2296875
32 0.6125 0.2484375 0.5484375 0.2484375 0.5484375 0.296875 0.6125 0.296875 0.6125 0.2484375
32 0.465625 0.2546875 0.4 0.2546875 0.4 0.3078125 0.465625 0.3078125 0.465625 0.2546875
32 0.5421875 0.2734375 0.4671875 0.2734375 0.4671875 0.328125 0.5421875 0.328125 0.5421875 0.2734375
32 0.72734375 0.2421875 0.6203125 0.2421875 0.6203125 0.36796875 0.72734375 0.36796875 0.72734375 0.2421875
32 0.75859375 0.284375 0.6875 0.284375 0.6875 0.3765625 0.75859375 0.3765625 0.75859375 0.284375
32 0.8265625 0.2703125 0.7375 0.2703125 0.7375 0.39609375 0.8265625 0.39609375 0.8265625 0.2703125