51 0.3267326734375 0.4067656765625 0.43811881250000007 0.4067656765625 0.43811881250000007 0.321782178125 0.3267326734375 0.321782178125 0.3267326734375 0.4067656765625
51 0.056105610937499995 0.45379537968749994 0.19801980156250001 0.45379537968749994 0.19801980156250001 0.2904290421875 0.056105610937499995 0.2904290421875 0.056105610937499995 0.45379537968749994
51 0.5561056109375 0.43894389375 0.6856435640625 0.43894389375 0.6856435640625 0.3349834984375 0.5561056109375 0.3349834984375 0.5561056109375 0.43894389375
51 0.6897689765624999 0.43976897656249997 0.8234323437500001 0.43976897656249997 0.8234323437500001 0.3366336640625 0.6897689765624999 0.3366336640625 0.6897689765624999 0.43976897656249997
51 0.8267326734375 0.4785478546875 0.9661716171875 0.4785478546875 0.9661716171875 0.37293729375 0.8267326734375 0.37293729375 0.8267326734375 0.4785478546875
51 0 0.5585808578125 0.15594059375 0.5585808578125 0.15594059375 0.38118811875 0 0.38118811875 0 0.5585808578125
51 0.27557755781250004 0.5849834984375 0.41089108906250005 0.5849834984375 0.41089108906250005 0.4092409234375 0.27557755781250004 0.4092409234375 0.27557755781250004 0.5849834984375
51 0.5561056109375 0.6138613859375 0.6897689765624999 0.6138613859375 0.6897689765624999 0.44224422499999994 0.5561056109375 0.44224422499999994 0.5561056109375 0.6138613859375
51 0.6947194718749999 0.621287128125 0.8366336640625001 0.621287128125 0.8366336640625001 0.44224422499999994 0.6947194718749999 0.44224422499999994 0.6947194718749999 0.621287128125
51 0.1650165015625 0.6402640265625 0.2904290421875 0.6402640265625 0.2904290421875 0.4867986796875 0.1650165015625 0.4867986796875 0.1650165015625 0.6402640265625
51 0.8415841578125001 0.6683168312500001 0.991749175 0.6683168312500001 0.991749175 0.4785478546875 0.8415841578125001 0.4785478546875 0.8415841578125001 0.6683168312500001