39 0.43671875 0.2796875 0.3390625 0.2796875 0.3390625 0.3859375 0.43671875 0.3859375 0.43671875 0.2796875
39 0.08671875 0.3078125 0.003125 0.3078125 0.003125 0.434375 0.08671875 0.434375 0.08671875 0.3078125
39 0.3359375 0.321875 0.2328125 0.321875 0.2328125 0.41953125 0.3359375 0.41953125 0.3359375 0.321875
39 0.1234375 0.425 0.003125 0.425 0.003125 0.52578125 0.1234375 0.52578125 0.1234375 0.425
39 0.23046875 0.4234375 0.115625 0.4234375 0.115625 0.5296875 0.23046875 0.5296875 0.23046875 0.4234375
39 0 0.640625 0.1 0.640625 0.1 0.525 0 0.525 0 0.640625
39 0.25859375 0.5859375 0.1234375 0.5859375 0.1234375 0.68359375 0.25859375 0.68359375 0.25859375 0.5859375
39 0.18125 0.690625 0.0609375 0.690625 0.0609375 0.8171875 0.18125 0.8171875 0.18125 0.690625
39 0.38515625 0.1015625 0.2734375 0.1015625 0.2734375 0.228125 0.38515625 0.228125 0.38515625 0.1015625
39 0.146875 0.1296875 0.0171875 0.1296875 0.0171875 0.215625 0.146875 0.215625 0.146875 0.1296875
39 0.3046875 0.1890625 0.1953125 0.1890625 0.1953125 0.30390625 0.3046875 0.30390625 0.3046875 0.1890625
39 0.21015625 0.225 0.0953125 0.225 0.0953125 0.334375 0.21015625 0.334375 0.21015625 0.225