39 0.440625 0.38125 0.440625 0.284375 0.334765625 0.284375 0.334765625 0.38125 0.440625 0.38125
39 0 0.4125 0.1078125 0.4125 0.1078125 0.3296875 0 0.3296875 0 0.4125
39 0.2328125 0.321875 0.2328125 0.41875 0.3359375 0.41875 0.3359375 0.321875 0.2328125 0.321875
39 0.1125 0.534375 0.1125 0.415234375 0.01328125 0.415234375 0.01328125 0.534375 0.1125 0.534375
39 0.225 0.41953125 0.119921875 0.41953125 0.119921875 0.534375 0.225 0.534375 0.225 0.41953125
39 0 0.6328125 0.1078125 0.6328125 0.1078125 0.5328125 0 0.5328125 0 0.6328125
39 0.2578125 0.6828125 0.2578125 0.585546875 0.123046875 0.585546875 0.123046875 0.6828125 0.2578125 0.6828125
39 0.0609375 0.690625 0.0609375 0.8171875 0.18125 0.8171875 0.18125 0.690625 0.0609375 0.690625
39 0.266015625 0.109375 0.266015625 0.2203125 0.3921875 0.2203125 0.3921875 0.109375 0.266015625 0.109375
39 0.0171875 0.1296875 0.0171875 0.215625 0.146875 0.215625 0.146875 0.1296875 0.0171875 0.1296875
39 0.30625 0.3 0.30625 0.191796875 0.19296875 0.191796875 0.19296875 0.3 0.30625 0.3
39 0.095703125 0.225 0.095703125 0.334375 0.209375 0.334375 0.209375 0.225 0.095703125 0.225