39 0.440625 0.28359375 0.334765625 0.28359375 0.334765625 0.38125 0.440625 0.38125 0.440625 0.28359375
39 0.002734375 0.3078125 0.002734375 0.434375 0.0859375 0.434375 0.0859375 0.3078125 0.002734375 0.3078125
39 0.3359375 0.322265625 0.2328125 0.322265625 0.2328125 0.41875 0.3359375 0.41875 0.3359375 0.322265625
39 0.1125 0.534375 0.1125 0.415234375 0.01328125 0.415234375 0.01328125 0.534375 0.1125 0.534375
39 0.225 0.41953125 0.119921875 0.41953125 0.119921875 0.534375 0.225 0.534375 0.225 0.41953125
39 0 0.6328125 0.1078125 0.6328125 0.1078125 0.5328125 0 0.5328125 0 0.6328125
39 0.2578125 0.6828125 0.2578125 0.586328125 0.123828125 0.586328125 0.123828125 0.6828125 0.2578125 0.6828125
39 0.0609375 0.690625 0.0609375 0.8171875 0.18125 0.8171875 0.18125 0.690625 0.0609375 0.690625
39 0.2734375 0.1015625 0.2734375 0.228125 0.384375 0.228125 0.384375 0.1015625 0.2734375 0.1015625
39 0.0171875 0.1296875 0.0171875 0.215625 0.146875 0.215625 0.146875 0.1296875 0.0171875 0.1296875
39 0.3046875 0.189453125 0.1953125 0.189453125 0.1953125 0.303125 0.3046875 0.303125 0.3046875 0.189453125
39 0.095703125 0.225 0.095703125 0.334375 0.209375 0.334375 0.209375 0.225 0.095703125 0.225