39 0.6375 0.21420479062500003 0.5218347296875 0.21420479062500003 0.5218347296875 0.32159310625000004 0.6375 0.32159310625000004 0.6375 0.21420479062500003
39 1 0.2405310359375 0.9117992921875 0.2405310359375 0.9117992921875 0.378125 1 0.378125 1 0.2405310359375
39 0.75 0.3625 0.75 0.2564620921875 0.6378302203125 0.2564620921875 0.6378302203125 0.3625 0.75 0.3625
39 0.9984375 0.36880637968749996 0.871504509375 0.36880637968749996 0.871504509375 0.4796311203125 0.9984375 0.4796311203125 0.9984375 0.36880637968749996
39 0.8746644124999999 0.4890625 0.8746644124999999 0.3631470140625 0.7578259234375 0.3631470140625 0.7578259234375 0.4890625 0.8746644124999999 0.4890625
39 1 0.4793680203125 0.896923325 0.4793680203125 0.896923325 0.6046875 1 0.6046875 1 0.4793680203125
39 0.8703125 0.653125 0.8703125 0.546875 0.7224548953125 0.546875 0.7224548953125 0.653125 0.8703125 0.653125
39 0.9421875 0.796875 0.9421875 0.6654558640625 0.80475461875 0.6654558640625 0.80475461875 0.796875 0.9421875 0.796875
39 0.7059573671875 0.1515625 0.7059573671875 0.014006121875 0.5831051328125 0.0140061203125 0.5831051328125 0.1515625 0.7059573671875 0.1515625
39 0.8453125 0.1375 0.9875 0.1375 0.9875 0.044936640625 0.8453125 0.044936640625 0.8453125 0.1375
39 0.790625 0.2359375 0.790625 0.1104193515625 0.67174881875 0.1104193515625 0.67174881875 0.2359375 0.790625 0.2359375
39 0.8984375 0.271875 0.8984375 0.14711393749999999 0.779314325 0.14711393749999999 0.779314325 0.271875 0.8984375 0.271875