39 0.6340206187499999 0.20962199374999999 0.526632303125 0.20962199374999999 0.526632303125 0.32646048125 0.6340206187499999 0.32646048125 0.6340206187499999 0.20962199374999999
39 1 0.24054982812499998 0.911512028125 0.24054982812499998 0.911512028125 0.3797250859375 1 0.3797250859375 1 0.24054982812499998
39 0.75085910625 0.2560137453125 0.6374570453125 0.2560137453125 0.6374570453125 0.36340206249999996 0.75085910625 0.36340206249999996 0.75085910625 0.2560137453125
39 1 0.3694158078125 0.8711340203125 0.3694158078125 0.8711340203125 0.48024055 1 0.48024055 1 0.3694158078125
39 0.8797250859375 0.36769759375 0.7534364265625 0.36769759375 0.7534364265625 0.4845360828125 0.8797250859375 0.4845360828125 0.8797250859375 0.36769759375
39 1 0.47938144375 0.8969072171875 0.47938144375 0.8969072171875 0.606529209375 1 0.606529209375 1 0.47938144375
39 0.8711340203125 0.546391753125 0.7225085906250001 0.546391753125 0.7225085906250001 0.6537800687499999 0.8711340203125 0.6537800687499999 0.8711340203125 0.546391753125
39 0.9398625421875 0.661512028125 0.8075601375 0.661512028125 0.8075601375 0.8006872859374999 0.9398625421875 0.8006872859374999 0.9398625421875 0.661512028125
39 0.7061855671874999 0.013745704687499999 0.5833333328125 0.013745704687499999 0.5833333328125 0.1529209625 0.7061855671874999 0.1529209625 0.7061855671874999 0.013745704687499999
39 0.9879725078125 0.0446735390625 0.845360825 0.0446735390625 0.845360825 0.1391752578125 0.9879725078125 0.1391752578125 0.9879725078125 0.0446735390625
39 0.7920962203124999 0.1099656359375 0.67182130625 0.1099656359375 0.67182130625 0.23625429531250003 0.7920962203124999 0.23625429531250003 0.7920962203124999 0.1099656359375
39 0.9020618562499999 0.1494845359375 0.7757731953125 0.1494845359375 0.7757731953125 0.26975945 0.9020618562499999 0.26975945 0.9020618562499999 0.1494845359375