39 0.6375 0.321875 0.6375 0.21448936875000002 0.5219797046875 0.21448936875000002 0.5219797046875 0.321875 0.6375 0.321875
39 0.9997127359375 0.378125 0.9997127359375 0.240568621875 0.9112247640625 0.240568621875 0.9112247640625 0.378125 0.9997127359375 0.378125
39 0.75 0.3625 0.75 0.2564620921875 0.6378302203125 0.2564620921875 0.6378302203125 0.3625 0.75 0.3625
39 0.9984375 0.36880637968749996 0.871504509375 0.36880637968749996 0.871504509375 0.4796311203125 0.9984375 0.4796311203125 0.9984375 0.36880637968749996
39 0.8796875 0.484375 0.8796875 0.36803318125 0.7536109328125 0.36803318125 0.7536109328125 0.484375 0.8796875 0.484375
39 1 0.49139282656249994 0.8848663015625 0.49139282656249994 0.8848663015625 0.59375 1 0.59375 1 0.49139282656249994
39 0.8703125 0.653125 0.8703125 0.546875 0.7224548953125 0.546875 0.7224548953125 0.653125 0.8703125 0.653125
39 0.9421875 0.66444104375 0.8034928046875001 0.66444104375 0.8034928046875001 0.7967434484375 0.9421875 0.7967434484375 0.9421875 0.66444104375
39 0.7059573671875 0.1515625 0.7059573671875 0.014006121875 0.5831051328125 0.0140061203125 0.5831051328125 0.1515625 0.7059573671875 0.1515625
39 0.8453125 0.1375 0.9875 0.1375 0.9875 0.044936640625 0.8453125 0.044936640625 0.8453125 0.1375
39 0.790625 0.2359375 0.790625 0.1104193515625 0.67174881875 0.1104193515625 0.67174881875 0.2359375 0.790625 0.2359375
39 0.9015625 0.26875 0.9015625 0.148950278125 0.776409471875 0.148950278125 0.776409471875 0.26875 0.9015625 0.26875