35 0.46875 0.270703125 0.3484375 0.270703125 0.3484375 0.3875 0.46875 0.3875 0.46875 0.270703125
35 0.109375 0.3078125 0.109375 0.434375 0.25 0.434375 0.25 0.3078125 0.109375 0.3078125
35 0.640625 0.4265625 0.775 0.4265625 0.775 0.316015625 0.640625 0.316015625 0.640625 0.4265625
35 0.439453125 0.39375 0.439453125 0.534375 0.5703125 0.534375 0.5703125 0.39375 0.439453125 0.39375
35 0.4296875 0.400390625 0.29765625 0.400390625 0.29765625 0.540625 0.4296875 0.540625 0.4296875 0.400390625
35 0.8046875 0.425 0.8046875 0.5625 0.934375 0.5625 0.934375 0.425 0.8046875 0.425
35 0.496875 0.5 0.496875 0.640625 0.64375 0.640625 0.64375 0.5 0.496875 0.5
35 0.240625 0.6484375 0.240625 0.52890625 0.09765625 0.52890625 0.09765625 0.6484375 0.240625 0.6484375
35 0.6828125 0.734375 0.6828125 0.8953125 0.840625 0.8953125 0.840625 0.734375 0.6828125 0.734375
35 0.5125 0.9765625 0.5125 0.802734375 0.32421875 0.802734375 0.32421875 0.9765625 0.5125 0.9765625
35 0.4125 0.2515625 0.4125 0.11796875 0.283984375 0.11796875 0.283984375 0.2515625 0.4125 0.2515625
35 0.64375 0.141015625 0.496875 0.141015625 0.496875 0.2953125 0.64375 0.2953125 0.64375 0.141015625
35 0.053125 0.171875 0.053125 0.31875 0.196875 0.31875 0.196875 0.171875 0.053125 0.171875