35 0.4671875 0.269140625 0.35 0.269140625 0.35 0.3890625 0.4671875 0.3890625 0.4671875 0.269140625
35 0.2421875 0.440625 0.2421875 0.30078125 0.11640625 0.30078125 0.11640625 0.440625 0.2421875 0.440625
35 0.763671875 0.4375 0.763671875 0.303515625 0.651953125 0.303515625 0.651953125 0.4375 0.763671875 0.4375
35 0.575 0.5296875 0.575 0.3984375 0.434765625 0.3984375 0.434765625 0.5296875 0.575 0.5296875
35 0.434375 0.405078125 0.29375 0.405078125 0.29375 0.5359375 0.434375 0.5359375 0.434375 0.405078125
35 0.9375 0.5578125 0.9375 0.429296875 0.80078125 0.429296875 0.80078125 0.5578125 0.9375 0.5578125
35 0.5 0.496875 0.5 0.64375 0.640625 0.64375 0.640625 0.496875 0.5 0.496875
35 0.240625 0.6484375 0.240625 0.52890625 0.09765625 0.52890625 0.09765625 0.6484375 0.240625 0.6484375
35 0.68125 0.7359375 0.68125 0.89375 0.8421875 0.89375 0.8421875 0.7359375 0.68125 0.7359375
35 0.50625 0.795703125 0.33125 0.795703125 0.33125 0.984375 0.50625 0.984375 0.50625 0.795703125
35 0.28125 0.1203125 0.28125 0.25 0.415625 0.25 0.415625 0.1203125 0.28125 0.1203125
35 0.64375 0.141015625 0.496875 0.141015625 0.496875 0.2953125 0.64375 0.2953125 0.64375 0.141015625
35 0.053125 0.171875 0.053125 0.31875 0.196875 0.31875 0.196875 0.171875 0.053125 0.171875