35 0.56387851875 0.4921875 0.56387851875 0.1984828296875 0.26268398125000003 0.198482828125 0.26268398125000003 0.4921875 0.56387851875 0.4921875
35 0 0.4296875 0.1984375 0.4296875 0.1984375 0.2873400171875 0 0.2873400171875 0 0.4296875
35 1 0.2170381828125 0.6739121156250001 0.2170381828125 0.6739121156250001 0.51875 1 0.51875 1 0.2170381828125
35 0.2685446890625 0.6578125 0.2685446890625 0.401629159375 0.0048928125000000005 0.401629159375 0.0048928109375 0.6578125 0.2685446890625 0.6578125
35 0.3046875 0.7921875 0.580852709375 0.7921875 0.580852709375 0.46941926250000005 0.3046875 0.46941926250000005 0.3046875 0.7921875
35 0.8765625 0.7875 0.8765625 0.50625 0.609596309375 0.50625 0.609596309375 0.7875 0.8765625 0.7875
35 0 0.8609375 0.2328125 0.8609375 0.2328125 0.6737414687500001 0 0.6737414687500001 0 0.8609375
35 0.703125 0.9984375 0.703125 0.7147130984375 0.4337377328125 0.7147130984375 0.4337377328125 0.9984375 0.703125 0.9984375
35 0.9484375 1 0.9484375 0.724714696875 0.724530715625 0.724714696875 0.724530715625 1 0.9484375 1
35 0.7881452640625 0 0.7881452640625 0.2109375 0.978125 0.2109375 0.978125 0 0.7881452640625 0
35 0.8234375 0.2015625 0.8234375 0.000026664062500000002 0.522413609375 0.000026664062500000002 0.522413609375 0.2015625 0.8234375 0.2015625
35 0.3265625 0.3609375 0.3265625 0.0694299265625 0.0306367328125 0.0694299265625 0.0306367328125 0.3609375 0.3265625 0.3609375