35 0.56387851875 0.4921875 0.56387851875 0.1984828296875 0.26268398125000003 0.198482828125 0.26268398125000003 0.4921875 0.56387851875 0.4921875
35 0 0.484375 0.14375 0.484375 0.14375 0.23224189375 0 0.23224189375 0 0.484375
35 1 0.2170381828125 0.6739121156250001 0.2170381828125 0.6739121156250001 0.51875 1 0.51875 1 0.2170381828125
35 0.2685446890625 0.6578125 0.2685446890625 0.401629159375 0.0048928125000000005 0.401629159375 0.0048928109375 0.6578125 0.2685446890625 0.6578125
35 0.6046581703125 0.76875 0.6046581703125 0.49380599375 0.28127933125000004 0.49380599375 0.28127933125000004 0.76875 0.6046581703125 0.76875
35 0.8765625 0.7875 0.8765625 0.50625 0.609596309375 0.50625 0.609596309375 0.7875 0.8765625 0.7875
35 0 0.8609375 0.2328125 0.8609375 0.2328125 0.67352815625 0 0.67352815625 0 0.8609375
35 0.709375 0.9921875 0.709375 0.72298688125 0.42607188437500004 0.72298688125 0.42607188437500004 0.9921875 0.709375 0.9921875
35 0.9996880328125 0.9984375 0.9996880328125 0.7748720140625001 0.673749465625 0.7748720140625001 0.673749465625 0.9984375 0.9996880328125 0.9984375
35 0.76755279375 0 0.76755279375 0.190625 0.9996347046875 0.190625 0.9996347046875 0 0.76755279375 0
35 0.571645690625 0 0.571645690625 0.2515625 0.7734375 0.2515625 0.7734375 0 0.571645690625 0
35 0.033167128125 0.0671875 0.033167128125 0.3640625 0.324976003125 0.3640625 0.324976003125 0.0671875 0.033167128125 0.0671875