35 0.6203125 0.3421875 0.6203125 0.2125 0.4933792375 0.2125 0.4933792375 0.3421875 0.6203125 0.3421875
35 0.8809586875000001 0.390625 0.8809586875000001 0.2547934328125 0.7284163140625 0.2547934328125 0.7284163140625 0.390625 0.8809586875000001 0.390625
35 0.3046875 0.3828125 0.3046875 0.26257944843750003 0.15900423749999998 0.26257944843750003 0.15900423749999998 0.3828125 0.3046875 0.3828125
35 0.521875 0.5 0.521875 0.347748940625 0.38028336875 0.347748940625 0.38028336875 0.5 0.521875 0.5
35 0.6809586859375 0.5015625 0.6809586859375 0.35963982968749997 0.5284163140625 0.35963982968749997 0.5284163140625 0.5015625 0.6809586859375 0.5015625
35 0.1265625 0.53125 0.1265625 0.381461865625 0.00027807187500000004 0.381461865625 0.00027807187500000004 0.53125 0.1265625 0.53125
35 0.45773305000000003 0.6171875 0.45773305000000003 0.459242584375 0.3051906765625 0.459242584375 0.3051906765625 0.6171875 0.45773305000000003 0.6171875
35 0.8796875 0.6359375 0.8796875 0.4814088984375 0.7511520125 0.4814088984375 0.7511520125 0.6359375 0.8796875 0.6359375
35 0.2578125 0.890625 0.2578125 0.7166578390625 0.08846663125000001 0.7166578390625 0.08846663125000001 0.890625 0.2578125 0.890625
35 0.6390625 0.7829713984375 0.4511784953125 0.7829713984375 0.4511784953125 0.988903603125 0.6390625 0.988903603125 0.6390625 0.7829713984375
35 0.69375 0.190625 0.69375 0.0501588984375 0.5480402546875001 0.0501588984375 0.5480402546875001 0.190625 0.69375 0.190625
35 0.4609375 0.240625 0.4609375 0.07227224531250001 0.30180084687500003 0.07227224531250001 0.30180084687500003 0.240625 0.4609375 0.240625
35 0.9437235171875 0.1079713984375 0.7844014828125 0.1079713984375 0.7844014828125 0.2639036015625 0.9437235171875 0.2639036015625 0.9437235171875 0.1079713984375