35 0.620180084375 0.3421875 0.620180084375 0.2125397234375 0.4922139828125 0.2125397234375 0.4922139828125 0.3421875 0.620180084375 0.3421875
35 0.88125 0.390625 0.88125 0.2536811421875 0.72921080625 0.2536811421875 0.72921080625 0.390625 0.88125 0.390625
35 0.3046875 0.3828125 0.3046875 0.26257944843750003 0.15900423749999998 0.26257944843750003 0.15900423749999998 0.3828125 0.3046875 0.3828125
35 0.521875 0.3471663140625 0.3807335796875 0.3471663140625 0.3807335796875 0.4997086859375 0.521875 0.4997086859375 0.521875 0.3471663140625
35 0.6765625 0.50625 0.6765625 0.3550582625 0.533792371875 0.3550582625 0.533792371875 0.50625 0.6765625 0.50625
35 0.1265625 0.53125 0.1265625 0.381461865625 0.00027807187500000004 0.381461865625 0.00027807187500000004 0.53125 0.1265625 0.53125
35 0.45773305000000003 0.6171875 0.45773305000000003 0.459242584375 0.3051906765625 0.459242584375 0.3051906765625 0.6171875 0.45773305000000003 0.6171875
35 0.89375 0.6234375 0.89375 0.49376324218749995 0.7381885593749999 0.49376324218749995 0.7381885593749999 0.6234375 0.89375 0.6234375
35 0.086149365625 0.71875 0.0861493640625 0.8890625 0.2607256359375 0.8890625 0.2607256359375 0.71875 0.086149365625 0.71875
35 0.6390625 0.7829713984375 0.4511784953125 0.7829713984375 0.4511784953125 0.988903603125 0.6390625 0.988903603125 0.6390625 0.7829713984375
35 0.69375 0.190625 0.69375 0.0501588984375 0.5480402546875001 0.0501588984375 0.5480402546875001 0.190625 0.69375 0.190625
35 0.4609375 0.240625 0.4609375 0.07227224531250001 0.30180084687500003 0.07227224531250001 0.30180084687500003 0.240625 0.4609375 0.240625
35 0.9437235171875 0.1079713984375 0.7844014828125 0.1079713984375 0.7844014828125 0.2639036015625 0.9437235171875 0.2639036015625 0.9437235171875 0.1079713984375