35 0.46875 0.2703125 0.3484375 0.2703125 0.3484375 0.38828125 0.46875 0.38828125 0.46875 0.2703125
35 0.25 0.3078125 0.109375 0.3078125 0.109375 0.434375 0.25 0.434375 0.25 0.3078125
35 0.77578125 0.315625 0.640625 0.315625 0.640625 0.42734375 0.77578125 0.42734375 0.77578125 0.315625
35 0.57109375 0.39375 0.4390625 0.39375 0.4390625 0.534375 0.57109375 0.534375 0.57109375 0.39375
35 0.434375 0.4046875 0.29375 0.4046875 0.29375 0.53671875 0.434375 0.53671875 0.434375 0.4046875
35 0.934375 0.425 0.8046875 0.425 0.8046875 0.56328125 0.934375 0.56328125 0.934375 0.425
35 0.640625 0.496875 0.5 0.496875 0.5 0.64375 0.640625 0.64375 0.640625 0.496875
35 0.2296875 0.5171875 0.109375 0.5171875 0.109375 0.6609375 0.2296875 0.6609375 0.2296875 0.5171875
35 0.8421875 0.7359375 0.68125 0.7359375 0.68125 0.89375 0.8421875 0.89375 0.8421875 0.7359375
35 0.50625 0.7953125 0.33125 0.7953125 0.33125 0.98515625 0.50625 0.98515625 0.50625 0.7953125
35 0.41640625 0.1203125 0.28125 0.1203125 0.28125 0.25 0.41640625 0.25 0.41640625 0.1203125
35 0.64375 0.140625 0.496875 0.140625 0.496875 0.29609375 0.64375 0.29609375 0.64375 0.140625
35 0.1984375 0.1734375 0.0515625 0.1734375 0.0515625 0.3171875 0.1984375 0.3171875 0.1984375 0.1734375