35 0.262798634375 0.4931740609375 0.5639931734375 0.4931740609375 0.5639931734375 0.19795221875 0.262798634375 0.19795221875 0.262798634375 0.4931740609375
35 0 0.48634812343749995 0.14419795156249998 0.48634812343749995 0.14419795156249998 0.2320819109375 0 0.2320819109375 0 0.48634812343749995
35 1 0.19453924843749998 0.6962457343749999 0.19453924843749998 0.6962457343749999 0.542662115625 1 0.542662115625 1 0.19453924843749998
35 0.0051194546874999995 0.658703071875 0.26877133125 0.658703071875 0.26877133125 0.401023890625 0.0051194546874999995 0.401023890625 0.0051194546874999995 0.658703071875
35 0.28156996562500003 0.7696245734375 0.6049488046875 0.7696245734375 0.6049488046875 0.4931740609375 0.28156996562500003 0.4931740609375 0.28156996562500003 0.7696245734375
35 0.6023890781250001 0.7807167234375 0.8848122859374999 0.7807167234375 0.8848122859374999 0.5136518765625 0.6023890781250001 0.5136518765625 0.6023890781250001 0.7807167234375
35 0 0.9069965874999999 0.18771331093750002 0.9069965874999999 0.18771331093750002 0.6279863484375 0 0.6279863484375 0 0.9069965874999999
35 0.703071671875 1 0.703071671875 0.715017065625 0.43344709843749996 0.715017065625 0.43344709843749996 1 0.703071671875 1
35 1 0.7747440265625001 0.6740614328125 0.7747440265625001 0.6740614328125 1 1 1 1 0.7747440265625001
35 0.7679180890625 0 0.7679180890625 0.1911262796875 1 0.1911262796875 1 0 0.7679180890625 0
35 0.5221842999999999 0 0.5221842999999999 0.203071671875 0.8242320812499999 0.203071671875 0.8242320812499999 0 0.5221842999999999 0
35 0.0307167234375 0.36177474374999996 0.32849829375 0.36177474374999996 0.32849829375 0.0699658703125 0.0307167234375 0.0699658703125 0.0307167234375 0.36177474374999996