35 0.6220338984375 0.21355932187499999 0.49152542343750005 0.21355932187499999 0.49152542343750005 0.3415254234375 0.6220338984375 0.3415254234375 0.6220338984375 0.21355932187499999
35 0.8813559328125 0.25423728749999996 0.728813559375 0.25423728749999996 0.728813559375 0.39152542343749996 0.8813559328125 0.39152542343749996 0.8813559328125 0.25423728749999996
35 0.30508474531249996 0.2627118640625 0.1584745765625 0.2627118640625 0.1584745765625 0.3838983046875 0.30508474531249996 0.3838983046875 0.30508474531249996 0.2627118640625
35 0.5237288140625 0.3474576265625 0.38050847499999996 0.3474576265625 0.38050847499999996 0.5 0.5237288140625 0.5 0.5237288140625 0.3474576265625
35 0.6813559328125 0.359322034375 0.528813559375 0.359322034375 0.528813559375 0.5025423734375 0.6813559328125 0.5025423734375 0.6813559328125 0.359322034375
35 0 0.5313559328124999 0.12711864374999998 0.5313559328124999 0.12711864374999998 0.3813559328125 0 0.3813559328125 0 0.5313559328124999
35 0.45762711874999995 0.45932203437499997 0.30508474531249996 0.45932203437499997 0.30508474531249996 0.6186440671875 0.45762711874999995 0.6186440671875 0.45762711874999995 0.45932203437499997
35 0.8813559328125 0.4813559328125 0.7508474578125 0.4813559328125 0.7508474578125 0.6372881359375 0.8813559328125 0.6372881359375 0.8813559328125 0.4813559328125
35 0.2610169484375 0.7186440671875001 0.086440678125 0.7186440671875001 0.086440678125 0.8898305078125001 0.2610169484375 0.8898305078125001 0.2610169484375 0.7186440671875001
35 0.640677965625 0.7830508468749999 0.4508474578125 0.7830508468749999 0.4508474578125 0.9889830515625 0.640677965625 0.9889830515625 0.640677965625 0.7830508468749999
35 0.6949152546875 0.050847457812499997 0.548305084375 0.050847457812499997 0.548305084375 0.1915254234375 0.6949152546875 0.1915254234375 0.6949152546875 0.050847457812499997
35 0.46101694843749996 0.07288135625 0.301694915625 0.07288135625 0.301694915625 0.2415254234375 0.46101694843749996 0.2415254234375 0.46101694843749996 0.07288135625
35 0.944067796875 0.1084745765625 0.7847457624999999 0.1084745765625 0.7847457624999999 0.2644067796875 0.944067796875 0.2644067796875 0.944067796875 0.1084745765625