22 0 0.2640625 0.2640625 0.2640625 0.2640625 0.0546875 0 0.0546875 0 0.2640625
22 0.1703125 0.0203125 0.1703125 0.3015625 0.4921875 0.3015625 0.4921875 0.0203125 0.1703125 0.0203125
22 0.48125 0.0046875 0.48125 0.3171875 0.7453125 0.3171875 0.7453125 0.0046875 0.48125 0.0046875
22 1 0.0390625 0.721484375 0.0390625 0.721484375 0.29140625 1 0.29140625 1 0.0390625
22 0 0.590625 0.2140625 0.590625 0.2140625 0.330078125 0 0.330078125 0 0.590625
22 0.4765625 0.32890625 0.209765625 0.32890625 0.209765625 0.590625 0.4765625 0.590625 0.4765625 0.32890625
22 0.7421875 0.575 0.7421875 0.323828125 0.474609375 0.323828125 0.474609375 0.575 0.7421875 0.575
22 0.9890625 0.58125 0.9890625 0.33671875 0.73046875 0.33671875 0.73046875 0.58125 0.9890625 0.58125
22 0 0.8375 0.1796875 0.8375 0.1796875 0.575 0 0.575 0 0.8375
22 0.971875 0.8140625 0.971875 0.578515625 0.7296875 0.578515625 0.7296875 0.8140625 0.971875 0.8140625
22 0.2015625 1 0.2015625 0.797265625 0.03359375 0.797265625 0.03359375 1 0.2015625 1
22 0.4765625 1 0.4765625 0.8265625 0.238671875 0.8265625 0.238671875 1 0.4765625 1
22 0.6859375 1 0.6859375 0.7921875 0.5 0.7921875 0.5 1 0.6859375 1
22 0.921875 1 0.921875 0.790234375 0.72734375 0.790234375 0.72734375 1 0.921875 1