22 0.080078125 0 0.080078125 0.203125 0.269921875 0.203125 0.269921875 0 0.080078125 0
22 0.0078125 0.1609375 0.0078125 0.509375 0.18125 0.509375 0.18125 0.1609375 0.0078125 0.1609375
22 0.3921875 0.425 0.3921875 0.258203125 0.078515625 0.258203125 0.078515625 0.425 0.3921875 0.425
22 0.303515625 0.146875 0.303515625 0.4953125 0.5640625 0.4953125 0.5640625 0.146875 0.303515625 0.146875
22 0.603125 0.25625 0.603125 0.6 0.8 0.6 0.8 0.25625 0.603125 0.25625
22 0.790625 0 0.790625 0.2515625 1 0.2515625 1 0 0.790625 0
22 1 0.3734375 0.853125 0.3734375 0.853125 0.696875 1 0.696875 1 0.3734375
22 0 0.803125 0.2328125 0.803125 0.2328125 0.688671875 0 0.688671875 0 0.803125
22 0 0.828125 0.3375 0.828125 0.3375 0.648046875 0 0.648046875 0 0.828125
22 0.5296875 0.878125 0.5296875 0.69609375 0.20859375 0.69609375 0.20859375 0.878125 0.5296875 0.878125
22 0.7140625 0.86875 0.7140625 0.685546875 0.400390625 0.685546875 0.400390625 0.86875 0.7140625 0.86875
22 0.64375 0.55 0.64375 0.934375 0.8375 0.934375 0.8375 0.55 0.64375 0.55
22 1 0.770703125 0.771875 0.770703125 0.771875 0.940625 1 0.940625 1 0.770703125