22 0 0.23125 0.23125 0.23125 0.23125 0.140625 0 0.140625 0 0.23125
22 0.09375 0 0.09375 0.3671875 0.240625 0.3671875 0.240625 0 0.09375 0
22 0.5109375 0.265625 0.5109375 0.10546875 0.13984375 0.10546875 0.13984375 0.265625 0.5109375 0.265625
22 0.30625 0.1078125 0.30625 0.2640625 0.671875 0.2640625 0.671875 0.1078125 0.30625 0.1078125
22 0.471875 0.0984375 0.471875 0.259375 0.8296875 0.259375 0.8296875 0.0984375 0.471875 0.0984375
22 0.83125 0.09921875 0.466796875 0.09921875 0.466796875 0.2671875 0.83125 0.2671875 0.83125 0.09921875
22 0.73125 0 0.73125 0.365625 0.875 0.365625 0.875 0 0.73125 0
22 0.8734375 0 0.8734375 0.371875 0.9984375 0.371875 0.9984375 0 0.8734375 0
22 0.20625 0.564453125 0.040625 0.564453125 0.040625 0.9984375 0.20625 0.9984375 0.20625 0.564453125
22 0.36875 0.996875 0.36875 0.558203125 0.194140625 0.558203125 0.194140625 0.996875 0.36875 0.996875
22 0.596875 0.93125 0.596875 0.766015625 0.296875 0.766015625 0.296875 0.93125 0.596875 0.93125
22 0.528125 0.5578125 0.528125 0.996875 0.6984375 0.996875 0.6984375 0.5578125 0.528125 0.5578125
22 0.8546875 0.996875 0.8546875 0.5578125 0.692578125 0.5578125 0.692578125 0.996875 0.8546875 0.996875
22 1 0.67734375 0.71484375 0.67734375 0.71484375 0.83125 1 0.83125 1 0.67734375