22 0.778125 0.2328125 0.778125 0.029925846875000002 0.515426378125 0.029925846875000002 0.515426378125 0.2328125 0.778125 0.2328125
22 0.5875 0.016565146875 0.3999602765625 0.016565146875 0.3999602765625 0.1733448078125 0.5875 0.1733448078125 0.5875 0.016565146875
22 0.453125 0.2359375 0.453125 0.012685381249999999 0.20515095312499998 0.012685381249999999 0.20515095312499998 0.2359375 0.453125 0.2359375
22 0.7609375 0.6546875 0.7609375 0.415625 0.5669359109375 0.415625 0.5669359109375 0.6546875 0.7609375 0.6546875
22 0.53125 0.634375 0.53125 0.4119306140625 0.3141154671875 0.4119306140625 0.3141154671875 0.634375 0.53125 0.634375
22 0 0.68125 0.275 0.68125 0.275 0.447298728125 0 0.447298728125 0 0.68125
22 0.409375 0.4609375 0.409375 0.3241525421875 0.13965836874999998 0.3241525421875 0.13965836874999998 0.4609375 0.409375 0.4609375
22 0.7734375 0.98125 0.7734375 0.7885063578125 0.552039196875 0.7885063578125 0.552039196875 0.98125 0.7734375 0.98125
22 0.5529528609375001 1 0.5529528609375001 0.8072298734375 0.3860037078125 0.8072298734375 0.3860037078125 1 0.5529528609375001 1
22 0.33125 1 0.33125 0.825 0.192836334375 0.825 0.192836334375 1 0.33125 1
22 0.8661811437500001 0 0.8661811437500001 0.1328125 0.9875 0.1328125 0.9875 0 0.8661811437500001 0
22 0.7576933265625 0 0.7576933265625 0.1203125 0.8546875 0.1203125 0.8546875 0 0.7576933265625 0