22 0.1145161296875 0.0370967734375 0.01532258125 0.0370967734375 0.01532258125 0.1806451609375 0.1145161296875 0.1806451609375 0.1145161296875 0.0370967734375
22 0.3225806453125 0.2290322578125 0.2459677421875 0.2290322578125 0.2459677421875 0.3927419359375 0.3225806453125 0.3927419359375 0.3225806453125 0.2290322578125
22 0.248387096875 0.21935483906250003 0.14677419375 0.21935483906250003 0.14677419375 0.3854838703125 0.248387096875 0.3854838703125 0.248387096875 0.21935483906250003
22 0.1241935484375 0.2241935484375 0.0177419359375 0.2241935484375 0.0177419359375 0.3854838703125 0.1241935484375 0.3854838703125 0.1241935484375 0.2241935484375
22 0.31290322656249997 0.4145161296875 0.22822580625 0.4145161296875 0.22822580625 0.5612903218749999 0.31290322656249997 0.5612903218749999 0.31290322656249997 0.4145161296875
22 0.14032258125 0.4064516125 0.0314516125 0.4064516125 0.0314516125 0.5927419359375 0.14032258125 0.5927419359375 0.14032258125 0.4064516125
22 0.2790322578125 0.5822580640624999 0.1822580640625 0.5822580640624999 0.1822580640625 0.7483870968749999 0.2790322578125 0.7483870968749999 0.2790322578125 0.5822580640624999
22 0.1822580640625 0.6064516125 0.0806451609375 0.6064516125 0.0806451609375 0.775 0.1822580640625 0.775 0.1822580640625 0.6064516125
22 0 0.7774193546875 0.0774193546875 0.7774193546875 0.0774193546875 0.60967741875 0 0.60967741875 0 0.7774193546875
22 0.30322580625 0.8016129031249999 0.188709678125 0.8016129031249999 0.188709678125 0.9806451609375 0.30322580625 0.9806451609375 0.30322580625 0.8016129031249999
22 0.2258064515625 0.4225806453125 0.1411290328125 0.4225806453125 0.1411290328125 0.5717741937499999 0.2258064515625 0.5717741937499999 0.2258064515625 0.4225806453125
22 0.19032258124999998 1 0.19032258124999998 0.8032258062500001 0.0685483875 0.8032258062500001 0.0685483875 1 0.19032258124999998 1
22 0.0709677421875 1 0.0709677421875 0.841935484375 0 0.841935484375 0 1 0.0709677421875 1