22 1 0.3321344328125 0.7815448109375 0.3321344328125 0.7815448109375 0.5375 1 0.5375 1 0.3321344328125
22 0.4921875 0.5203125 0.4921875 0.3080336078125 0.2803459140625 0.3080336078125 0.2803459140625 0.5203125 0.4921875 0.5203125
22 0.996875 0.6671875 0.996875 0.5348319578125 0.770897209375 0.5348319578125 0.770897209375 0.6671875 0.996875 0.6671875
22 0.78125 0.7125 0.78125 0.5077731937500001 0.5698997640625 0.5077731937500001 0.5698997640625 0.7125 0.78125 0.7125
22 0.50625 0.5984375 0.50625 0.5192364390625 0.29458529843750003 0.5192364390625 0.29458529843750003 0.5984375 0.50625 0.5984375
22 0.503125 0.640625 0.503125 0.5899518484375 0.305213246875 0.5899518484375 0.305213246875 0.640625 0.503125 0.640625
22 0.5046875 0.675 0.5046875 0.6358097484375 0.3060141515625 0.6358097484375 0.3060141515625 0.675 0.5046875 0.675
22 0.3140625 0.7 0.3140625 0.50969929375 0.1729215796875 0.50969929375 0.1729215796875 0.7 0.3140625 0.7
22 0.1640625 0.7015625 0.1640625 0.528242925 0.0411409203125 0.528242925 0.0411409203125 0.7015625 0.1640625 0.7015625
22 0 0.61875 0.115625 0.61875 0.115625 0.56113895625 0 0.56113895625 0 0.61875
22 0.7078125 0.8546875 0.7078125 0.6315841203125 0.6360455984375 0.6315841203125 0.6360455984375 0.8546875 0.7078125 0.8546875
22 0.353125 0.8328125 0.353125 0.7369103765625 0.1845813671875 0.7369103765625 0.1845813671875 0.8328125 0.353125 0.8328125
22 0.065625 0.865625 0.065625 0.702658215625 0.0002063671875 0.702658215625 0.0002063671875 0.865625 0.065625 0.865625