22 0.2265625 0.26875 0.2265625 0.165234375 0.073828125 0.165234375 0.073828125 0.26875 0.2265625 0.26875
22 0.3296875 0.26875 0.3296875 0.158984375 0.1765625 0.158984375 0.1765625 0.26875 0.3296875 0.26875
22 0.434375 0.162890625 0.28125 0.162890625 0.28125 0.265625 0.434375 0.265625 0.434375 0.162890625
22 0.6171875 0.284375 0.6171875 0.1171875 0.512890625 0.1171875 0.512890625 0.284375 0.6171875 0.284375
22 0.7140625 0.128515625 0.603125 0.128515625 0.603125 0.28125 0.7140625 0.28125 0.7140625 0.128515625
22 0.8171875 0.2828125 0.8171875 0.120703125 0.717578125 0.120703125 0.717578125 0.2828125 0.8171875 0.2828125
22 0.1015625 0.3234375 0.1015625 0.4703125 0.209375 0.4703125 0.209375 0.3234375 0.1015625 0.3234375
22 0.3234375 0.325390625 0.2125 0.325390625 0.2125 0.46875 0.3234375 0.46875 0.3234375 0.325390625
22 0.4375 0.446875 0.4375 0.34453125 0.29609375 0.34453125 0.29609375 0.446875 0.4375 0.446875
22 0.4078125 0.4671875 0.5125 0.4671875 0.5125 0.314453125 0.4078125 0.314453125 0.4078125 0.4671875
22 0.6390625 0.43125 0.6390625 0.341796875 0.481640625 0.341796875 0.481640625 0.43125 0.6390625 0.43125
22 0.609375 0.4609375 0.709375 0.4609375 0.709375 0.303515625 0.609375 0.303515625 0.609375 0.4609375
22 0.70625 0.459375 0.81875 0.459375 0.81875 0.3015625 0.70625 0.3015625 0.70625 0.459375
22 0.1234375 0.5046875 0.1234375 0.64375 0.23125 0.64375 0.23125 0.5046875 0.1234375 0.5046875
22 0.228125 0.640625 0.31875 0.640625 0.31875 0.4921875 0.228125 0.4921875 0.228125 0.640625
22 0.4453125 0.615625 0.4453125 0.516015625 0.298046875 0.516015625 0.298046875 0.615625 0.4453125 0.615625
22 0.416796875 0.490625 0.416796875 0.6421875 0.5171875 0.6421875 0.5171875 0.490625 0.416796875 0.490625
22 0.634375 0.513671875 0.48984375 0.513671875 0.48984375 0.6203125 0.634375 0.6203125 0.634375 0.513671875
22 0.60625 0.49375 0.60625 0.640625 0.709375 0.640625 0.709375 0.49375 0.60625 0.49375
22 0.8109375 0.6390625 0.8109375 0.476953125 0.706640625 0.476953125 0.706640625 0.6390625 0.8109375 0.6390625
22 0.2515625 0.658984375 0.1578125 0.658984375 0.1578125 0.7953125 0.2515625 0.7953125 0.2515625 0.658984375
22 0.228125 0.6796875 0.228125 0.7734375 0.3625 0.7734375 0.3625 0.6796875 0.228125 0.6796875
22 0.465625 0.669140625 0.3125 0.669140625 0.3125 0.771875 0.465625 0.771875 0.465625 0.669140625
22 0.5265625 0.7984375 0.5265625 0.640234375 0.430859375 0.640234375 0.430859375 0.7984375 0.5265625 0.7984375
22 0.528125 0.796875 0.628125 0.796875 0.628125 0.64375 0.528125 0.64375 0.528125 0.796875
22 0.75 0.7734375 0.75 0.671484375 0.60234375 0.671484375 0.60234375 0.7734375 0.75 0.7734375
22 0.7203125 0.6484375 0.7203125 0.7953125 0.825 0.7953125 0.825 0.6484375 0.7203125 0.6484375
22 0.1609375 0.8015625 0.1609375 0.953125 0.2546875 0.953125 0.2546875 0.8015625 0.1609375 0.8015625
22 0.3640625 0.830078125 0.227734375 0.830078125 0.227734375 0.930859375 0.3640625 0.930859375 0.3640625 0.830078125
22 0.440625 0.809765625 0.346875 0.809765625 0.346875 0.953125 0.440625 0.953125 0.440625 0.809765625
22 0.526953125 0.80625 0.526953125 0.9484375 0.621875 0.9484375 0.621875 0.80625 0.526953125 0.80625
22 0.615625 0.8 0.615625 0.9421875 0.71875 0.9421875 0.71875 0.8 0.615625 0.8
22 0.8328125 0.9234375 0.8328125 0.820703125 0.6890625 0.820703125 0.6890625 0.9234375 0.8328125 0.9234375
22 0.409375 0.8234375 0.409375 0.9265625 0.55625 0.9265625 0.55625 0.8234375 0.409375 0.8234375