22 0.2796875 0 0.2796875 0.309375 0.4671875 0.309375 0.4671875 0 0.2796875 0
22 0.4421875 0 0.4421875 0.240625 0.58671875 0.240625 0.58671875 0 0.4421875 0
22 0.5625 0 0.5625 0.2953125 0.76953125 0.2953125 0.76953125 0 0.5625 0
22 0.44765625 0.4484375 0.2671875 0.4484375 0.2671875 0.66953125 0.44765625 0.66953125 0.44765625 0.4484375
22 0.68125 0.4453125 0.4796875 0.4453125 0.4796875 0.65234375 0.68125 0.65234375 0.68125 0.4453125
22 0.96015625 0.45 0.74375 0.45 0.74375 0.721875 0.96015625 0.721875 0.96015625 0.45
22 0.78046875 0.303125 0.653125 0.303125 0.653125 0.553125 0.78046875 0.553125 0.78046875 0.303125
22 0.4609375 0.7921875 0.25625 0.7921875 0.25625 0.9703125 0.4609375 0.9703125 0.4609375 0.7921875
22 0.63203125 0.828125 0.4421875 0.828125 0.4421875 0.98203125 0.63203125 0.98203125 0.63203125 0.828125
22 0.82578125 0.859375 0.63125 0.859375 0.63125 0.9984375 0.82578125 0.9984375 0.82578125 0.859375
22 0 0 0 0.178125 0.1828125 0.178125 0.1828125 0 0 0
22 0.159375 0 0.159375 0.15625 0.29375 0.15625 0.29375 0 0.159375 0