22 0.8328125 0.3625 0.8328125 0.014313704687500001 0.6293031546875001 0.014313704687500001 0.6293031546875001 0.3625 0.8328125 0.3625
22 0.6390625 0.0127059890625 0.454810590625 0.012705987499999998 0.454810590625 0.3591690109375 0.6390625 0.3591690125 0.6390625 0.0127059890625
22 0.5296875 0.2734375 0.5296875 0.08426446875 0.18171975468749998 0.08426446875 0.18171975468749998 0.2734375 0.5296875 0.2734375
22 0.8577848671874999 0.7484375 0.8577848671874999 0.36687349375 0.6375276328124999 0.36687349375 0.6375276328124999 0.7484375 0.8577848671874999 0.7484375
22 0.6453125 0.35991006875 0.42857717031250003 0.35991006875 0.42857717031250003 0.73852743125 0.6453125 0.7385274328125 0.6453125 0.35991006875
22 0.434375 0.7328125 0.434375 0.357398009375 0.2201065109375 0.357398009375 0.2201065109375 0.7328125 0.434375 0.7328125
22 0.8359375 0.9984375 0.8359375 0.754353396875 0.6247387453125001 0.754353396875 0.6247387453125001 0.9984375 0.8359375 0.9984375
22 0.6576240953125 0.975 0.6576240953125 0.7709781953125 0.403604803125 0.7709781953125 0.403604803125 0.975 0.6576240953125 0.975
22 0.459184084375 0.9703125 0.459184084375 0.7659490546875001 0.19712620625 0.7659490546875001 0.19712620625 0.9703125 0.459184084375 0.9703125
22 0.528125 0.2765625 0.528125 0.084643790625 0.1820538578125 0.084643790625 0.1820538578125 0.2765625 0.528125 0.2765625
22 0.5184058484375 0.65 0.5184058484375 0.438042603125 0.14220006093749998 0.438042603125 0.14220006093749998 0.65 0.5184058484375 0.65