22 0.8365079359375001 0.07936507968749999 0.734126984375 0.07936507968749999 0.734126984375 0.24523809531250002 0.8365079359375001 0.24523809531250002 0.8365079359375001 0.07936507968749999
22 0.934920634375 0.0761904765625 0.834920634375 0.0761904765625 0.834920634375 0.24444444375000002 0.934920634375 0.24444444375000002 0.934920634375 0.0761904765625
22 1 0.0873015875 0.9293650796874999 0.0873015875 0.9293650796874999 0.2460317453125 1 0.2460317453125 1 0.0873015875
22 0.7523809531250001 0.2730158734375 0.6769841265625 0.2730158734375 0.6769841265625 0.42936507968750004 0.7523809531250001 0.42936507968750004 0.7523809531250001 0.2730158734375
22 0.8428571421875001 0.27460317500000003 0.75 0.27460317500000003 0.75 0.42142857187500005 0.8428571421875001 0.42142857187500005 0.8428571421875001 0.27460317500000003
22 0.9380952375 0.2698412703125 0.840476190625 0.2698412703125 0.840476190625 0.4238095234375 0.9380952375 0.4238095234375 0.9380952375 0.2698412703125
22 1 0.26031746093749997 0.9269841265625001 0.26031746093749997 0.9269841265625001 0.42142857187500005 1 0.42142857187500005 1 0.26031746093749997
22 0.741269840625 0.44285714218749994 0.6579365078125 0.44285714218749994 0.6579365078125 0.5698412703125 0.741269840625 0.5698412703125 0.741269840625 0.44285714218749994
22 0.8333333328125001 0.4396825390625 0.7452380953125 0.4396825390625 0.7452380953125 0.5714285718750001 0.8333333328125001 0.5714285718750001 0.8333333328125001 0.4396825390625
22 0.9142857140625 0.43809523749999996 0.83095238125 0.43809523749999996 0.83095238125 0.5674603171875 0.9142857140625 0.5674603171875 0.9142857140625 0.43809523749999996
22 1 0.4365079359375 0.9119047625000001 0.4365079359375 0.9119047625000001 0.5611111109375 1 0.5611111109375 1 0.4365079359375
22 0.7460317453124999 0.44603174531249995 0.6626984125 0.44603174531249995 0.6626984125 0.5706349203125 0.7460317453124999 0.5706349203125 0.7460317453124999 0.44603174531249995
22 0.7682539687500001 0.5825396828125 0.6777777781250001 0.5825396828125 0.6777777781250001 0.7071428578125001 0.7682539687500001 0.7071428578125001 0.7682539687500001 0.5825396828125
22 0.8460317453125 0.5825396828125 0.7682539687500001 0.5825396828125 0.7682539687500001 0.7047619046875 0.8460317453125 0.7047619046875 0.8460317453125 0.5825396828125
22 0.93174603125 0.5730158734375 0.8507936515625 0.5730158734375 0.8507936515625 0.697619046875 0.93174603125 0.697619046875 0.93174603125 0.5730158734375
22 1 0.5730158734375 0.9269841265625001 0.5730158734375 0.9269841265625001 0.697619046875 1 0.697619046875 1 0.5730158734375