22 0 0.384375 0.28125 0.384375 0.28125 0.17421875 0 0.17421875 0 0.384375
22 0.5234375 0.148828125 0.2109375 0.148828125 0.2109375 0.4578125 0.5234375 0.4578125 0.5234375 0.148828125
22 0.528125 0.159375 0.528125 0.4625 0.815625 0.4625 0.815625 0.159375 0.528125 0.159375
22 0.0890625 0.45 0.0890625 0.65625 0.3703125 0.65625 0.3703125 0.45 0.0890625 0.45
22 0.6046875 0.6796875 0.6046875 0.435546875 0.38984375 0.435546875 0.38984375 0.6796875 0.6046875 0.6796875
22 0.83828125 0.678125 0.83828125 0.443359375 0.63125 0.443359375 0.63125 0.678125 0.83828125 0.678125
22 0.9984375 0.467578125 0.859375 0.467578125 0.859375 0.65625 0.9984375 0.65625 0.9984375 0.467578125
22 0.027734375 0.65625 0.027734375 0.834375 0.2578125 0.834375 0.2578125 0.65625 0.027734375 0.65625
22 0.7265625 0.8203125 0.7265625 0.662109375 0.510546875 0.662109375 0.510546875 0.8203125 0.7265625 0.8203125
22 0.5125 0.9921875 0.5125 0.795703125 0.390625 0.795703125 0.390625 0.9921875 0.5125 0.9921875
22 0.71875 0.783984375 0.58671875 0.783984375 0.58671875 0.9875 0.71875 0.9875 0.71875 0.783984375
22 0.771875 0.790625 0.771875 0.9828125 0.9109375 0.9828125 0.9109375 0.790625 0.771875 0.790625