22 0 0.45625 0.2109375 0.45625 0.2109375 0.103125 0 0.103125 0 0.45625
22 0.5234375 0.148046875 0.2109375 0.148046875 0.2109375 0.4578125 0.5234375 0.4578125 0.5234375 0.148046875
22 0.528515625 0.159375 0.528515625 0.4625 0.815625 0.4625 0.815625 0.159375 0.528515625 0.159375
22 0.3703125 0.450390625 0.0890625 0.450390625 0.0890625 0.65625 0.3703125 0.65625 0.3703125 0.450390625
22 0.6046875 0.6796875 0.6046875 0.435546875 0.3890625 0.435546875 0.3890625 0.6796875 0.6046875 0.6796875
22 0.8390625 0.443359375 0.63203125 0.443359375 0.63203125 0.678125 0.8390625 0.678125 0.8390625 0.443359375
22 1 0.492578125 0.834375 0.492578125 0.834375 0.63125 1 0.63125 1 0.492578125
22 0.054296875 0.6296875 0.054296875 0.86015625 0.23125 0.86015625 0.23125 0.6296875 0.054296875 0.6296875
22 0.7265625 0.8203125 0.7265625 0.662109375 0.510546875 0.662109375 0.510546875 0.8203125 0.7265625 0.8203125
22 0.5125 0.9921875 0.5125 0.795703125 0.390625 0.795703125 0.390625 0.9921875 0.5125 0.9921875
22 0.71796875 0.9875 0.71796875 0.783984375 0.5859375 0.783984375 0.5859375 0.9875 0.71796875 0.9875
22 0.7453125 0.8171875 0.7453125 0.95625 0.9375 0.95625 0.9375 0.8171875 0.7453125 0.8171875