22 0.8671875 0.2125 0.8671875 0.111272321875 0.702579365625 0.111272321875 0.702579365625 0.2125 0.8671875 0.2125
22 0.9671875 0.209375 0.9671875 0.11086309375 0.800632440625 0.11086309375 0.800632440625 0.209375 0.9671875 0.209375
22 0.9984375 0.2453125 0.9984375 0.0875620046875 0.9292038687499999 0.0875620046875 0.9292038687499999 0.2453125 0.9984375 0.2453125
22 0.7515625 0.428125 0.7515625 0.27264385 0.6768229156250001 0.27264385 0.6768229156250001 0.428125 0.7515625 0.428125
22 0.86875 0.39375 0.86875 0.30192212343749997 0.7234375 0.30192212343749997 0.7234375 0.39375 0.86875 0.39375
22 0.9375 0.421875 0.9375 0.2697916671875 0.8406994046875 0.2697916671875 0.8406994046875 0.421875 0.9375 0.421875
22 1 0.30457589375 0.8834697421875 0.30457589375 0.8834697421875 0.3765625 1 0.3765625 1 0.30457589375
22 0.7625 0.546875 0.7625 0.464298115625 0.636210315625 0.464298115625 0.636210315625 0.546875 0.7625 0.546875
22 0.8546875 0.5484375 0.8546875 0.46128472187499997 0.723499503125 0.46128472187499997 0.723499503125 0.5484375 0.8546875 0.5484375
22 0.9359375 0.54375 0.9359375 0.4610739078125 0.80750248125 0.4610739078125 0.80750248125 0.54375 0.9359375 0.54375
22 1 0.4546875 0.8932787703124999 0.4546875 0.8932787703124999 0.5421875 1 0.5421875 1 0.4546875
22 0.7453125 0.5703125 0.7453125 0.44655257812500004 0.6631572421875 0.44655257812500004 0.6631572421875 0.5703125 0.7453125 0.5703125
22 0.784375 0.6890625 0.784375 0.6000248015625 0.66024305625 0.6000248015625 0.66024305625 0.6890625 0.784375 0.6890625
22 0.76875 0.703125 0.8453125 0.703125 0.8453125 0.5826388890625 0.76875 0.5826388890625 0.76875 0.703125
22 0.9296875 0.696875 0.9296875 0.5734375 0.8509300609375 0.5734375 0.8509300609375 0.696875 0.9296875 0.696875
22 1 0.5985987109375001 0.9015625 0.5985987109375001 0.9015625 0.6716145828125 1 0.6716145828125 1 0.5985987109375001