22 0.3296875 0.2046875 0.3296875 0.03984375 0.08515625 0.03984375 0.08515625 0.2046875 0.3296875 0.2046875
22 0.5171875 0.03671875 0.267578125 0.03671875 0.267578125 0.2125 0.5171875 0.2125 0.5171875 0.03671875
22 0.449609375 0.0359375 0.449609375 0.2203125 0.703125 0.2203125 0.703125 0.0359375 0.449609375 0.0359375
22 0.671875 0.0015625 0.671875 0.25625 0.8640625 0.25625 0.8640625 0.0015625 0.671875 0.0015625
22 0.003125 0.3078125 0.003125 0.4734375 0.29375 0.4734375 0.29375 0.3078125 0.003125 0.3078125
22 0.49375 0.4875 0.49375 0.301171875 0.2015625 0.301171875 0.2015625 0.4875 0.49375 0.4875
22 0.634375 0.5453125 0.634375 0.252734375 0.445703125 0.252734375 0.445703125 0.5453125 0.634375 0.5453125
22 0.8390625 0.5640625 0.8390625 0.255078125 0.633203125 0.255078125 0.633203125 0.5640625 0.8390625 0.5640625
22 0.1046875 0.5375 0.1046875 0.8015625 0.2609375 0.8015625 0.2609375 0.5375 0.1046875 0.5375
22 0.4625 0.7390625 0.4625 0.6171875 0.183984375 0.6171875 0.183984375 0.7390625 0.4625 0.7390625
22 0.65 0.5625 0.65 0.853125 0.815625 0.853125 0.815625 0.5625 0.65 0.5625
22 1 0.624609375 0.756640625 0.624609375 0.756640625 0.809375 1 0.809375 1 0.624609375
22 1 0.329296875 0.753515625 0.329296875 0.753515625 0.490625 1 0.490625 1 0.329296875