22 0.43125 0.09453125 0.092578125 0.09453125 0.092578125 0.29375 0.43125 0.29375 0.43125 0.09453125
22 0.53125 0.359375 0.53125 0.023828125 0.351953125 0.023828125 0.351953125 0.359375 0.53125 0.359375
22 0.534375 0.015625 0.534375 0.3546875 0.71875 0.3546875 0.71875 0.015625 0.534375 0.015625
22 0.353125 0.367578125 0.1390625 0.367578125 0.1390625 0.7390625 0.353125 0.7390625 0.353125 0.367578125
22 0.55625 0.728125 0.55625 0.361328125 0.345703125 0.361328125 0.345703125 0.728125 0.55625 0.728125
22 0.55 0.3578125 0.55 0.7234375 0.759375 0.7234375 0.759375 0.3578125 0.55 0.3578125
22 0.159375 0.9953125 0.365625 0.9953125 0.365625 0.744140625 0.159375 0.744140625 0.159375 0.9953125
22 0.5890625 0.76875 0.325390625 0.76875 0.325390625 0.9671875 0.5890625 0.9671875 0.5890625 0.76875
22 0.7875 0.9609375 0.7875 0.763671875 0.519140625 0.763671875 0.519140625 0.9609375 0.7875 0.9609375
22 0.796875 0.093359375 0.46015625 0.093359375 0.46015625 0.2796875 0.796875 0.2796875 0.796875 0.093359375
22 0.834375 0.43671875 0.469140625 0.43671875 0.469140625 0.64375 0.834375 0.64375 0.834375 0.43671875