22 0 0.4693548390625 0.2 0.4693548390625 0.2 0.10483870937499999 0 0.10483870937499999 0 0.4693548390625
22 0.2 0.47177419374999996 0.5225806453125 0.47177419374999996 0.5225806453125 0.151612903125 0.2 0.151612903125 0.2 0.47177419374999996
22 0.5274193546875 0.47580645156249995 0.825 0.47580645156249995 0.825 0.1629032265625 0.5274193546875 0.1629032265625 0.5274193546875 0.47580645156249995
22 0.0741935484375 0.676612903125 0.3645161296875 0.676612903125 0.3645161296875 0.4629032265625 0.0741935484375 0.4629032265625 0.0741935484375 0.676612903125
22 0.3693548390625 0.6862903218749999 0.6225806453125 0.6862903218749999 0.6225806453125 0.4629032265625 0.3693548390625 0.4629032265625 0.3693548390625 0.6862903218749999
22 0.6193548390625 0.68467741875 0.8629032265625 0.68467741875 0.8629032265625 0.4709677421875 0.6193548390625 0.4709677421875 0.6193548390625 0.68467741875
22 1 0.48064516093750004 0.8693548390625001 0.48064516093750004 0.8693548390625001 0.676612903125 1 0.676612903125 1 0.48064516093750004
22 0.011290321875 0.8596774187499999 0.2491935484375 0.8596774187499999 0.2491935484375 0.6758064515625 0.011290321875 0.6758064515625 0.011290321875 0.8596774187499999
22 0.50967741875 0.8459677421875 0.733064515625 0.8459677421875 0.733064515625 0.6822580640625 0.50967741875 0.6822580640625 0.50967741875 0.8459677421875
22 0.34677419375 0.9846774187499999 0.55 0.9846774187499999 0.55 0.858064515625 0.34677419375 0.858064515625 0.34677419375 0.9846774187499999
22 0.55 0.9814516125000001 0.761290321875 0.9814516125000001 0.761290321875 0.845161290625 0.55 0.845161290625 0.55 0.9814516125000001
22 0.7516129031250001 0.9854838703125001 0.95 0.9854838703125001 0.95 0.841935484375 0.7516129031250001 0.841935484375 0.7516129031250001 0.9854838703125001