22 0.271875 0.4890625 0.271875 0.3265625 0.096484375 0.3265625 0.096484375 0.4890625 0.271875 0.4890625
22 0.263671875 0.3046875 0.263671875 0.49375 0.440625 0.49375 0.440625 0.3046875 0.263671875 0.3046875
22 0.061328125 0.1046875 0.061328125 0.31875 0.2359375 0.31875 0.2359375 0.1046875 0.061328125 0.1046875
22 0.453125 0.312890625 0.265625 0.312890625 0.265625 0.4875 0.453125 0.4875 0.453125 0.312890625
22 0.4140625 0.09140625 0.201171875 0.09140625 0.201171875 0.3171875 0.4140625 0.3171875 0.4140625 0.09140625
22 0.466015625 0.3234375 0.466015625 0.496875 0.65 0.496875 0.65 0.3234375 0.466015625 0.3234375
22 0.64375 0.3140625 0.64375 0.4875 0.85 0.4875 0.85 0.3140625 0.64375 0.3140625
22 0.443359375 0.0984375 0.443359375 0.3046875 0.675 0.3046875 0.675 0.0984375 0.443359375 0.0984375
22 0.6546875 0.084375 0.6546875 0.3171875 0.8828125 0.3171875 0.8828125 0.084375 0.6546875 0.084375
22 0.30859375 0 0.30859375 0.171875 0.365625 0.171875 0.365625 0 0.30859375 0
22 0.451953125 0.034375 0.451953125 0.096875 0.6765625 0.096875 0.6765625 0.034375 0.451953125 0.034375
22 0.663671875 0.0265625 0.663671875 0.09375 0.8890625 0.09375 0.8890625 0.0265625 0.663671875 0.0265625