22 0 0 0 0.371875 0.090625 0.371875 0.090625 0 0 0
22 0.09375 0 0.09375 0.3671875 0.240625 0.3671875 0.240625 0 0.09375 0
22 0.5109375 0.265625 0.5109375 0.10546875 0.13984375 0.10546875 0.13984375 0.265625 0.5109375 0.265625
22 0.4109375 0.003125 0.4109375 0.36875 0.5671875 0.36875 0.5671875 0.003125 0.4109375 0.003125
22 0.5703125 0 0.5703125 0.3578125 0.73125 0.3578125 0.73125 0 0.5703125 0
22 0.565234375 0 0.565234375 0.365625 0.7328125 0.365625 0.7328125 0 0.565234375 0
22 0.9859375 0.1109375 0.620703125 0.1109375 0.620703125 0.2546875 0.9859375 0.2546875 0.9859375 0.1109375
22 0.8734375 0 0.8734375 0.371875 0.9984375 0.371875 0.9984375 0 0.8734375 0
22 0 0.8640625 0.340625 0.8640625 0.340625 0.698828125 0 0.698828125 0 0.8640625
22 0.19375 0.996875 0.36875 0.996875 0.36875 0.5578125 0.19375 0.5578125 0.19375 0.996875
22 0.596875 0.766015625 0.29609375 0.766015625 0.29609375 0.93125 0.596875 0.93125 0.596875 0.766015625
22 0.6984375 0.558203125 0.528125 0.558203125 0.528125 0.996875 0.6984375 0.996875 0.6984375 0.558203125
22 0.9921875 0.859375 0.9921875 0.696484375 0.554296875 0.696484375 0.554296875 0.859375 0.9921875 0.859375
22 1 0.546875 0.8453125 0.546875 0.8453125 0.9625 1 0.9625 1 0.546875