22 0.125 0 0.125 0.2453125 0.290625 0.2453125 0.290625 0 0.125 0
22 0.3046875 0 0.3046875 0.25 0.48046875 0.25 0.48046875 0 0.3046875 0
22 0.66953125 0.0015625 0.484375 0.0015625 0.484375 0.25625 0.66953125 0.25625 0.66953125 0.0015625
22 0.8640625 0.0015625 0.671875 0.0015625 0.671875 0.25625 0.8640625 0.25625 0.8640625 0.0015625
22 0.23125 0.2453125 0.065625 0.2453125 0.065625 0.5359375 0.23125 0.5359375 0.23125 0.2453125
22 0.4421875 0.2484375 0.2546875 0.2484375 0.2546875 0.54140625 0.4421875 0.54140625 0.4421875 0.2484375
22 0.63515625 0.253125 0.4453125 0.253125 0.4453125 0.54609375 0.63515625 0.54609375 0.63515625 0.253125
22 0.83984375 0.2546875 0.6328125 0.2546875 0.6328125 0.56484375 0.83984375 0.56484375 0.83984375 0.2546875
22 0.2609375 0.5375 0.1046875 0.5375 0.1046875 0.8015625 0.2609375 0.8015625 0.2609375 0.5375
22 0.38515625 0.5390625 0.2625 0.5390625 0.2625 0.81796875 0.38515625 0.81796875 0.38515625 0.5390625
22 0.815625 0.5625 0.65 0.5625 0.65 0.853125 0.815625 0.853125 0.815625 0.5625
22 0.99921875 0.5671875 0.8140625 0.5671875 0.8140625 0.86796875 0.99921875 0.86796875 0.99921875 0.5671875
22 0.99765625 0.2484375 0.834375 0.2484375 0.834375 0.57265625 0.99765625 0.57265625 0.99765625 0.2484375