22 0 0 0 0.4114583328125 0.05208333281250001 0.4114583328125 0.05208333281250001 0 0 0
22 0.055555556250000006 0 0.055555556250000006 0.40625 0.21875 0.40625 0.21875 0 0.055555556250000006 0
22 0.22395833281250002 0 0.22395833281250002 0.4114583328125 0.40277777812500004 0.4114583328125 0.40277777812500004 0 0.22395833281250002 0
22 0.4079861109375 0.4079861109375 0.581597221875 0.4079861109375 0.581597221875 0.0017361109374999999 0.4079861109375 0.0017361109374999999 0.4079861109375 0.4079861109375
22 0.5850694437499999 0 0.5850694437499999 0.3958333328125 0.7638888890625 0.3958333328125 0.7638888890625 0 0.5850694437499999 0
22 0.5798611109375 0 0.5798611109375 0.4045138890625 0.7664930562500001 0.4045138890625 0.7664930562500001 0 0.5798611109375 0
22 0.7638888890625 0 0.7638888890625 0.4045138890625 0.9244791671874999 0.4045138890625 0.9244791671874999 0 0.7638888890625 0
22 0.921875 0 0.921875 0.4114583328125 1 0.4114583328125 1 0 0.921875 0
22 0.18055555625 1 0.18055555625 0.625 0 0.625 0 1 0.18055555625 1
22 0.3619791671875 1 0.3619791671875 0.6180555562500001 0.1666666671875 0.6180555562500001 0.1666666671875 1 0.3619791671875 1
22 0.5399305562500001 1 0.5399305562500001 0.7743055562500001 0.35590277812500004 0.7743055562500001 0.35590277812500004 1 0.5399305562500001 1
22 0.7274305562500001 1 0.7274305562500001 0.6180555562500001 0.5381944437499999 0.6180555562500001 0.5381944437499999 1 0.7274305562500001 1
22 0.901909721875 1 0.901909721875 0.6180555562500001 0.7204861109375 0.6180555562500001 0.7204861109375 1 0.901909721875 1
22 1 0.605902778125 0.890625 0.605902778125 0.890625 1 1 1 1 0.605902778125