22 0.7234375 0.4390625 0.7234375 0.3654166671875 0.4630729171875 0.3654166671875 0.4630729171875 0.4390625 0.7234375 0.4390625
22 0.778125 0.44375 0.778125 0.3753125 0.54390625 0.3753125 0.54390625 0.44375 0.778125 0.44375
22 0.5860416671875 0.5734375 0.5860416671875 0.7140625 0.6452083328125 0.7140625 0.6452083328125 0.5734375 0.5860416671875 0.5734375
22 0.7359375 0.605833334375 0.60046875 0.605833334375 0.60046875 0.67 0.7359375 0.67 0.7359375 0.605833334375
22 0.703229165625 0.575 0.703229165625 0.6953125 0.762395834375 0.6953125 0.762395834375 0.575 0.703229165625 0.575
22 0.603125 0.925 0.603125 0.8301562499999999 0.538125 0.8301562499999999 0.538125 0.925 0.603125 0.925
22 0.6109375 0.9032291656250001 0.5684375015625001 0.9032291656250001 0.5684375015625001 0.9623958343749999 0.6109375 0.9623958343749999 0.6109375 0.9032291656250001
22 0.6015625 0.921875 0.6703125 0.921875 0.6703125 0.853125 0.6015625 0.853125 0.6015625 0.921875
22 0.7671875 0.8421875 0.7671875 0.7913020828125 0.62046875 0.7913020828125 0.62046875 0.8421875 0.7671875 0.8421875
22 0.765625 0.86875 0.765625 0.7570833343750001 0.7230208328125001 0.7570833343750001 0.7230208328125001 0.86875 0.765625 0.86875
22 0.7515625 0.8625 0.815625 0.8625 0.815625 0.77171875 0.7515625 0.77171875 0.7515625 0.8625
22 0.7515625 0.9921875 0.7515625 0.9307291671875 0.6757812484375 0.930729165625 0.6757812484375 0.9921875 0.7515625 0.9921875
22 0.71875 0.9984375 0.8078125 0.9984375 0.8078125 0.9198437500000001 0.71875 0.9198437500000001 0.71875 0.9984375