22 0.125 0 0.125 0.2453125 0.290625 0.2453125 0.290625 0 0.125 0
22 0.304296875 0 0.304296875 0.25 0.4796875 0.25 0.4796875 0 0.304296875 0
22 0.449609375 0.0359375 0.449609375 0.2203125 0.703125 0.2203125 0.703125 0.0359375 0.449609375 0.0359375
22 0.671875 0.0015625 0.671875 0.25625 0.8640625 0.25625 0.8640625 0.0015625 0.671875 0.0015625
22 0.003125 0.3078125 0.003125 0.4734375 0.29375 0.4734375 0.29375 0.3078125 0.003125 0.3078125
22 0.4421875 0.248828125 0.2546875 0.248828125 0.2546875 0.540625 0.4421875 0.540625 0.4421875 0.248828125
22 0.6859375 0.49375 0.6859375 0.305078125 0.394140625 0.305078125 0.394140625 0.49375 0.6859375 0.49375
22 0.890625 0.5125 0.890625 0.306640625 0.580859375 0.306640625 0.580859375 0.5125 0.890625 0.5125
22 0.1046875 0.5375 0.1046875 0.8015625 0.2609375 0.8015625 0.2609375 0.5375 0.1046875 0.5375
22 0.4625 0.7390625 0.4625 0.6171875 0.183984375 0.6171875 0.183984375 0.7390625 0.4625 0.7390625
22 0.5875 0.625 0.5875 0.790625 0.878125 0.790625 0.878125 0.625 0.5875 0.625
22 1 0.625390625 0.755859375 0.625390625 0.755859375 0.809375 1 0.809375 1 0.625390625
22 0.834375 0.571875 0.996875 0.571875 0.996875 0.2484375 0.834375 0.2484375 0.834375 0.571875