22 0.146875 0.20625 0.146875 0.340625 0.325 0.340625 0.325 0.20625 0.146875 0.20625
22 0.80625 0.3796875 0.80625 0.180859375 0.631640625 0.180859375 0.631640625 0.3796875 0.80625 0.3796875
22 0.565625 0.3703125 0.634375 0.3703125 0.634375 0.191015625 0.565625 0.191015625 0.565625 0.3703125
22 0.2828125 0.362109375 0.10234375 0.362109375 0.10234375 0.5796875 0.2828125 0.5796875 0.2828125 0.362109375
22 0.2921875 0.38125 0.2921875 0.565625 0.49375 0.565625 0.49375 0.38125 0.2921875 0.38125
22 0.496875 0.3765625 0.496875 0.565625 0.6625 0.565625 0.6625 0.3765625 0.496875 0.3765625
22 0.6671875 0.565234375 0.49375 0.565234375 0.49375 0.7546875 0.6671875 0.7546875 0.6671875 0.565234375
22 0.112890625 0.765625 0.112890625 0.93125 0.3015625 0.93125 0.3015625 0.765625 0.112890625 0.765625
22 0.4828125 0.762890625 0.3 0.762890625 0.3 0.9203125 0.4828125 0.9203125 0.4828125 0.762890625
22 0.65 0.9203125 0.65 0.75546875 0.48984375 0.75546875 0.48984375 0.9203125 0.65 0.9203125
22 0.6609375 0.7546875 0.6609375 0.9109375 0.8265625 0.9109375 0.8265625 0.7546875 0.6609375 0.7546875
22 0.296875 1 0.296875 0.928125 0.122265625 0.928125 0.122265625 1 0.296875 1
22 0.2953125 0.9984375 0.453125 0.9984375 0.453125 0.925390625 0.2953125 0.925390625 0.2953125 0.9984375
22 0.6296875 1 0.6296875 0.915625 0.467578125 0.915625 0.467578125 1 0.6296875 1
22 0.796875 1 0.796875 0.9109375 0.634375 0.9109375 0.634375 1 0.796875 1