22 0 0 0 0.3145161296875 0.2 0.3145161296875 0.2 0 0 0
22 0.1806451609375 0 0.1806451609375 0.3177419359375 0.4709677421875 0.3177419359375 0.4709677421875 0 0.1806451609375 0
22 0.48064516093750004 0 0.48064516093750004 0.31290322656249997 0.75322580625 0.31290322656249997 0.75322580625 0 0.48064516093750004 0
22 0.754838709375 0 0.754838709375 0.31290322656249997 1 0.31290322656249997 1 0 0.754838709375 0
22 0 0.5959677421875 0.204838709375 0.5959677421875 0.204838709375 0.3258064515625 0 0.3258064515625 0 0.5959677421875
22 0.20322580625 0.598387096875 0.47338709687499997 0.598387096875 0.47338709687499997 0.3225806453125 0.20322580625 0.3225806453125 0.20322580625 0.598387096875
22 0.48225806406249994 0.5895161296875 0.7427419359375 0.5895161296875 0.7427419359375 0.311290321875 0.48225806406249994 0.311290321875 0.48225806406249994 0.5895161296875
22 0.745161290625 0.5935483875 0.998387096875 0.5935483875 0.998387096875 0.3258064515625 0.745161290625 0.3258064515625 0.745161290625 0.5935483875
22 0 0.85 0.16935483906249998 0.85 0.16935483906249998 0.5790322578125 0 0.5790322578125 0 0.85
22 0.74032258125 0.8298387093749999 0.9838709671875 0.8298387093749999 0.9838709671875 0.5790322578125 0.74032258125 0.5790322578125 0.74032258125 0.8298387093749999
22 0.2274193546875 1 0.2274193546875 0.8435483874999999 0 0.8435483874999999 0 1 0.2274193546875 1
22 0.47661290312500004 1 0.47661290312500004 0.838709678125 0.23064516093749998 0.838709678125 0.23064516093749998 1 0.47661290312500004 1
22 0.7145161296875 1 0.7145161296875 0.8258064515625 0.47741935468749996 0.8258064515625 0.47741935468749996 1 0.7145161296875 1
22 0.95 1 0.95 0.8161290328125 0.7193548390625 0.8161290328125 0.7193548390625 1 0.95 1