22 0 0.1578125 0.1359375 0.1578125 0.1359375 0.059375 0 0.059375 0 0.1578125
22 0.3640625 0.3484375 0.3640625 0.2719002015625 0.2023689515625 0.2719002015625 0.2023689515625 0.3484375 0.3640625 0.3484375
22 0.2796875 0.353125 0.2796875 0.2515625 0.11444052499999999 0.2515625 0.11444052499999999 0.353125 0.2796875 0.353125
22 0 0.3578125 0.15146169375000001 0.3578125 0.15146169375000001 0.2522681453125 0 0.2522681453125 0 0.3578125
22 0.3125 0.5609375 0.3125 0.41491935468749996 0.2284778234375 0.41491935468749996 0.2284778234375 0.5609375 0.3125 0.5609375
22 0 0.553125 0.178125 0.553125 0.178125 0.44521169374999997 0 0.44521169374999997 0 0.553125
22 0.3125 0.7125 0.3125 0.617540321875 0.147278225 0.617540321875 0.147278225 0.7125 0.3125 0.7125
22 0.215625 0.6393397171874999 0.0470766125 0.6393397171874999 0.0470766125 0.740625 0.215625 0.740625 0.215625 0.6393397171874999
22 0.0765625 0.7765625 0.0765625 0.6098790328125 0.00035282343750000003 0.6098790328125 0.000352821875 0.7765625 0.0765625 0.7765625
22 0.3015625 0.9796875 0.3015625 0.8018901203125001 0.1888356859375 0.8018901203125001 0.1888356859375 0.9796875 0.3015625 0.9796875
22 0.225 0.42227822656249997 0.141255040625 0.42227822656249997 0.141255040625 0.571471775 0.225 0.571471775 0.225 0.42227822656249997
22 0.2265625 0.840625 0.030997984375 0.840625 0.030997984375 0.962247984375 0.2265625 0.962247984375 0.2265625 0.840625
22 0.0703125 0.9984375 0.0703125 0.8418094765624999 0.000327621875 0.8418094765624999 0.000327621875 0.9984375 0.0703125 0.9984375