22 0.8671875 0.2125 0.8671875 0.111272321875 0.702579365625 0.111272321875 0.702579365625 0.2125 0.8671875 0.2125
22 0.834375 0.0765625 0.834375 0.24375 0.934375 0.24375 0.934375 0.0765625 0.834375 0.0765625
22 1 0.1315104171875 0.8855778765625001 0.1315104171875 0.8855778765625001 0.2015625 1 0.2015625 1 0.1315104171875
22 0.7515625 0.428125 0.7515625 0.27264385 0.6768229156250001 0.27264385 0.6768229156250001 0.428125 0.7515625 0.428125
22 0.86875 0.39375 0.86875 0.30192212343749997 0.7234375 0.30192212343749997 0.7234375 0.39375 0.86875 0.39375
22 0.8125 0.39375 0.965625 0.39375 0.965625 0.2982390875 0.8125 0.2982390875 0.8125 0.39375
22 1 0.2597842265625 0.927194940625 0.2597842265625 0.927194940625 0.4203125 1 0.4203125 1 0.2597842265625
22 0.740625 0.4429563484375 0.65832093125 0.4429563484375 0.65832093125 0.5699404765625 0.740625 0.5699404765625 0.740625 0.4429563484375
22 0.8546875 0.5484375 0.8546875 0.46128472187499997 0.723499503125 0.46128472187499997 0.723499503125 0.5484375 0.8546875 0.5484375
22 0.9359375 0.54375 0.9359375 0.46114831250000005 0.8083705359375 0.46114831250000005 0.8083705359375 0.54375 0.9359375 0.54375
22 0.9984375 0.5609375 0.9984375 0.436879959375 0.9116071437500001 0.436879959375 0.9116071437500001 0.5609375 0.9984375 0.5609375
22 0.7453125 0.44551091249999997 0.6625 0.44551091249999997 0.6625 0.5701140875 0.7453125 0.5701140875 0.7453125 0.44551091249999997
22 0.7671875 0.70625 0.7671875 0.5830109125 0.6781994046875 0.5830109125 0.6781994046875 0.70625 0.7671875 0.70625
22 0.8671875 0.68125 0.8671875 0.6046875 0.7459325406249999 0.6046875 0.7459325406249999 0.68125 0.8671875 0.68125
22 0.9296875 0.696875 0.9296875 0.5734375 0.85065724375 0.5734375 0.85065724375 0.696875 0.9296875 0.696875
22 1 0.5985987109375001 0.9015625 0.5985987109375001 0.9015625 0.6716145828125 1 0.6716145828125 1 0.5985987109375001