22 0.8625 0.1934223796875 0.6786290328125 0.1934223796875 0.6786290328125 0.33125 0.8625 0.33125 0.8625 0.1934223796875
22 0.3625 0.3734375 0.3625 0.167993953125 0.18175403125 0.167993953125 0.18175403125 0.3734375 0.3625 0.3734375
22 0.4875 0.234375 0.3021421359375 0.234375 0.3021421359375 0.305897178125 0.4875 0.305897178125 0.4875 0.234375
22 0.9091229828125 0.5796875 0.9091229828125 0.354158265625 0.7228326609375 0.354158265625 0.7228326609375 0.5796875 0.9091229828125 0.5796875
22 0.7125 0.3739667328125 0.5046875 0.3739667328125 0.5046875 0.565095765625 0.7125 0.565095765625 0.7125 0.3739667328125
22 0.51396169375 0.5515625 0.51396169375 0.3815776203125 0.3179939515625 0.3815776203125 0.3179939515625 0.5515625 0.51396169375 0.5515625
22 0.503125 0.5645161296875 0.32550403125 0.5645161296875 0.32550403125 0.7604838703125 0.503125 0.7604838703125 0.503125 0.5645161296875
22 0.896875 0.7711693546875 0.70204133125 0.7711693546875 0.70204133125 0.942137096875 0.896875 0.942137096875 0.896875 0.7711693546875
22 0.7046875 0.93125 0.7046875 0.7681199609375 0.5164566546875 0.7681199609375 0.5164566546875 0.93125 0.7046875 0.93125
22 0.340625 0.928125 0.5109375 0.928125 0.5109375 0.7627772187499999 0.340625 0.7627772187499999 0.340625 0.928125
22 0.3265625 0.925 0.3265625 0.7547379015625 0.16565020156250002 0.754737903125 0.16565020156250002 0.925 0.3265625 0.925
22 0.8875 0.9984375 0.8875 0.9385332671875 0.706804434375 0.9385332671875 0.706804434375 0.9984375 0.8875 0.9984375
22 0.7091985875 0.9984375 0.7091985875 0.9357106859375 0.5454889109375001 0.9357106859375 0.5454889109375001 0.9984375 0.7091985875 0.9984375
22 0.484375 1 0.484375 0.8781754046874999 0.4112651203125 0.8781754046874999 0.4112651203125 1 0.484375 1
22 0.3592741921875 0.9996723796874999 0.3592741921875 0.9206401203125001 0.19072580625 0.9206401203125001 0.19072580625 0.9996723796874999 0.3592741921875 0.9996723796874999