22 0.045703125 0 0.045703125 0.2953125 0.3359375 0.2953125 0.3359375 0 0.045703125 0
22 0.325 0.0046875 0.325 0.2859375 0.615625 0.2859375 0.615625 0.0046875 0.325 0.0046875
22 0.628125 0 0.628125 0.2953125 0.90625 0.2953125 0.90625 0 0.628125 0
22 0.2796875 0.27890625 0.021484375 0.27890625 0.021484375 0.5625 0.2796875 0.5625 0.2796875 0.27890625
22 0.5890625 0.299609375 0.29375 0.299609375 0.29375 0.5515625 0.5890625 0.5515625 0.5890625 0.299609375
22 0.5796875 0.2859375 0.5796875 0.5625 0.8625 0.5625 0.8625 0.2859375 0.5796875 0.2859375
22 0.9984375 0.294921875 0.86875 0.294921875 0.86875 0.5515625 0.9984375 0.5515625 0.9984375 0.294921875
22 0.109375 0.759375 0.109375 0.9375 0.3375 0.9375 0.3375 0.759375 0.109375 0.759375
22 0.5359375 0.9609375 0.5359375 0.71484375 0.354296875 0.71484375 0.354296875 0.9609375 0.5359375 0.9609375
22 0.565625 0.7640625 0.565625 0.9296875 0.8015625 0.9296875 0.8015625 0.7640625 0.565625 0.7640625
22 0.8109375 0.74375 0.8109375 0.9453125 0.984375 0.9453125 0.984375 0.74375 0.8109375 0.74375
22 0 0.8953125 0.1359375 0.8953125 0.1359375 0.79296875 0 0.79296875 0 0.8953125