22 0.7937748015625 0 0.7937748015625 0.1296875 0.9406001984374999 0.1296875 0.9406001984374999 0 0.7937748015625 0
22 0.8140625 0.1203125 0.8140625 0.0001612109375 0.694903271875 0.0001612109375 0.694903271875 0.1203125 0.8140625 0.1203125
22 0.696875 0.1265625 0.696875 0.0001736109375 0.5889880953125 0.0001736109375 0.5889880953125 0.1265625 0.696875 0.1265625
22 0.59375 0.115625 0.59375 0.0001240078125 0.4775669640625 0.0001240078125 0.4775669640625 0.115625 0.59375 0.115625
22 0.4984375 0.115625 0.4984375 0.0001240078125 0.38240327500000004 0.0001240078125 0.38240327500000004 0.115625 0.4984375 0.115625
22 0.2796626984375 0 0.2796626984375 0.121875 0.38125 0.121875 0.38125 0 0.2796626984375 0
22 0.3 0.1171875 0.3 0.0101314484375 0.1728422609375 0.0101314484375 0.1728422609375 0.1171875 0.3 0.1171875
22 0.6421875 0.3140625 0.8140625 0.3140625 0.8140625 0.2099826390625 0.6421875 0.2099826390625 0.6421875 0.3140625
22 0.725 0.20625 0.5458953375 0.20625 0.5458953375 0.3109002984375 0.725 0.3109002984375 0.725 0.20625
22 0.5828125 0.3359375 0.5828125 0.1875 0.488678075 0.1875 0.488678075 0.3359375 0.5828125 0.3359375
22 0.49375 0.3328125 0.49375 0.175 0.395163690625 0.175 0.395163690625 0.3328125 0.49375 0.3328125
22 0.265625 0.30625 0.4234375 0.30625 0.4234375 0.19911954375000002 0.265625 0.19911954375000002 0.265625 0.30625
22 0.3125 0.3265625 0.3125 0.183134921875 0.1611979171875 0.183134921875 0.1611979171875 0.3265625 0.3125 0.3265625
22 0.8140625 0.4265625 0.6543030765625 0.4265625 0.6543030765625 0.5311135921875 0.8140625 0.5311135921875 0.8140625 0.4265625
22 0.6918154765625 0.41571180625000004 0.5894345234375 0.41571180625000004 0.5894345234375 0.5546006953125 0.6918154765625 0.5546006953125 0.6918154765625 0.41571180625000004
22 0.6171875 0.5265625 0.6171875 0.42307787656249995 0.4742063484375 0.42307787656249995 0.4742063484375 0.5265625 0.6171875 0.5265625
22 0.5015625 0.54375 0.5015625 0.3984623015625 0.40115327343749996 0.3984623015625 0.40115327343749996 0.54375 0.5015625 0.54375
22 0.4109375 0.546875 0.4109375 0.398772321875 0.311284721875 0.398772321875 0.311284721875 0.546875 0.4109375 0.546875
22 0.2250372015625 0.390625 0.2250372015625 0.5390625 0.3202752984375 0.5390625 0.3202752984375 0.390625 0.2250372015625 0.390625
22 0.865625 0.7171875 0.865625 0.60321180625 0.6883184515625 0.60321180625 0.6883184515625 0.7171875 0.865625 0.7171875
22 0.6171875 0.75625 0.7359375 0.75625 0.7359375 0.5719866062500001 0.6171875 0.5719866062500001 0.6171875 0.75625
22 0.4671875 0.728125 0.65 0.728125 0.65 0.6026413703125 0.4671875 0.6026413703125 0.4671875 0.728125
22 0.4921875 0.7375 0.4921875 0.5775173609375 0.3771329359375 0.5775173609375 0.3771329359375 0.7375 0.4921875 0.7375
22 0.403125 0.7125 0.403125 0.597718253125 0.2330233140625 0.597718253125 0.2330233140625 0.7125 0.403125 0.7125
22 0.8703125 0.93125 0.8703125 0.7949900796875 0.7097346234375 0.7949900796875 0.7097346234375 0.93125 0.8703125 0.93125
22 0.7984375 0.9625 0.7984375 0.8134176578125001 0.591455853125 0.8134176578125001 0.591455853125 0.9625 0.7984375 0.9625
22 0.68125 0.9203125 0.68125 0.8021329359375 0.44978918593749995 0.8021329359375 0.44978918593749995 0.9203125 0.68125 0.9203125
22 0.5515625 0.93125 0.5515625 0.8095486109375001 0.34398561562499996 0.8095486109375001 0.34398561562499996 0.93125 0.5515625 0.93125
22 0.215625 0.9359375 0.4171875 0.9359375 0.4171875 0.7958953375 0.215625 0.7958953375 0.215625 0.9359375