22 0.040625 0 0.040625 0.290625 0.34140625 0.290625 0.34140625 0 0.040625 0
22 0.3296875 0 0.3296875 0.290625 0.6109375 0.290625 0.6109375 0 0.3296875 0
22 0.6109375 0 0.6109375 0.278125 0.9234375 0.278125 0.9234375 0 0.6109375 0
22 0.29296875 0.290625 0.009375 0.290625 0.009375 0.55 0.29296875 0.55 0.29296875 0.290625
22 0.5890625 0.3 0.29375 0.3 0.29375 0.55234375 0.5890625 0.55234375 0.5890625 0.3
22 0.86328125 0.2859375 0.5796875 0.2859375 0.5796875 0.5625 0.86328125 0.5625 0.86328125 0.2859375
22 0.9984375 0.2953125 0.86875 0.2953125 0.86875 0.55234375 0.9984375 0.55234375 0.9984375 0.2953125
22 0.3375 0.759375 0.109375 0.759375 0.109375 0.9375 0.3375 0.9375 0.3375 0.759375
22 0.56953125 0.746875 0.321875 0.746875 0.321875 0.9296875 0.56953125 0.9296875 0.56953125 0.746875
22 0.8015625 0.7640625 0.565625 0.7640625 0.565625 0.9296875 0.8015625 0.9296875 0.8015625 0.7640625
22 0.9984375 0.7578125 0.796875 0.7578125 0.796875 0.93125 0.9984375 0.93125 0.9984375 0.7578125
22 0 0.9296875 0.103125 0.9296875 0.103125 0.759375 0 0.759375 0 0.9296875