22 0.0929054046875 0.4856418921875 0.26942567500000003 0.4856418921875 0.26942567500000003 0.2956081078125 0.0929054046875 0.2956081078125 0.0929054046875 0.4856418921875
22 0.260135134375 0.478040540625 0.465371621875 0.478040540625 0.465371621875 0.2854729734375 0.260135134375 0.2854729734375 0.260135134375 0.478040540625
22 0.047297296875 0.29391891875 0.23733108125000002 0.29391891875 0.23733108125000002 0.0625 0.047297296875 0.0625 0.047297296875 0.29391891875
22 0.26858108125 0.4771959453125 0.471283784375 0.4771959453125 0.471283784375 0.2871621625 0.26858108125 0.2871621625 0.26858108125 0.4771959453125
22 0.1925675671875 0.2854729734375 0.43665540468749997 0.2854729734375 0.43665540468749997 0.0540540546875 0.1925675671875 0.0540540546875 0.1925675671875 0.2854729734375
22 0.48479729687499995 0.48648648593750005 0.684966215625 0.48648648593750005 0.684966215625 0.2989864859375 0.48479729687499995 0.2989864859375 0.48479729687499995 0.48648648593750005
22 0.677364865625 0.4763513515625 0.9011824328125 0.4763513515625 0.9011824328125 0.2888513515625 0.677364865625 0.2888513515625 0.677364865625 0.4763513515625
22 0.47466216250000004 0.29391891875 0.6984797296874999 0.29391891875 0.6984797296874999 0.0422297296875 0.47466216250000004 0.0422297296875 0.47466216250000004 0.29391891875
22 0.6891891890624999 0.2922297296875 0.9358108109375 0.2922297296875 0.9358108109375 0.040540540624999996 0.6891891890624999 0.040540540624999996 0.6891891890624999 0.2922297296875
22 0.22297297343750003 0 0.22297297343750003 0.04391891875 0.46959459531250003 0.04391891875 0.46959459531250003 0 0.22297297343750003 0
22 0.46959459531250003 0 0.46959459531250003 0.0540540546875 0.7136824328125 0.0540540546875 0.7136824328125 0 0.46959459531250003 0
22 0.699324325 0 0.699324325 0.050675674999999996 0.9434121624999999 0.050675674999999996 0.9434121624999999 0 0.699324325 0