22 0.21875 0.0609375 0.21875 0.2484375 0.528125 0.2484375 0.528125 0.0609375 0.21875 0.0609375
22 0.634375 0.1921875 0.634375 0.0484375 0.394140625 0.0484375 0.394140625 0.1921875 0.634375 0.1921875
22 0.518359375 0.04375 0.518359375 0.25 0.8125 0.25 0.8125 0.04375 0.518359375 0.04375
22 0.4671875 0.6484375 0.4671875 0.46875 0.247265625 0.46875 0.247265625 0.6484375 0.4671875 0.6484375
22 0.68359375 0.6484375 0.68359375 0.448046875 0.4765625 0.448046875 0.4765625 0.6484375 0.68359375 0.6484375
22 0.744140625 0.45 0.744140625 0.721875 0.959375 0.721875 0.959375 0.45 0.744140625 0.45
22 0.653515625 0.303125 0.653515625 0.553125 0.7796875 0.553125 0.7796875 0.303125 0.653515625 0.303125
22 0.446875 0.9828125 0.446875 0.77890625 0.26953125 0.77890625 0.26953125 0.9828125 0.446875 0.9828125
22 0.6125 0.9984375 0.6125 0.809765625 0.460546875 0.809765625 0.460546875 0.9984375 0.6125 0.9984375
22 0.631640625 0.859375 0.631640625 0.9984375 0.825 0.9984375 0.825 0.859375 0.631640625 0.859375
22 0 0 0 0.178125 0.1828125 0.178125 0.1828125 0 0 0
22 0.1484375 0.0109375 0.1484375 0.1453125 0.3046875 0.1453125 0.3046875 0.0109375 0.1484375 0.0109375