22 0.9996279765624999 0.04756944375 0.7972470234375 0.04756944375 0.7972470234375 0.40868055625000005 0.9996279765624999 0.40868055625000005 0.9996279765624999 0.04756944375
22 0.8046875 0.4109375 0.8046875 0.0501116078125 0.61325645 0.0501116078125 0.61325645 0.4109375 0.8046875 0.4109375
22 0.6984375 0.3296875 0.6984375 0.14763145 0.34785466249999997 0.14763145 0.34785466249999997 0.3296875 0.6984375 0.3296875
22 0.4453125 0.049131943750000004 0.2578125 0.049131943750000004 0.2578125 0.41024305625 0.4453125 0.41024305625 0.4453125 0.049131943750000004
22 0 0.352852184375 0.3156126 0.352852184375 0.3156126 0.11316964375 0 0.11316964375 0 0.352852184375
22 0.9984375 0.7109375 0.9984375 0.418898809375 0.7616071437499999 0.418898809375 0.7616071437499999 0.7109375 0.9984375 0.7109375
22 0.8109375 0.690625 0.8109375 0.461569940625 0.49600694531249995 0.461569940625 0.49600694531249995 0.690625 0.8109375 0.690625
22 0.2890625 0.7171875 0.528125 0.7171875 0.528125 0.407750496875 0.2890625 0.407750496875 0.2890625 0.7171875
22 0.971875 0.8859375 0.971875 0.7162822421875 0.7501984140625 0.7162822421875 0.7501984140625 0.8859375 0.971875 0.8859375
22 0.75 0.88125 0.75 0.7162450390624999 0.5160218265625 0.7162450390624999 0.5160218265625 0.88125 0.75 0.88125
22 0.290625 0.8796875 0.521875 0.8796875 0.521875 0.717447915625 0.290625 0.717447915625 0.290625 0.8796875
22 0.2578125 0.9140625 0.2578125 0.6828125 0.0928819453125 0.6828125 0.0928819453125 0.9140625 0.2578125 0.9140625