22 0.5032679734375 0 0.5032679734375 0.294117646875 0.7973856203125 0.294117646875 0.7973856203125 0 0.5032679734375 0
22 0.4983660125 0.0049019609375 0.21650326875 0.0049019609375 0.21650326875 0.27859477187500004 0.4983660125 0.27859477187500004 0.4983660125 0.0049019609375
22 0.8055555562500001 0.292483659375 0.49918300625 0.292483659375 0.49918300625 0.365196078125 0.8055555562500001 0.365196078125 0.8055555562500001 0.292483659375
22 0.49509803906250005 0.2908496734375 0.188725490625 0.2908496734375 0.188725490625 0.3635620921875 0.49509803906250005 0.3635620921875 0.49509803906250005 0.2908496734375
22 0.7990196078125 0.367647059375 0.5049019609375 0.367647059375 0.5049019609375 0.43055555625 0.7990196078125 0.43055555625 0.7990196078125 0.367647059375
22 0.49509803906250005 0.3611111109375 0.1985294125 0.3611111109375 0.1985294125 0.43382352968750004 0.49509803906250005 0.43382352968750004 0.49509803906250005 0.3611111109375
22 0.8039215687500001 0.367647059375 0.5049019609375 0.367647059375 0.5049019609375 0.43300653593750005 0.8039215687500001 0.43300653593750005 0.8039215687500001 0.367647059375
22 0.5065359484374999 0.36274509843749997 0.1919934640625 0.36274509843749997 0.1919934640625 0.43300653593750005 0.5065359484374999 0.43300653593750005 0.5065359484374999 0.36274509843749997
22 0.8039215687500001 0.42973856250000003 0.509803921875 0.42973856250000003 0.509803921875 0.5024509796875 0.8039215687500001 0.5024509796875 0.8039215687500001 0.42973856250000003
22 0.508169934375 0.428104575 0.2116013078125 0.428104575 0.2116013078125 0.50081699375 0.508169934375 0.50081699375 0.508169934375 0.428104575
22 0.8235294124999999 0.49673202656250004 0.5040849671875 0.49673202656250004 0.5040849671875 0.5596405234375 0.8235294124999999 0.5596405234375 0.8235294124999999 0.49673202656250004
22 0.5212418296875 0.49673202656250004 0.2173202609375 0.49673202656250004 0.2173202609375 0.5669934640625 0.5212418296875 0.5669934640625 0.5212418296875 0.49673202656250004
22 0.795751634375 0.563725490625 0.5138888890625 0.563725490625 0.5138888890625 0.6266339875 0.795751634375 0.6266339875 0.795751634375 0.563725490625
22 0.5065359484374999 0.5686274515624999 0.20016339843750003 0.5686274515624999 0.20016339843750003 0.6290849671875 0.5065359484374999 0.6290849671875 0.5065359484374999 0.5686274515624999
22 0.810457515625 0.62418300625 0.5040849671875 0.62418300625 0.5040849671875 0.7017973859375 0.810457515625 0.7017973859375 0.810457515625 0.62418300625
22 0.4983660125 0.62581699375 0.186274509375 0.62581699375 0.186274509375 0.703431371875 0.4983660125 0.703431371875 0.4983660125 0.62581699375
22 0.8006535953125 0.6846405234375 0.5016339875 0.6846405234375 0.5016339875 0.7704248359375 0.8006535953125 0.7704248359375 0.8006535953125 0.6846405234375
22 0.490196078125 0.6993464046875 0.1813725484375 0.6993464046875 0.1813725484375 0.7720588234375 0.490196078125 0.7720588234375 0.490196078125 0.6993464046875