22 0.775 0.0375 0.578515625 0.0375 0.578515625 0.159375 0.775 0.159375 0.775 0.0375
22 0.560546875 0.1984375 0.560546875 0.4 0.6609375 0.4 0.6609375 0.1984375 0.560546875 0.1984375
22 0.652734375 0.190625 0.652734375 0.3953125 0.7796875 0.3953125 0.7796875 0.190625 0.652734375 0.190625
22 0.94375 0.3484375 0.94375 0.2265625 0.758984375 0.2265625 0.758984375 0.3484375 0.94375 0.3484375
22 0.7421875 0.7671875 0.7421875 0.583203125 0.620703125 0.583203125 0.620703125 0.7671875 0.7421875 0.7671875
22 0.8796875 0.551953125 0.759375 0.551953125 0.759375 0.71875 0.8796875 0.71875 0.8796875 0.551953125
22 0.93125 0.75390625 0.770703125 0.75390625 0.770703125 0.85 0.93125 0.85 0.93125 0.75390625
22 0.8609375 0.89140625 0.750390625 0.89140625 0.750390625 0.996875 0.8609375 0.996875 0.8609375 0.89140625
22 0.5765625 0.8375 0.5765625 0.9171875 0.790625 0.9171875 0.790625 0.8375 0.5765625 0.8375
22 0.517578125 0.8390625 0.517578125 0.9078125 0.7140625 0.9078125 0.7140625 0.8390625 0.517578125 0.8390625
22 0.265625 0.8375 0.265625 0.710546875 0.023828125 0.710546875 0.023828125 0.8375 0.265625 0.8375
22 0.2328125 0.628125 0.2328125 0.853125 0.309375 0.853125 0.309375 0.628125 0.2328125 0.628125
22 0.246875 0.7875 0.4453125 0.7875 0.4453125 0.713671875 0.246875 0.713671875 0.246875 0.7875