22 0.5566666671875 0.5333333328125 0.6308333328125 0.5333333328125 0.6308333328125 0.2716666671875 0.5566666671875 0.2716666671875 0.5566666671875 0.5333333328125
22 0.6266666671875 0.5275000000000001 0.6958333328124999 0.5275000000000001 0.6958333328124999 0.2916666671875 0.6266666671875 0.2916666671875 0.6266666671875 0.5275000000000001
22 0.5866666671874999 0.7141666671875 0.6458333328125 0.7141666671875 0.6458333328125 0.5733333328125 0.5866666671874999 0.5733333328125 0.5866666671874999 0.7141666671875
22 0.6366666671875 0.7058333328125 0.7008333328125 0.7058333328125 0.7008333328125 0.5700000000000001 0.6366666671875 0.5700000000000001 0.6366666671875 0.7058333328125
22 0.7033333328125 0.6958333328124999 0.7625 0.6958333328124999 0.7625 0.575 0.7033333328125 0.575 0.7033333328125 0.6958333328124999
22 0.5383333328125001 0.925 0.605 0.925 0.605 0.8300000000000001 0.5383333328125001 0.8300000000000001 0.5383333328125001 0.925
22 0.5599999999999999 0.9550000000000001 0.6191666671875 0.9550000000000001 0.6191666671875 0.9116666671875 0.5599999999999999 0.9116666671875 0.5599999999999999 0.9550000000000001
22 0.6016666671875 0.9225 0.6708333328125 0.9225 0.6708333328125 0.8533333328125 0.6016666671875 0.8533333328125 0.6016666671875 0.9225
22 0.6683333328125001 0.8916666671875 0.72 0.8916666671875 0.72 0.7433333328125 0.6683333328125001 0.7433333328125 0.6683333328125001 0.8916666671875
22 0.7233333328125 0.8691666671875 0.7666666671875 0.8691666671875 0.7666666671875 0.7566666671875 0.7233333328125 0.7566666671875 0.7233333328125 0.8691666671875
22 0.7516666671875 0.8641666671875001 0.8158333328125 0.8641666671875001 0.8158333328125 0.7716666671875 0.7516666671875 0.7716666671875 0.7516666671875 0.8641666671875001
22 0.745 1 0.745 0.9233333328125 0.6833333328125 0.9233333328125 0.6833333328125 1 0.745 1
22 0.8083333328125001 1 0.8083333328125001 0.9199999999999999 0.7183333328125 0.9199999999999999 0.7183333328125 1 0.8083333328125001 1