22 0.9596774187499999 0.358064515625 0.6814516125 0.358064515625 0.6814516125 0.5814516125 0.9596774187499999 0.5814516125 0.9596774187499999 0.358064515625
22 0.6854838703125 0.38387096718749997 0.404838709375 0.38387096718749997 0.404838709375 0.575 0.6854838703125 0.575 0.6854838703125 0.38387096718749997
22 0.40161290312500003 0.40967741875 0.1411290328125 0.40967741875 0.1411290328125 0.6008064515625 0.40161290312500003 0.6008064515625 0.40161290312500003 0.40967741875
22 0 0.5975806453125 0.14677419375 0.5975806453125 0.14677419375 0.3693548390625 0 0.3693548390625 0 0.5975806453125
22 1 0.1838709671875 0.80967741875 0.1838709671875 0.80967741875 0.29516129062499996 1 0.29516129062499996 1 0.1838709671875
22 0.7967741937499999 0.198387096875 0.5709677421875 0.198387096875 0.5709677421875 0.29516129062499996 0.7967741937499999 0.29516129062499996 0.7967741937499999 0.198387096875
22 0.5935483875 0.27096774218749997 0.4 0.27096774218749997 0.4 0.36532258125 0.5935483875 0.36532258125 0.5935483875 0.27096774218749997
22 0.404838709375 0.25967741875 0.1790322578125 0.25967741875 0.1790322578125 0.3790322578125 0.404838709375 0.3790322578125 0.404838709375 0.25967741875
22 0 0.383064515625 0.22258064531250002 0.383064515625 0.22258064531250002 0.24193548437499998 0 0.24193548437499998 0 0.383064515625
22 1 0.304838709375 0.8145161296874999 0.304838709375 0.8145161296874999 0.3790322578125 1 0.3790322578125 1 0.304838709375
22 0.8145161296874999 0.29516129062499996 0.62822580625 0.29516129062499996 0.62822580625 0.3774193546875 0.8145161296874999 0.3774193546875 0.8145161296874999 0.29516129062499996
22 0.60967741875 0.3564516125 0.42580645156249997 0.3564516125 0.42580645156249997 0.4064516125 0.60967741875 0.4064516125 0.60967741875 0.3564516125