22 0 0.3671875 0.1171875 0.3671875 0.1171875 0.05625 0 0.05625 0 0.3671875
22 0.26484375 0.0625 0.115625 0.0625 0.115625 0.37265625 0.26484375 0.37265625 0.26484375 0.0625
22 0.39375 0.0921875 0.259375 0.0921875 0.259375 0.38046875 0.39375 0.38046875 0.39375 0.0921875
22 0.5296875 0.0765625 0.390625 0.0765625 0.390625 0.38671875 0.5296875 0.38671875 0.5296875 0.0765625
22 0.68984375 0.0453125 0.5453125 0.0453125 0.5453125 0.17734375 0.68984375 0.17734375 0.68984375 0.0453125
22 0.684375 0.1703125 0.5421875 0.1703125 0.5421875 0.27109375 0.684375 0.27109375 0.684375 0.1703125
22 0.68125 0.2703125 0.5421875 0.2703125 0.5421875 0.3953125 0.68125 0.3953125 0.68125 0.2703125
22 0.80703125 0.0921875 0.6796875 0.0921875 0.6796875 0.27734375 0.80703125 0.27734375 0.80703125 0.0921875
22 0.81171875 0.2703125 0.684375 0.2703125 0.684375 0.4 0.81171875 0.4 0.81171875 0.2703125
22 0.946875 0.0671875 0.8 0.0671875 0.8 0.259375 0.946875 0.259375 0.946875 0.0671875
22 0.95 0.2578125 0.8078125 0.2578125 0.8078125 0.38984375 0.95 0.38984375 0.95 0.2578125
22 0.19140625 0.43125 0.0640625 0.43125 0.0640625 0.61171875 0.19140625 0.61171875 0.19140625 0.43125
22 0.31484375 0.4296875 0.1875 0.4296875 0.1875 0.61015625 0.31484375 0.61015625 0.31484375 0.4296875
22 0.44296875 0.4359375 0.315625 0.4359375 0.315625 0.61640625 0.44296875 0.61640625 0.44296875 0.4359375
22 0.56328125 0.4328125 0.4359375 0.4328125 0.4359375 0.61796875 0.56328125 0.61796875 0.56328125 0.4328125
22 0.68828125 0.4359375 0.5609375 0.4359375 0.5609375 0.6234375 0.68828125 0.6234375 0.68828125 0.4359375
22 0.81328125 0.4296875 0.690625 0.4296875 0.690625 0.61953125 0.81328125 0.61953125 0.81328125 0.4296875
22 0.99921875 0.43125 0.934375 0.43125 0.934375 0.61640625 0.99921875 0.61640625 0.99921875 0.43125
22 0 0.8390625 0.1203125 0.8390625 0.1203125 0.603125 0 0.603125 0 0.8390625
22 0.2390625 0.6078125 0.1140625 0.6078125 0.1140625 0.83828125 0.2390625 0.83828125 0.2390625 0.6078125
22 0.3609375 0.609375 0.23125 0.609375 0.23125 0.83984375 0.3609375 0.83984375 0.3609375 0.609375
22 0.73046875 0.61875 0.6078125 0.61875 0.6078125 0.84921875 0.73046875 0.84921875 0.73046875 0.61875
22 0.8515625 0.625 0.73125 0.625 0.73125 0.85078125 0.8515625 0.85078125 0.8515625 0.625
22 0.978125 0.61875 0.8484375 0.61875 0.8484375 0.8546875 0.978125 0.8546875 0.978125 0.61875