22 0 0.3671875 0.1171875 0.3671875 0.1171875 0.05625 0 0.05625 0 0.3671875
22 0.34375 0.2921875 0.34375 0.143359375 0.035546875 0.143359375 0.035546875 0.2921875 0.34375 0.2921875
22 0.4703125 0.303125 0.4703125 0.169140625 0.1828125 0.169140625 0.1828125 0.303125 0.4703125 0.303125
22 0.5296875 0.076953125 0.390625 0.076953125 0.390625 0.3859375 0.5296875 0.3859375 0.5296875 0.076953125
22 0.6890625 0.1765625 0.6890625 0.045703125 0.545703125 0.045703125 0.545703125 0.1765625 0.6890625 0.1765625
22 0.684375 0.170703125 0.5421875 0.170703125 0.5421875 0.2703125 0.684375 0.2703125 0.684375 0.170703125
22 0.6734375 0.4015625 0.6734375 0.26328125 0.54921875 0.26328125 0.54921875 0.4015625 0.6734375 0.4015625
22 0.8359375 0.246875 0.8359375 0.121484375 0.651171875 0.121484375 0.651171875 0.246875 0.8359375 0.246875
22 0.8125 0.3984375 0.8125 0.271875 0.683203125 0.271875 0.683203125 0.3984375 0.8125 0.3984375
22 0.96875 0.2359375 0.96875 0.08984375 0.77734375 0.08984375 0.77734375 0.2359375 0.96875 0.2359375
22 0.9453125 0.252734375 0.81328125 0.252734375 0.81328125 0.39375 0.9453125 0.39375 0.9453125 0.252734375
22 0.190625 0.6109375 0.190625 0.430859375 0.064453125 0.430859375 0.064453125 0.6109375 0.190625 0.6109375
22 0.3140625 0.609375 0.3140625 0.430078125 0.187109375 0.430078125 0.187109375 0.609375 0.3140625 0.609375
22 0.4421875 0.615625 0.4421875 0.436328125 0.315234375 0.436328125 0.315234375 0.615625 0.4421875 0.615625
22 0.4359375 0.6171875 0.5625 0.6171875 0.5625 0.433203125 0.4359375 0.433203125 0.4359375 0.6171875
22 0.530859375 0.465625 0.530859375 0.5921875 0.7171875 0.5921875 0.7171875 0.465625 0.530859375 0.465625
22 0.8453125 0.584375 0.8453125 0.462890625 0.657421875 0.462890625 0.657421875 0.584375 0.8453125 0.584375
22 0.9984375 0.615625 0.9984375 0.43125 0.934765625 0.43125 0.934765625 0.615625 0.9984375 0.615625
22 0 0.78125 0.178125 0.78125 0.178125 0.6609375 0 0.6609375 0 0.78125
22 0.1140625 0.6078125 0.1140625 0.8375 0.2390625 0.8375 0.2390625 0.6078125 0.1140625 0.6078125
22 0.3609375 0.608984375 0.23125 0.608984375 0.23125 0.8390625 0.3609375 0.8390625 0.3609375 0.608984375
22 0.7296875 0.8484375 0.7296875 0.618359375 0.607421875 0.618359375 0.607421875 0.8484375 0.7296875 0.8484375
22 0.8515625 0.625390625 0.73125 0.625390625 0.73125 0.85 0.8515625 0.85 0.8515625 0.625390625
22 0.8484375 0.61875 0.8484375 0.8546875 0.978125 0.8546875 0.978125 0.61875 0.8484375 0.61875