22 0.4125 0.15625 0.4125 0.0339497625 0.22154865468749999 0.0339497625 0.22154865468749999 0.15625 0.4125 0.15625
22 0.484375 0.3453125 0.484375 0.2445708078125 0.282258703125 0.2445708078125 0.282258703125 0.3453125 0.484375 0.3453125
22 0.340625 0.3921875 0.340625 0.18561115625 0.21276700937499998 0.18561115625 0.21276700937499998 0.3921875 0.340625 0.3921875
22 0.2328125 0.3453125 0.2328125 0.2213212015625 0.047428796875 0.2213212015625 0.047428796875 0.3453125 0.2328125 0.3453125
22 0.40625 0.7375 0.40625 0.6140625 0.2196795875 0.6140625 0.2196795875 0.7375 0.40625 0.7375
22 0.2328125 0.55010878125 0.112519778125 0.55010878125 0.112519778125 0.72020371875 0.2328125 0.72020371875 0.2328125 0.55010878125
22 0.1890625 0.884375 0.1890625 0.7230023734375 0.09237539375 0.7230023734375 0.09237539375 0.884375 0.1890625 0.884375
22 0.2390625 1 0.2390625 0.8925138453124999 0.13330696250000001 0.8925138453124999 0.13330696250000001 1 0.2390625 1
22 0.35 0.7720826734374999 0.27058939843749996 0.7720826734374999 0.27058939843749996 0.988854825 0.35 0.988854825 0.35 0.7720826734374999
22 0.478125 0.9109375 0.478125 0.8418216 0.27964794375 0.8418216 0.27964794375 0.9109375 0.478125 0.9109375
22 0.9793710453125 0.8390625 0.9793710453125 0.7118670890625001 0.733326740625 0.7118670890625001 0.733326740625 0.8390625 0.9793710453125 0.8390625
22 0.6140625 0.7796875 0.8421875 0.7796875 0.8421875 0.7034513437500001 0.6140625 0.7034513437500001 0.6140625 0.7796875
22 0.6890625 0.853125 0.6890625 0.652323971875 0.6146657453125 0.652323971875 0.6146657453125 0.853125 0.6890625 0.853125