22 0 0.2703125 0.2140625 0.2703125 0.2140625 0.153125 0 0.153125 0 0.2703125
22 0.2640625 0.371875 0.2640625 0.062890625 0.115234375 0.062890625 0.115234375 0.371875 0.2640625 0.371875
22 0.39375 0.092578125 0.259375 0.092578125 0.259375 0.3796875 0.39375 0.3796875 0.39375 0.092578125
22 0.61484375 0.3 0.61484375 0.162109375 0.3046875 0.162109375 0.3046875 0.3 0.61484375 0.3
22 0.6890625 0.1765625 0.6890625 0.045703125 0.545703125 0.045703125 0.545703125 0.1765625 0.6890625 0.1765625
22 0.684375 0.169921875 0.5421875 0.169921875 0.5421875 0.2703125 0.684375 0.2703125 0.684375 0.169921875
22 0.5421875 0.2703125 0.5421875 0.3953125 0.68125 0.3953125 0.68125 0.2703125 0.5421875 0.2703125
22 0.80625 0.2765625 0.80625 0.091796875 0.680078125 0.091796875 0.680078125 0.2765625 0.80625 0.2765625
22 0.684765625 0.2703125 0.684765625 0.4 0.8109375 0.4 0.8109375 0.2703125 0.684765625 0.2703125
22 0.96875 0.2359375 0.96875 0.08984375 0.77734375 0.08984375 0.77734375 0.2359375 0.96875 0.2359375
22 0.95 0.258203125 0.8078125 0.258203125 0.8078125 0.3890625 0.95 0.3890625 0.95 0.258203125
22 0.2171875 0.584375 0.2171875 0.4578125 0.037109375 0.4578125 0.037109375 0.584375 0.2171875 0.584375
22 0.3140625 0.609375 0.3140625 0.430078125 0.187109375 0.430078125 0.187109375 0.609375 0.3140625 0.609375
22 0.46875 0.5890625 0.46875 0.462890625 0.289453125 0.462890625 0.289453125 0.5890625 0.46875 0.5890625
22 0.591796875 0.5875 0.591796875 0.461328125 0.406640625 0.461328125 0.406640625 0.5875 0.591796875 0.5875
22 0.530859375 0.465625 0.530859375 0.5921875 0.7171875 0.5921875 0.7171875 0.465625 0.530859375 0.465625
22 0.8453125 0.584375 0.8453125 0.463671875 0.656640625 0.463671875 0.656640625 0.584375 0.8453125 0.584375
22 1 0.491796875 0.874609375 0.491796875 0.874609375 0.55625 1 0.55625 1 0.491796875
22 0 0.8390625 0.1203125 0.8390625 0.1203125 0.603125 0 0.603125 0 0.8390625
22 0.1140625 0.6078125 0.1140625 0.8375 0.2390625 0.8375 0.2390625 0.6078125 0.1140625 0.6078125
22 0.4109375 0.659765625 0.18046875 0.659765625 0.18046875 0.7890625 0.4109375 0.7890625 0.4109375 0.659765625
22 0.7296875 0.8484375 0.7296875 0.618359375 0.607421875 0.618359375 0.607421875 0.8484375 0.7296875 0.8484375
22 0.903125 0.796875 0.903125 0.677734375 0.67890625 0.677734375 0.67890625 0.796875 0.903125 0.796875
22 1 0.671875 0.7953125 0.671875 0.7953125 0.8015625 1 0.8015625 1 0.671875