22 1 0.12735615 0.7182043640625 0.12735615 0.7182043640625 0.3296875 1 0.3296875 1 0.12735615
22 0.8046875 0.4109375 0.8046875 0.051475693749999996 0.6137276796875 0.051475693749999996 0.6137276796875 0.4109375 0.8046875 0.4109375
22 0.6984375 0.3296875 0.6984375 0.14763145 0.34785466249999997 0.14763145 0.34785466249999997 0.3296875 0.6984375 0.3296875
22 0.532465278125 0.3234375 0.532465278125 0.13613591249999998 0.171354165625 0.13613591249999998 0.171354165625 0.3234375 0.532465278125 0.3234375
22 0 0.35270337500000004 0.315625 0.35270337500000004 0.315625 0.11302083437499999 0 0.11302083437499999 0 0.35270337500000004
22 0.9984375 0.7109375 0.9984375 0.418898809375 0.7616071437499999 0.418898809375 0.7616071437499999 0.7109375 0.9984375 0.7109375
22 0.7671875 0.41907242031249997 0.53855406875 0.41907242031249997 0.53855406875 0.7341517859375 0.7671875 0.7341517859375 0.7671875 0.41907242031249997
22 0.5640625 0.68125 0.5640625 0.443390378125 0.25375743906250003 0.443390378125 0.25375743906250003 0.68125 0.5640625 0.68125
22 0.971875 0.8859375 0.971875 0.7162822421875 0.7501984140625 0.7162822421875 0.7501984140625 0.8859375 0.971875 0.8859375
22 0.75 0.88125 0.75 0.7162450390624999 0.5160218265625 0.7162450390624999 0.5160218265625 0.88125 0.75 0.88125
22 0.4875 0.9140625 0.4875 0.6832341265624999 0.3245907734375 0.6832341265624999 0.3245907734375 0.9140625 0.4875 0.9140625
22 0.290625 0.88125 0.290625 0.7162450390624999 0.0599454375 0.7162450390624999 0.0599454375 0.88125 0.290625 0.88125