22 0.065625 0.578125 0.334375 0.578125 0.334375 0.3625 0.065625 0.3625 0.065625 0.578125
22 0.33125 0.3875 0.33125 0.571875 0.603125 0.571875 0.603125 0.3875 0.33125 0.3875
22 0.8578125 0.596875 0.8578125 0.4125 0.606640625 0.4125 0.606640625 0.596875 0.8578125 0.596875
22 1 0.373828125 0.853125 0.373828125 0.853125 0.59375 1 0.59375 1 0.373828125
22 0.0515625 0.1421875 0.0515625 0.353125 0.159375 0.353125 0.159375 0.1421875 0.0515625 0.1421875
22 0.2859375 0.1453125 0.2859375 0.3640625 0.3796875 0.3640625 0.3796875 0.1453125 0.2859375 0.1453125
22 0.559375 0.4171875 0.559375 0.230078125 0.46875 0.230078125 0.46875 0.4171875 0.559375 0.4171875
22 0.6546875 0.215625 0.6546875 0.434375 0.7703125 0.434375 0.7703125 0.215625 0.6546875 0.215625
22 0.9578125 0.208984375 0.82109375 0.208984375 0.82109375 0.4265625 0.9578125 0.4265625 0.9578125 0.208984375
22 0.1453125 0.4421875 0.1453125 0.25078125 0.07421875 0.25078125 0.07421875 0.4421875 0.1453125 0.4421875
22 0.3359375 0.43125 0.3359375 0.2515625 0.256640625 0.2515625 0.256640625 0.43125 0.3359375 0.43125
22 0.4046875 0.3609375 0.4046875 0.409375 0.5828125 0.409375 0.5828125 0.3609375 0.4046875 0.3609375