22 0.26640625 0.3203125 0.103125 0.3203125 0.103125 0.49609375 0.26640625 0.49609375 0.26640625 0.3203125
22 0.44765625 0.3109375 0.2578125 0.3109375 0.2578125 0.4890625 0.44765625 0.4890625 0.44765625 0.3109375
22 0.23671875 0.1046875 0.0609375 0.1046875 0.0609375 0.31875 0.23671875 0.31875 0.23671875 0.1046875
22 0.453125 0.3125 0.265625 0.3125 0.265625 0.48828125 0.453125 0.48828125 0.453125 0.3125
22 0.42109375 0.096875 0.1953125 0.096875 0.1953125 0.3109375 0.42109375 0.3109375 0.42109375 0.096875
22 0.65078125 0.3234375 0.465625 0.3234375 0.465625 0.496875 0.65078125 0.496875 0.65078125 0.3234375
22 0.85078125 0.3140625 0.64375 0.3140625 0.64375 0.4875 0.85078125 0.4875 0.85078125 0.3140625
22 0.66328125 0.0859375 0.45625 0.0859375 0.45625 0.31875 0.66328125 0.31875 0.66328125 0.0859375
22 0.8828125 0.084375 0.6546875 0.084375 0.6546875 0.3171875 0.8828125 0.3171875 0.8828125 0.084375
22 0.4515625 0.0296875 0.2234375 0.0296875 0.2234375 0.0875 0.4515625 0.0875 0.4515625 0.0296875
22 0.67734375 0.034375 0.4515625 0.034375 0.4515625 0.096875 0.67734375 0.096875 0.67734375 0.034375
22 0.88984375 0.0265625 0.6640625 0.0265625 0.6640625 0.09375 0.88984375 0.09375 0.88984375 0.0265625