22 0 0.4609375 0.1703125 0.4609375 0.1703125 0.103125 0 0.103125 0 0.4609375
22 0.39921875 0.1046875 0.15625 0.1046875 0.15625 0.4625 0.39921875 0.4625 0.39921875 0.1046875
22 0.67265625 0.0671875 0.425 0.0671875 0.425 0.425 0.67265625 0.425 0.67265625 0.0671875
22 0.91015625 0.0671875 0.6796875 0.0671875 0.6796875 0.4421875 0.91015625 0.4421875 0.91015625 0.0671875
22 0.20625 0.5203125 0.0046875 0.5203125 0.0046875 0.75078125 0.20625 0.75078125 0.20625 0.5203125
22 0.3984375 0.490625 0.2015625 0.490625 0.2015625 0.74765625 0.3984375 0.74765625 0.3984375 0.490625
22 0.58828125 0.6015625 0.3984375 0.6015625 0.3984375 0.74609375 0.58828125 0.74609375 0.58828125 0.6015625
22 0.78359375 0.5640625 0.59375 0.5640625 0.59375 0.7375 0.78359375 0.7375 0.78359375 0.5640625
22 0.9609375 0.4609375 0.76875 0.4609375 0.76875 0.7328125 0.9609375 0.7328125 0.9609375 0.4609375
22 0.28125 0.778125 0.1109375 0.778125 0.1109375 0.95390625 0.28125 0.95390625 0.28125 0.778125
22 0.4765625 0.7890625 0.29375 0.7890625 0.29375 0.95234375 0.4765625 0.95234375 0.4765625 0.7890625
22 0.66171875 0.775 0.4765625 0.775 0.4765625 0.940625 0.66171875 0.940625 0.66171875 0.775
22 0.83828125 0.771875 0.6703125 0.771875 0.6703125 0.9375 0.83828125 0.9375 0.83828125 0.771875
22 0.99765625 0.7625 0.8390625 0.7625 0.8390625 0.940625 0.99765625 0.940625 0.99765625 0.7625