22 1 0.0446292203125 0.7897231703125 0.0446292203125 0.7897231703125 0.209375 1 0.209375 1 0.0446292203125
22 0.86875 0.2171875 0.86875 0.047043307812500004 0.6038735921875 0.047043307812500004 0.6038735921875 0.2171875 0.86875 0.2171875
22 0.6484375 0.271875 0.6484375 0.0003165203125 0.4932375390625 0.0003165203125 0.4932375390625 0.271875 0.6484375 0.271875
22 0.5453125 0.2171875 0.5453125 0.056724779687500004 0.2828953984375 0.056724779687500004 0.2828953984375 0.2171875 0.5453125 0.2171875
22 0.39375 0.0563328984375 0.130162278125 0.0563328984375 0.130162278125 0.217104603125 0.39375 0.217104603125 0.39375 0.0563328984375
22 1 0.317669815625 0.7942473859375 0.317669815625 0.7942473859375 0.484375 1 0.484375 1 0.317669815625
22 0.86875 0.4703125 0.86875 0.3325537578125 0.641916196875 0.3325537578125 0.641916196875 0.4703125 0.86875 0.4703125
22 0.570234625 0.471875 0.570234625 0.3262007640625 0.3572121171875 0.3262007640625 0.3572121171875 0.471875 0.570234625 0.471875
22 0.384375 0.5046875 0.384375 0.2927074953125 0.25756631875 0.2927074953125 0.25756631875 0.5046875 0.384375 0.5046875
22 0.784375 0.6984375 0.98125 0.6984375 0.98125 0.558857515625 0.784375 0.558857515625 0.784375 0.6984375
22 0.8109375 0.71875 0.8109375 0.5420217046875 0.67859224375 0.5420217046875 0.67859224375 0.71875 0.8109375 0.71875
22 0.678125 0.7140625 0.678125 0.5366207796875 0.5478697765625 0.5366207796875 0.5478697765625 0.7140625 0.678125 0.7140625
22 0.571875 0.684375 0.571875 0.557526125 0.3942021703125 0.557526125 0.3942021703125 0.684375 0.571875 0.684375
22 0.41875 0.7125 0.41875 0.535771703125 0.29868368125 0.535771703125 0.29868368125 0.7125 0.41875 0.7125
22 0.428125 0.85625 0.428125 0.71875 0.3235078375 0.71875 0.3235078375 0.85625 0.428125 0.85625
22 0.55756631875 0.7250427046875 0.43618368125 0.7250427046875 0.43618368125 0.8608947953125 0.55756631875 0.8608947953125 0.55756631875 0.7250427046875
22 0.6671875 0.865625 0.6671875 0.7378491765625 0.5562876812499999 0.7378491765625 0.5562876812499999 0.865625 0.6671875 0.865625
22 0.7484375 0.9859375 0.7484375 0.808154140625 0.6113092859375 0.808154140625 0.6113092859375 0.9859375 0.7484375 0.9859375
22 0.8984375 0.9796875 0.8984375 0.8273261656249999 0.7218096875 0.8273261656249999 0.7218096875 0.9796875 0.8984375 0.9796875