22 0.20390625 0.140625 0.0984375 0.140625 0.0984375 0.29453125 0.20390625 0.29453125 0.20390625 0.140625
22 0.309375 0.1375 0.1984375 0.1375 0.1984375 0.29140625 0.309375 0.29140625 0.309375 0.1375
22 0.409375 0.1375 0.30625 0.1375 0.30625 0.29140625 0.409375 0.29140625 0.409375 0.1375
22 0.61796875 0.1171875 0.5125 0.1171875 0.5125 0.28515625 0.61796875 0.28515625 0.61796875 0.1171875
22 0.7140625 0.128125 0.603125 0.128125 0.603125 0.28203125 0.7140625 0.28203125 0.7140625 0.128125
22 0.81796875 0.1203125 0.7171875 0.1203125 0.7171875 0.28359375 0.81796875 0.28359375 0.81796875 0.1203125
22 0.209375 0.3234375 0.1015625 0.3234375 0.1015625 0.4703125 0.209375 0.4703125 0.209375 0.3234375
22 0.3234375 0.325 0.2125 0.325 0.2125 0.46953125 0.3234375 0.46953125 0.3234375 0.325
22 0.41875 0.325 0.315625 0.325 0.315625 0.4671875 0.41875 0.4671875 0.41875 0.325
22 0.51328125 0.3140625 0.4078125 0.3140625 0.4078125 0.46796875 0.51328125 0.46796875 0.51328125 0.3140625
22 0.60703125 0.3078125 0.515625 0.3078125 0.515625 0.46640625 0.60703125 0.46640625 0.60703125 0.3078125
22 0.71015625 0.303125 0.609375 0.303125 0.609375 0.46171875 0.71015625 0.46171875 0.71015625 0.303125
22 0.81953125 0.3015625 0.70625 0.3015625 0.70625 0.46015625 0.81953125 0.46015625 0.81953125 0.3015625
22 0.23125 0.5046875 0.1234375 0.5046875 0.1234375 0.64375 0.23125 0.64375 0.23125 0.5046875
22 0.31953125 0.4921875 0.228125 0.4921875 0.228125 0.64140625 0.31953125 0.64140625 0.31953125 0.4921875
22 0.42265625 0.4921875 0.321875 0.4921875 0.321875 0.64140625 0.42265625 0.64140625 0.42265625 0.4921875
22 0.51796875 0.490625 0.4171875 0.490625 0.4171875 0.6421875 0.51796875 0.6421875 0.51796875 0.490625
22 0.615625 0.4953125 0.5078125 0.4953125 0.5078125 0.63984375 0.615625 0.63984375 0.615625 0.4953125
22 0.709375 0.49375 0.60625 0.49375 0.60625 0.640625 0.709375 0.640625 0.709375 0.49375
22 0.81171875 0.4765625 0.70625 0.4765625 0.70625 0.63984375 0.81171875 0.63984375 0.81171875 0.4765625
22 0.2515625 0.659375 0.1578125 0.659375 0.1578125 0.79609375 0.2515625 0.79609375 0.2515625 0.659375
22 0.3421875 0.659375 0.2484375 0.659375 0.2484375 0.79375 0.3421875 0.79375 0.3421875 0.659375
22 0.440625 0.64375 0.3375 0.64375 0.3375 0.79765625 0.440625 0.79765625 0.440625 0.64375
22 0.52734375 0.640625 0.43125 0.640625 0.43125 0.79921875 0.52734375 0.79921875 0.52734375 0.640625
22 0.62890625 0.64375 0.528125 0.64375 0.528125 0.79765625 0.62890625 0.79765625 0.62890625 0.64375
22 0.728125 0.6484375 0.625 0.6484375 0.625 0.79765625 0.728125 0.79765625 0.728125 0.6484375
22 0.82578125 0.6484375 0.7203125 0.6484375 0.7203125 0.7953125 0.82578125 0.7953125 0.82578125 0.6484375
22 0.2546875 0.8015625 0.1609375 0.8015625 0.1609375 0.953125 0.2546875 0.953125 0.2546875 0.8015625
22 0.34609375 0.8125 0.2453125 0.8125 0.2453125 0.94921875 0.34609375 0.94921875 0.34609375 0.8125
22 0.440625 0.809375 0.346875 0.809375 0.346875 0.95390625 0.440625 0.95390625 0.440625 0.809375
22 0.62265625 0.80625 0.5265625 0.80625 0.5265625 0.9484375 0.62265625 0.9484375 0.62265625 0.80625
22 0.71875 0.8 0.615625 0.8 0.615625 0.9421875 0.71875 0.9421875 0.71875 0.8
22 0.8125 0.8 0.709375 0.8 0.709375 0.94453125 0.8125 0.94453125 0.8125 0.8
22 0.534375 0.8015625 0.43125 0.8015625 0.43125 0.9484375 0.534375 0.9484375 0.534375 0.8015625