22 0.0046875 0.3109375 0.0046875 0.49375 0.215625 0.49375 0.215625 0.3109375 0.0046875 0.3109375
22 0.2234375 0.30625 0.2234375 0.48125 0.3890625 0.48125 0.3890625 0.30625 0.2234375 0.30625
22 0.7171875 0.3 0.7171875 0.465625 0.8734375 0.465625 0.8734375 0.3 0.7171875 0.3
22 1 0.3140625 0.855078125 0.3140625 0.855078125 0.4453125 1 0.4453125 1 0.3140625
22 0.27578125 0.6953125 0.27578125 0.477734375 0.1078125 0.477734375 0.1078125 0.6953125 0.27578125 0.6953125
22 0.4796875 0.671875 0.4796875 0.475390625 0.3046875 0.475390625 0.3046875 0.671875 0.4796875 0.671875
22 0.484375 0.503125 0.484375 0.6453125 0.6359375 0.6453125 0.6359375 0.503125 0.484375 0.503125
22 0.8046875 0.6328125 0.8046875 0.482421875 0.6515625 0.482421875 0.6515625 0.6328125 0.8046875 0.6328125
22 0.971875 0.461328125 0.8109375 0.461328125 0.8109375 0.628125 0.971875 0.628125 0.971875 0.461328125
22 0.646875 0.6484375 0.646875 0.481640625 0.473046875 0.481640625 0.473046875 0.6484375 0.646875 0.6484375
22 0.80625 0.488671875 0.659375 0.488671875 0.659375 0.6328125 0.80625 0.6328125 0.80625 0.488671875
22 0.473828125 0.665625 0.473828125 0.7703125 0.615625 0.7703125 0.615625 0.665625 0.473828125 0.665625
22 0.4421875 0.756640625 0.3265625 0.756640625 0.3265625 0.9 0.4421875 0.9 0.4421875 0.756640625
22 0.9109375 0.759375 0.9109375 0.633203125 0.815234375 0.633203125 0.815234375 0.759375 0.9109375 0.759375