22 0.019140625 0.296875 0.019140625 0.5078125 0.2015625 0.5078125 0.2015625 0.296875 0.019140625 0.296875
22 0.39375 0.4765625 0.39375 0.311328125 0.21875 0.311328125 0.21875 0.4765625 0.39375 0.4765625
22 0.7171875 0.3 0.7171875 0.465625 0.8734375 0.465625 0.8734375 0.3 0.7171875 0.3
22 0.996875 0.45625 0.996875 0.303515625 0.866015625 0.303515625 0.866015625 0.45625 0.996875 0.45625
22 0.27578125 0.6953125 0.27578125 0.477734375 0.1078125 0.477734375 0.1078125 0.6953125 0.27578125 0.6953125
22 0.490625 0.485546875 0.29375 0.485546875 0.29375 0.6609375 0.490625 0.6609375 0.490625 0.485546875
22 0.484375 0.503125 0.484375 0.6453125 0.6359375 0.6453125 0.6359375 0.503125 0.484375 0.503125
22 0.8046875 0.6328125 0.8046875 0.482421875 0.65234375 0.482421875 0.65234375 0.6328125 0.8046875 0.6328125
22 0.971875 0.461328125 0.8109375 0.461328125 0.8109375 0.628125 0.971875 0.628125 0.971875 0.461328125
22 0.64375 0.653125 0.64375 0.478515625 0.476953125 0.478515625 0.476953125 0.653125 0.64375 0.653125
22 0.80625 0.488671875 0.659375 0.488671875 0.659375 0.6328125 0.80625 0.6328125 0.80625 0.488671875
22 0.492578125 0.646875 0.492578125 0.7890625 0.596875 0.7890625 0.596875 0.646875 0.492578125 0.646875
22 0.45625 0.8859375 0.45625 0.770703125 0.3125 0.770703125 0.3125 0.8859375 0.45625 0.8859375
22 0.9109375 0.759375 0.9109375 0.633203125 0.815234375 0.633203125 0.815234375 0.759375 0.9109375 0.759375