22 0.25553797500000003 0 0.25553797500000003 0.191455696875 0.37974683593749997 0.191455696875 0.37974683593749997 0 0.25553797500000003 0
22 0.43512658281250005 0.193037975 0.3330696203125 0.193037975 0.3330696203125 0.3971518984375 0.43512658281250005 0.3971518984375 0.43512658281250005 0.193037975
22 0.34177215156249996 0.1851265828125 0.21281645624999998 0.1851265828125 0.21281645624999998 0.3924050640625 0.34177215156249996 0.3924050640625 0.34177215156249996 0.1851265828125
22 0.20253164531249998 0.1898734171875 0.078322784375 0.1898734171875 0.078322784375 0.3773734171875 0.20253164531249998 0.3773734171875 0.20253164531249998 0.1898734171875
22 0.375 0.58227848125 0.2507911390625 0.58227848125 0.2507911390625 0.76977848125 0.375 0.76977848125 0.375 0.58227848125
22 0.234177215625 0.5506329109375 0.11234177187500001 0.5506329109375 0.11234177187500001 0.7207278484375 0.234177215625 0.7207278484375 0.234177215625 0.5506329109375
22 0.1898734171875 0.723101265625 0.092563290625 0.723101265625 0.092563290625 0.8860759500000001 0.1898734171875 0.8860759500000001 0.1898734171875 0.723101265625
22 0.2405063296875 1 0.2405063296875 0.8924050640625 0.13370253125 0.8924050640625 0.13370253125 1 0.2405063296875 1
22 0.3512658234375 0.7721518984375 0.2705696203125 0.7721518984375 0.2705696203125 0.9889240499999999 0.3512658234375 0.9889240499999999 0.3512658234375 0.7721518984375
22 0.4145569625 0.776898734375 0.3441455703125 0.776898734375 0.3441455703125 0.9762658234374999 0.4145569625 0.9762658234374999 0.4145569625 0.776898734375
22 0.9208860765625 0.6534810125 0.7919303796875 0.6534810125 0.7919303796875 0.8995253171875 0.9208860765625 0.8995253171875 0.9208860765625 0.6534810125
22 0.7674050640625001 0.62816455625 0.6898734171875 0.62816455625 0.6898734171875 0.856803796875 0.7674050640625001 0.856803796875 0.7674050640625001 0.62816455625
22 0.6898734171875 0.651898734375 0.614715190625 0.651898734375 0.614715190625 0.853639240625 0.6898734171875 0.853639240625 0.6898734171875 0.651898734375