22 0.2796875 0 0.2796875 0.309375 0.4671875 0.309375 0.4671875 0 0.2796875 0
22 0.442578125 0 0.442578125 0.240625 0.5859375 0.240625 0.5859375 0 0.442578125 0
22 0.8125 0.25 0.8125 0.04453125 0.518359375 0.04453125 0.518359375 0.25 0.8125 0.25
22 0.446875 0.66875 0.446875 0.448828125 0.267578125 0.448828125 0.267578125 0.66875 0.446875 0.66875
22 0.684375 0.448046875 0.47734375 0.448046875 0.47734375 0.6484375 0.684375 0.6484375 0.684375 0.448046875
22 0.716015625 0.478125 0.716015625 0.69375 0.9875 0.69375 0.9875 0.478125 0.716015625 0.478125
22 0.591796875 0.3640625 0.591796875 0.49140625 0.840625 0.49140625 0.840625 0.3640625 0.591796875 0.3640625
22 0.446875 0.9828125 0.446875 0.77890625 0.26953125 0.77890625 0.26953125 0.9828125 0.446875 0.9828125
22 0.4421875 0.98125 0.63125 0.98125 0.63125 0.828125 0.4421875 0.828125 0.4421875 0.98125
22 0.796875 1 0.796875 0.83125 0.658984375 0.83125 0.658984375 1 0.796875 1
22 0.00234375 0 0.00234375 0.1796875 0.1796875 0.1796875 0.1796875 0 0.00234375 0
22 0.159375 0 0.159375 0.15625 0.29375 0.15625 0.29375 0 0.159375 0