22 0.0671875 0 0.0671875 0.18984375 0.28359375 0.18984375 0.28359375 0 0.0671875 0
22 0.18125 0.1609375 0.0078125 0.1609375 0.0078125 0.509375 0.18125 0.509375 0.18125 0.1609375
22 0.31953125 0.184375 0.1515625 0.184375 0.1515625 0.49921875 0.31953125 0.49921875 0.31953125 0.184375
22 0.56484375 0.146875 0.303125 0.146875 0.303125 0.4953125 0.56484375 0.4953125 0.56484375 0.146875
22 0.8 0.25625 0.603125 0.25625 0.603125 0.6 0.8 0.6 0.8 0.25625
22 0.790625 0 0.790625 0.25234375 1 0.25234375 1 0 0.790625 0
22 1 0.3734375 0.853125 0.3734375 0.853125 0.69765625 1 0.69765625 1 0.3734375
22 0.11875 0.5734375 0.003125 0.5734375 0.003125 0.91953125 0.11875 0.91953125 0.11875 0.5734375
22 0.25546875 0.565625 0.075 0.565625 0.075 0.91171875 0.25546875 0.91171875 0.25546875 0.565625
22 0.4609375 0.6265625 0.278125 0.6265625 0.278125 0.9484375 0.4609375 0.9484375 0.4609375 0.6265625
22 0.65078125 0.6203125 0.465625 0.6203125 0.465625 0.93515625 0.65078125 0.93515625 0.65078125 0.6203125
22 0.83828125 0.55 0.64375 0.55 0.64375 0.934375 0.83828125 0.934375 0.83828125 0.55
22 0.9984375 0.7140625 0.828125 0.7140625 0.828125 0.99765625 0.9984375 0.99765625 0.9984375 0.7140625