22 0.4125 0.15625 0.4125 0.033297073437500005 0.2222804578125 0.033297073437500005 0.2222804578125 0.15625 0.4125 0.15625
22 0.434375 0.3953125 0.434375 0.1928204109375 0.33357397187500004 0.1928204109375 0.33357397187500004 0.3953125 0.434375 0.3953125
22 0.3796875 0.353125 0.3796875 0.22423852968750002 0.17317048906250002 0.22423852968750002 0.17317048906250002 0.353125 0.3796875 0.353125
22 0.2015625 0.3765625 0.2015625 0.18912183437500002 0.07812499843750001 0.18912183437500002 0.07812499843750001 0.3765625 0.2015625 0.3765625
22 0.21875 0.7375 0.40611155156249995 0.7375 0.40611155156249995 0.61430973125 0.21875 0.61430973125 0.21875 0.7375
22 0.2577828328125 0.6953125 0.2577828328125 0.5745846515624999 0.0876878953125 0.5745846515624999 0.0876878953125 0.6953125 0.2577828328125 0.6953125
22 0.221875 0.7557456484375 0.05982990312499999 0.7557456484375 0.05982990312499999 0.853055775 0.221875 0.853055775 0.221875 0.7557456484375
22 0.240625 0.9984375 0.240625 0.8924050625 0.13319818125 0.8924050625 0.13319818125 0.9984375 0.240625 0.9984375
22 0.41875 0.9203125 0.41875 0.84020965 0.20260087031250001 0.84020965 0.20260087031250001 0.9203125 0.41875 0.9203125
22 0.478125 0.9109375 0.478125 0.8418216 0.27964794375 0.8418216 0.27964794375 0.9109375 0.478125 0.9109375
22 0.7921875 0.8984375 0.9203125 0.8984375 0.9203125 0.6535403484375 0.7921875 0.6535403484375 0.7921875 0.8984375
22 0.765625 0.85625 0.765625 0.6284612328125 0.6896064078124999 0.6284612328125 0.6896064078124999 0.85625 0.765625 0.85625
22 0.7515625 0.7152393203125 0.5518492890625 0.7152393203125 0.5518492890625 0.790397546875 0.7515625 0.790397546875 0.7515625 0.7152393203125