22 0.103125 0.4953125 0.265625 0.4953125 0.265625 0.320703125 0.103125 0.320703125 0.103125 0.4953125
22 0.440625 0.49375 0.440625 0.30546875 0.263671875 0.30546875 0.263671875 0.49375 0.440625 0.49375
22 0.060546875 0.1046875 0.060546875 0.31875 0.2359375 0.31875 0.2359375 0.1046875 0.060546875 0.1046875
22 0.265625 0.3125 0.265625 0.4875 0.453125 0.4875 0.453125 0.3125 0.265625 0.3125
22 0.201171875 0.090625 0.201171875 0.31640625 0.4140625 0.31640625 0.4140625 0.090625 0.201171875 0.090625
22 0.465625 0.3234375 0.465625 0.496875 0.65 0.496875 0.65 0.3234375 0.465625 0.3234375
22 0.64375 0.3140625 0.64375 0.4875 0.85 0.4875 0.85 0.3140625 0.64375 0.3140625
22 0.456640625 0.0859375 0.456640625 0.31875 0.6625 0.31875 0.6625 0.0859375 0.456640625 0.0859375
22 0.6546875 0.084375 0.6546875 0.3171875 0.8828125 0.3171875 0.8828125 0.084375 0.6546875 0.084375
22 0.2234375 0.0296875 0.2234375 0.0875 0.4515625 0.0875 0.4515625 0.0296875 0.2234375 0.0296875
22 0.451171875 0.034375 0.451171875 0.096875 0.6765625 0.096875 0.6765625 0.034375 0.451171875 0.034375
22 0.664453125 0.0265625 0.664453125 0.09375 0.8890625 0.09375 0.8890625 0.0265625 0.664453125 0.0265625