22 0.5034517968750001 0 0.5034517968750001 0.29375 0.796875 0.29375 0.796875 0 0.5034517968750001 0
22 0.2203125 0.28125 0.49375 0.28125 0.49375 0.0004391359375 0.2203125 0.0004391359375 0.2203125 0.28125
22 0.688791871875 0.48125 0.688791871875 0.175679125 0.616079453125 0.175679125 0.616079453125 0.48125 0.688791871875 0.48125
22 0.378125 0.4796875 0.378125 0.17429534375 0.3054176875 0.17429534375 0.3054176875 0.4796875 0.378125 0.4796875
22 0.6828125 0.5453125 0.6828125 0.2516442 0.62038909375 0.2516442 0.62038909375 0.5453125 0.6828125 0.5453125
22 0.3828125 0.5453125 0.3828125 0.24924428125000003 0.3102685875 0.24924428125000003 0.3102685875 0.5453125 0.3828125 0.5453125
22 0.803125 0.3673202625 0.5051776953125 0.3673202625 0.5051776953125 0.4326797375 0.803125 0.4326797390625 0.803125 0.3673202625
22 0.1921875 0.4328125 0.50625 0.4328125 0.50625 0.36296466562499996 0.1921875 0.36296466562499996 0.1921875 0.4328125
22 0.6921875 0.6125 0.6921875 0.31886744375 0.620818015625 0.31886744375 0.620818015625 0.6125 0.6921875 0.6125
22 0.5078125 0.5 0.5078125 0.427721609375 0.212111928125 0.427721609375 0.212111928125 0.5 0.5078125 0.5
22 0.69375 0.6875 0.69375 0.36875 0.632291665625 0.36875 0.632291665625 0.6875 0.69375 0.6875
22 0.5203125 0.565625 0.5203125 0.49690053125 0.21757046562500001 0.49690053125 0.21757046562500001 0.565625 0.5203125 0.565625
22 0.6234375 0.734375 0.6859375 0.734375 0.6859375 0.4541156046875 0.6234375 0.4541156046875 0.6234375 0.734375
22 0.3828125 0.7515625 0.3828125 0.44544526093750003 0.322758375 0.44544526093750003 0.322758375 0.7515625 0.3828125 0.7515625
22 0.6953125 0.815625 0.6953125 0.5103451812500001 0.6189542484375 0.5103451812500001 0.6189542484375 0.815625 0.6953125 0.815625
22 0.3796875 0.8203125 0.3796875 0.5084456703125 0.3032935046875 0.5084456703125 0.3032935046875 0.8203125 0.3796875 0.8203125
22 0.69375 0.8765625 0.69375 0.578125 0.608440565625 0.578125 0.608440565625 0.8765625 0.69375 0.8765625
22 0.3703125 0.8890625 0.3703125 0.5814440359375 0.29919321718749997 0.5814440359375 0.29919321718749997 0.8890625 0.3703125 0.8890625