22 0.76450511875 0 0.76450511875 0.22696245781250002 0.9453924921875 0.22696245781250002 0.9453924921875 0 0.76450511875 0
22 0.5571672359375001 0 0.5571672359375001 0.2320819109375 0.7491467578125001 0.2320819109375 0.7491467578125001 0 0.5571672359375001 0
22 0.35068259375 0 0.35068259375 0.23890785 0.5529010234375 0.23890785 0.5529010234375 0 0.35068259375 0
22 0.13822525624999998 0 0.13822525624999998 0.23890785 0.34812286718749996 0.23890785 0.34812286718749996 0 0.13822525624999998 0
22 1 0.22696245781250002 0.8293515359375 0.22696245781250002 0.8293515359375 0.5443686 1 0.5443686 1 0.22696245781250002
22 0.8037542656250001 0.23037542656249999 0.598976109375 0.23037542656249999 0.598976109375 0.550341296875 0.8037542656250001 0.550341296875 0.8037542656250001 0.23037542656249999
22 0.595563140625 0.23549488125 0.38822525625000004 0.23549488125 0.38822525625000004 0.5554607515625001 0.595563140625 0.5554607515625001 0.595563140625 0.23549488125
22 0.39078498281249996 0.237201365625 0.16467576718750002 0.237201365625 0.16467576718750002 0.5759385671875 0.39078498281249996 0.5759385671875 0.39078498281249996 0.237201365625
22 0.9675767921875 0.5460750859375 0.796928328125 0.5460750859375 0.796928328125 0.8344709890625 0.9675767921875 0.8344709890625 0.9675767921875 0.5460750859375
22 0.79522184375 0.5477815703125 0.6612627984375 0.5477815703125 0.6612627984375 0.852389078125 0.79522184375 0.852389078125 0.79522184375 0.5477815703125
22 0.3720136515625 0.5733788390625 0.1911262796875 0.5733788390625 0.1911262796875 0.8907849828125001 0.3720136515625 0.8907849828125001 0.3720136515625 0.5733788390625
22 0 0.9069965874999999 0.1928327640625 0.9069965874999999 0.1928327640625 0.57849829375 0 0.57849829375 0 0.9069965874999999
22 0 0.5844709890625001 0.1706484640625 0.5844709890625001 0.1706484640625 0.23037542656249999 0 0.23037542656249999 0 0.5844709890625001