22 0.7234375 0.4390625 0.7234375 0.3654166671875 0.46276041718750005 0.3654166671875 0.46276041718750005 0.4390625 0.7234375 0.4390625
22 0.778125 0.44375 0.778125 0.375 0.5427604171875 0.375 0.5427604171875 0.44375 0.778125 0.44375
22 0.5860416671875 0.5734375 0.5860416671875 0.7140625 0.6452083328125 0.7140625 0.6452083328125 0.5734375 0.5860416671875 0.5734375
22 0.7008333328125 0.7046875 0.7008333328125 0.570364584375 0.6366666671875 0.570364584375 0.6366666671875 0.7046875 0.7008333328125 0.7046875
22 0.7921875 0.6640625 0.7921875 0.6059375 0.672239584375 0.6059375 0.672239584375 0.6640625 0.7921875 0.6640625
22 0.61875 0.909375 0.61875 0.844375 0.5243229171875 0.844375 0.5243229171875 0.909375 0.61875 0.909375
22 0.6109375 0.9032291656250001 0.5684375015625001 0.9032291656250001 0.5684375015625001 0.9623958343749999 0.6109375 0.9623958343749999 0.6109375 0.9032291656250001
22 0.6703125 0.921875 0.6703125 0.853125 0.6020833328124999 0.853125 0.6020833328124999 0.921875 0.6703125 0.921875
22 0.7671875 0.8421875 0.7671875 0.7913020828125 0.62046875 0.7913020828125 0.62046875 0.8421875 0.7671875 0.8421875
22 0.7236458328125 0.75625 0.7236458328125 0.86875 0.765625 0.86875 0.765625 0.75625 0.7236458328125 0.75625
22 0.8296875 0.8484375 0.8296875 0.785989584375 0.7375520828125001 0.785989584375 0.7375520828125001 0.8484375 0.8296875 0.8484375
22 0.7515625 0.9921875 0.7515625 0.9307291671875 0.6757812484375 0.930729165625 0.6757812484375 0.9921875 0.7515625 0.9921875
22 0.71875 0.9984375 0.8078125 0.9984375 0.8078125 0.92015625 0.71875 0.92015625 0.71875 0.9984375