22 0.045703125 0 0.045703125 0.2953125 0.3359375 0.2953125 0.3359375 0 0.045703125 0
22 0.3296875 0 0.3296875 0.290625 0.6109375 0.290625 0.6109375 0 0.3296875 0
22 0.6109375 0 0.6109375 0.278125 0.9234375 0.278125 0.9234375 0 0.6109375 0
22 0.008984375 0.290625 0.008984375 0.55 0.2921875 0.55 0.2921875 0.290625 0.008984375 0.290625
22 0.5890625 0.299609375 0.29375 0.299609375 0.29375 0.5515625 0.5890625 0.5515625 0.5890625 0.299609375
22 0.583203125 0.2828125 0.583203125 0.565625 0.859375 0.565625 0.859375 0.2828125 0.583203125 0.2828125
22 0.9984375 0.295703125 0.86875 0.295703125 0.86875 0.5515625 0.9984375 0.5515625 0.9984375 0.295703125
22 0.134375 0.734375 0.134375 0.9625 0.3125 0.9625 0.3125 0.734375 0.134375 0.734375
22 0.321875 0.746875 0.321875 0.9296875 0.56875 0.9296875 0.56875 0.746875 0.321875 0.746875
22 0.765625 0.9640625 0.765625 0.72890625 0.60078125 0.72890625 0.60078125 0.9640625 0.765625 0.9640625
22 0.796875 0.7578125 0.796875 0.93125 0.9984375 0.93125 0.9984375 0.7578125 0.796875 0.7578125
22 0 0.8953125 0.1359375 0.8953125 0.1359375 0.79296875 0 0.79296875 0 0.8953125