22 0.36171875 0.025 0.1625 0.025 0.1625 0.3640625 0.36171875 0.3640625 0.36171875 0.025
22 0.53203125 0.0234375 0.3515625 0.0234375 0.3515625 0.36015625 0.53203125 0.36015625 0.53203125 0.0234375
22 0.71953125 0.015625 0.534375 0.015625 0.534375 0.3546875 0.71953125 0.3546875 0.71953125 0.015625
22 0.353125 0.3671875 0.1390625 0.3671875 0.1390625 0.73984375 0.353125 0.73984375 0.353125 0.3671875
22 0.55703125 0.3609375 0.3453125 0.3609375 0.3453125 0.72890625 0.55703125 0.72890625 0.55703125 0.3609375
22 0.759375 0.3578125 0.55 0.3578125 0.55 0.7234375 0.759375 0.7234375 0.759375 0.3578125
22 0.36640625 0.74375 0.159375 0.74375 0.159375 0.99609375 0.36640625 0.99609375 0.36640625 0.74375
22 0.55703125 1 0.55703125 0.7359375 0.3578125 0.7359375 0.3578125 1 0.55703125 1
22 0.75390625 0.728125 0.5546875 0.728125 0.5546875 0.99765625 0.75390625 0.99765625 0.75390625 0.728125
22 0.721875 0.01875 0.534375 0.01875 0.534375 0.35546875 0.721875 0.35546875 0.721875 0.01875
22 0.75546875 0.3578125 0.5484375 0.3578125 0.5484375 0.7234375 0.75546875 0.7234375 0.75546875 0.3578125