22 0.8030133921875 0 0.8030133921875 0.1375 0.93125 0.1375 0.93125 0 0.8030133921875 0
22 0.6942088296875 0 0.6942088296875 0.11977926718750001 0.8140625 0.11977926718750001 0.8140625 0 0.6942088296875 0
22 0.70625 0.1171875 0.70625 0.009226190625 0.57958829375 0.009226190625 0.57958829375 0.1171875 0.70625 0.1171875
22 0.4784474203125 0 0.4784474203125 0.115625 0.59375 0.115625 0.59375 0 0.4784474203125 0
22 0.3826760921875 0 0.3826760921875 0.115625 0.4984375 0.115625 0.4984375 0 0.3826760921875 0
22 0.2796626984375 0 0.2796626984375 0.121875 0.38125 0.121875 0.38125 0 0.2796626984375 0
22 0.3 0.1171875 0.3 0.0101314484375 0.1728422609375 0.0101314484375 0.1728422609375 0.1171875 0.3 0.1171875
22 0.7796875 0.3484375 0.7796875 0.1765625 0.6765252984375 0.1765625 0.6765252984375 0.3484375 0.7796875 0.3484375
22 0.725 0.20625 0.5458953375 0.20625 0.5458953375 0.3109002984375 0.725 0.3109002984375 0.725 0.20625
22 0.609375 0.2140749015625 0.46171875 0.2140749015625 0.46171875 0.309312996875 0.609375 0.309312996875 0.609375 0.2140749015625
22 0.49375 0.3328125 0.49375 0.175 0.3953125 0.175 0.3953125 0.3328125 0.49375 0.3328125
22 0.4234375 0.198499503125 0.265625 0.198499503125 0.265625 0.30564236093749997 0.4234375 0.30564236093749997 0.4234375 0.198499503125
22 0.3078125 0.3296875 0.3078125 0.1796751 0.165277778125 0.1796751 0.165277778125 0.3296875 0.3078125 0.3296875
22 0.7859375 0.559375 0.7859375 0.3984375 0.6827752984375 0.3984375 0.6827752984375 0.559375 0.7859375 0.559375
22 0.6921875 0.5546875 0.6921875 0.4160342265625 0.5899305546875 0.4160342265625 0.5899305546875 0.5546875 0.6921875 0.5546875
22 0.6171875 0.5265625 0.6171875 0.42307787656249995 0.4742063484375 0.42307787656249995 0.4742063484375 0.5265625 0.6171875 0.5265625
22 0.5015625 0.54375 0.5015625 0.3983630953125 0.4004340296875 0.3983630953125 0.4004340296875 0.54375 0.5015625 0.54375
22 0.4109375 0.546875 0.4109375 0.398772321875 0.311284721875 0.398772321875 0.311284721875 0.546875 0.4109375 0.546875
22 0.1984375 0.5125 0.346875 0.5125 0.346875 0.41781993906250003 0.1984375 0.41781993906250003 0.1984375 0.5125
22 0.865625 0.7171875 0.865625 0.60321180625 0.6883184515625 0.60321180625 0.6883184515625 0.7171875 0.865625 0.7171875
22 0.76875 0.7234375 0.76875 0.6046875 0.58428819375 0.6046875 0.58428819375 0.7234375 0.76875 0.7234375
22 0.4671875 0.728125 0.65 0.728125 0.65 0.6026413703125 0.4671875 0.6026413703125 0.4671875 0.728125
22 0.4919146828125 0.7375 0.4919146828125 0.57803819375 0.37683531718749996 0.57803819375 0.37683531718749996 0.7375 0.4919146828125 0.7375
22 0.375 0.7390625 0.375 0.56953125 0.2610119046875 0.56953125 0.2610119046875 0.7390625 0.375 0.7390625
22 0.8578125 0.9421875 0.8578125 0.7827256953124999 0.72237103125 0.7827256953124999 0.72237103125 0.9421875 0.8578125 0.9421875
22 0.76875 0.990625 0.76875 0.783940971875 0.620560515625 0.783940971875 0.620560515625 0.990625 0.76875 0.990625
22 0.6234375 0.7458457328125 0.505704365625 0.7458457328125 0.505704365625 0.9775917671875 0.6234375 0.9775917671875 0.6234375 0.7458457328125
22 0.5078125 0.9734375 0.5078125 0.7662078390625 0.38727678593750003 0.7662078390625 0.38727678593750003 0.9734375 0.5078125 0.9734375
22 0.38704117031249996 0.965625 0.387041171875 0.7652157734375 0.2457713296875 0.7652157734375 0.2457713296875 0.965625 0.38704117031249996 0.965625