22 0.84032258125 0.1709677421875 0.701612903125 0.1709677421875 0.701612903125 0.354838709375 0.84032258125 0.354838709375 0.84032258125 0.1709677421875
22 0.36290322656249996 0.1677419359375 0.1814516125 0.1677419359375 0.1814516125 0.373387096875 0.36290322656249996 0.373387096875 0.36290322656249996 0.1677419359375
22 0.43064516093750005 0.1774193546875 0.3588709671875 0.1774193546875 0.3588709671875 0.363709678125 0.43064516093750005 0.363709678125 0.43064516093750005 0.1774193546875
22 0.9290322578125 0.37419354843749997 0.7032258062500001 0.37419354843749997 0.7032258062500001 0.5604838703125 0.9290322578125 0.5604838703125 0.9290322578125 0.37419354843749997
22 0.7129032265624999 0.37419354843749997 0.504838709375 0.37419354843749997 0.504838709375 0.56532258125 0.7129032265624999 0.56532258125 0.7129032265624999 0.37419354843749997
22 0.5016129031250001 0.3693548390625 0.33064516093749996 0.3693548390625 0.33064516093749996 0.56532258125 0.5016129031250001 0.56532258125 0.5016129031250001 0.3693548390625
22 0.504838709375 0.5645161296875 0.3258064515625 0.5645161296875 0.3258064515625 0.7604838703125 0.504838709375 0.7604838703125 0.504838709375 0.5645161296875
22 0.8983870968750001 0.7709677421875 0.7024193546874999 0.7709677421875 0.7024193546874999 0.941935484375 0.8983870968750001 0.941935484375 0.8983870968750001 0.7709677421875
22 0.7048387093749999 0.7677419359375001 0.5161290328125 0.7677419359375001 0.5161290328125 0.9314516125000001 0.7048387093749999 0.9314516125000001 0.7048387093749999 0.7677419359375001
22 0.511290321875 0.7629032265625 0.34032258125000003 0.7629032265625 0.34032258125000003 0.9290322578125 0.511290321875 0.9290322578125 0.511290321875 0.7629032265625
22 0.3322580640625 0.75967741875 0.161290321875 0.75967741875 0.161290321875 0.9209677421875 0.3322580640625 0.9209677421875 0.3322580640625 0.75967741875
22 0.8887096781249999 1 0.8887096781249999 0.938709678125 0.7072580640624999 0.938709678125 0.7072580640624999 1 0.8887096781249999 1
22 0.70967741875 1 0.70967741875 0.9354838703125001 0.5459677421875 0.9354838703125001 0.5459677421875 1 0.70967741875 1
22 0.5322580640625 1 0.5322580640625 0.9258064515625 0.363709678125 0.9258064515625 0.363709678125 1 0.5322580640625 1
22 0.35967741875 1 0.35967741875 0.9209677421875 0.1911290328125 0.9209677421875 0.1911290328125 1 0.35967741875 1