22 0.303125 0.184375 0.16875 0.184375 0.16875 0.3625 0.303125 0.3625 0.303125 0.184375
22 0.80703125 0.18125 0.63125 0.18125 0.63125 0.38046875 0.80703125 0.38046875 0.80703125 0.18125
22 0.63515625 0.190625 0.565625 0.190625 0.565625 0.37109375 0.63515625 0.37109375 0.63515625 0.190625
22 0.3015625 0.38125 0.0828125 0.38125 0.0828125 0.56171875 0.3015625 0.56171875 0.3015625 0.38125
22 0.49375 0.38125 0.2921875 0.38125 0.2921875 0.56640625 0.49375 0.56640625 0.49375 0.38125
22 0.6625 0.3765625 0.496875 0.3765625 0.496875 0.56640625 0.6625 0.56640625 0.6625 0.3765625
22 0.6671875 0.565625 0.49375 0.565625 0.49375 0.75546875 0.6671875 0.75546875 0.6671875 0.565625
22 0.30234375 0.765625 0.1125 0.765625 0.1125 0.93125 0.30234375 0.93125 0.30234375 0.765625
22 0.4828125 0.7625 0.3 0.7625 0.3 0.92109375 0.4828125 0.92109375 0.4828125 0.7625
22 0.653125 0.7578125 0.4875 0.7578125 0.4875 0.91875 0.653125 0.91875 0.653125 0.7578125
22 0.8265625 0.7546875 0.6609375 0.7546875 0.6609375 0.9109375 0.8265625 0.9109375 0.8265625 0.7546875
22 0.29765625 1 0.29765625 0.928125 0.121875 0.928125 0.121875 1 0.29765625 1
22 0.45390625 0.925 0.2953125 0.925 0.2953125 0.99921875 0.45390625 0.99921875 0.45390625 0.925
22 0.63046875 1 0.63046875 0.915625 0.4671875 0.915625 0.4671875 1 0.63046875 1
22 0.79765625 1 0.79765625 0.9109375 0.634375 0.9109375 0.634375 1 0.79765625 1