22 0.080078125 0 0.080078125 0.203125 0.269921875 0.203125 0.269921875 0 0.080078125 0
22 0.0078125 0.1609375 0.0078125 0.509375 0.18125 0.509375 0.18125 0.1609375 0.0078125 0.1609375
22 0.3921875 0.425 0.3921875 0.258203125 0.078515625 0.258203125 0.078515625 0.425 0.3921875 0.425
22 0.6078125 0.4515625 0.6078125 0.190625 0.259765625 0.190625 0.259765625 0.4515625 0.6078125 0.4515625
22 0.603125 0.25625 0.603125 0.6 0.8 0.6 0.8 0.25625 0.603125 0.25625
22 1 0.000390625 0.790625 0.000390625 0.790625 0.2515625 1 0.2515625 1 0.000390625
22 1 0.373828125 0.853125 0.373828125 0.853125 0.696875 1 0.696875 1 0.373828125
22 0.11875 0.573828125 0.003125 0.573828125 0.003125 0.91875 0.11875 0.91875 0.11875 0.573828125
22 0 0.828125 0.3375 0.828125 0.3375 0.648046875 0 0.648046875 0 0.828125
22 0.278125 0.6265625 0.278125 0.9484375 0.4609375 0.9484375 0.4609375 0.6265625 0.278125 0.6265625
22 0.465625 0.934375 0.65 0.934375 0.65 0.6203125 0.465625 0.6203125 0.465625 0.934375
22 0.548828125 0.6453125 0.548828125 0.8390625 0.9328125 0.8390625 0.9328125 0.6453125 0.548828125 0.6453125
22 0.9984375 0.714453125 0.828125 0.714453125 0.828125 0.996875 0.9984375 0.996875 0.9984375 0.714453125