22 0 0.3859375 0.28125 0.3859375 0.28125 0.1870967734375 0 0.1870967734375 0 0.3859375
22 0.521875 0.4703125 0.521875 0.1515877015625 0.2003528234375 0.1515877015625 0.2003528234375 0.4703125 0.521875 0.4703125
22 0.8234375 0.475 0.8234375 0.162726815625 0.5270665328125 0.162726815625 0.5270665328125 0.475 0.8234375 0.475
22 0.3640625 0.6765625 0.3640625 0.463130040625 0.0747983875 0.463130040625 0.0747983875 0.6765625 0.3640625 0.6765625
22 0.621875 0.4625252015625 0.36875 0.4625252015625 0.36875 0.685912296875 0.621875 0.685912296875 0.621875 0.4625252015625
22 0.61885080625 0.6841985875 0.86239919375 0.6841985875 0.86239919375 0.4704889109375 0.61885080625 0.4704889109375 0.61885080625 0.6841985875
22 1 0.513608871875 0.8369707656250001 0.513608871875 0.8369707656250001 0.64375 1 0.64375 1 0.513608871875
22 0.2203125 0.8859375 0.2203125 0.6484375 0.0380796359375 0.6484375 0.0380796359375 0.8859375 0.2203125 0.8859375
22 0.7015625 0.875 0.7015625 0.652696571875 0.539465725 0.652696571875 0.539465725 0.875 0.7015625 0.875
22 0.5109375 1 0.5109375 0.8197076609374999 0.384803428125 0.8197076609374999 0.384803428125 1 0.5109375 1
22 0.7609375 0.98125 0.7609375 0.8453125 0.5501764109375 0.8453125 0.5501764109375 0.98125 0.7609375 0.98125
22 0.921875 1 0.921875 0.8144909281249999 0.7786794359375 0.8144909281249999 0.7786794359375 1 0.921875 1