22 0.21640625 0.3109375 0.0046875 0.3109375 0.0046875 0.49375 0.21640625 0.49375 0.21640625 0.3109375
22 0.3890625 0.30625 0.2234375 0.30625 0.2234375 0.48203125 0.3890625 0.48203125 0.3890625 0.30625
22 0.8734375 0.3 0.7171875 0.3 0.7171875 0.465625 0.8734375 0.465625 0.8734375 0.3
22 0.99765625 0.303125 0.865625 0.303125 0.865625 0.45703125 0.99765625 0.45703125 0.99765625 0.303125
22 0.3015625 0.503125 0.0828125 0.503125 0.0828125 0.67109375 0.3015625 0.67109375 0.3015625 0.503125
22 0.490625 0.4859375 0.29375 0.4859375 0.29375 0.66171875 0.490625 0.66171875 0.490625 0.4859375
22 0.6359375 0.503125 0.484375 0.503125 0.484375 0.6453125 0.6359375 0.6453125 0.6359375 0.503125
22 0.8046875 0.48125 0.653125 0.48125 0.653125 0.63515625 0.8046875 0.63515625 0.8046875 0.48125
22 0.971875 0.4609375 0.8109375 0.4609375 0.8109375 0.62890625 0.971875 0.62890625 0.971875 0.4609375
22 0.64453125 0.478125 0.4765625 0.478125 0.4765625 0.65390625 0.64453125 0.65390625 0.64453125 0.478125
22 0.80625 0.4890625 0.659375 0.4890625 0.659375 0.63359375 0.80625 0.63359375 0.80625 0.4890625
22 0.59765625 0.646875 0.4921875 0.646875 0.4921875 0.7890625 0.59765625 0.7890625 0.59765625 0.646875
22 0.4421875 0.75625 0.3265625 0.75625 0.3265625 0.90078125 0.4421875 0.90078125 0.4421875 0.75625
22 0.91171875 0.6328125 0.815625 0.6328125 0.815625 0.76015625 0.91171875 0.76015625 0.91171875 0.6328125