22 0.034375 0.165625 0.034375 0.353125 0.2671875 0.353125 0.2671875 0.165625 0.034375 0.165625
22 0.294921875 0.15 0.294921875 0.3703125 0.471875 0.3703125 0.471875 0.15 0.294921875 0.15
22 0.721875 0.38125 0.721875 0.14140625 0.51796875 0.14140625 0.51796875 0.38125 0.721875 0.38125
22 0.95625 0.173828125 0.728125 0.173828125 0.728125 0.353125 0.95625 0.353125 0.95625 0.173828125
22 0.0671875 0.334375 0.0671875 0.5484375 0.2375 0.5484375 0.2375 0.334375 0.0671875 0.334375
22 0.2640625 0.3515625 0.2640625 0.534375 0.5 0.534375 0.5 0.3515625 0.2640625 0.3515625
22 0.75 0.3234375 0.75 0.55625 0.9234375 0.55625 0.9234375 0.3234375 0.75 0.3234375
22 0.2515625 0.684375 0.2515625 0.53125 0.045703125 0.53125 0.045703125 0.684375 0.2515625 0.684375
22 0.3 0.478125 0.3 0.7234375 0.4609375 0.7234375 0.4609375 0.478125 0.3 0.478125
22 0.7328125 0.523828125 0.496875 0.523828125 0.496875 0.671875 0.7328125 0.671875 0.7328125 0.523828125
22 0.717578125 0.5265625 0.717578125 0.6828125 0.946875 0.6828125 0.946875 0.5265625 0.717578125 0.5265625