22 0 0.23125 0.23125 0.23125 0.23125 0.179947915625 0 0.1799479171875 0 0.23125
22 0.055902778125 0 0.055902778125 0.40625 0.2171875 0.40625 0.2171875 0 0.055902778125 0
22 0.40286458437499995 0.4109375 0.40286458437499995 0.000260415625 0.2240451390625 0.000260415625 0.2240451390625 0.4109375 0.40286458437499995 0.4109375
22 0.4078125 0.0015625 0.4078125 0.4078125 0.58125 0.4078125 0.58125 0.0015625 0.4078125 0.0015625
22 0.871875 0.10824652812499999 0.47682291718750003 0.1082465265625 0.47682291718750003 0.2870659734375 0.871875 0.2870659734375 0.871875 0.10824652812499999
22 0.875 0.2953125 0.875 0.1092013875 0.47083333281249995 0.1092013875 0.47083333281249995 0.2953125 0.875 0.2953125
22 0.9234375 0.403125 0.9234375 0.0000868046875 0.7642361109375 0.0000868046875 0.7642361109375 0.403125 0.9234375 0.403125
22 1 0.1666666671875 0.75546875 0.16666666562500002 0.75546875 0.24375 1 0.24375 1 0.1666666671875
22 0 0.90243055625 0.2765625 0.90243055625 0.2765625 0.721875 0 0.721875 0 0.90243055625
22 0.4546875 0.7109375 0.07369791718749999 0.7109375 0.07369791718749999 0.9061631953125 0.4546875 0.9061631953125 0.4546875 0.7109375
22 0.559375 0.978125 0.559375 0.795659721875 0.3347222234375 0.795659721875 0.3347222234375 0.978125 0.559375 0.978125
22 0.7274305562500001 0.9984375 0.7274305562500001 0.618402778125 0.5381944437499999 0.618402778125 0.5381944437499999 0.9984375 0.7274305562500001 0.9984375
22 0.9015625 0.9984375 0.9015625 0.617708334375 0.7207465281250001 0.617708334375 0.7207465281250001 0.9984375 0.9015625 0.9984375
22 1 0.7482638890625 0.7484375 0.7482638890625 0.7484375 0.85625 1 0.85625 1 0.7482638890625