22 0.615625 0 0.615625 0.196875 0.73828125 0.196875 0.73828125 0 0.615625 0
22 0.66171875 0.1984375 0.5609375 0.1984375 0.5609375 0.4 0.66171875 0.4 0.66171875 0.1984375
22 0.78046875 0.190625 0.653125 0.190625 0.653125 0.3953125 0.78046875 0.3953125 0.78046875 0.190625
22 0.91328125 0.1953125 0.790625 0.1953125 0.790625 0.38046875 0.91328125 0.38046875 0.91328125 0.1953125
22 0.74296875 0.5828125 0.6203125 0.5828125 0.6203125 0.76796875 0.74296875 0.76796875 0.74296875 0.5828125
22 0.8796875 0.5515625 0.759375 0.5515625 0.759375 0.71953125 0.8796875 0.71953125 0.8796875 0.5515625
22 0.89921875 0.721875 0.803125 0.721875 0.803125 0.8828125 0.89921875 0.8828125 0.89921875 0.721875
22 0.85859375 1 0.85859375 0.8890625 0.753125 0.8890625 0.753125 1 0.85859375 1
22 0.7234375 0.7703125 0.64375 0.7703125 0.64375 0.984375 0.7234375 0.984375 0.7234375 0.7703125
22 0.65078125 0.775 0.58125 0.775 0.58125 0.971875 0.65078125 0.971875 0.65078125 0.775
22 0.20859375 0.653125 0.08125 0.653125 0.08125 0.89609375 0.20859375 0.89609375 0.20859375 0.653125
22 0.309375 0.628125 0.2328125 0.628125 0.2328125 0.85390625 0.309375 0.85390625 0.309375 0.628125
22 0.38359375 0.6515625 0.309375 0.6515625 0.309375 0.85078125 0.38359375 0.85078125 0.38359375 0.6515625