22 0 0.1578125 0.1359375 0.1578125 0.1359375 0.059375 0 0.059375 0 0.1578125
22 0.3640625 0.3484375 0.3640625 0.2719002015625 0.2023689515625 0.2719002015625 0.2023689515625 0.3484375 0.3640625 0.3484375
22 0.246875 0.219279234375 0.14684979843749998 0.219279234375 0.14684979843749998 0.385408265625 0.246875 0.385408265625 0.246875 0.219279234375
22 0 0.3578125 0.15146169375000001 0.3578125 0.15146169375000001 0.2522681453125 0 0.2522681453125 0 0.3578125
22 0.196875 0.5296875 0.3435483875 0.5296875 0.3435483875 0.44581653125000004 0.196875 0.4458165328125 0.196875 0.5296875
22 0.1390625 0.5921875 0.1390625 0.4068296375 0.031401209375 0.4068296375 0.031401209375 0.5921875 0.1390625 0.5921875
22 0.278125 0.746875 0.278125 0.5825604828125 0.182862903125 0.5825604828125 0.182862903125 0.746875 0.278125 0.746875
22 0.18125 0.60635080625 0.0812247984375 0.60635080625 0.0812247984375 0.7748991937499999 0.18125 0.7748991937499999 0.18125 0.60635080625
22 0.0765625 0.7765625 0.0765625 0.6098790328125 0.00035282343750000003 0.6098790328125 0.000352821875 0.7765625 0.0765625 0.7765625
22 0.3015625 0.9796875 0.3015625 0.8018901203125001 0.1888356859375 0.8018901203125001 0.1888356859375 0.9796875 0.3015625 0.9796875
22 0.225 0.42227822656249997 0.141255040625 0.42227822656249997 0.141255040625 0.571471775 0.225 0.571471775 0.225 0.42227822656249997
22 0.1890625 1 0.1890625 0.803276209375 0.068296371875 0.803276209375 0.068296371875 1 0.1890625 1
22 0 0.9546875 0.1140625 0.9546875 0.1140625 0.88515625 0 0.88515625 0 0.9546875