22 0.43125 0.29375 0.43125 0.0953125 0.092578125 0.0953125 0.092578125 0.29375 0.43125 0.29375
22 0.53125 0.359375 0.53125 0.023828125 0.351953125 0.023828125 0.351953125 0.359375 0.53125 0.359375
22 0.7953125 0.2765625 0.7953125 0.09296875 0.457421875 0.09296875 0.457421875 0.2765625 0.7953125 0.2765625
22 0.4328125 0.446484375 0.06015625 0.446484375 0.06015625 0.659375 0.4328125 0.659375 0.4328125 0.446484375
22 0.2671875 0.65 0.634375 0.65 0.634375 0.439453125 0.2671875 0.439453125 0.2671875 0.65
22 0.55 0.3578125 0.55 0.7234375 0.759375 0.7234375 0.759375 0.3578125 0.55 0.3578125
22 0.159375 0.9953125 0.365625 0.9953125 0.365625 0.744140625 0.159375 0.744140625 0.159375 0.9953125
22 0.5890625 0.76875 0.325390625 0.76875 0.325390625 0.9671875 0.5890625 0.9671875 0.5890625 0.76875
22 0.753125 0.996875 0.753125 0.728515625 0.555078125 0.728515625 0.555078125 0.996875 0.753125 0.996875
22 0.796875 0.093359375 0.46015625 0.093359375 0.46015625 0.2796875 0.796875 0.2796875 0.796875 0.093359375
22 0.548046875 0.3578125 0.548046875 0.7234375 0.7546875 0.7234375 0.7546875 0.3578125 0.548046875 0.3578125