22 0.33515625 0.3625 0.065625 0.3625 0.065625 0.57890625 0.33515625 0.57890625 0.33515625 0.3625
22 0.603125 0.3875 0.33125 0.3875 0.33125 0.57265625 0.603125 0.57265625 0.603125 0.3875
22 0.85859375 0.4125 0.60625 0.4125 0.60625 0.59765625 0.85859375 0.59765625 0.85859375 0.4125
22 1 0.3734375 0.853125 0.3734375 0.853125 0.59453125 1 0.59453125 1 0.3734375
22 0 0.3015625 0.2109375 0.3015625 0.2109375 0.19375 0 0.19375 0 0.3015625
22 0.4421875 0.2078125 0.2234375 0.2078125 0.2234375 0.3015625 0.4421875 0.3015625 0.4421875 0.2078125
22 0.6078125 0.278125 0.4203125 0.278125 0.4203125 0.36953125 0.6078125 0.36953125 0.6078125 0.278125
22 0.821875 0.2671875 0.603125 0.2671875 0.603125 0.3828125 0.821875 0.3828125 0.821875 0.2671875
22 0.9984375 0.25 0.7796875 0.25 0.7796875 0.38671875 0.9984375 0.38671875 0.9984375 0.25
22 0.20625 0.3109375 0.0140625 0.3109375 0.0140625 0.3828125 0.20625 0.3828125 0.20625 0.3109375
22 0.38671875 0.3015625 0.20625 0.3015625 0.20625 0.38125 0.38671875 0.38125 0.38671875 0.3015625
22 0.5828125 0.3609375 0.4046875 0.3609375 0.4046875 0.409375 0.5828125 0.409375 0.5828125 0.3609375