22 0.065625 0.578125 0.334375 0.578125 0.334375 0.3625 0.065625 0.3625 0.065625 0.578125
22 0.603125 0.387890625 0.33125 0.387890625 0.33125 0.571875 0.603125 0.571875 0.603125 0.387890625
22 0.8578125 0.596875 0.8578125 0.4125 0.606640625 0.4125 0.606640625 0.596875 0.8578125 0.596875
22 1 0.410546875 0.81640625 0.410546875 0.81640625 0.55625 1 0.55625 1 0.410546875
22 0.0515625 0.1421875 0.0515625 0.353125 0.159375 0.353125 0.159375 0.1421875 0.0515625 0.1421875
22 0.2859375 0.1453125 0.2859375 0.3640625 0.3796875 0.3640625 0.3796875 0.1453125 0.2859375 0.1453125
22 0.4203125 0.278125 0.4203125 0.36875 0.6078125 0.36875 0.6078125 0.278125 0.4203125 0.278125
22 0.603125 0.2671875 0.603125 0.3828125 0.821875 0.3828125 0.821875 0.2671875 0.603125 0.2671875
22 0.95703125 0.4265625 0.95703125 0.208984375 0.8203125 0.208984375 0.8203125 0.4265625 0.95703125 0.4265625
22 0.0140625 0.3109375 0.0140625 0.3828125 0.20625 0.3828125 0.20625 0.3109375 0.0140625 0.3109375
22 0.3359375 0.43125 0.3359375 0.2515625 0.256640625 0.2515625 0.256640625 0.43125 0.3359375 0.43125
22 0.4046875 0.3609375 0.4046875 0.409375 0.5828125 0.409375 0.5828125 0.3609375 0.4046875 0.3609375