22 0.9453125 0.2265625 0.9453125 0.0001999796875 0.764766425 0.0001999796875 0.764766425 0.2265625 0.9453125 0.2265625
22 0.5578125 0 0.5578125 0.23125 0.7484375 0.23125 0.7484375 0 0.5578125 0
22 0.3509119015625 0 0.3509119015625 0.2375 0.553125 0.2375 0.553125 0 0.3509119015625 0
22 0.34791755625 0.2375 0.34791755625 0.000077325 0.1380199453125 0.000077325 0.13801994374999998 0.2375 0.34791755625 0.2375
22 0.9984375 0.54375 0.9984375 0.2274717375 0.8291835546874999 0.2274717375 0.8291835546874999 0.54375 0.9984375 0.54375
22 0.8609375 0.2875 0.5418968640624999 0.2875 0.5418968640624999 0.4921635015625 0.8609375 0.4921635015625 0.8609375 0.2875
22 0.38773730781250004 0.2359375 0.38773730781250004 0.5546875 0.5950751921874999 0.5546875 0.5950751921874999 0.2359375 0.38773730781250004 0.2359375
22 0.390625 0.575 0.390625 0.23674008125 0.16506239218750002 0.23674008125 0.16506239218750002 0.575 0.390625 0.575
22 0.9671875 0.5456457984374999 0.796875 0.5456457984374999 0.796875 0.8340417015625 0.9671875 0.8340417015625 0.9671875 0.5456457984374999
22 0.7953125 0.8515625 0.7953125 0.54708564375 0.66138011875 0.54708564375 0.66138011875 0.8515625 0.7953125 0.8515625
22 0.4390625 0.821875 0.4390625 0.641958190625 0.12281623281250001 0.641958190625 0.12281623281250001 0.821875 0.4390625 0.821875
22 0 0.8375 0.259375 0.8375 0.259375 0.6460084265625 0 0.6460084265625 0 0.8375
22 0 0.4921875 0.26198005625 0.4921875 0.26198005625 0.32226695781250003 0 0.32226695781250003 0 0.4921875