22 0 0.4609375 0.1703125 0.4609375 0.1703125 0.103125 0 0.103125 0 0.4609375
22 0.45625 0.16171875 0.098828125 0.16171875 0.098828125 0.4046875 0.45625 0.4046875 0.45625 0.16171875
22 0.425 0.0671875 0.425 0.425 0.671875 0.425 0.671875 0.0671875 0.425 0.0671875
22 0.680078125 0.0671875 0.680078125 0.4421875 0.909375 0.4421875 0.909375 0.0671875 0.680078125 0.0671875
22 0 0.7359375 0.2203125 0.7359375 0.2203125 0.534765625 0 0.534765625 0 0.7359375
22 0.428125 0.7171875 0.428125 0.520703125 0.171875 0.520703125 0.171875 0.7171875 0.428125 0.7171875
22 0.3984375 0.7453125 0.5875 0.7453125 0.5875 0.601953125 0.3984375 0.601953125 0.3984375 0.7453125
22 0.593359375 0.5640625 0.593359375 0.7375 0.7828125 0.7375 0.7828125 0.5640625 0.593359375 0.5640625
22 1 0.50078125 0.72890625 0.50078125 0.72890625 0.6921875 1 0.6921875 1 0.50078125
22 0.2828125 0.95 0.2828125 0.780859375 0.1078125 0.780859375 0.1078125 0.95 0.2828125 0.95
22 0.46640625 0.9609375 0.46640625 0.779296875 0.303125 0.779296875 0.303125 0.9609375 0.46640625 0.9609375
22 0.6515625 0.95 0.6515625 0.765625 0.486328125 0.765625 0.486328125 0.95 0.6515625 0.95
22 0.671484375 0.7703125 0.671484375 0.9375 0.8359375 0.9375 0.8359375 0.7703125 0.671484375 0.7703125
22 1 0.77265625 0.829296875 0.77265625 0.829296875 0.9296875 1 0.9296875 1 0.77265625