22 0.775 0.0375 0.578515625 0.0375 0.578515625 0.159375 0.775 0.159375 0.775 0.0375
22 0.560546875 0.1984375 0.560546875 0.4 0.6609375 0.4 0.6609375 0.1984375 0.560546875 0.1984375
22 0.652734375 0.190625 0.652734375 0.3953125 0.7796875 0.3953125 0.7796875 0.190625 0.652734375 0.190625
22 0.9125 0.3796875 0.9125 0.194921875 0.791015625 0.194921875 0.791015625 0.3796875 0.9125 0.3796875
22 0.7734375 0.7359375 0.7734375 0.614453125 0.588671875 0.614453125 0.588671875 0.7359375 0.7734375 0.7359375
22 0.903125 0.6953125 0.903125 0.575390625 0.7359375 0.575390625 0.7359375 0.6953125 0.903125 0.6953125
22 0.93125 0.75390625 0.770703125 0.75390625 0.770703125 0.85 0.93125 0.85 0.93125 0.75390625
22 0.8609375 0.996875 0.8609375 0.8921875 0.750390625 0.8921875 0.750390625 0.996875 0.8609375 0.996875
22 0.64375 0.7703125 0.64375 0.984375 0.7234375 0.984375 0.7234375 0.7703125 0.64375 0.7703125
22 0.517578125 0.8390625 0.517578125 0.9078125 0.7140625 0.9078125 0.7140625 0.8390625 0.517578125 0.8390625
22 0.2078125 0.8953125 0.2078125 0.652734375 0.080859375 0.652734375 0.080859375 0.8953125 0.2078125 0.8953125
22 0.309375 0.628515625 0.2328125 0.628515625 0.2328125 0.853125 0.309375 0.853125 0.309375 0.628515625
22 0.246875 0.7875 0.4453125 0.7875 0.4453125 0.713671875 0.246875 0.713671875 0.246875 0.7875