22 0.8344051453124999 0.014469453125 0.629421221875 0.014469453125 0.629421221875 0.3633440515625 0.8344051453124999 0.3633440515625 0.8344051453124999 0.014469453125
22 0.6398713828125 0.012861735937499999 0.45418006406250006 0.012861735937499999 0.45418006406250006 0.359324759375 0.6398713828125 0.359324759375 0.6398713828125 0.012861735937499999
22 0.45176848906249994 0.0048231515625 0.26125401875 0.0048231515625 0.26125401875 0.3536977484375 0.45176848906249994 0.3536977484375 0.45176848906249994 0.0048231515625
22 0.8585209 0.3665594859375 0.638263665625 0.3665594859375 0.638263665625 0.75 0.8585209 0.75 0.8585209 0.3665594859375
22 0.6463022515625 0.3601286171875 0.4284565921875 0.3601286171875 0.4284565921875 0.73874598125 0.6463022515625 0.73874598125 0.6463022515625 0.3601286171875
22 0.43569131875 0.3569131828125 0.220257234375 0.3569131828125 0.220257234375 0.7331189703125001 0.43569131875 0.7331189703125001 0.43569131875 0.3569131828125
22 0.837620578125 1 0.837620578125 0.7540192921875 0.6245980703125 0.7540192921875 0.6245980703125 1 0.837620578125 1
22 0.6334405140625 1 0.6334405140625 0.7459807078125 0.4284565921875 0.7459807078125 0.4284565921875 1 0.6334405140625 1
22 0.4308681671875 1 0.4308681671875 0.737942121875 0.22588424375 0.737942121875 0.22588424375 1 0.4308681671875 1
22 0.45176848906249994 0.008038585937499999 0.25884244375 0.008038585937499999 0.25884244375 0.3545016078125 0.45176848906249994 0.3545016078125 0.45176848906249994 0.008038585937499999
22 0.43729903593749997 0.3569131828125 0.22427652656250002 0.3569131828125 0.22427652656250002 0.7331189703125001 0.43729903593749997 0.7331189703125001 0.43729903593749997 0.3569131828125