22 0.959375 0.58125 0.959375 0.3582913296875 0.681703628125 0.3582913296875 0.681703628125 0.58125 0.959375 0.58125
22 0.684375 0.5734375 0.684375 0.3841229828125 0.40498991875 0.3841229828125 0.40498991875 0.5734375 0.684375 0.5734375
22 0.4015625 0.6 0.4015625 0.4094506046875 0.1414062515625 0.4094506046875 0.1414062515625 0.6 0.4015625 0.6
22 0 0.55625 0.1859375 0.55625 0.1859375 0.4100302421875 0 0.4100302421875 0 0.55625
22 0.999848790625 0.29375 0.999848790625 0.1841985890625 0.809526209375 0.1841985890625 0.809526209375 0.29375 0.999848790625 0.29375
22 0.73125 0.359375 0.73125 0.1341481859375 0.6355846765625001 0.1341481859375 0.6355846781250001 0.359375 0.73125 0.359375
22 0.54375 0.4140625 0.54375 0.221471775 0.44977318593750004 0.221471775 0.44977318593750004 0.4140625 0.54375 0.4140625
22 0.403125 0.378125 0.403125 0.25950100625 0.178780240625 0.25950100625 0.178780240625 0.378125 0.403125 0.378125
22 0.18125 0.2015625 0.0407258078125 0.2015625 0.04072580625 0.4234375 0.18125 0.4234375 0.18125 0.2015625
22 0.94375 0.434375 0.94375 0.24896673281249998 0.8699092734375 0.24896673281249998 0.8699092734375 0.434375 0.94375 0.434375
22 0.7625 0.428125 0.7625 0.2434223796875 0.6806703625 0.2434223796875 0.6806703625 0.428125 0.7625 0.428125
22 0.4260332671875 0.35625 0.4260332671875 0.40625 0.6078125 0.40625 0.6078125 0.35625 0.4260332671875 0.35625