22 0 0 0 0.371875 0.090625 0.371875 0.090625 0 0 0
22 0.09375 0 0.09375 0.3671875 0.240625 0.3671875 0.240625 0 0.09375 0
22 0.2453125 0 0.2453125 0.371875 0.40625 0.371875 0.40625 0 0.2453125 0
22 0.5671875 0.003125 0.4109375 0.003125 0.4109375 0.36875 0.5671875 0.36875 0.5671875 0.003125
22 0.5703125 0 0.5703125 0.3578125 0.73125 0.3578125 0.73125 0 0.5703125 0
22 0.565625 0 0.565625 0.365625 0.73359375 0.365625 0.73359375 0 0.565625 0
22 0.73125 0 0.73125 0.365625 0.87578125 0.365625 0.87578125 0 0.73125 0
22 0.8734375 0 0.8734375 0.371875 0.9984375 0.371875 0.9984375 0 0.8734375 0
22 0.20625 0.5640625 0.040625 0.5640625 0.040625 0.99921875 0.20625 0.99921875 0.20625 0.5640625
22 0.36953125 0.5578125 0.19375 0.5578125 0.19375 0.99765625 0.36953125 0.99765625 0.36953125 0.5578125
22 0.5296875 0.6984375 0.3640625 0.6984375 0.3640625 0.99921875 0.5296875 0.99921875 0.5296875 0.6984375
22 0.6984375 0.5578125 0.528125 0.5578125 0.528125 0.99765625 0.6984375 0.99765625 0.6984375 0.5578125
22 0.85546875 0.5578125 0.6921875 0.5578125 0.6921875 0.99765625 0.85546875 0.99765625 0.85546875 0.5578125
22 1 0.546875 0.8453125 0.546875 0.8453125 0.9625 1 0.9625 1 0.546875