22 0 0.3671875 0.2640625 0.3671875 0.2640625 0.196875 0 0.196875 0 0.3671875
22 0.45625 0.16171875 0.098828125 0.16171875 0.098828125 0.4046875 0.45625 0.4046875 0.45625 0.16171875
22 0.7265625 0.36875 0.7265625 0.12265625 0.369921875 0.12265625 0.369921875 0.36875 0.7265625 0.36875
22 0.607421875 0.1390625 0.607421875 0.36875 0.98125 0.36875 0.98125 0.1390625 0.607421875 0.1390625
22 0 0.7359375 0.2203125 0.7359375 0.2203125 0.534765625 0 0.534765625 0 0.7359375
22 0.3984375 0.491015625 0.2015625 0.491015625 0.2015625 0.746875 0.3984375 0.746875 0.3984375 0.491015625
22 0.5875 0.7453125 0.5875 0.601171875 0.398828125 0.601171875 0.398828125 0.7453125 0.5875 0.7453125
22 0.594140625 0.5640625 0.594140625 0.7375 0.7828125 0.7375 0.7828125 0.5640625 0.594140625 0.5640625
22 0.76875 0.4609375 0.76875 0.7328125 0.9609375 0.7328125 0.9609375 0.4609375 0.76875 0.4609375
22 0.28125 0.778515625 0.1109375 0.778515625 0.1109375 0.953125 0.28125 0.953125 0.28125 0.778515625
22 0.4671875 0.779296875 0.30390625 0.779296875 0.30390625 0.9609375 0.4671875 0.9609375 0.4671875 0.779296875
22 0.476953125 0.775 0.476953125 0.940625 0.6609375 0.940625 0.6609375 0.775 0.476953125 0.775
22 0.8359375 0.9375 0.8359375 0.77109375 0.671484375 0.77109375 0.671484375 0.9375 0.8359375 0.9375
22 0.839453125 0.7625 0.839453125 0.940625 0.996875 0.940625 0.996875 0.7625 0.839453125 0.7625