22 0.8344051453124999 0 0.8344051453124999 0.2548231515625 1 0.2548231515625 1 0 0.8344051453124999 0
22 0.6511254015625 0 0.6511254015625 0.2652733125 0.8215434078125 0.2652733125 0.8215434078125 0 0.6511254015625 0
22 0.49356913125 0 0.49356913125 0.2725080390625 0.649517684375 0.2725080390625 0.649517684375 0 0.49356913125 0
22 0.4951768484375 0.0048231515625 0.3344051453125 0.0048231515625 0.3344051453125 0.2692926046875 0.4951768484375 0.2692926046875 0.4951768484375 0.0048231515625
22 0.3424437296875 0.0048231515625 0.181672025 0.0048231515625 0.181672025 0.2692926046875 0.3424437296875 0.2692926046875 0.3424437296875 0.0048231515625
22 0.9919614140625 0.28778135 0.823954984375 0.28778135 0.823954984375 0.5152733125 0.9919614140625 0.5152733125 0.9919614140625 0.28778135
22 0.8247588421875 0.28778135 0.6864951765625 0.28778135 0.6864951765625 0.5152733125 0.8247588421875 0.5152733125 0.8247588421875 0.28778135
22 0.5369774921875 0.2926045015625 0.390675240625 0.2926045015625 0.390675240625 0.505627009375 0.5369774921875 0.505627009375 0.5369774921875 0.2926045015625
22 0.385852090625 0.2926045015625 0.2572347265625 0.2926045015625 0.2572347265625 0.505627009375 0.385852090625 0.505627009375 0.385852090625 0.2926045015625
22 0.95337620625 0.5305466234375 0.8127009640624999 0.5305466234375 0.8127009640624999 0.7282958203125001 0.95337620625 0.7282958203125001 0.95337620625 0.5305466234375
22 0.81189710625 0.54180064375 0.6784565921875 0.54180064375 0.6784565921875 0.720257234375 0.81189710625 0.720257234375 0.81189710625 0.54180064375
22 0.6784565921875 0.5369774921875 0.547427653125 0.5369774921875 0.547427653125 0.715434084375 0.6784565921875 0.715434084375 0.6784565921875 0.5369774921875
22 0.5482315109375 0.532154340625 0.41961414843749995 0.532154340625 0.41961414843749995 0.7106109328125 0.5482315109375 0.7106109328125 0.5482315109375 0.532154340625
22 0.41961414843749995 0.535369775 0.2982315109375 0.535369775 0.2982315109375 0.7138263671875 0.41961414843749995 0.7138263671875 0.41961414843749995 0.535369775
22 0.42926045 0.7186495171875 0.323151125 0.7186495171875 0.323151125 0.8569131828125001 0.42926045 0.8569131828125001 0.42926045 0.7186495171875
22 0.5578778140625 0.7250803859375 0.43649517656250003 0.7250803859375 0.43649517656250003 0.8609324765625 0.5578778140625 0.8609324765625 0.5578778140625 0.7250803859375
22 0.667202571875 0.737942121875 0.556270096875 0.737942121875 0.556270096875 0.8665594859375 0.667202571875 0.8665594859375 0.667202571875 0.737942121875
22 0.7491961421875 0.8086816718750001 0.6109324765624999 0.8086816718750001 0.6109324765624999 0.9871382640625 0.7491961421875 0.9871382640625 0.7491961421875 0.8086816718750001
22 0.8874598078125 0.8151125406249999 0.7339228296875 0.8151125406249999 0.7339228296875 0.9935691312499999 0.8874598078125 0.9935691312499999 0.8874598078125 0.8151125406249999