22 0 0 0 0.31875 0.209375 0.31875 0.209375 0 0 0
22 0.190625 0 0.190625 0.321875 0.471875 0.321875 0.471875 0 0.190625 0
22 0.7453125 0.0046875 0.48125 0.0046875 0.48125 0.3171875 0.7453125 0.3171875 0.7453125 0.0046875
22 0.99921875 0.0140625 0.746875 0.0140625 0.746875 0.3171875 0.99921875 0.3171875 0.99921875 0.0140625
22 0 0.59140625 0.2140625 0.59140625 0.2140625 0.3296875 0 0.3296875 0 0.59140625
22 0.47421875 0.3265625 0.2125 0.3265625 0.2125 0.59375 0.47421875 0.59375 0.47421875 0.3265625
22 0.73515625 0.315625 0.4828125 0.315625 0.4828125 0.58515625 0.73515625 0.58515625 0.73515625 0.315625
22 0.9828125 0.3296875 0.7375 0.3296875 0.7375 0.5890625 0.9828125 0.5890625 0.9828125 0.3296875
22 0 0.8375 0.1796875 0.8375 0.1796875 0.575 0 0.575 0 0.8375
22 0.96875 0.575 0.7328125 0.575 0.7328125 0.81796875 0.96875 0.81796875 0.96875 0.575
22 0 0.99921875 0.2359375 0.99921875 0.2359375 0.83125 0 0.83125 0 0.99921875
22 0.47734375 1 0.47734375 0.8265625 0.2390625 0.8265625 0.2390625 1 0.47734375 1
22 0.7078125 1 0.7078125 0.8140625 0.478125 0.8140625 0.478125 1 0.7078125 1
22 0.9359375 0.8046875 0.7125 0.8046875 0.7125 0.99921875 0.9359375 0.99921875 0.9359375 0.8046875