22 1 0.047619046875 0.797619046875 0.047619046875 0.797619046875 0.408730159375 1 0.408730159375 1 0.047619046875
22 0.80634920625 0.0507936515625 0.6134920640625 0.0507936515625 0.6134920640625 0.4119047625 0.80634920625 0.4119047625 0.80634920625 0.0507936515625
22 0.615873015625 0.06349206406249999 0.4325396828125 0.06349206406249999 0.4325396828125 0.41507936562500003 0.615873015625 0.41507936562500003 0.615873015625 0.06349206406249999
22 0.44603174531249995 0.049206348437500005 0.2579365078125 0.049206348437500005 0.2579365078125 0.41031746093750004 0.44603174531249995 0.41031746093750004 0.44603174531249995 0.049206348437500005
22 0.265079365625 0.0619047625 0.025396825 0.0619047625 0.025396825 0.40396825468750003 0.265079365625 0.40396825468750003 0.265079365625 0.0619047625
22 1 0.41904761874999996 0.7619047625 0.41904761874999996 0.7619047625 0.7119047625 1 0.7119047625 1 0.41904761874999996
22 0.7682539687500001 0.41904761874999996 0.5388888890625 0.41904761874999996 0.5388888890625 0.734126984375 0.7682539687500001 0.734126984375 0.7682539687500001 0.41904761874999996
22 0.528571428125 0.4079365078125 0.2888888890625 0.4079365078125 0.2888888890625 0.71825396875 0.528571428125 0.71825396875 0.528571428125 0.4079365078125
22 0.9730158734375 0.7158730156249999 0.7507936515625 0.7158730156249999 0.7507936515625 0.8865079359375001 0.9730158734375 0.8865079359375001 0.9730158734375 0.7158730156249999
22 0.7507936515625 0.7158730156249999 0.5166666671875 0.7158730156249999 0.5166666671875 0.88174603125 0.7507936515625 0.88174603125 0.7507936515625 0.7158730156249999
22 0.522222221875 0.7174603171875 0.290476190625 0.7174603171875 0.290476190625 0.88095238125 0.522222221875 0.88095238125 0.522222221875 0.7174603171875
22 0.2920634921875 0.7158730156249999 0.0603174609375 0.7158730156249999 0.0603174609375 0.88174603125 0.2920634921875 0.88174603125 0.2920634921875 0.7158730156249999