22 0 0 0 0.31875 0.209375 0.31875 0.209375 0 0 0
22 0.190625 0 0.190625 0.321875 0.471875 0.321875 0.471875 0 0.190625 0
22 0.76875 0.2921875 0.76875 0.02890625 0.45703125 0.02890625 0.45703125 0.2921875 0.76875 0.2921875
22 0.746484375 0.0140625 0.746484375 0.3171875 0.9984375 0.3171875 0.9984375 0.0140625 0.746484375 0.0140625
22 0 0.5671875 0.2375 0.5671875 0.2375 0.353515625 0 0.353515625 0 0.5671875
22 0.4765625 0.32890625 0.209765625 0.32890625 0.209765625 0.590625 0.4765625 0.590625 0.4765625 0.32890625
22 0.7421875 0.575 0.7421875 0.323828125 0.474609375 0.323828125 0.474609375 0.575 0.7421875 0.575
22 0.7375 0.3296875 0.7375 0.5890625 0.9828125 0.5890625 0.9828125 0.3296875 0.7375 0.3296875
22 0 0.7953125 0.2203125 0.7953125 0.2203125 0.61640625 0 0.61640625 0 0.7953125
22 0.971875 0.578515625 0.72890625 0.578515625 0.72890625 0.8140625 0.971875 0.8140625 0.971875 0.578515625
22 0.2015625 1 0.2015625 0.797265625 0.034375 0.797265625 0.034375 1 0.2015625 1
22 0.44375 1 0.44375 0.79375 0.271484375 0.79375 0.271484375 1 0.44375 1
22 0.6859375 1 0.6859375 0.7921875 0.5 0.7921875 0.5 1 0.6859375 1
22 0.92109375 1 0.92109375 0.790234375 0.7265625 0.790234375 0.7265625 1 0.92109375 1