22 0.93125 0.6078125 0.93125 0.3308971765625 0.7086441531250001 0.3308971765625 0.7086441531250001 0.6078125 0.93125 0.6078125
22 0.6390625 0.61875 0.6390625 0.3389616921875 0.44984878906250003 0.3389616921875 0.44984878906250003 0.61875 0.6390625 0.61875
22 0.4015625 0.6 0.4015625 0.4094506046875 0.1414062515625 0.4094506046875 0.1414062515625 0.6 0.4015625 0.6
22 0.1453125 0.596875 0.1453125 0.36875 0.000050403125 0.36875 0.000050403125 0.596875 0.1453125 0.596875
22 0.959375 0.334375 0.959375 0.144506046875 0.8495211687499999 0.144506046875 0.8495211687499999 0.334375 0.959375 0.334375
22 0.7964969749999999 0.29375 0.7964969749999999 0.198487903125 0.5706905250000001 0.198487903125 0.5706905250000001 0.29375 0.7964969749999999 0.29375
22 0.54375 0.4140625 0.54375 0.22127016249999998 0.4494203625 0.22127016249999998 0.4494203625 0.4140625 0.54375 0.4140625
22 0.3515625 0.43125 0.3515625 0.20625 0.23243447499999997 0.20625 0.23243447499999997 0.43125 0.3515625 0.43125
22 0.18125 0.2015625 0.0407258078125 0.2015625 0.04072580625 0.4234375 0.18125 0.4234375 0.18125 0.2015625
22 0.94375 0.434375 0.94375 0.2494203625 0.87041330625 0.2494203625 0.87041330625 0.434375 0.94375 0.434375
22 0.762071571875 0.428125 0.762071571875 0.24286794375 0.679813509375 0.24286794375 0.6798135078125 0.428125 0.762071571875 0.428125
22 0.5421875 0.471875 0.5421875 0.28974294375 0.49294354843750005 0.28974294375 0.49294354843750005 0.471875 0.5421875 0.471875