22 0.275 0.478125 0.275 0.301668075 0.0861486484375 0.301668075 0.0861486484375 0.478125 0.275 0.478125
22 0.4578125 0.27888513593750003 0.26619510156250004 0.27888513593750003 0.26619510156250004 0.48412162187499996 0.4578125 0.48412162187499996 0.4578125 0.27888513593750003
22 0.23745777031249998 0.29375 0.23745777031249998 0.062584459375 0.0474239859375 0.062584459375 0.0474239859375 0.29375 0.23745777031249998 0.29375
22 0.4640625 0.4828125 0.4640625 0.28120776875 0.2750633453125 0.28120776875 0.2750633453125 0.4828125 0.4640625 0.4828125
22 0.4296875 0.290625 0.4296875 0.04826858125 0.1994510125 0.04826858125 0.1994510125 0.290625 0.4296875 0.290625
22 0.490625 0.4921875 0.6780827703125001 0.4921875 0.6780827703125001 0.2931587828125 0.490625 0.2931587828125 0.490625 0.4921875
22 0.8828125 0.49375 0.8828125 0.2703125 0.695734796875 0.2703125 0.695734796875 0.49375 0.8828125 0.49375
22 0.7109375 0.2796875 0.7109375 0.05625 0.460620778125 0.05625 0.460620778125 0.2796875 0.7109375 0.2796875
22 0.9358108109375 0.290625 0.9358108109375 0.040519425 0.6891891890624999 0.040519425 0.6891891890624999 0.290625 0.9358108109375 0.290625
22 0.46875 0.04375 0.46875 0.00008445937499999999 0.22238175781249997 0.00008445937499999999 0.22238175781249997 0.04375 0.46875 0.04375
22 0.7125 0.053125 0.7125 0.00031672343749999997 0.47014358125 0.000316721875 0.47014358125 0.053125 0.7125 0.053125
22 0.79569256875 0 0.79569256875 0.146875 0.8453125 0.146875 0.8453125 0 0.79569256875 0