22 0.2671875 0.165625 0.034375 0.165625 0.034375 0.353125 0.2671875 0.353125 0.2671875 0.165625
22 0.49453125 0.171875 0.2734375 0.171875 0.2734375 0.35 0.49453125 0.35 0.49453125 0.171875
22 0.740625 0.159375 0.5 0.159375 0.5 0.3640625 0.740625 0.3640625 0.740625 0.159375
22 0.95625 0.1734375 0.728125 0.1734375 0.728125 0.35390625 0.95625 0.35390625 0.95625 0.1734375
22 0.259375 0.35625 0.0453125 0.35625 0.0453125 0.5265625 0.259375 0.5265625 0.259375 0.35625
22 0.5 0.3515625 0.2640625 0.3515625 0.2640625 0.534375 0.5 0.534375 0.5 0.3515625
22 0.953125 0.353125 0.7203125 0.353125 0.7203125 0.5265625 0.953125 0.5265625 0.953125 0.353125
22 0.25234375 0.53125 0.0453125 0.53125 0.0453125 0.68515625 0.25234375 0.68515625 0.25234375 0.53125
22 0.503125 0.5203125 0.2578125 0.5203125 0.2578125 0.68125 0.503125 0.68125 0.503125 0.5203125
22 0.7328125 0.5234375 0.496875 0.5234375 0.496875 0.67265625 0.7328125 0.67265625 0.7328125 0.5234375
22 0.94765625 0.5265625 0.7171875 0.5265625 0.7171875 0.6828125 0.94765625 0.6828125 0.94765625 0.5265625