22 0 0.45625 0.2109375 0.45625 0.2109375 0.103125 0 0.103125 0 0.45625
22 0.5234375 0.1484375 0.2109375 0.1484375 0.2109375 0.45859375 0.5234375 0.45859375 0.5234375 0.1484375
22 0.81640625 0.159375 0.528125 0.159375 0.528125 0.4625 0.81640625 0.4625 0.81640625 0.159375
22 0.3703125 0.45 0.0890625 0.45 0.0890625 0.65703125 0.3703125 0.65703125 0.3703125 0.45
22 0.6203125 0.45 0.375 0.45 0.375 0.66640625 0.6203125 0.66640625 0.6203125 0.45
22 0.853125 0.4578125 0.6171875 0.4578125 0.6171875 0.66484375 0.853125 0.66484375 0.853125 0.4578125
22 0.9984375 0.4671875 0.859375 0.4671875 0.859375 0.65703125 0.9984375 0.65703125 0.9984375 0.4671875
22 0.25859375 0.65625 0.028125 0.65625 0.028125 0.834375 0.25859375 0.834375 0.25859375 0.65625
22 0.72734375 0.6625 0.5109375 0.6625 0.5109375 0.82109375 0.72734375 0.82109375 0.72734375 0.6625
22 0.55 0.8328125 0.353125 0.8328125 0.353125 0.95546875 0.55 0.95546875 0.55 0.8328125
22 0.7546875 0.8203125 0.55 0.8203125 0.55 0.95234375 0.7546875 0.95234375 0.7546875 0.8203125
22 0.9375 0.8171875 0.7453125 0.8171875 0.7453125 0.95625 0.9375 0.95625 0.9375 0.8171875