22 0.79444444375 0 0.79444444375 0.1301587296875 0.941269840625 0.1301587296875 0.941269840625 0 0.79444444375 0
22 0.6944444437499999 0 0.6944444437499999 0.1206349203125 0.8142857140625 0.1206349203125 0.8142857140625 0 0.6944444437499999 0
22 0.5888888890625 0 0.5888888890625 0.127777778125 0.6984126984375 0.127777778125 0.6984126984375 0 0.5888888890625 0
22 0.477777778125 0 0.477777778125 0.115873015625 0.5952380953125 0.115873015625 0.5952380953125 0 0.477777778125 0
22 0.3825396828125 0 0.3825396828125 0.115873015625 0.5 0.115873015625 0.5 0 0.3825396828125 0
22 0.2793650796875 0 0.2793650796875 0.12222222187500001 0.3825396828125 0.12222222187500001 0.3825396828125 0 0.2793650796875 0
22 0.1833333328125 0 0.1833333328125 0.127777778125 0.290476190625 0.127777778125 0.290476190625 0 0.1833333328125 0
22 0.78095238125 0.1761904765625 0.6761904765625 0.1761904765625 0.6761904765625 0.3492063484375 0.78095238125 0.3492063484375 0.78095238125 0.1761904765625
22 0.6888888890625 0.16825396875 0.584126984375 0.16825396875 0.584126984375 0.3492063484375 0.6888888890625 0.3492063484375 0.6888888890625 0.16825396875
22 0.584126984375 0.1873015875 0.4888888890625 0.1873015875 0.4888888890625 0.3365079359375 0.584126984375 0.3365079359375 0.584126984375 0.1873015875
22 0.4952380953125 0.174603175 0.3952380953125 0.174603175 0.3952380953125 0.3333333328125 0.4952380953125 0.3333333328125 0.4952380953125 0.174603175
22 0.3984126984375 0.1730158734375 0.291269840625 0.1730158734375 0.291269840625 0.33174603125 0.3984126984375 0.33174603125 0.3984126984375 0.1730158734375
22 0.309523809375 0.17936507968749998 0.165079365625 0.17936507968749998 0.165079365625 0.33095238125000004 0.309523809375 0.33095238125000004 0.309523809375 0.17936507968749998
22 0.7873015875 0.3984126984375 0.6825396828125 0.3984126984375 0.6825396828125 0.559523809375 0.7873015875 0.559523809375 0.7873015875 0.3984126984375
22 0.6920634921875 0.415873015625 0.5896825390625 0.415873015625 0.5896825390625 0.5547619046875 0.6920634921875 0.5547619046875 0.6920634921875 0.415873015625
22 0.5984126984375 0.403174603125 0.49365079375 0.403174603125 0.49365079375 0.547619046875 0.5984126984375 0.547619046875 0.5984126984375 0.403174603125
22 0.503174603125 0.3984126984375 0.4007936515625 0.3984126984375 0.4007936515625 0.5452380953125 0.503174603125 0.5452380953125 0.503174603125 0.3984126984375
22 0.41111111093749997 0.3984126984375 0.3111111109375 0.3984126984375 0.3111111109375 0.547619046875 0.41111111093749997 0.547619046875 0.41111111093749997 0.3984126984375
22 0.32063492031249996 0.390476190625 0.22539682499999997 0.390476190625 0.22539682499999997 0.5396825390625 0.32063492031249996 0.5396825390625 0.32063492031249996 0.390476190625
22 0.834920634375 0.5714285718750001 0.7198412703125 0.5714285718750001 0.7198412703125 0.75 0.834920634375 0.75 0.834920634375 0.5714285718750001
22 0.7365079359375 0.5714285718750001 0.6166666671875001 0.5714285718750001 0.6166666671875001 0.7571428578125 0.7365079359375 0.7571428578125 0.7365079359375 0.5714285718750001
22 0.622222221875 0.574603175 0.4952380953125 0.574603175 0.4952380953125 0.7579365078125 0.622222221875 0.7579365078125 0.622222221875 0.574603175
22 0.4920634921875 0.577777778125 0.3769841265625 0.577777778125 0.3769841265625 0.7388888890625 0.4920634921875 0.7388888890625 0.4920634921875 0.577777778125
22 0.37619047656250004 0.5698412703125 0.2611111109375 0.5698412703125 0.2611111109375 0.740476190625 0.37619047656250004 0.740476190625 0.37619047656250004 0.5698412703125
22 0.8587301593750001 0.7825396828125 0.722222221875 0.7825396828125 0.722222221875 0.94365079375 0.8587301593750001 0.94365079375 0.8587301593750001 0.7825396828125
22 0.7698412703125 0.7841269843750001 0.6206349203125 0.7841269843750001 0.6206349203125 0.9920634921874999 0.7698412703125 0.9920634921874999 0.7698412703125 0.7841269843750001
22 0.6253968249999999 0.7460317453124999 0.50555555625 0.7460317453124999 0.50555555625 0.977777778125 0.6253968249999999 0.977777778125 0.6253968249999999 0.7460317453124999
22 0.509523809375 0.7666666671875 0.3873015875 0.7666666671875 0.3873015875 0.974603175 0.509523809375 0.974603175 0.509523809375 0.7666666671875
22 0.3873015875 0.765079365625 0.2460317453125 0.765079365625 0.2460317453125 0.9674603171875 0.3873015875 0.9674603171875 0.3873015875 0.765079365625