22 0.16875 0.184375 0.16875 0.3625 0.303125 0.3625 0.303125 0.184375 0.16875 0.184375
22 0.81875 0.3671875 0.81875 0.193359375 0.619921875 0.193359375 0.619921875 0.3671875 0.81875 0.3671875
22 0.690625 0.3140625 0.690625 0.246484375 0.510546875 0.246484375 0.510546875 0.3140625 0.690625 0.3140625
22 0.2828125 0.362109375 0.10234375 0.362109375 0.10234375 0.5796875 0.2828125 0.5796875 0.2828125 0.362109375
22 0.2921875 0.38125 0.2921875 0.565625 0.49375 0.565625 0.49375 0.38125 0.2921875 0.38125
22 0.496875 0.3765625 0.496875 0.565625 0.6625 0.565625 0.6625 0.3765625 0.496875 0.3765625
22 0.675 0.746875 0.675 0.573828125 0.4859375 0.573828125 0.4859375 0.746875 0.675 0.746875
22 0.112890625 0.765625 0.112890625 0.93125 0.3015625 0.93125 0.3015625 0.765625 0.112890625 0.765625
22 0.4703125 0.750390625 0.31171875 0.750390625 0.31171875 0.9328125 0.4703125 0.9328125 0.4703125 0.750390625
22 0.65 0.9203125 0.65 0.75546875 0.48984375 0.75546875 0.48984375 0.9203125 0.65 0.9203125
22 0.6609375 0.7546875 0.6609375 0.9109375 0.8265625 0.9109375 0.8265625 0.7546875 0.6609375 0.7546875
22 0.296875 1 0.296875 0.928125 0.122265625 0.928125 0.122265625 1 0.296875 1
22 0.2953125 0.9984375 0.453125 0.9984375 0.453125 0.925390625 0.2953125 0.925390625 0.2953125 0.9984375
22 0.590625 1 0.590625 0.8765625 0.506640625 0.8765625 0.506640625 1 0.590625 1
22 0.796875 1 0.796875 0.9109375 0.634765625 0.9109375 0.634765625 1 0.796875 1