22 0.8390625 0.3546875 0.8390625 0.1713709671875 0.7014868953125 0.1713709671875 0.7014868953125 0.3546875 0.8390625 0.3546875
22 0.3747479828125 0.3609375 0.3747479828125 0.1801411296875 0.1691028234375 0.1801411296875 0.1691028234375 0.3609375 0.3747479828125 0.3609375
22 0.4296875 0.3625 0.4296875 0.176890121875 0.35831653124999996 0.176890121875 0.35831653124999996 0.3625 0.4296875 0.3625
22 0.909375 0.5796875 0.909375 0.3547127015625 0.7231350796875 0.3547127015625 0.7231350796875 0.5796875 0.909375 0.5796875
22 0.5135332671875 0.365625 0.513533265625 0.5734375 0.7046622984375001 0.5734375 0.7046622984375001 0.365625 0.5135332671875 0.365625
22 0.51396169375 0.5515625 0.51396169375 0.3815776203125 0.3179939515625 0.3815776203125 0.3179939515625 0.5515625 0.51396169375 0.5515625
22 0.503125 0.5645161296875 0.32550403125 0.5645161296875 0.32550403125 0.7604838703125 0.503125 0.7604838703125 0.503125 0.5645161296875
22 0.896875 0.7711693546875 0.70204133125 0.7711693546875 0.70204133125 0.942137096875 0.896875 0.942137096875 0.896875 0.7711693546875
22 0.7045110875 0.7673639125 0.5158014125 0.7673639125 0.5158014125 0.9310735890625 0.7045110875 0.9310735890625 0.7045110875 0.7673639125
22 0.340625 0.928125 0.5109375 0.928125 0.5109375 0.7627772187499999 0.340625 0.7627772187499999 0.340625 0.928125
22 0.3265625 0.925 0.3265625 0.7549395171875 0.16660786249999998 0.7549395156250001 0.16660786249999998 0.925 0.3265625 0.925
22 0.8875 0.9984375 0.8875 0.9388860890625 0.70771169375 0.9388860890625 0.70771169375 0.9984375 0.8875 0.9984375
22 0.659375 1 0.659375 0.8863659281249999 0.5957913296874999 0.8863659281249999 0.5957913296874999 1 0.659375 1
22 0.53125 0.9984375 0.53125 0.9254284281249999 0.3632560484375 0.9254284281249999 0.3632560484375 0.9984375 0.53125 0.9984375
22 0.3140625 1 0.3140625 0.8766129046875 0.235559475 0.8766129046875 0.235559475 1 0.3140625 1