22 0.503125 0.29375 0.796875 0.29375 0.796875 0.000326796875 0.503125 0.000326796875 0.503125 0.29375
22 0.496875 0.278125 0.496875 0.005244078125 0.21612540937500002 0.005244078125 0.21612540937500002 0.278125 0.496875 0.278125
22 0.688791871875 0.48125 0.688791871875 0.175679125 0.616079453125 0.175679125 0.616079453125 0.48125 0.688791871875 0.48125
22 0.49375 0.3625 0.49375 0.290987540625 0.189001225 0.290987540625 0.189001225 0.3625 0.49375 0.3625
22 0.5046875 0.4296875 0.7984375 0.4296875 0.7984375 0.3677645015625 0.5046875 0.3677645015625 0.5046875 0.4296875
22 0.3828125 0.5453125 0.3828125 0.24924428125000003 0.3102685875 0.24924428125000003 0.3102685875 0.5453125 0.3828125 0.5453125
22 0.6859375 0.55 0.6859375 0.251092728125 0.622058825 0.251092728125 0.6220588234375 0.55 0.6859375 0.55
22 0.384375 0.5546875 0.384375 0.240625 0.3143535546875 0.240625 0.3143535546875 0.5546875 0.384375 0.5546875
22 0.6921875 0.6125 0.6921875 0.31886744375 0.620818015625 0.31886744375 0.620818015625 0.6125 0.6921875 0.6125
22 0.5078125 0.5 0.5078125 0.427721609375 0.212111928125 0.427721609375 0.212111928125 0.5 0.5078125 0.5
22 0.69375 0.6875 0.69375 0.36875 0.632291665625 0.36875 0.632291665625 0.6875 0.69375 0.6875
22 0.403125 0.6828125 0.403125 0.380152165625 0.33398182187500003 0.380152165625 0.33398182187500003 0.6828125 0.403125 0.6828125
22 0.5140625 0.625 0.7953125 0.625 0.7953125 0.5638582515625 0.5140625 0.5638582515625 0.5140625 0.625
22 0.3828125 0.7515625 0.3828125 0.44544526093750003 0.322758375 0.44544526093750003 0.322758375 0.7515625 0.3828125 0.7515625
22 0.6953125 0.815625 0.6953125 0.509375 0.6179738546875 0.509375 0.6179738546875 0.815625 0.6953125 0.815625
22 0.3796875 0.8203125 0.3796875 0.5087111921874999 0.30373263906250003 0.5087111921874999 0.30373263906250003 0.8203125 0.3796875 0.8203125
22 0.8 0.68445159375 0.5015625 0.68445159375 0.5015625 0.77023590625 0.8 0.77023590625 0.8 0.68445159375
22 0.4890625 0.7703125 0.4890625 0.6995812906250001 0.181525734375 0.6995812906250001 0.181525734375 0.7703125 0.4890625 0.7703125