22 0.034375 0.165625 0.034375 0.353125 0.2671875 0.353125 0.2671875 0.165625 0.034375 0.165625
22 0.2734375 0.171875 0.2734375 0.35 0.49375 0.35 0.49375 0.171875 0.2734375 0.171875
22 0.5 0.159375 0.5 0.3640625 0.740625 0.3640625 0.740625 0.159375 0.5 0.159375
22 0.93125 0.3765625 0.93125 0.149609375 0.75234375 0.149609375 0.75234375 0.3765625 0.93125 0.3765625
22 0.0671875 0.334375 0.0671875 0.5484375 0.2375 0.5484375 0.2375 0.334375 0.0671875 0.334375
22 0.290625 0.325 0.290625 0.5609375 0.4734375 0.5609375 0.4734375 0.325 0.290625 0.325
22 0.75 0.3234375 0.75 0.55625 0.9234375 0.55625 0.9234375 0.3234375 0.75 0.3234375
22 0.071875 0.7109375 0.225 0.7109375 0.225 0.504296875 0.071875 0.504296875 0.071875 0.7109375
22 0.2578125 0.5203125 0.2578125 0.68125 0.503125 0.68125 0.503125 0.5203125 0.2578125 0.5203125
22 0.6890625 0.715625 0.6890625 0.480078125 0.540625 0.480078125 0.540625 0.715625 0.6890625 0.715625
22 0.7171875 0.5265625 0.7171875 0.6828125 0.946875 0.6828125 0.946875 0.5265625 0.7171875 0.5265625