22 0.778125 0.2328125 0.778125 0.029925846875000002 0.515426378125 0.029925846875000002 0.515426378125 0.2328125 0.778125 0.2328125
22 0.4161414203125 0 0.4161414203125 0.1890625 0.571875 0.1890625 0.571875 0 0.4161414203125 0
22 0.4421875 0.2484375 0.4421875 0.000357521875 0.21819385625 0.000357521875 0.21819385625 0.2484375 0.4421875 0.2484375
22 0.7609375 0.6546875 0.7609375 0.415625 0.5669359109375 0.415625 0.5669359109375 0.6546875 0.7609375 0.6546875
22 0.53125 0.634375 0.53125 0.4119306140625 0.3141154671875 0.4119306140625 0.3141154671875 0.634375 0.53125 0.634375
22 0.2453125 0.7109375 0.2453125 0.41651218281249996 0.0112817796875 0.41651218281249996 0.0112817796875 0.7109375 0.2453125 0.7109375
22 0.409375 0.4609375 0.409375 0.3241525421875 0.13965836874999998 0.3241525421875 0.13965836874999998 0.4609375 0.409375 0.4609375
22 0.7734375 0.98125 0.7734375 0.7885063578125 0.552039196875 0.7885063578125 0.552039196875 0.98125 0.7734375 0.98125
22 0.553125 1 0.553125 0.8080243640625 0.3868776484375 0.8080243640625 0.3868776484375 1 0.553125 1
22 0.3671875 0.8609772234375 0.15625 0.8609772234375 0.15625 0.9999602765625 0.3671875 0.9999602765625 0.3671875 0.8609772234375
22 0.8544623937500001 0 0.8544623937500001 0.121875 0.9984375 0.121875 0.9984375 0 0.8544623937500001 0
22 0.7575609109375 0 0.7575609109375 0.1203125 0.8546875 0.1203125 0.8546875 0 0.7575609109375 0