22 0 0.3859375 0.28125 0.3859375 0.28125 0.1870967734375 0 0.1870967734375 0 0.3859375
22 0.5203125 0.471875 0.5203125 0.15075604843749998 0.2012348796875 0.15075604843749998 0.2012348796875 0.471875 0.5203125 0.471875
22 0.8324848796875 0.4671875 0.8324848796875 0.1709173390625 0.5195816546875001 0.1709173390625 0.5195816546875001 0.4671875 0.8324848796875 0.4671875
22 0.325 0.7140625 0.325 0.42399193437499993 0.112726815625 0.42399193437499993 0.112726815625 0.7140625 0.325 0.7140625
22 0.60625 0.7 0.60625 0.447328628125 0.38465221875 0.447328628125 0.38465221875 0.7 0.60625 0.7
22 0.61885080625 0.6841985875 0.86239919375 0.6841985875 0.86239919375 0.4704889109375 0.61885080625 0.4704889109375 0.61885080625 0.6841985875
22 1 0.513608871875 0.8369707656250001 0.513608871875 0.8369707656250001 0.64375 1 0.64375 1 0.513608871875
22 0.2484375 0.8578125 0.2484375 0.6755796359375 0.011844757812499999 0.6755796359375 0.011844757812499999 0.8578125 0.2484375 0.8578125
22 0.7015625 0.875 0.7015625 0.6521421375 0.53956653125 0.6521421375 0.53956653125 0.875 0.7015625 0.875
22 0.5484375 0.984375 0.5484375 0.8583417328125 0.346723790625 0.8583417328125 0.346723790625 0.984375 0.5484375 0.984375
22 0.7609375 0.98125 0.7609375 0.8453125 0.5501764109375 0.8453125 0.5501764109375 0.98125 0.7609375 0.98125
22 0.95 0.984375 0.95 0.8415826624999999 0.7516381046875 0.8415826624999999 0.7516381046875 0.984375 0.95 0.984375