22 0 0.25625 0.25625 0.25625 0.25625 0.0572580640625 0 0.057258065625 0 0.25625
22 0.18125 0 0.18125 0.3171875 0.4703125 0.3171875 0.4703125 0 0.18125 0
22 0.48089717812500005 0 0.48089717812500005 0.3125 0.7515625 0.3125 0.7515625 0 0.48089717812500005 0
22 1 0.0002016125 0.7549143140625 0.0002016125 0.7549143140625 0.3125 1 0.3125 1 0.0002016125
22 0.2046875 0.59375 0.2046875 0.3257560484375 0.0000756046875 0.3257560484375 0.0000756046875 0.59375 0.2046875 0.59375
22 0.47341229843750005 0.5984375 0.47341229843750005 0.3229082671875 0.2032510078125 0.3229082671875 0.2032510078125 0.5984375 0.47341229843750005 0.5984375
22 0.7515625 0.5796875 0.7515625 0.3203125 0.473790321875 0.3203125 0.473790321875 0.5796875 0.7515625 0.5796875
22 0.996875 0.5921875 0.996875 0.3262852828125 0.745262096875 0.3262852828125 0.745262096875 0.5921875 0.996875 0.5921875
22 0.16875 0.8484375 0.16875 0.5787046375 0.00030241875 0.5787046375 0.00030241875 0.8484375 0.16875 0.8484375
22 0.9828125 0.828125 0.9828125 0.578780240625 0.7399193546875 0.578780240625 0.7399193546875 0.828125 0.9828125 0.828125
22 0 0.9984375 0.2265625 0.9984375 0.2265625 0.8434475812500001 0 0.8434475812500001 0 0.9984375
22 0.4328125 1 0.4328125 0.79609375 0.27316028281250004 0.79609375 0.27316028281250004 1 0.4328125 1
22 0.68125 1 0.68125 0.794480846875 0.50849294375 0.794480846875 0.50849294375 1 0.68125 1
22 0.9265625 1 0.9265625 0.792439515625 0.7429939531249999 0.792439515625 0.7429939531249999 1 0.9265625 1