22 1 0.0445990765625 0.789858821875 0.044599075 0.789858821875 0.209375 1 0.209375 1 0.0445990765625
22 0.8203125 0.2640625 0.8203125 0.00017584375 0.651509746875 0.00017584375 0.651509746875 0.2640625 0.8203125 0.2640625
22 0.70625 0.05794815156250001 0.43497286874999996 0.05794815156250001 0.43497286874999996 0.2138967046875 0.70625 0.2138967046875 0.70625 0.05794815156250001
22 0.49375 0.26875 0.49375 0.0046875 0.3344578984375 0.0046875 0.3344578984375 0.26875 0.49375 0.26875
22 0.39375 0.0563328984375 0.130162278125 0.0563328984375 0.130162278125 0.217104603125 0.39375 0.217104603125 0.39375 0.0563328984375
22 0.9921071140625 0.5140625 0.9921071140625 0.28774618125 0.8241006828125 0.28774618125 0.8241006828125 0.5140625 0.9921071140625 0.5140625
22 0.86875 0.4703125 0.86875 0.3325537578125 0.641916196875 0.3325537578125 0.641916196875 0.4703125 0.86875 0.4703125
22 0.570234625 0.471875 0.570234625 0.3262007640625 0.3572121171875 0.3262007640625 0.3572121171875 0.471875 0.570234625 0.471875
22 0.384375 0.5046875 0.384375 0.2925015078125 0.256903134375 0.2925015078125 0.256903134375 0.5046875 0.384375 0.5046875
22 0.953125 0.7265625 0.953125 0.5302803453125 0.8129270484375001 0.5302803453125 0.8129270484375001 0.7265625 0.953125 0.7265625
22 0.8109375 0.71875 0.8109375 0.5415795828125 0.6783209421875 0.5415795828125 0.6783209421875 0.71875 0.8109375 0.71875
22 0.5234375 0.690625 0.7015625 0.690625 0.7015625 0.5602491953125 0.5234375 0.5602491953125 0.5234375 0.690625
22 0.571875 0.684375 0.571875 0.556621784375 0.39518689687499997 0.556621784375 0.39518689687499997 0.684375 0.571875 0.684375
22 0.446875 0.684375 0.446875 0.5643589234374999 0.2692926046875 0.5643589234374999 0.2692926046875 0.684375 0.446875 0.684375
22 0.428125 0.85625 0.428125 0.7189308671875 0.3227944125 0.7189308671875 0.3227944125 0.85625 0.428125 0.85625
22 0.5640625 0.853125 0.5640625 0.7320036171875001 0.42929813125000005 0.7320036171875001 0.42929813125000005 0.853125 0.5640625 0.853125
22 0.6671875 0.865625 0.6671875 0.7378491765625 0.5562876812499999 0.7378491765625 0.5562876812499999 0.865625 0.6671875 0.865625
22 0.6109375 0.9859375 0.7484375 0.9859375 0.7484375 0.8092092031250001 0.6109375 0.8092092031250001 0.6109375 0.9859375
22 0.8859375 0.9921875 0.8859375 0.8154592046875001 0.7341690109375001 0.8154592046875001 0.7341690109375001 0.9921875 0.8859375 0.9921875