22 0.9671875 0.203125 0.9671875 0.022776237499999998 0.74166755625 0.0227762359375 0.74166755625 0.203125 0.9671875 0.203125
22 0.5578125 0 0.5578125 0.23125 0.7484375 0.23125 0.7484375 0 0.5578125 0
22 0.5703125 0.2203125 0.5703125 0.018574018749999997 0.3324152078125 0.018574018749999997 0.3324152078125 0.2203125 0.5703125 0.2203125
22 0.3625 0.2234375 0.3625 0.0142998078125 0.1236428109375 0.0142998078125 0.1236428109375 0.2234375 0.3625 0.2234375
22 0.9984375 0.54375 0.9984375 0.2265625 0.82951951875 0.2265625 0.82951951875 0.54375 0.9984375 0.54375
22 0.8608335109375 0.4921875 0.8608335109375 0.288553221875 0.5408676406249999 0.288553221875 0.5408676406249999 0.4921875 0.8608335109375 0.4921875
22 0.5953125 0.5546875 0.5953125 0.2359375 0.38871320468750004 0.2359375 0.38871320468750004 0.5546875 0.5953125 0.5546875
22 0.390625 0.575 0.390625 0.23674008125 0.16506239218750002 0.23674008125 0.16506239218750002 0.575 0.390625 0.575
22 0.9671875 0.5456457984374999 0.796875 0.5456457984374999 0.796875 0.8340417015625 0.9671875 0.8340417015625 0.9671875 0.5456457984374999
22 0.7953125 0.8515625 0.7953125 0.54708564375 0.66138011875 0.54708564375 0.66138011875 0.8515625 0.7953125 0.8515625
22 0.19080631406249998 0.5734375 0.19080631406249998 0.890625 0.3716936859375 0.890625 0.3716936859375 0.5734375 0.19080631406249998 0.5734375
22 0 0.90625 0.1921875 0.90625 0.1921875 0.578125 0 0.578125 0 0.90625
22 0.1703125 0.584375 0.1703125 0.230767384375 0.00016798281249999998 0.230767384375 0.00016798281249999998 0.584375 0.1703125 0.584375