22 0.5457627125 0 0.5457627125 0.2644067796875 0.7491525421875 0.2644067796875 0.7491525421875 0 0.5457627125 0
22 0.4161016953125 0 0.4161016953125 0.1898305078125 0.57288135625 0.1898305078125 0.57288135625 0 0.4161016953125 0
22 0.21779661093749997 0 0.21779661093749997 0.2491525421875 0.44237288125 0.2491525421875 0.44237288125 0 0.21779661093749997 0
22 0.7627118640624999 0.4152542375 0.566949153125 0.4152542375 0.566949153125 0.6550847453124999 0.7627118640624999 0.6550847453124999 0.7627118640624999 0.4152542375
22 0.5322033890625 0.41186440625 0.313559321875 0.41186440625 0.313559321875 0.6364406781249999 0.5322033890625 0.6364406781249999 0.5322033890625 0.41186440625
22 0.2457627125 0.416949153125 0.0110169484375 0.416949153125 0.0110169484375 0.7118644062499999 0.2457627125 0.7118644062499999 0.2457627125 0.416949153125
22 0.344067796875 0.25762711875 0.205932203125 0.25762711875 0.205932203125 0.528813559375 0.344067796875 0.528813559375 0.344067796875 0.25762711875
22 0.774576271875 0.7881355937500001 0.5525423734375 0.7881355937500001 0.5525423734375 0.9813559328125001 0.774576271875 0.9813559328125001 0.774576271875 0.7881355937500001
22 0.57288135625 0.8271186437500001 0.366949153125 0.8271186437500001 0.366949153125 0.994067796875 0.57288135625 0.994067796875 0.57288135625 0.8271186437500001
22 0.3677966109375 1 0.3677966109375 0.8610169484375 0.1567796609375 0.8610169484375 0.1567796609375 1 0.3677966109375 1
22 0.8542372874999999 0 0.8542372874999999 0.12203389843750001 1 0.12203389843750001 1 0 0.8542372874999999 0
22 0.7338983046875 0 0.7338983046875 0.09830508437499999 0.8796610171875001 0.09830508437499999 0.8796610171875001 0 0.7338983046875 0