22 0.9061947343750001 0.290625 0.9061947343750001 0.0865328578125 0.5573201359375 0.0865328578125 0.5573201359375 0.290625 0.9061947343750001 0.290625
22 0.7201014875 0.278125 0.7201014875 0.0926170625 0.3736384640625 0.0926170625 0.3736384640625 0.278125 0.7201014875 0.278125
22 0.5296875 0.2734375 0.5296875 0.0837419609375 0.1824281546875 0.0837419609375 0.1824281546875 0.2734375 0.5296875 0.2734375
22 0.8577848671874999 0.7484375 0.8577848671874999 0.36687349375 0.6375276328124999 0.36687349375 0.6375276328124999 0.7484375 0.8577848671874999 0.7484375
22 0.6453125 0.3603471671875 0.4283360140625 0.3603471671875 0.4283360140625 0.73896453125 0.6453125 0.73896453125 0.6453125 0.3603471671875
22 0.5155923437500001 0.6515625 0.5155923437500001 0.4371483109375 0.13938655625000002 0.4371483109375 0.13938655625000002 0.6515625 0.5155923437500001 0.6515625
22 0.6078125 0.9828125 0.853125 0.9828125 0.853125 0.7706390671875 0.6078125 0.7706390671875 0.6078125 0.9828125
22 0.6578125 0.975 0.6578125 0.7703125 0.4042730109375 0.7703125 0.4042730109375 0.975 0.6578125 0.975
22 0.459184084375 0.9703125 0.459184084375 0.7659490546875001 0.19712620625 0.7659490546875001 0.19712620625 0.9703125 0.459184084375 0.9703125
22 0.528125 0.2765625 0.528125 0.0849703578125 0.1820940515625 0.0849703578125 0.1820940515625 0.2765625 0.528125 0.2765625
22 0.4359375 0.7328125 0.4359375 0.357398009375 0.22381430781249997 0.357398009375 0.22381430781249997 0.7328125 0.4359375 0.7328125