22 0 0 0 0.4109375 0.0515625 0.4109375 0.0515625 0 0 0
22 0.055902778125 0 0.055902778125 0.40625 0.2171875 0.40625 0.2171875 0 0.055902778125 0
22 0.51875 0.11623263749999999 0.10789930625 0.11623263749999999 0.10789930625 0.2950520828125 0.51875 0.2950520828125 0.51875 0.11623263749999999
22 0.696875 0.290625 0.696875 0.11779513906250001 0.291840278125 0.11779513906250001 0.291840278125 0.290625 0.696875 0.290625
22 0.4765625 0.2875 0.871875 0.2875 0.871875 0.108767359375 0.4765625 0.108767359375 0.4765625 0.2875
22 0.765625 0.403125 0.765625 0.0000868046875 0.5801215265625 0.0000868046875 0.5801215265625 0.403125 0.765625 0.403125
22 1 0.122309028125 0.641840278125 0.122309028125 0.641840278125 0.28125 1 0.28125 1 0.122309028125
22 1 0.16666666562500002 0.7549479171875 0.1666666671875 0.7549479171875 0.24375 1 0.24375 1 0.16666666562500002
22 0 0.903125 0.2765625 0.903125 0.2765625 0.72256944375 0 0.72256944375 0 0.903125
22 0.0734375 0.90625 0.4546875 0.90625 0.4546875 0.7118923609375 0.0734375 0.7118923609375 0.0734375 0.90625
22 0.559375 0.978125 0.559375 0.79461805625 0.33541666718749996 0.79461805625 0.33541666718749996 0.978125 0.559375 0.978125
22 0.8234375 0.903125 0.8234375 0.714409721875 0.4421875 0.714409721875 0.4421875 0.903125 0.8234375 0.903125
22 1 0.7185763890625 0.6205729171875001 0.7185763890625 0.6205729171875001 0.8984375 1 0.8984375 1 0.7185763890625
22 1 0.6060763890625 0.890625 0.6060763890625 0.890625 0.9984375 1 0.9984375 1 0.6060763890625