53 0.2734375 0.6359375 0.2359375 0.23515625
53 0.3765625 0.59609375 0.246875 0.245703125
53 0.45078125 0.75390625 0.29453125 0.294140625
53 0.50234375 0.59140625 0.28203125 0.28203125
53 0.596875 0.465625 0.10078125 0.269140625
53 0.6171875 0.18046875 0.07890625 0.2640625
53 0.484375 0.1125 0.14609375 0.147265625
53 0.38984375 0.40390625 0.17265625 0.17265625
53 0.54296875 0.8734375 0.12734375 0.126953125
53 0.5453125 0.95625 0.1 0.0875
53 0.26796875 0.859375 0.0859375 0.280859375
53 0.359375 0.86796875 0.17734375 0.17734375