54 0.221875 0.6484375 0.33125 0.29140625
53 0.45546875 0.534375 0.125 0.428125
53 0.371875 0.36796875 0.13125 0.3
54 0.553125 0.221875 0.1265625 0.2359375
54 0.396875 0.95546875 0.434375 0.08046875
54 0.2609375 0.8109375 0.415625 0.378125
54 0.5796875 0.7140625 0.153125 0.253125
54 0.58359375 0.8734375 0.125 0.196875
54 0.4765625 0.09609375 0.2078125 0.19140625
54 0.5890625 0.553125 0.184375 0.16953125
54 0.55703125 0.4359375 0.1265625 0.09140625
55 0.6140625 0.10859375 0.159375 0.21640625
54 0.30546875 0.1734375 0.1703125 0.25546875