53 0.58671875 0.4578125 0.07109375 0.3265625
53 0.36953125 0.63671875 0.15703125 0.503125
57 0.24609375 0.83125 0.12109375 0.23203125
54 0.37265625 0.34765625 0.215625 0.23984375
54 0.365625 0.4359375 0.228125 0.26796875
57 0.2609375 0.565625 0.16171875 0.1984375
54 0.4734375 0.80859375 0.2859375 0.3828125
55 0.57890625 0.91328125 0.2671875 0.16171875
54 0.46953125 0.0625 0.1296875 0.125
54 0.503125 0.328125 0.2390625 0.34375
54 0.5046875 0.103125 0.309375 0.18125
56 0.69921875 0.29921875 0.14296875 0.2734375