53 0.240625 0.2234375 0.21015625 0.21171875
53 0.5828125 0.1109375 0.14921875 0.15078125
54 0.2671875 0.59453125 0.46875 0.46953125
53 0.3953125 0.8109375 0.353125 0.378125
54 0.47734375 0.1015625 0.1234375 0.166015625
54 0.44453125 0.05078125 0.1078125 0.1015625
54 0.303125 0.1140625 0.16171875 0.16171875
54 0.59453125 0.47109375 0.109375 0.3140625
53 0.48359375 0.45 0.0875 0.358984375
54 0.40546875 0.20859375 0.16875 0.191796875
57 0.5515625 0.271875 0.215625 0.215625
54 0.6140625 0.79453125 0.2609375 0.261328125