53 0.40859375 0.86796875 0.20625 0.2640625
53 0.56640625 0.8734375 0.21953125 0.21953125
56 0.190625 0.878125 0.171875 0.225
56 0.271875 0.903125 0.16875 0.168359375
54 0.64921875 0.57890625 0.121875 0.233203125
55 0.31953125 0.6984375 0.3265625 0.328125
53 0.36015625 0.48359375 0.20625 0.206640625
54 0.53046875 0.3734375 0.22890625 0.229296875
54 0.5109375 0.63046875 0.23359375 0.2390625
54 0.26328125 0.55703125 0.2609375 0.246875
54 0.2390625 0.296875 0.184375 0.255859375
54 0.5203125 0.27109375 0.290625 0.291796875
54 0.3171875 0.11484375 0.240625 0.2296875
54 0.4890625 0.11640625 0.26875 0.2328125