54 0.5390625 0.534375 0.14765625 0.294140625
54 0.40390625 0.15859375 0.228125 0.227734375
57 0.296875 0.25859375 0.1125 0.155078125
53 0.3484375 0.72890625 0.24453125 0.244921875
53 0.43984375 0.85234375 0.2125 0.2125
54 0.23125 0.9359375 0.29921875 0.125
54 0.57109375 0.89453125 0.290625 0.2109375
54 0.52421875 0.76953125 0.196875 0.121875
54 0.4890625 0.30390625 0.24375 0.469921875
54 0.31171875 0.3859375 0.1734375 0.173828125
54 0.28203125 0.47109375 0.23046875 0.230859375
55 0.58671875 0.36796875 0.24375 0.244140625