53 0.45625 0.76953125 0.1421875 0.45546875
53 0.61171875 0.76796875 0.1390625 0.4640625
53 0.46015625 0.625 0.13125 0.45
53 0.6078125 0.671875 0.146875 0.51953125
55 0.3109375 0.8375 0.209375 0.26640625
55 0.346875 0.93046875 0.1 0.1390625
57 0.35078125 0.6640625 0.2515625 0.153125
57 0.4328125 0.50859375 0.5296875 0.5390625
55 0.5625 0.19296875 0.1296875 0.15
54 0.35078125 0.153125 0.265625 0.2640625
54 0.59453125 0.078125 0.115625 0.15546875
54 0.63125 0.1859375 0.1 0.1109375
54 0.47578125 0.11640625 0.1109375 0.20546875