54 0.44140625 0.72890625 0.240625 0.2609375
54 0.246875 0.7765625 0.078125 0.18984375
57 0.5640625 0.90390625 0.28125 0.1921875
55 0.26953125 0.9125 0.1984375 0.175
53 0.57109375 0.6859375 0.22734375 0.227734375
54 0.29140625 0.4265625 0.090625 0.191015625
57 0.36015625 0.55390625 0.27265625 0.27265625
54 0.5828125 0.20703125 0.13984375 0.2359375
54 0.3734375 0.10390625 0.19140625 0.1640625
55 0.525 0.053125 0.09375 0.105859375
57 0.41640625 0.253125 0.25625 0.171875
57 0.571875 0.134375 0.21328125 0.091015625
54 0.57890625 0.5265625 0.16015625 0.159765625