53 0.58671875 0.4578125 0.199609375 0.1984375
53 0.36953125 0.63671875 0.157421875 0.503125
57 0.24609375 0.83125 0.176171875 0.176171875
54 0.37265625 0.34765625 0.215625 0.239453125
54 0.365625 0.4359375 0.2484375 0.248046875
57 0.2609375 0.565625 0.180859375 0.18046875
54 0.4734375 0.80859375 0.334375 0.33359375
55 0.57890625 0.91328125 0.2671875 0.161328125
54 0.46953125 0.0625 0.1296875 0.125
54 0.503125 0.328125 0.29140625 0.290625
54 0.50390625 0.1125 0.2453125 0.225
56 0.69921875 0.29921875 0.142578125 0.2734375