54 0.44140625 0.72890625 0.240625 0.2609375
54 0.246875 0.7765625 0.078125 0.1890625
57 0.56484375 0.9484375 0.4578125 0.103125
55 0.26953125 0.925 0.246875 0.15
53 0.57109375 0.6859375 0.1390625 0.31640625
54 0.29140625 0.4265625 0.090625 0.19140625
57 0.36015625 0.55390625 0.2984375 0.246875
54 0.5828125 0.20703125 0.1390625 0.2359375
54 0.3734375 0.10390625 0.1921875 0.1640625
55 0.525 0.053125 0.09375 0.10546875
57 0.41640625 0.253125 0.25625 0.171875
57 0.571875 0.134375 0.2140625 0.09140625
54 0.57890625 0.5265625 0.1390625 0.18046875