53 0.240625 0.2234375 0.0859375 0.3359375
53 0.5828125 0.1109375 0.0890625 0.2109375
54 0.2671875 0.59453125 0.1265625 0.8109375
53 0.3953125 0.8109375 0.353125 0.378125
54 0.47734375 0.1015625 0.1234375 0.16640625
54 0.4453125 0.0484375 0.1171875 0.096875
54 0.303125 0.1140625 0.1140625 0.2109375
54 0.59453125 0.47109375 0.109375 0.3140625
53 0.48359375 0.45 0.0875 0.35859375
54 0.40546875 0.20859375 0.16875 0.19140625
57 0.5515625 0.271875 0.228125 0.203125
54 0.6140625 0.79453125 0.1515625 0.36953125