54 0.5390625 0.534375 0.22109375 0.220703125
54 0.40390625 0.15859375 0.228125 0.227734375
57 0.296875 0.25859375 0.1125 0.155078125
53 0.3484375 0.72890625 0.134375 0.355078125
53 0.43984375 0.85234375 0.2125 0.2125
54 0.23125 0.9359375 0.29921875 0.125
54 0.5703125 0.884375 0.25 0.23125
54 0.52421875 0.76953125 0.196875 0.121875
54 0.4890625 0.30390625 0.35703125 0.356640625
54 0.31171875 0.3859375 0.1734375 0.173828125
54 0.28203125 0.47109375 0.18125 0.280078125
55 0.58671875 0.36796875 0.24375 0.244140625