53 0.40859375 0.86796875 0.20625 0.2640625
53 0.56640625 0.8734375 0.1859375 0.253125
56 0.190625 0.878125 0.171875 0.225
56 0.271875 0.903125 0.15625 0.18046875
54 0.64921875 0.57890625 0.121875 0.23359375
55 0.31953125 0.6984375 0.3265625 0.328125
53 0.36015625 0.48359375 0.1046875 0.30859375
54 0.53046875 0.3734375 0.1921875 0.26640625
54 0.5109375 0.63046875 0.2328125 0.2390625
54 0.26328125 0.55703125 0.2609375 0.246875
54 0.2390625 0.296875 0.184375 0.25546875
54 0.5203125 0.27109375 0.3765625 0.20546875
54 0.31796875 0.109375 0.2859375 0.196875
54 0.4890625 0.0984375 0.340625 0.196875