53 0.58671875 0.4578125 0.199609375 0.1984375
53 0.36953125 0.63671875 0.157421875 0.503125
57 0.24609375 0.83125 0.120703125 0.231640625
54 0.37265625 0.34765625 0.215625 0.239453125
54 0.365625 0.4359375 0.228125 0.268359375
57 0.2609375 0.565625 0.162109375 0.19921875
54 0.4734375 0.80859375 0.28515625 0.3828125
55 0.57890625 0.90234375 0.2140625 0.1953125
54 0.46953125 0.0625 0.1296875 0.125
54 0.503125 0.328125 0.23828125 0.34375
54 0.50390625 0.1125 0.2453125 0.225
56 0.69921875 0.29921875 0.142578125 0.2734375