53 0.40859375 0.86796875 0.23515625 0.23515625
53 0.56640625 0.8734375 0.21953125 0.21953125
56 0.190625 0.878125 0.1984375 0.1984375
56 0.271875 0.903125 0.16875 0.168359375
54 0.64921875 0.57890625 0.17734375 0.177734375
55 0.31953125 0.6984375 0.32734375 0.32734375
53 0.36015625 0.48359375 0.1046875 0.308203125
54 0.53046875 0.3734375 0.22890625 0.229296875
54 0.5109375 0.63046875 0.2359375 0.23671875
54 0.26328125 0.55703125 0.25390625 0.25390625
54 0.2390625 0.296875 0.2203125 0.219921875
54 0.5203125 0.27109375 0.37734375 0.205078125
54 0.3171875 0.11484375 0.240625 0.2296875
54 0.4890625 0.0984375 0.340625 0.196875