54 0.221875 0.6484375 0.3109375 0.311328125
53 0.45546875 0.534375 0.125 0.428125
53 0.371875 0.36796875 0.13125 0.3
54 0.553125 0.221875 0.18203125 0.18046875
54 0.396875 0.95546875 0.434375 0.080078125
54 0.2609375 0.8109375 0.415625 0.378125
54 0.5796875 0.7140625 0.153125 0.253125
54 0.58359375 0.8734375 0.1609375 0.1609375
54 0.4765625 0.09609375 0.20859375 0.191796875
54 0.5890625 0.553125 0.184375 0.169140625
54 0.55703125 0.4359375 0.1265625 0.091015625
55 0.6140625 0.10859375 0.18828125 0.187890625
54 0.30546875 0.1734375 0.21328125 0.212890625