53 0.584375 0.45859375 0.06953125 0.325
53 0.36875 0.6359375 0.3265625 0.3265625
57 0.24609375 0.82890625 0.1203125 0.230078125
54 0.371875 0.3484375 0.22734375 0.22578125
54 0.36484375 0.4359375 0.228125 0.266015625
57 0.2609375 0.565625 0.17890625 0.178125
54 0.471875 0.8078125 0.334375 0.334375
55 0.5765625 0.9109375 0.26484375 0.16484375
54 0.46953125 0.0640625 0.1296875 0.128125
54 0.5015625 0.32890625 0.2375 0.3390625
54 0.503125 0.11328125 0.24375 0.2265625
56 0.69609375 0.3 0.20703125 0.20703125